TOTAL_REVENUE;NUMBER_OF_UNITS_SOLD;NUMBER_OF_SALES;MONTH_ID;MONTH_NAME;DAY_NAME;TIME_BUCKET;SPEND_BANDS;PRODUCT_CATEGORY;PRODUCT_TYPE;PRODUCT_DETAIL;STORE_LOCATION
48.00;16;10;202301;Jan;Sun;Morning;High;Coffee;Gourmet brewed coffee;Ethiopia Rg;Lower Manhattan
43.40;14;10;202301;Jan;Sun;Morning;High;Tea;Brewed Chai tea;Spicy Eye Opener Chai Lg;Lower Manhattan
72.00;16;11;202301;Jan;Sun;Morning;very high;Drinking Chocolate;Hot chocolate;Dark chocolate Lg;Lower Manhattan
40.00;20;11;202301;Jan;Sun;Morning;Med;Coffee;Drip coffee;Our Old Time Diner Blend Sm;Lower Manhattan
36.00;12;12;202301;Jan;Sun;Morning;Med;Bakery;Scone;Oatmeal Scone;Lower Manhattan
28.00;14;7;202301;Jan;Sun;Morning;Med;Coffee;Gourmet brewed coffee;Columbian Medium Roast Sm;Lower Manhattan
68.00;16;12;202301;Jan;Sun;Morning;very high;Coffee;Barista Espresso;Latte Rg;Lower Manhattan
52.50;15;8;202301;Jan;Sun;Morning;High;Drinking Chocolate;Hot chocolate;Dark chocolate Rg;Lower Manhattan
43.35;17;9;202301;Jan;Sun;Morning;High;Tea;Brewed Chai tea;Spicy Eye Opener Chai Rg;Lower Manhattan
70.00;20;11;202301;Jan;Sun;Morning;very high;Coffee;Gourmet brewed coffee;Ethiopia Lg;Lower Manhattan
57.00;19;11;202301;Jan;Sun;Morning;High;Tea;Brewed Green tea;Serenity Green Tea Lg;Lower Manhattan
37.50;10;10;202301;Jan;Sun;Morning;Med;Bakery;Scone;Jumbo Savory Scone;Lower Manhattan
35.00;14;9;202301;Jan;Sun;Morning;Med;Tea;Brewed herbal tea;Lemon Grass Rg;Hell's Kitchen
73.50;21;13;202301;Jan;Sun;Morning;very high;Coffee;Gourmet brewed coffee;Ethiopia Lg;Hell's Kitchen
26.00;8;8;202301;Jan;Sun;Morning;Med;Bakery;Biscotti;Hazelnut Biscotti;Lower Manhattan
56.25;15;9;202301;Jan;Sun;Morning;High;Coffee;Barista Espresso;Cappuccino;Hell's Kitchen
45.00;15;11;202301;Jan;Sun;Morning;High;Coffee;Organic brewed coffee;Brazilian Rg;Lower Manhattan
30.00;12;8;202301;Jan;Sun;Morning;Med;Coffee;Gourmet brewed coffee;Columbian Medium Roast Rg;Lower Manhattan
45.00;18;13;202301;Jan;Sun;Morning;High;Tea;Brewed Chai tea;Morning Sunrise Chai Rg;Hell's Kitchen
42.00;14;9;202301;Jan;Sun;Morning;High;Tea;Brewed herbal tea;Peppermint Lg;Hell's Kitchen
27.00;9;8;202301;Jan;Sun;Morning;Med;Coffee;Drip coffee;Our Old Time Diner Blend Lg;Hell's Kitchen
45.00;18;10;202301;Jan;Sun;Morning;High;Tea;Brewed Black tea;English Breakfast Rg;Lower Manhattan
27.00;9;6;202301;Jan;Sun;Morning;Med;Coffee;Gourmet brewed coffee;Ethiopia Rg;Hell's Kitchen
19.60;8;5;202301;Jan;Sun;Morning;Low;Coffee;Premium brewed coffee;Jamaican Coffee River Sm;Lower Manhattan
37.50;15;7;202301;Jan;Sun;Morning;Med;Tea;Brewed Chai tea;Morning Sunrise Chai Rg;Lower Manhattan
30.00;10;6;202301;Jan;Sun;Morning;Med;Tea;Brewed Green tea;Serenity Green Tea Lg;Hell's Kitchen
19.50;6;6;202301;Jan;Sun;Morning;Low;Bakery;Scone;Ginger Scone;Hell's Kitchen
22.00;11;8;202301;Jan;Sun;Morning;Med;Coffee;Drip coffee;Our Old Time Diner Blend Sm;Hell's Kitchen
32.00;16;11;202301;Jan;Sun;Morning;Med;Coffee;Drip coffee;Our Old Time Diner Blend Sm;Astoria
37.50;10;7;202301;Jan;Sun;Morning;Med;Drinking Chocolate;Hot chocolate;Sustainably Grown Organic Rg;Astoria
24.00;8;6;202301;Jan;Sun;Morning;Med;Tea;Brewed Black tea;English Breakfast Lg;Astoria
32.50;13;8;202301;Jan;Sun;Morning;Med;Tea;Brewed herbal tea;Peppermint Rg;Hell's Kitchen
22.00;11;6;202301;Jan;Sun;Afternoon;Med;Coffee;Gourmet brewed coffee;Columbian Medium Roast Sm;Astoria
59.50;14;7;202301;Jan;Sun;Afternoon;High;Coffee;Barista Espresso;Cappuccino Lg;Lower Manhattan
36.00;8;6;202301;Jan;Sun;Afternoon;Med;Drinking Chocolate;Hot chocolate;Dark chocolate Lg;Astoria
21.70;7;5;202301;Jan;Sun;Afternoon;Med;Tea;Brewed Chai tea;Spicy Eye Opener Chai Lg;Lower Manhattan
11.00;5;3;202301;Jan;Sun;Afternoon;Low;Coffee;Organic brewed coffee;Brazilian Sm;Hell's Kitchen
16.00;4;3;202301;Jan;Sun;Afternoon;Low;Tea;Brewed Chai tea;Morning Sunrise Chai Lg;Hell's Kitchen
66.50;14;9;202301;Jan;Sun;Morning;very high;Drinking Chocolate;Hot chocolate;Sustainably Grown Organic Lg;Hell's Kitchen
30.00;12;8;202301;Jan;Sun;Morning;Med;Coffee;Drip coffee;Our Old Time Diner Blend Rg;Hell's Kitchen
49.00;14;14;202301;Jan;Sun;Morning;High;Bakery;Biscotti;Ginger Biscotti;Hell's Kitchen
27.50;11;6;202301;Jan;Sun;Morning;Med;Tea;Brewed Black tea;Earl Grey Rg;Lower Manhattan
37.50;15;8;202301;Jan;Sun;Morning;Med;Coffee;Drip coffee;Our Old Time Diner Blend Rg;Lower Manhattan
52.25;11;7;202301;Jan;Sun;Morning;High;Drinking Chocolate;Hot chocolate;Sustainably Grown Organic Lg;Lower Manhattan
26.25;7;7;202301;Jan;Sun;Morning;Med;Bakery;Pastry;Almond Croissant;Hell's Kitchen
81.00;18;12;202301;Jan;Sun;Morning;very high;Drinking Chocolate;Hot chocolate;Dark chocolate Lg;Astoria
15.00;6;4;202301;Jan;Sun;Morning;Low;Tea;Brewed Green tea;Serenity Green Tea Rg;Astoria
27.00;9;7;202301;Jan;Sun;Afternoon;Med;Tea;Brewed Black tea;English Breakfast Lg;Astoria
12.50;5;3;202301;Jan;Sun;Afternoon;Low;Tea;Brewed Black tea;Earl Grey Rg;Hell's Kitchen
33.75;9;7;202301;Jan;Sun;Afternoon;Med;Drinking Chocolate;Hot chocolate;Sustainably Grown Organic Rg;Hell's Kitchen
24.00;8;6;202301;Jan;Sun;Afternoon;Med;Tea;Brewed Chai tea;Traditional Blend Chai Lg;Astoria
32.00;8;5;202301;Jan;Sun;Afternoon;Med;Tea;Brewed Chai tea;Morning Sunrise Chai Lg;Astoria
35.70;14;9;202301;Jan;Sun;Morning;Med;Tea;Brewed Chai tea;Spicy Eye Opener Chai Rg;Hell's Kitchen
39.00;13;8;202301;Jan;Sun;Morning;Med;Tea;Brewed herbal tea;Lemon Grass Lg;Lower Manhattan
45.00;15;9;202301;Jan;Sun;Morning;High;Tea;Brewed herbal tea;Peppermint Lg;Lower Manhattan
52.50;14;14;202301;Jan;Sun;Morning;High;Bakery;Pastry;Chocolate Croissant;Lower Manhattan
48.75;13;8;202301;Jan;Sun;Morning;High;Coffee;Barista Espresso;Latte;Hell's Kitchen
37.50;10;7;202301;Jan;Sun;Morning;Med;Drinking Chocolate;Hot chocolate;Sustainably Grown Organic Rg;Lower Manhattan
36.00;8;8;202301;Jan;Sun;Morning;Med;Bakery;Scone;Scottish Cream Scone ;Lower Manhattan
20.00;8;7;202301;Jan;Sun;Morning;Low;Tea;Brewed Green tea;Serenity Green Tea Rg;Hell's Kitchen
56.25;15;12;202301;Jan;Sun;Morning;High;Coffee;Barista Espresso;Latte;Lower Manhattan
37.50;10;6;202301;Jan;Sun;Morning;Med;Coffee;Premium brewed coffee;Jamaican Coffee River Lg;Hell's Kitchen
46.50;15;11;202301;Jan;Sun;Morning;High;Coffee;Premium brewed coffee;Jamaican Coffee River Rg;Hell's Kitchen
14.00;4;4;202301;Jan;Sun;Morning;Low;Bakery;Biscotti;Ginger Biscotti;Lower Manhattan
9.75;3;3;202301;Jan;Sun;Morning;Low;Bakery;Scone;Cranberry Scone;Lower Manhattan
10.50;3;3;202301;Jan;Sun;Morning;Low;Bakery;Pastry;Croissant;Lower Manhattan
36.00;12;8;202301;Jan;Sun;Morning;Med;Tea;Brewed Green tea;Serenity Green Tea Lg;Astoria
15.00;5;4;202301;Jan;Sun;Morning;Low;Coffee;Gourmet brewed coffee;Columbian Medium Roast Lg;Astoria
30.00;8;5;202301;Jan;Sun;Afternoon;Med;Drinking Chocolate;Hot chocolate;Sustainably Grown Organic Rg;Astoria
36.00;12;7;202301;Jan;Sun;Afternoon;Med;Coffee;Gourmet brewed coffee;Columbian Medium Roast Lg;Hell's Kitchen
5.10;2;2;202301;Jan;Sun;Afternoon;Low;Tea;Brewed Chai tea;Spicy Eye Opener Chai Rg;Lower Manhattan
12.00;4;3;202301;Jan;Sun;Afternoon;Low;Tea;Brewed herbal tea;Peppermint Lg;Hell's Kitchen
9.75;3;3;202301;Jan;Sun;Afternoon;Low;Bakery;Scone;Ginger Scone;Hell's Kitchen
72.00;24;13;202301;Jan;Sun;Morning;very high;Tea;Brewed Black tea;Earl Grey Lg;Lower Manhattan
24.60;10;7;202301;Jan;Sun;Morning;Med;Coffee;Barista Espresso;Ouro Brasileiro shot;Lower Manhattan
54.00;12;8;202301;Jan;Sun;Morning;High;Drinking Chocolate;Hot chocolate;Dark chocolate Lg;Hell's Kitchen
14.00;4;4;202301;Jan;Sun;Morning;Low;Bakery;Biscotti;Chocolate Chip Biscotti;Lower Manhattan
52.50;15;8;202301;Jan;Sun;Morning;High;Coffee;Organic brewed coffee;Brazilian Lg;Lower Manhattan
36.00;12;7;202301;Jan;Sun;Morning;Med;Tea;Brewed Chai tea;Traditional Blend Chai Lg;Hell's Kitchen
42.50;10;6;202301;Jan;Sun;Morning;High;Coffee;Barista Espresso;Cappuccino Lg;Hell's Kitchen
65.10;21;12;202301;Jan;Sun;Morning;very high;Coffee;Premium brewed coffee;Jamaican Coffee River Rg;Lower Manhattan
48.75;13;9;202301;Jan;Sun;Morning;High;Drinking Chocolate;Hot chocolate;Sustainably Grown Organic Rg;Hell's Kitchen
60.00;16;10;202301;Jan;Sun;Morning;High;Coffee;Premium brewed coffee;Jamaican Coffee River Lg;Lower Manhattan
21.00;6;5;202301;Jan;Sun;Morning;Med;Bakery;Pastry;Croissant;Astoria
27.00;9;8;202301;Jan;Sun;Morning;Med;Tea;Brewed herbal tea;Lemon Grass Lg;Astoria
17.60;8;5;202301;Jan;Sun;Morning;Low;Coffee;Gourmet brewed coffee;Ethiopia Sm;Hell's Kitchen
37.50;10;6;202301;Jan;Sun;Morning;Med;Coffee;Barista Espresso;Cappuccino;Lower Manhattan
35.40;12;10;202301;Jan;Sun;Morning;Med;Bakery;Scone;Ginger Scone;Lower Manhattan
43.40;14;8;202301;Jan;Sun;Afternoon;High;Coffee;Premium brewed coffee;Jamaican Coffee River Rg;Astoria
10.50;3;3;202301;Jan;Sun;Afternoon;Low;Bakery;Pastry;Croissant;Astoria
7.50;2;2;202301;Jan;Sun;Afternoon;Low;Coffee;Premium brewed coffee;Jamaican Coffee River Lg;Hell's Kitchen
42.50;17;12;202301;Jan;Sun;Afternoon;High;Tea;Brewed herbal tea;Peppermint Rg;Astoria
27.00;9;7;202301;Jan;Sun;Afternoon;Med;Coffee;Drip coffee;Our Old Time Diner Blend Lg;Astoria
30.00;8;5;202301;Jan;Sun;Afternoon;Med;Coffee;Barista Espresso;Latte;Hell's Kitchen
27.00;9;5;202301;Jan;Sun;Afternoon;Med;Coffee;Gourmet brewed coffee;Ethiopia Rg;Astoria
52.25;11;7;202301;Jan;Sun;Afternoon;High;Drinking Chocolate;Hot chocolate;Sustainably Grown Organic Lg;Lower Manhattan
14.00;4;4;202301;Jan;Sun;Afternoon;Low;Bakery;Pastry;Croissant;Lower Manhattan
15.00;5;4;202301;Jan;Sun;Afternoon;Low;Coffee;Organic brewed coffee;Brazilian Rg;Hell's Kitchen
39.00;13;9;202301;Jan;Sun;Afternoon;Med;Tea;Brewed herbal tea;Lemon Grass Lg;Astoria
18.00;9;6;202301;Jan;Sun;Afternoon;Low;Coffee;Drip coffee;Our Old Time Diner Blend Sm;Astoria
10.50;3;3;202301;Jan;Sun;Afternoon;Low;Bakery;Pastry;Croissant;Hell's Kitchen
36.00;9;7;202301;Jan;Sun;Morning;Med;Tea;Brewed Chai tea;Morning Sunrise Chai Lg;Lower Manhattan
27.50;11;9;202301;Jan;Sun;Morning;Med;Tea;Brewed herbal tea;Peppermint Rg;Lower Manhattan
29.75;7;5;202301;Jan;Sun;Morning;Med;Coffee;Barista Espresso;Cappuccino Lg;Lower Manhattan
39.00;13;10;202301;Jan;Sun;Morning;Med;Coffee;Barista Espresso;Espresso shot;Lower Manhattan
33.75;9;9;202301;Jan;Sun;Morning;Med;Bakery;Scone;Jumbo Savory Scone;Astoria
18.00;4;4;202301;Jan;Sun;Morning;Low;Bakery;Scone;Scottish Cream Scone ;Hell's Kitchen
47.50;19;13;202301;Jan;Sun;Morning;High;Tea;Brewed Chai tea;Traditional Blend Chai Rg;Astoria
45.00;15;9;202301;Jan;Sun;Morning;High;Coffee;Organic brewed coffee;Brazilian Rg;Astoria
27.50;11;8;202301;Jan;Sun;Morning;Med;Tea;Brewed Black tea;Earl Grey Rg;Astoria
35.00;14;7;202301;Jan;Sun;Afternoon;Med;Coffee;Gourmet brewed coffee;Columbian Medium Roast Rg;Lower Manhattan
39.00;13;7;202301;Jan;Sun;Afternoon;Med;Tea;Brewed herbal tea;Lemon Grass Lg;Lower Manhattan
27.90;9;5;202301;Jan;Sun;Afternoon;Med;Coffee;Premium brewed coffee;Jamaican Coffee River Rg;Hell's Kitchen
40.00;16;10;202301;Jan;Sun;Afternoon;Med;Tea;Brewed Chai tea;Morning Sunrise Chai Rg;Astoria
22.00;10;6;202301;Jan;Sun;Afternoon;Med;Coffee;Gourmet brewed coffee;Ethiopia Sm;Lower Manhattan
33.00;11;8;202301;Jan;Sun;Afternoon;Med;Tea;Brewed Green tea;Serenity Green Tea Lg;Astoria
15.40;7;5;202301;Jan;Sun;Afternoon;Low;Coffee;Gourmet brewed coffee;Ethiopia Sm;Hell's Kitchen
25.00;10;7;202301;Jan;Sun;Afternoon;Med;Coffee;Drip coffee;Our Old Time Diner Blend Rg;Lower Manhattan
82.50;22;18;202301;Jan;Sun;Morning;very high;Coffee;Barista Espresso;Latte;Astoria
48.00;16;10;202301;Jan;Sun;Morning;High;Coffee;Barista Espresso;Espresso shot;Astoria
61.75;13;9;202301;Jan;Sun;Afternoon;very high;Drinking Chocolate;Hot chocolate;Sustainably Grown Organic Lg;Astoria
9.00;3;3;202301;Jan;Sun;Afternoon;Low;Tea;Brewed Black tea;Earl Grey Lg;Lower Manhattan
26.25;7;5;202301;Jan;Sun;Afternoon;Med;Coffee;Premium brewed coffee;Jamaican Coffee River Lg;Lower Manhattan
20.00;8;5;202301;Jan;Sun;Afternoon;Low;Tea;Brewed Chai tea;Traditional Blend Chai Rg;Lower Manhattan
28.60;13;8;202301;Jan;Sun;Morning;Med;Coffee;Organic brewed coffee;Brazilian Sm;Lower Manhattan
42.00;14;9;202301;Jan;Sun;Morning;High;Coffee;Drip coffee;Our Old Time Diner Blend Lg;Lower Manhattan
45.00;15;11;202301;Jan;Sun;Morning;High;Tea;Brewed Black tea;Earl Grey Lg;Hell's Kitchen
55.25;13;7;202301;Jan;Sun;Morning;High;Coffee;Barista Espresso;Latte Rg;Hell's Kitchen
42.00;14;9;202301;Jan;Sun;Morning;High;Tea;Brewed herbal tea;Peppermint Lg;Astoria
35.00;10;7;202301;Jan;Sun;Morning;Med;Coffee;Gourmet brewed coffee;Ethiopia Lg;Astoria
22.00;10;8;202301;Jan;Sun;Morning;Med;Coffee;Organic brewed coffee;Brazilian Sm;Astoria
22.50;9;6;202301;Jan;Sun;Morning;Med;Tea;Brewed Black tea;Earl Grey Rg;Hell's Kitchen
18.75;5;3;202301;Jan;Sun;Morning;Low;Coffee;Premium brewed coffee;Jamaican Coffee River Lg;Astoria
21.00;7;4;202301;Jan;Sun;Afternoon;Med;Tea;Brewed Green tea;Serenity Green Tea Lg;Hell's Kitchen
49.00;14;9;202301;Jan;Sun;Afternoon;High;Coffee;Organic brewed coffee;Brazilian Lg;Hell's Kitchen
35.00;14;8;202301;Jan;Sun;Afternoon;Med;Tea;Brewed Chai tea;Traditional Blend Chai Rg;Astoria
18.00;6;5;202301;Jan;Sun;Afternoon;Low;Coffee;Drip coffee;Our Old Time Diner Blend Lg;Hell's Kitchen
26.25;7;4;202301;Jan;Sun;Afternoon;Med;Coffee;Barista Espresso;Latte;Lower Manhattan
25.00;10;7;202301;Jan;Sun;Afternoon;Med;Coffee;Gourmet brewed coffee;Columbian Medium Roast Rg;Astoria
27.00;9;6;202301;Jan;Sun;Afternoon;Med;Tea;Brewed Black tea;English Breakfast Lg;Hell's Kitchen
25.00;10;8;202301;Jan;Sun;Afternoon;Med;Coffee;Drip coffee;Our Old Time Diner Blend Rg;Astoria
14.00;4;3;202301;Jan;Sun;Afternoon;Low;Coffee;Gourmet brewed coffee;Ethiopia Lg;Astoria
30.00;8;5;202301;Jan;Sun;Afternoon;Med;Coffee;Barista Espresso;Latte;Astoria
21.00;7;5;202301;Jan;Sun;Afternoon;Med;Tea;Brewed Chai tea;Traditional Blend Chai Lg;Hell's Kitchen
18.30;6;5;202301;Jan;Sun;Afternoon;Low;Bakery;Scone;Ginger Scone;Lower Manhattan
20.00;8;6;202301;Jan;Sun;Afternoon;Low;Coffee;Gourmet brewed coffee;Columbian Medium Roast Rg;Hell's Kitchen
39.00;13;8;202301;Jan;Sun;Afternoon;Med;Coffee;Barista Espresso;Espresso shot;Hell's Kitchen
27.00;9;6;202301;Jan;Sun;Afternoon;Med;Coffee;Gourmet brewed coffee;Columbian Medium Roast Lg;Lower Manhattan
9.00;2;2;202301;Jan;Sun;Afternoon;Low;Bakery;Scone;Scottish Cream Scone ;Hell's Kitchen
15.00;6;4;202301;Jan;Sun;Afternoon;Low;Tea;Brewed herbal tea;Lemon Grass Rg;Hell's Kitchen
20.00;8;5;202301;Jan;Sun;Afternoon;Low;Tea;Brewed Chai tea;Morning Sunrise Chai Rg;Hell's Kitchen
21.00;7;4;202301;Jan;Sun;Afternoon;Med;Coffee;Drip coffee;Our Old Time Diner Blend Lg;Lower Manhattan
15.00;4;3;202301;Jan;Sun;Afternoon;Low;Drinking Chocolate;Hot chocolate;Sustainably Grown Organic Rg;Lower Manhattan
30.00;12;8;202301;Jan;Sun;Afternoon;Med;Tea;Brewed Green tea;Serenity Green Tea Rg;Astoria
37.50;10;6;202301;Jan;Sun;Afternoon;Med;Coffee;Barista Espresso;Cappuccino;Hell's Kitchen
22.50;9;5;202301;Jan;Sun;Afternoon;Med;Tea;Brewed herbal tea;Lemon Grass Rg;Astoria
46.20;21;12;202301;Jan;Sun;Afternoon;High;Coffee;Organic brewed coffee;Brazilian Sm;Lower Manhattan
25.50;10;7;202301;Jan;Sun;Afternoon;Med;Tea;Brewed Chai tea;Spicy Eye Opener Chai Rg;Astoria
73.50;21;12;202301;Jan;Sun;Afternoon;very high;Drinking Chocolate;Hot chocolate;Dark chocolate Rg;Astoria
19.20;7;5;202301;Jan;Sun;Afternoon;Low;Coffee;Barista Espresso;Ouro Brasileiro shot;Lower Manhattan
16.25;5;4;202301;Jan;Sun;Afternoon;Low;Bakery;Biscotti;Hazelnut Biscotti;Astoria
46.50;15;10;202301;Jan;Sun;Afternoon;High;Tea;Brewed Chai tea;Spicy Eye Opener Chai Lg;Astoria
10.00;5;3;202301;Jan;Sun;Afternoon;Low;Coffee;Drip coffee;Our Old Time Diner Blend Sm;Hell's Kitchen
12.00;4;3;202301;Jan;Sun;Afternoon;Low;Tea;Brewed Chai tea;Traditional Blend Chai Lg;Lower Manhattan
9.00;3;2;202301;Jan;Sun;Afternoon;Low;Coffee;Gourmet brewed coffee;Ethiopia Rg;Hell's Kitchen
17.50;5;5;202301;Jan;Sun;Afternoon;Low;Coffee;Gourmet brewed coffee;Ethiopia Lg;Hell's Kitchen
15.00;6;5;202301;Jan;Sun;Afternoon;Low;Tea;Brewed herbal tea;Lemon Grass Rg;Lower Manhattan
25.00;10;7;202301;Jan;Sun;Afternoon;Med;Tea;Brewed Black tea;English Breakfast Rg;Hell's Kitchen
35.00;10;5;202301;Jan;Sun;Afternoon;Med;Coffee;Organic brewed coffee;Brazilian Lg;Lower Manhattan
59.50;14;7;202301;Jan;Sun;Afternoon;High;Coffee;Barista Espresso;Latte Rg;Lower Manhattan
51.00;12;8;202301;Jan;Sun;Afternoon;High;Coffee;Barista Espresso;Cappuccino Lg;Astoria
15.00;4;4;202301;Jan;Sun;Afternoon;Low;Bakery;Pastry;Chocolate Croissant;Hell's Kitchen
15.00;4;4;202301;Jan;Sun;Afternoon;Low;Bakery;Scone;Jumbo Savory Scone;Astoria
28.50;6;4;202301;Jan;Sun;Afternoon;Med;Drinking Chocolate;Hot chocolate;Sustainably Grown Organic Lg;Hell's Kitchen
12.00;4;3;202301;Jan;Sun;Afternoon;Low;Tea;Brewed herbal tea;Peppermint Lg;Lower Manhattan
30.00;10;7;202301;Jan;Sun;Afternoon;Med;Tea;Brewed Black tea;English Breakfast Lg;Lower Manhattan
25.50;6;3;202301;Jan;Sun;Afternoon;Med;Coffee;Barista Espresso;Latte Rg;Hell's Kitchen
27.00;9;7;202301;Jan;Sun;Afternoon;Med;Coffee;Gourmet brewed coffee;Columbian Medium Roast Lg;Astoria
12.50;5;3;202301;Jan;Sun;Afternoon;Low;Tea;Brewed herbal tea;Peppermint Rg;Lower Manhattan
7.35;3;2;202301;Jan;Sun;Afternoon;Low;Coffee;Premium brewed coffee;Jamaican Coffee River Sm;Hell's Kitchen
22.50;9;6;202301;Jan;Sun;Afternoon;Med;Tea;Brewed Black tea;Earl Grey Rg;Astoria
19.60;8;6;202301;Jan;Sun;Afternoon;Low;Coffee;Premium brewed coffee;Jamaican Coffee River Sm;Astoria
25.50;6;3;202301;Jan;Sun;Afternoon;Med;Coffee;Barista Espresso;Latte Rg;Astoria
22.50;6;4;202301;Jan;Sun;Afternoon;Med;Coffee;Barista Espresso;Cappuccino;Lower Manhattan
10.00;4;3;202301;Jan;Sun;Afternoon;Low;Tea;Brewed Black tea;Earl Grey Rg;Lower Manhattan
19.80;9;6;202301;Jan;Sun;Afternoon;Low;Coffee;Gourmet brewed coffee;Ethiopia Sm;Astoria
10.00;5;3;202301;Jan;Sun;Afternoon;Low;Coffee;Gourmet brewed coffee;Columbian Medium Roast Sm;Lower Manhattan
10.50;3;3;202301;Jan;Sun;Afternoon;Low;Bakery;Biscotti;Ginger Biscotti;Lower Manhattan
28.00;8;5;202301;Jan;Sun;Afternoon;Med;Bakery;Biscotti;Chocolate Chip Biscotti;Astoria
12.00;4;3;202301;Jan;Sun;Afternoon;Low;Coffee;Barista Espresso;Espresso shot;Lower Manhattan
26.25;7;5;202301;Jan;Sun;Evening;Med;Coffee;Barista Espresso;Latte;Hell's Kitchen
26.95;11;7;202301;Jan;Sun;Evening;Med;Coffee;Premium brewed coffee;Jamaican Coffee River Sm;Astoria
32.50;13;8;202301;Jan;Sun;Evening;Med;Tea;Brewed Green tea;Serenity Green Tea Rg;Hell's Kitchen
30.00;12;7;202301;Jan;Sun;Evening;Med;Coffee;Drip coffee;Our Old Time Diner Blend Rg;Astoria
37.50;14;10;202301;Jan;Sun;Evening;Med;Coffee;Barista Espresso;Ouro Brasileiro shot;Hell's Kitchen
25.00;10;7;202301;Jan;Sun;Evening;Med;Coffee;Gourmet brewed coffee;Columbian Medium Roast Rg;Astoria
12.50;5;3;202301;Jan;Sun;Evening;Low;Coffee;Gourmet brewed coffee;Columbian Medium Roast Rg;Hell's Kitchen
28.05;11;7;202301;Jan;Sun;Evening;Med;Tea;Brewed Chai tea;Spicy Eye Opener Chai Rg;Astoria
22.50;6;4;202301;Jan;Sun;Evening;Med;Coffee;Barista Espresso;Cappuccino;Lower Manhattan
75.00;20;13;202301;Jan;Sun;Evening;very high;Coffee;Premium brewed coffee;Jamaican Coffee River Lg;Astoria
25.00;10;8;202301;Jan;Sun;Evening;Med;Tea;Brewed herbal tea;Peppermint Rg;Astoria
7.65;3;3;202301;Jan;Sun;Evening;Low;Tea;Brewed Chai tea;Spicy Eye Opener Chai Rg;Lower Manhattan
20.00;8;5;202301;Jan;Sun;Evening;Low;Tea;Brewed herbal tea;Lemon Grass Rg;Lower Manhattan
35.00;10;7;202301;Jan;Sun;Evening;Med;Coffee;Organic brewed coffee;Brazilian Lg;Astoria
10.00;5;4;202301;Jan;Sun;Evening;Low;Coffee;Gourmet brewed coffee;Columbian Medium Roast Sm;Lower Manhattan
17.50;5;4;202301;Jan;Sun;Evening;Low;Coffee;Gourmet brewed coffee;Ethiopia Lg;Astoria
12.50;5;3;202301;Jan;Sun;Evening;Low;Tea;Brewed Green tea;Serenity Green Tea Rg;Lower Manhattan
27.50;11;7;202301;Jan;Sun;Evening;Med;Tea;Brewed Chai tea;Morning Sunrise Chai Rg;Astoria
27.50;11;7;202301;Jan;Sun;Evening;Med;Tea;Brewed herbal tea;Peppermint Rg;Lower Manhattan
9.00;3;2;202301;Jan;Sun;Evening;Low;Tea;Brewed Chai tea;Traditional Blend Chai Lg;Lower Manhattan
3.75;1;1;202301;Jan;Sun;Evening;Low;Bakery;Pastry;Chocolate Croissant;Lower Manhattan
17.50;7;4;202301;Jan;Sun;Evening;Low;Tea;Brewed Black tea;Earl Grey Rg;Lower Manhattan
49.00;14;9;202301;Jan;Sun;Evening;High;Drinking Chocolate;Hot chocolate;Dark chocolate Rg;Astoria
13.00;4;3;202301;Jan;Sun;Evening;Low;Bakery;Biscotti;Hazelnut Biscotti;Astoria
18.75;5;2;202301;Jan;Sun;Evening;Low;Coffee;Premium brewed coffee;Jamaican Coffee River Lg;Lower Manhattan
45.00;10;8;202301;Jan;Sun;Evening;High;Drinking Chocolate;Hot chocolate;Dark chocolate Lg;Astoria
15.40;7;3;202301;Jan;Sun;Evening;Low;Coffee;Gourmet brewed coffee;Ethiopia Sm;Lower Manhattan
40.00;10;6;202301;Jan;Sun;Evening;Med;Tea;Brewed Chai tea;Morning Sunrise Chai Lg;Hell's Kitchen
24.50;10;6;202301;Jan;Sun;Evening;Med;Coffee;Premium brewed coffee;Jamaican Coffee River Sm;Lower Manhattan
14.00;4;4;202301;Jan;Sun;Evening;Low;Bakery;Pastry;Croissant;Lower Manhattan
12.50;5;4;202301;Jan;Sun;Afternoon;Low;Tea;Brewed Green tea;Serenity Green Tea Rg;Lower Manhattan
20.40;8;6;202301;Jan;Sun;Afternoon;very high;Tea;Brewed Chai tea;Spicy Eye Opener Chai Rg;Hell's Kitchen
11.25;3;3;202301;Jan;Sun;Afternoon;Low;Bakery;Pastry;Chocolate Croissant;Lower Manhattan
14.70;6;5;202301;Jan;Sun;Afternoon;Low;Coffee;Premium brewed coffee;Jamaican Coffee River Sm;Lower Manhattan
13.00;4;4;202301;Jan;Sun;Afternoon;Low;Bakery;Biscotti;Hazelnut Biscotti;Lower Manhattan
18.00;4;4;202301;Jan;Sun;Afternoon;Low;Bakery;Scone;Scottish Cream Scone ;Lower Manhattan
36.00;12;8;202301;Jan;Sun;Afternoon;Med;Tea;Brewed Black tea;Earl Grey Lg;Hell's Kitchen
16.25;5;4;202301;Jan;Sun;Afternoon;Low;Bakery;Scone;Cranberry Scone;Astoria
30.00;8;6;202301;Jan;Sun;Afternoon;Med;Coffee;Premium brewed coffee;Jamaican Coffee River Lg;Astoria
35.00;10;6;202301;Jan;Sun;Afternoon;Med;Coffee;Gourmet brewed coffee;Ethiopia Lg;Lower Manhattan
42.50;17;10;202301;Jan;Sun;Evening;High;Tea;Brewed herbal tea;Lemon Grass Rg;Astoria
22.00;11;8;202301;Jan;Sun;Evening;Med;Coffee;Drip coffee;Our Old Time Diner Blend Sm;Astoria
33.00;11;6;202301;Jan;Sun;Evening;Med;Tea;Brewed Chai tea;Traditional Blend Chai Lg;Hell's Kitchen
24.80;8;6;202301;Jan;Sun;Evening;Med;Coffee;Premium brewed coffee;Jamaican Coffee River Rg;Astoria
7.00;2;2;202301;Jan;Sun;Evening;Low;Drinking Chocolate;Hot chocolate;Dark chocolate Rg;Hell's Kitchen
20.00;8;5;202301;Jan;Sun;Evening;Low;Tea;Brewed Black tea;Earl Grey Rg;Hell's Kitchen
5.00;2;2;202301;Jan;Sun;Evening;Low;Tea;Brewed Chai tea;Traditional Blend Chai Rg;Astoria
25.00;10;7;202301;Jan;Sun;Evening;Med;Tea;Brewed Black tea;Earl Grey Rg;Astoria
21.00;7;4;202301;Jan;Sun;Evening;Med;Tea;Brewed Green tea;Serenity Green Tea Lg;Hell's Kitchen
18.60;6;5;202301;Jan;Sun;Evening;Low;Coffee;Premium brewed coffee;Jamaican Coffee River Rg;Hell's Kitchen
17.60;8;5;202301;Jan;Sun;Evening;Low;Coffee;Gourmet brewed coffee;Ethiopia Sm;Hell's Kitchen
8.00;4;3;202301;Jan;Sun;Evening;Low;Coffee;Drip coffee;Our Old Time Diner Blend Sm;Lower Manhattan
55.25;13;8;202301;Jan;Sun;Evening;High;Coffee;Barista Espresso;Latte Rg;Hell's Kitchen
28.00;14;8;202301;Jan;Sun;Evening;Med;Coffee;Gourmet brewed coffee;Columbian Medium Roast Sm;Hell's Kitchen
15.00;5;5;202301;Jan;Sun;Evening;Low;Bakery;Scone;Oatmeal Scone;Hell's Kitchen
25.50;6;5;202301;Jan;Sun;Evening;Med;Coffee;Barista Espresso;Cappuccino Lg;Astoria
3.25;1;1;202301;Jan;Sun;Evening;Low;Bakery;Scone;Cranberry Scone;Lower Manhattan
17.50;7;5;202301;Jan;Sun;Evening;Low;Tea;Brewed Green tea;Serenity Green Tea Rg;Astoria
17.50;5;4;202301;Jan;Sun;Evening;Low;Bakery;Pastry;Croissant;Astoria
20.00;8;6;202301;Jan;Sun;Evening;Low;Tea;Brewed Chai tea;Morning Sunrise Chai Rg;Hell's Kitchen
60.00;15;10;202301;Jan;Sun;Evening;High;Tea;Brewed Chai tea;Morning Sunrise Chai Lg;Astoria
18.75;5;5;202301;Jan;Sun;Evening;Low;Bakery;Pastry;Chocolate Croissant;Astoria
14.70;6;4;202301;Jan;Sun;Evening;Low;Coffee;Premium brewed coffee;Jamaican Coffee River Sm;Hell's Kitchen
21.00;6;4;202301;Jan;Sun;Evening;Med;Coffee;Organic brewed coffee;Brazilian Lg;Hell's Kitchen
15.00;4;3;202301;Jan;Sun;Evening;Low;Drinking Chocolate;Hot chocolate;Sustainably Grown Organic Rg;Hell's Kitchen
60.00;16;10;202301;Jan;Sun;Evening;High;Drinking Chocolate;Hot chocolate;Sustainably Grown Organic Rg;Astoria
18.00;6;5;202301;Jan;Sun;Evening;Low;Coffee;Gourmet brewed coffee;Columbian Medium Roast Lg;Hell's Kitchen
46.75;11;7;202301;Jan;Sun;Evening;High;Coffee;Barista Espresso;Latte Rg;Lower Manhattan
24.00;8;5;202301;Jan;Sun;Evening;Med;Tea;Brewed Black tea;English Breakfast Lg;Lower Manhattan
18.00;4;3;202301;Jan;Sun;Evening;Low;Bakery;Scone;Scottish Cream Scone ;Astoria
27.00;9;6;202301;Jan;Sun;Evening;Med;Coffee;Gourmet brewed coffee;Columbian Medium Roast Lg;Astoria
37.50;10;8;202301;Jan;Sun;Evening;Med;Bakery;Scone;Jumbo Savory Scone;Astoria
15.40;7;5;202301;Jan;Sun;Evening;Low;Coffee;Organic brewed coffee;Brazilian Sm;Astoria
18.60;6;4;202301;Jan;Sun;Evening;Low;Tea;Brewed Chai tea;Spicy Eye Opener Chai Lg;Hell's Kitchen
2.50;1;1;202301;Jan;Sun;Evening;Low;Tea;Brewed Chai tea;Traditional Blend Chai Rg;Lower Manhattan
21.00;7;5;202301;Jan;Sun;Evening;Med;Coffee;Gourmet brewed coffee;Ethiopia Rg;Astoria
21.00;7;5;202301;Jan;Sun;Evening;Med;Tea;Brewed herbal tea;Lemon Grass Lg;Hell's Kitchen
24.00;8;5;202301;Jan;Sun;Evening;Med;Coffee;Drip coffee;Our Old Time Diner Blend Lg;Astoria
27.00;9;5;202301;Jan;Sun;Evening;Med;Tea;Brewed Black tea;English Breakfast Lg;Hell's Kitchen
24.80;8;6;202301;Jan;Sun;Evening;Med;Tea;Brewed Chai tea;Spicy Eye Opener Chai Lg;Astoria
18.75;5;4;202301;Jan;Sun;Evening;Low;Coffee;Barista Espresso;Latte;Astoria
12.00;6;4;202301;Jan;Sun;Evening;Low;Coffee;Drip coffee;Our Old Time Diner Blend Sm;Hell's Kitchen
15.00;4;4;202301;Jan;Sun;Evening;Low;Bakery;Pastry;Almond Croissant;Hell's Kitchen
18.00;6;5;202301;Jan;Sun;Evening;Low;Tea;Brewed herbal tea;Lemon Grass Lg;Astoria
27.00;9;6;202301;Jan;Sun;Evening;Med;Coffee;Barista Espresso;Espresso shot;Hell's Kitchen
9.00;3;2;202301;Jan;Sun;Evening;Low;Coffee;Drip coffee;Our Old Time Diner Blend Lg;Hell's Kitchen
9.00;3;2;202301;Jan;Sun;Evening;Low;Coffee;Barista Espresso;Espresso shot;Astoria
9.00;3;3;202301;Jan;Sun;Evening;Low;Coffee;Gourmet brewed coffee;Ethiopia Rg;Hell's Kitchen
59.70;22;13;202301;Jan;Mon;Morning;High;Coffee;Barista Espresso;Ouro Brasileiro shot;Lower Manhattan
34.00;17;10;202301;Jan;Mon;Morning;Med;Coffee;Gourmet brewed coffee;Columbian Medium Roast Sm;Lower Manhattan
34.10;11;8;202301;Jan;Mon;Morning;Med;Tea;Brewed Chai tea;Spicy Eye Opener Chai Lg;Lower Manhattan
40.62;12;12;202301;Jan;Mon;Morning;very high;Bakery;Scone;Cranberry Scone;Lower Manhattan
47.50;10;6;202301;Jan;Mon;Morning;High;Drinking Chocolate;Hot chocolate;Sustainably Grown Organic Lg;Lower Manhattan
54.00;18;15;202301;Jan;Mon;Morning;High;Tea;Brewed Chai tea;Traditional Blend Chai Lg;Lower Manhattan
59.50;14;10;202301;Jan;Mon;Morning;High;Coffee;Barista Espresso;Cappuccino Lg;Lower Manhattan
30.64;8;8;202301;Jan;Mon;Morning;Med;Bakery;Pastry;Croissant;Lower Manhattan
45.00;18;15;202301;Jan;Mon;Morning;High;Tea;Brewed Black tea;English Breakfast Rg;Lower Manhattan
60.00;20;14;202301;Jan;Mon;Morning;High;Coffee;Gourmet brewed coffee;Ethiopia Rg;Hell's Kitchen
17.60;8;5;202301;Jan;Mon;Morning;Low;Coffee;Gourmet brewed coffee;Ethiopia Sm;Hell's Kitchen
66.00;30;18;202301;Jan;Mon;Morning;very high;Coffee;Organic brewed coffee;Brazilian Sm;Hell's Kitchen
104.50;22;17;202301;Jan;Mon;Morning;very high;Drinking Chocolate;Hot chocolate;Sustainably Grown Organic Lg;Hell's Kitchen
17.50;5;5;202301;Jan;Mon;Morning;Low;Bakery;Biscotti;Ginger Biscotti;Hell's Kitchen
28.00;8;6;202301;Jan;Mon;Morning;Med;Coffee;Organic brewed coffee;Brazilian Lg;Hell's Kitchen
80.00;20;13;202301;Jan;Mon;Morning;very high;Tea;Brewed Chai tea;Morning Sunrise Chai Lg;Lower Manhattan
86.25;23;15;202301;Jan;Mon;Morning;very high;Coffee;Premium brewed coffee;Jamaican Coffee River Lg;Hell's Kitchen
54.00;18;12;202301;Jan;Mon;Morning;High;Coffee;Gourmet brewed coffee;Columbian Medium Roast Lg;Hell's Kitchen
30.00;12;9;202301;Jan;Mon;Morning;Med;Tea;Brewed herbal tea;Peppermint Rg;Lower Manhattan
52.50;14;10;202301;Jan;Mon;Morning;High;Coffee;Barista Espresso;Latte;Hell's Kitchen
45.00;15;10;202301;Jan;Mon;Morning;High;Coffee;Organic brewed coffee;Brazilian Rg;Hell's Kitchen
50.00;20;15;202301;Jan;Mon;Morning;High;Coffee;Gourmet brewed coffee;Columbian Medium Roast Rg;Lower Manhattan
45.00;15;10;202301;Jan;Mon;Morning;High;Coffee;Gourmet brewed coffee;Ethiopia Rg;Lower Manhattan
51.00;12;7;202301;Jan;Mon;Morning;High;Coffee;Barista Espresso;Latte Rg;Hell's Kitchen
39.00;13;9;202301;Jan;Mon;Morning;Med;Tea;Brewed Chai tea;Traditional Blend Chai Lg;Hell's Kitchen
27.00;9;5;202301;Jan;Mon;Morning;Med;Coffee;Barista Espresso;Espresso shot;Lower Manhattan
33.75;9;9;202301;Jan;Mon;Morning;Med;Bakery;Scone;Jumbo Savory Scone;Hell's Kitchen
31.85;13;8;202301;Jan;Mon;Morning;Med;Coffee;Premium brewed coffee;Jamaican Coffee River Sm;Hell's Kitchen
39.00;12;11;202301;Jan;Mon;Morning;Med;Bakery;Scone;Ginger Scone;Hell's Kitchen
44.00;20;9;202301;Jan;Mon;Morning;High;Coffee;Gourmet brewed coffee;Ethiopia Sm;Lower Manhattan
47.50;19;14;202301;Jan;Mon;Morning;High;Tea;Brewed Green tea;Serenity Green Tea Rg;Hell's Kitchen
40.00;10;8;202301;Jan;Mon;Morning;Med;Tea;Brewed Chai tea;Morning Sunrise Chai Lg;Hell's Kitchen
56.25;15;10;202301;Jan;Mon;Morning;High;Coffee;Barista Espresso;Cappuccino;Hell's Kitchen
30.00;15;11;202301;Jan;Mon;Morning;Med;Coffee;Gourmet brewed coffee;Columbian Medium Roast Sm;Hell's Kitchen
14.00;7;5;202301;Jan;Mon;Morning;Low;Coffee;Drip coffee;Our Old Time Diner Blend Sm;Hell's Kitchen
39.00;12;12;202301;Jan;Mon;Morning;Med;Bakery;Scone;Cranberry Scone;Hell's Kitchen
52.80;20;15;202301;Jan;Mon;Morning;High;Coffee;Barista Espresso;Ouro Brasileiro shot;Hell's Kitchen
42.50;17;12;202301;Jan;Mon;Morning;High;Coffee;Drip coffee;Our Old Time Diner Blend Rg;Lower Manhattan
46.75;11;8;202301;Jan;Mon;Morning;High;Coffee;Barista Espresso;Cappuccino Lg;Hell's Kitchen
28.00;8;8;202301;Jan;Mon;Morning;Med;Bakery;Biscotti;Chocolate Chip Biscotti;Hell's Kitchen
54.00;18;14;202301;Jan;Mon;Morning;High;Tea;Brewed herbal tea;Lemon Grass Lg;Hell's Kitchen
25.50;10;6;202301;Jan;Mon;Morning;Med;Tea;Brewed Chai tea;Spicy Eye Opener Chai Rg;Hell's Kitchen
20.63;5;5;202301;Jan;Mon;Morning;very high;Bakery;Scone;Jumbo Savory Scone;Lower Manhattan
47.50;19;11;202301;Jan;Mon;Morning;High;Tea;Brewed herbal tea;Lemon Grass Rg;Hell's Kitchen
27.00;9;6;202301;Jan;Mon;Morning;Med;Tea;Brewed Black tea;Earl Grey Lg;Hell's Kitchen
19.50;6;6;202301;Jan;Mon;Morning;Low;Bakery;Scone;Cranberry Scone;Astoria
15.00;5;5;202301;Jan;Mon;Morning;Low;Bakery;Scone;Oatmeal Scone;Astoria
52.50;21;16;202301;Jan;Mon;Morning;High;Coffee;Gourmet brewed coffee;Columbian Medium Roast Rg;Hell's Kitchen
17.50;7;6;202301;Jan;Mon;Morning;Low;Tea;Brewed Green tea;Serenity Green Tea Rg;Lower Manhattan
39.00;13;9;202301;Jan;Mon;Morning;Med;Coffee;Gourmet brewed coffee;Ethiopia Rg;Astoria
30.80;14;9;202301;Jan;Mon;Morning;Med;Coffee;Gourmet brewed coffee;Ethiopia Sm;Astoria
31.50;9;9;202301;Jan;Mon;Morning;Med;Bakery;Pastry;Croissant;Astoria
52.50;21;12;202301;Jan;Mon;Morning;High;Tea;Brewed Chai tea;Traditional Blend Chai Rg;Astoria
15.00;6;5;202301;Jan;Mon;Morning;Low;Coffee;Gourmet brewed coffee;Columbian Medium Roast Rg;Astoria
66.00;22;16;202301;Jan;Mon;Morning;very high;Tea;Brewed Chai tea;Traditional Blend Chai Lg;Astoria
39.00;13;10;202301;Jan;Mon;Morning;Med;Tea;Brewed Black tea;English Breakfast Lg;Astoria
30.80;14;9;202301;Jan;Mon;Morning;Med;Coffee;Organic brewed coffee;Brazilian Sm;Astoria
26.00;8;8;202301;Jan;Mon;Morning;Med;Bakery;Biscotti;Hazelnut Biscotti;Astoria
54.00;18;12;202301;Jan;Mon;Morning;High;Coffee;Drip coffee;Our Old Time Diner Blend Lg;Astoria
10.50;3;3;202301;Jan;Mon;Morning;Low;Bakery;Biscotti;Ginger Biscotti;Lower Manhattan
42.00;14;8;202301;Jan;Mon;Morning;High;Tea;Brewed herbal tea;Peppermint Lg;Hell's Kitchen
49.00;14;10;202301;Jan;Mon;Morning;High;Coffee;Gourmet brewed coffee;Ethiopia Lg;Hell's Kitchen
57.00;19;10;202301;Jan;Mon;Morning;High;Tea;Brewed herbal tea;Lemon Grass Lg;Lower Manhattan
24.00;8;6;202301;Jan;Mon;Morning;Med;Coffee;Barista Espresso;Espresso shot;Hell's Kitchen
36.00;8;8;202301;Jan;Mon;Morning;Med;Bakery;Scone;Scottish Cream Scone ;Hell's Kitchen
50.00;20;13;202301;Jan;Mon;Afternoon;High;Coffee;Drip coffee;Our Old Time Diner Blend Rg;Astoria
20.00;8;6;202301;Jan;Mon;Afternoon;Low;Tea;Brewed herbal tea;Lemon Grass Rg;Astoria
32.00;8;5;202301;Jan;Mon;Afternoon;Med;Tea;Brewed Chai tea;Morning Sunrise Chai Lg;Astoria
7.50;2;2;202301;Jan;Mon;Afternoon;Low;Bakery;Pastry;Chocolate Croissant;Lower Manhattan
15.00;6;5;202301;Jan;Mon;Afternoon;Low;Tea;Brewed Black tea;English Breakfast Rg;Hell's Kitchen
8.00;2;2;202301;Jan;Mon;Afternoon;Low;Tea;Brewed Chai tea;Morning Sunrise Chai Lg;Lower Manhattan
9.00;2;2;202301;Jan;Mon;Afternoon;Low;Bakery;Scone;Scottish Cream Scone ;Astoria
9.75;3;3;202301;Jan;Mon;Afternoon;Low;Bakery;Biscotti;Hazelnut Biscotti;Lower Manhattan
10.00;5;3;202301;Jan;Mon;Afternoon;Low;Coffee;Gourmet brewed coffee;Columbian Medium Roast Sm;Hell's Kitchen
5.00;2;2;202301;Jan;Sun;Evening;Low;Coffee;Drip coffee;Our Old Time Diner Blend Rg;Hell's Kitchen
17.00;4;3;202301;Jan;Sun;Evening;Low;Coffee;Barista Espresso;Latte Rg;Astoria
33.00;11;8;202301;Jan;Mon;Morning;Med;Tea;Brewed Black tea;Earl Grey Lg;Lower Manhattan
15.40;7;6;202301;Jan;Mon;Morning;Low;Coffee;Organic brewed coffee;Brazilian Sm;Lower Manhattan
30.00;10;8;202301;Jan;Mon;Morning;Med;Coffee;Organic brewed coffee;Brazilian Rg;Lower Manhattan
16.00;8;7;202301;Jan;Mon;Morning;Low;Coffee;Drip coffee;Our Old Time Diner Blend Sm;Astoria
32.50;13;10;202301;Jan;Mon;Morning;Med;Tea;Brewed herbal tea;Lemon Grass Rg;Astoria
25.00;10;7;202301;Jan;Mon;Morning;Med;Tea;Brewed Chai tea;Morning Sunrise Chai Rg;Lower Manhattan
56.25;15;15;202301;Jan;Mon;Morning;High;Bakery;Pastry;Chocolate Croissant;Hell's Kitchen
30.00;10;6;202301;Jan;Mon;Afternoon;Med;Tea;Brewed Green tea;Serenity Green Tea Lg;Lower Manhattan
27.00;9;7;202301;Jan;Mon;Afternoon;Med;Tea;Brewed Black tea;English Breakfast Lg;Astoria
16.00;8;5;202301;Jan;Mon;Afternoon;Low;Coffee;Drip coffee;Our Old Time Diner Blend Sm;Astoria
22.95;9;5;202301;Jan;Mon;Afternoon;Med;Tea;Brewed Chai tea;Spicy Eye Opener Chai Rg;Lower Manhattan
18.00;6;4;202301;Jan;Mon;Afternoon;Low;Tea;Brewed Black tea;Earl Grey Lg;Astoria
15.00;4;4;202301;Jan;Mon;Afternoon;Low;Drinking Chocolate;Hot chocolate;Sustainably Grown Organic Rg;Astoria
23.10;8;5;202301;Jan;Mon;Afternoon;Med;Coffee;Barista Espresso;Ouro Brasileiro shot;Hell's Kitchen
22.95;9;7;202301;Jan;Mon;Afternoon;Med;Tea;Brewed Chai tea;Spicy Eye Opener Chai Rg;Astoria
33.00;11;6;202301;Jan;Mon;Afternoon;Med;Coffee;Barista Espresso;Ouro Brasileiro shot;Lower Manhattan
27.50;11;7;202301;Jan;Mon;Afternoon;Med;Tea;Brewed Chai tea;Traditional Blend Chai Rg;Lower Manhattan
15.00;5;4;202301;Jan;Mon;Afternoon;Low;Coffee;Organic brewed coffee;Brazilian Rg;Lower Manhattan
14.00;7;4;202301;Jan;Mon;Afternoon;Low;Coffee;Drip coffee;Our Old Time Diner Blend Sm;Hell's Kitchen
6.00;2;2;202301;Jan;Mon;Afternoon;Low;Bakery;Scone;Oatmeal Scone;Lower Manhattan
15.00;5;3;202301;Jan;Mon;Afternoon;Low;Coffee;Gourmet brewed coffee;Columbian Medium Roast Lg;Hell's Kitchen
15.50;5;4;202301;Jan;Mon;Afternoon;Low;Coffee;Premium brewed coffee;Jamaican Coffee River Rg;Hell's Kitchen
8.00;4;3;202301;Jan;Mon;Afternoon;Low;Coffee;Gourmet brewed coffee;Columbian Medium Roast Sm;Astoria
6.00;2;2;202301;Jan;Mon;Afternoon;Low;Tea;Brewed Black tea;English Breakfast Lg;Hell's Kitchen
36.00;12;7;202301;Jan;Sun;Afternoon;Med;Coffee;Organic brewed coffee;Brazilian Rg;Astoria
5.00;2;2;202301;Jan;Sun;Afternoon;Low;Tea;Brewed herbal tea;Peppermint Rg;Hell's Kitchen
25.50;6;4;202301;Jan;Sun;Evening;Med;Coffee;Barista Espresso;Cappuccino Lg;Hell's Kitchen
26.25;7;5;202301;Jan;Sun;Evening;Med;Coffee;Barista Espresso;Cappuccino;Astoria
12.50;5;3;202301;Jan;Sun;Evening;Low;Coffee;Drip coffee;Our Old Time Diner Blend Rg;Lower Manhattan
3.25;1;1;202301;Jan;Sun;Evening;Low;Bakery;Scone;Ginger Scone;Lower Manhattan
10.00;4;3;202301;Jan;Sun;Evening;Low;Tea;Brewed herbal tea;Lemon Grass Rg;Hell's Kitchen
18.00;9;7;202301;Jan;Sun;Evening;Low;Coffee;Gourmet brewed coffee;Columbian Medium Roast Sm;Astoria
13.50;3;3;202301;Jan;Sun;Evening;Low;Bakery;Scone;Scottish Cream Scone ;Hell's Kitchen
25.00;10;7;202301;Jan;Sun;Evening;Med;Tea;Brewed Black tea;English Breakfast Rg;Lower Manhattan
10.50;3;3;202301;Jan;Sun;Evening;Low;Bakery;Biscotti;Chocolate Chip Biscotti;Hell's Kitchen
9.00;3;2;202301;Jan;Sun;Evening;Low;Coffee;Barista Espresso;Espresso shot;Lower Manhattan
17.50;7;4;202301;Jan;Sun;Evening;Low;Tea;Brewed Chai tea;Traditional Blend Chai Rg;Hell's Kitchen
24.50;7;6;202301;Jan;Sun;Evening;Med;Bakery;Biscotti;Ginger Biscotti;Astoria
9.00;3;3;202301;Jan;Sun;Evening;Low;Tea;Brewed herbal tea;Peppermint Lg;Lower Manhattan
18.00;6;3;202301;Jan;Sun;Evening;Low;Tea;Brewed herbal tea;Peppermint Lg;Hell's Kitchen
12.00;4;3;202301;Jan;Sun;Evening;Low;Coffee;Organic brewed coffee;Brazilian Rg;Hell's Kitchen
52.25;11;7;202301;Jan;Sun;Evening;High;Drinking Chocolate;Hot chocolate;Sustainably Grown Organic Lg;Astoria
15.00;6;4;202301;Jan;Sun;Evening;Low;Tea;Brewed Chai tea;Morning Sunrise Chai Rg;Lower Manhattan
5.00;2;1;202301;Jan;Sun;Evening;Low;Tea;Brewed herbal tea;Peppermint Rg;Hell's Kitchen
3.75;1;1;202301;Jan;Sun;Evening;Low;Coffee;Barista Espresso;Cappuccino;Hell's Kitchen
24.00;8;5;202301;Jan;Sun;Evening;Med;Tea;Brewed Black tea;Earl Grey Lg;Astoria
32.50;13;7;202301;Jan;Mon;Morning;Med;Tea;Brewed herbal tea;Lemon Grass Rg;Lower Manhattan
24.50;7;4;202301;Jan;Mon;Morning;Med;Coffee;Organic brewed coffee;Brazilian Lg;Lower Manhattan
50.00;20;12;202301;Jan;Mon;Morning;High;Tea;Brewed herbal tea;Peppermint Rg;Hell's Kitchen
68.20;22;16;202301;Jan;Mon;Morning;very high;Coffee;Premium brewed coffee;Jamaican Coffee River Rg;Hell's Kitchen
25.00;10;7;202301;Jan;Mon;Morning;Med;Tea;Brewed Black tea;English Breakfast Rg;Hell's Kitchen
63.00;18;12;202301;Jan;Mon;Morning;very high;Coffee;Gourmet brewed coffee;Ethiopia Lg;Lower Manhattan
72.00;16;10;202301;Jan;Mon;Morning;very high;Drinking Chocolate;Hot chocolate;Dark chocolate Lg;Hell's Kitchen
27.50;11;6;202301;Jan;Mon;Morning;Med;Coffee;Drip coffee;Our Old Time Diner Blend Rg;Hell's Kitchen
42.00;14;9;202301;Jan;Mon;Morning;High;Coffee;Gourmet brewed coffee;Columbian Medium Roast Lg;Lower Manhattan
56.00;16;10;202301;Jan;Mon;Morning;High;Drinking Chocolate;Hot chocolate;Dark chocolate Rg;Lower Manhattan
24.50;7;6;202301;Jan;Mon;Morning;Med;Coffee;Organic brewed coffee;Brazilian Lg;Astoria
57.00;19;14;202301;Jan;Mon;Morning;High;Coffee;Organic brewed coffee;Brazilian Rg;Astoria
41.25;11;8;202301;Jan;Mon;Morning;High;Coffee;Barista Espresso;Cappuccino;Astoria
26.25;7;5;202301;Jan;Mon;Morning;Med;Coffee;Premium brewed coffee;Jamaican Coffee River Lg;Astoria
67.50;18;12;202301;Jan;Mon;Morning;very high;Coffee;Barista Espresso;Latte;Astoria
42.00;14;8;202301;Jan;Mon;Morning;High;Tea;Brewed Green tea;Serenity Green Tea Lg;Hell's Kitchen
11.25;3;3;202301;Jan;Mon;Morning;Low;Bakery;Scone;Jumbo Savory Scone;Astoria
36.00;12;7;202301;Jan;Mon;Afternoon;Med;Tea;Brewed Chai tea;Traditional Blend Chai Lg;Astoria
21.00;7;4;202301;Jan;Mon;Afternoon;Med;Coffee;Gourmet brewed coffee;Ethiopia Rg;Astoria
30.00;10;7;202301;Jan;Mon;Afternoon;Med;Coffee;Drip coffee;Our Old Time Diner Blend Lg;Astoria
12.50;5;3;202301;Jan;Mon;Afternoon;Low;Tea;Brewed Chai tea;Morning Sunrise Chai Rg;Hell's Kitchen
15.00;4;4;202301;Jan;Mon;Afternoon;Low;Bakery;Scone;Jumbo Savory Scone;Astoria
31.88;8;8;202301;Jan;Mon;Afternoon;Med;Bakery;Scone;Jumbo Savory Scone;Lower Manhattan
16.00;8;4;202301;Jan;Mon;Afternoon;Low;Coffee;Drip coffee;Our Old Time Diner Blend Sm;Lower Manhattan
24.00;8;5;202301;Jan;Mon;Afternoon;Med;Tea;Brewed herbal tea;Lemon Grass Lg;Astoria
31.50;9;5;202301;Jan;Mon;Afternoon;Med;Coffee;Gourmet brewed coffee;Ethiopia Lg;Lower Manhattan
13.20;6;4;202301;Jan;Mon;Afternoon;Low;Coffee;Organic brewed coffee;Brazilian Sm;Lower Manhattan
22.50;6;5;202301;Jan;Mon;Afternoon;Med;Drinking Chocolate;Hot chocolate;Sustainably Grown Organic Rg;Hell's Kitchen
7.50;3;2;202301;Jan;Mon;Afternoon;Low;Tea;Brewed Black tea;Earl Grey Rg;Astoria
9.30;3;3;202301;Jan;Mon;Afternoon;Low;Tea;Brewed Chai tea;Spicy Eye Opener Chai Lg;Hell's Kitchen
35.00;14;7;202301;Jan;Mon;Afternoon;Med;Tea;Brewed Green tea;Serenity Green Tea Rg;Astoria
10.50;3;3;202301;Jan;Mon;Afternoon;Low;Drinking Chocolate;Hot chocolate;Dark chocolate Rg;Lower Manhattan
7.50;3;3;202301;Jan;Mon;Afternoon;Low;Tea;Brewed Chai tea;Traditional Blend Chai Rg;Astoria
39.00;13;9;202301;Jan;Mon;Afternoon;Med;Coffee;Organic brewed coffee;Brazilian Rg;Hell's Kitchen
33.00;11;6;202301;Jan;Mon;Afternoon;Med;Tea;Brewed Green tea;Serenity Green Tea Lg;Hell's Kitchen
59.50;17;9;202301;Jan;Mon;Afternoon;High;Coffee;Organic brewed coffee;Brazilian Lg;Astoria
22.50;6;4;202301;Jan;Mon;Afternoon;Med;Coffee;Barista Espresso;Cappuccino;Hell's Kitchen
3.50;1;1;202301;Jan;Mon;Afternoon;Low;Bakery;Biscotti;Chocolate Chip Biscotti;Hell's Kitchen
24.00;8;6;202301;Jan;Sun;Evening;Med;Tea;Brewed Green tea;Serenity Green Tea Lg;Astoria
52.25;11;6;202301;Jan;Sun;Evening;High;Drinking Chocolate;Hot chocolate;Sustainably Grown Organic Lg;Hell's Kitchen
63.00;21;14;202301;Jan;Mon;Morning;very high;Coffee;Drip coffee;Our Old Time Diner Blend Lg;Lower Manhattan
9.00;3;2;202301;Jan;Mon;Afternoon;Low;Tea;Brewed herbal tea;Lemon Grass Lg;Hell's Kitchen
10.50;3;3;202301;Jan;Sun;Evening;Low;Bakery;Biscotti;Chocolate Chip Biscotti;Lower Manhattan
13.20;6;3;202301;Jan;Mon;Afternoon;Low;Coffee;Organic brewed coffee;Brazilian Sm;Astoria
33.25;7;4;202301;Jan;Mon;Afternoon;Med;Drinking Chocolate;Hot chocolate;Sustainably Grown Organic Lg;Astoria
12.00;4;3;202301;Jan;Mon;Afternoon;Low;Tea;Brewed Black tea;Earl Grey Lg;Lower Manhattan
56.00;16;10;202301;Jan;Mon;Afternoon;High;Coffee;Gourmet brewed coffee;Ethiopia Lg;Hell's Kitchen
18.00;4;4;202301;Jan;Mon;Afternoon;Low;Bakery;Scone;Scottish Cream Scone ;Hell's Kitchen
26.40;12;7;202301;Jan;Mon;Afternoon;Med;Coffee;Gourmet brewed coffee;Ethiopia Sm;Lower Manhattan
9.00;3;3;202301;Jan;Mon;Afternoon;Low;Coffee;Drip coffee;Our Old Time Diner Blend Lg;Lower Manhattan
22.50;9;7;202301;Jan;Mon;Afternoon;Med;Tea;Brewed Black tea;Earl Grey Rg;Hell's Kitchen
51.00;12;7;202301;Jan;Mon;Afternoon;High;Coffee;Barista Espresso;Latte Rg;Astoria
15.00;6;4;202301;Jan;Mon;Afternoon;Low;Tea;Brewed herbal tea;Peppermint Rg;Astoria
11.00;5;4;202301;Jan;Mon;Afternoon;Low;Coffee;Gourmet brewed coffee;Ethiopia Sm;Astoria
45.00;15;10;202301;Jan;Mon;Afternoon;High;Tea;Brewed Green tea;Serenity Green Tea Lg;Astoria
27.50;11;8;202301;Jan;Mon;Afternoon;Med;Tea;Brewed herbal tea;Peppermint Rg;Hell's Kitchen
10.50;3;3;202301;Jan;Mon;Afternoon;Low;Bakery;Biscotti;Chocolate Chip Biscotti;Astoria
22.00;10;7;202301;Jan;Mon;Afternoon;Med;Coffee;Gourmet brewed coffee;Ethiopia Sm;Hell's Kitchen
27.50;11;8;202301;Jan;Mon;Afternoon;Med;Coffee;Drip coffee;Our Old Time Diner Blend Rg;Hell's Kitchen
39.00;13;7;202301;Jan;Mon;Afternoon;Med;Coffee;Gourmet brewed coffee;Ethiopia Rg;Lower Manhattan
7.50;3;2;202301;Jan;Mon;Afternoon;Low;Tea;Brewed Black tea;English Breakfast Rg;Lower Manhattan
22.50;6;5;202301;Jan;Mon;Afternoon;Med;Coffee;Premium brewed coffee;Jamaican Coffee River Lg;Hell's Kitchen
58.50;13;9;202301;Jan;Mon;Afternoon;High;Drinking Chocolate;Hot chocolate;Dark chocolate Lg;Hell's Kitchen
11.25;3;3;202301;Jan;Mon;Afternoon;Low;Bakery;Pastry;Almond Croissant;Hell's Kitchen
9.75;3;3;202301;Jan;Mon;Afternoon;Low;Bakery;Scone;Cranberry Scone;Astoria
7.50;2;2;202301;Jan;Mon;Afternoon;Low;Bakery;Scone;Jumbo Savory Scone;Hell's Kitchen
3.75;1;1;202301;Jan;Mon;Afternoon;Low;Bakery;Pastry;Chocolate Croissant;Hell's Kitchen
12.75;3;2;202301;Jan;Mon;Afternoon;Low;Coffee;Barista Espresso;Latte Rg;Lower Manhattan
18.75;5;3;202301;Jan;Mon;Afternoon;Low;Coffee;Barista Espresso;Latte;Hell's Kitchen
33.75;9;7;202301;Jan;Mon;Afternoon;Med;Coffee;Premium brewed coffee;Jamaican Coffee River Lg;Astoria
35.00;14;9;202301;Jan;Mon;Afternoon;Med;Tea;Brewed Green tea;Serenity Green Tea Rg;Hell's Kitchen
4.40;2;1;202301;Jan;Mon;Afternoon;Low;Coffee;Organic brewed coffee;Brazilian Sm;Hell's Kitchen
10.50;3;3;202301;Jan;Mon;Afternoon;Low;Bakery;Pastry;Croissant;Lower Manhattan
24.00;8;6;202301;Jan;Mon;Afternoon;Med;Coffee;Barista Espresso;Espresso shot;Astoria
22.50;6;4;202301;Jan;Mon;Afternoon;Med;Drinking Chocolate;Hot chocolate;Sustainably Grown Organic Rg;Lower Manhattan
4.00;2;2;202301;Jan;Mon;Afternoon;Low;Coffee;Gourmet brewed coffee;Columbian Medium Roast Sm;Lower Manhattan
9.75;3;3;202301;Jan;Mon;Afternoon;Low;Bakery;Scone;Ginger Scone;Astoria
12.00;3;2;202301;Jan;Mon;Afternoon;Low;Tea;Brewed Chai tea;Morning Sunrise Chai Lg;Hell's Kitchen
41.25;11;6;202301;Jan;Sun;Evening;High;Coffee;Premium brewed coffee;Jamaican Coffee River Lg;Hell's Kitchen
50.00;20;12;202301;Jan;Mon;Morning;High;Tea;Brewed Black tea;Earl Grey Rg;Hell's Kitchen
30.00;10;6;202301;Jan;Mon;Morning;Med;Coffee;Gourmet brewed coffee;Columbian Medium Roast Lg;Astoria
18.00;4;4;202301;Jan;Mon;Afternoon;Low;Bakery;Scone;Scottish Cream Scone ;Lower Manhattan
9.75;3;3;202301;Jan;Mon;Afternoon;Low;Bakery;Scone;Cranberry Scone;Lower Manhattan
30.00;10;7;202301;Jan;Mon;Afternoon;Med;Coffee;Gourmet brewed coffee;Columbian Medium Roast Lg;Astoria
36.00;8;5;202301;Jan;Mon;Afternoon;Med;Drinking Chocolate;Hot chocolate;Dark chocolate Lg;Astoria
30.00;8;6;202301;Jan;Mon;Afternoon;Med;Coffee;Barista Espresso;Cappuccino;Astoria
35.00;10;7;202301;Jan;Mon;Afternoon;Med;Drinking Chocolate;Hot chocolate;Dark chocolate Rg;Astoria
7.00;2;2;202301;Jan;Mon;Afternoon;Low;Bakery;Pastry;Croissant;Astoria
25.50;6;5;202301;Jan;Mon;Afternoon;Med;Coffee;Barista Espresso;Cappuccino Lg;Hell's Kitchen
7.50;2;2;202301;Jan;Mon;Afternoon;Low;Bakery;Pastry;Chocolate Croissant;Astoria
9.00;3;2;202301;Jan;Mon;Afternoon;Low;Coffee;Barista Espresso;Espresso shot;Lower Manhattan
15.00;6;4;202301;Jan;Mon;Afternoon;Low;Tea;Brewed Black tea;English Breakfast Rg;Astoria
10.00;4;3;202301;Jan;Mon;Afternoon;Low;Tea;Brewed Chai tea;Traditional Blend Chai Rg;Hell's Kitchen
12.00;4;3;202301;Jan;Mon;Afternoon;Low;Coffee;Drip coffee;Our Old Time Diner Blend Lg;Hell's Kitchen
7.00;2;1;202301;Jan;Mon;Afternoon;Low;Coffee;Organic brewed coffee;Brazilian Lg;Lower Manhattan
25.50;6;5;202301;Jan;Mon;Afternoon;Med;Coffee;Barista Espresso;Cappuccino Lg;Lower Manhattan
3.00;1;1;202301;Jan;Mon;Afternoon;Low;Coffee;Gourmet brewed coffee;Ethiopia Rg;Hell's Kitchen
15.00;6;5;202301;Jan;Mon;Afternoon;Low;Tea;Brewed Green tea;Serenity Green Tea Rg;Lower Manhattan
3.50;1;1;202301;Jan;Mon;Afternoon;Low;Bakery;Biscotti;Chocolate Chip Biscotti;Lower Manhattan
15.00;5;3;202301;Jan;Mon;Afternoon;Low;Coffee;Organic brewed coffee;Brazilian Rg;Astoria
11.25;3;3;202301;Jan;Mon;Afternoon;Low;Bakery;Pastry;Almond Croissant;Astoria
15.00;5;5;202301;Jan;Mon;Afternoon;Low;Bakery;Scone;Oatmeal Scone;Astoria
36.00;8;5;202301;Jan;Mon;Afternoon;Med;Drinking Chocolate;Hot chocolate;Dark chocolate Lg;Lower Manhattan
33.00;11;6;202301;Jan;Mon;Afternoon;Med;Tea;Brewed herbal tea;Peppermint Lg;Hell's Kitchen
17.50;7;4;202301;Jan;Mon;Afternoon;Low;Tea;Brewed herbal tea;Lemon Grass Rg;Lower Manhattan
25.50;6;5;202301;Jan;Mon;Afternoon;Med;Coffee;Barista Espresso;Cappuccino Lg;Astoria
12.50;5;3;202301;Jan;Mon;Afternoon;Low;Tea;Brewed herbal tea;Peppermint Rg;Lower Manhattan
17.15;7;5;202301;Jan;Mon;Afternoon;Low;Coffee;Premium brewed coffee;Jamaican Coffee River Sm;Lower Manhattan
21.00;7;5;202301;Jan;Mon;Afternoon;Med;Tea;Brewed Chai tea;Traditional Blend Chai Lg;Hell's Kitchen
9.75;3;3;202301;Jan;Mon;Afternoon;Low;Bakery;Biscotti;Hazelnut Biscotti;Hell's Kitchen
11.38;3;3;202301;Jan;Mon;Afternoon;Low;Bakery;Biscotti;Ginger Biscotti;Lower Manhattan
11.25;3;3;202301;Jan;Mon;Afternoon;Low;Bakery;Pastry;Almond Croissant;Lower Manhattan
41.25;11;6;202301;Jan;Mon;Afternoon;High;Coffee;Barista Espresso;Latte;Lower Manhattan
10.20;4;3;202301;Jan;Mon;Afternoon;Low;Tea;Brewed Chai tea;Spicy Eye Opener Chai Rg;Hell's Kitchen
15.00;6;4;202301;Jan;Mon;Afternoon;Low;Coffee;Gourmet brewed coffee;Columbian Medium Roast Rg;Lower Manhattan
3.50;1;1;202301;Jan;Mon;Night;Low;Drinking Chocolate;Hot chocolate;Dark chocolate Rg;Astoria
6.00;2;1;202301;Jan;Mon;Night;Low;Tea;Brewed herbal tea;Lemon Grass Lg;Astoria
27.00;9;5;202301;Jan;Mon;Evening;Med;Tea;Brewed Black tea;Earl Grey Lg;Astoria
18.75;5;3;202301;Jan;Mon;Evening;Low;Coffee;Barista Espresso;Cappuccino;Lower Manhattan
10.00;4;4;202301;Jan;Mon;Evening;Low;Tea;Brewed herbal tea;Peppermint Rg;Lower Manhattan
12.50;5;3;202301;Jan;Mon;Evening;Low;Tea;Brewed Chai tea;Traditional Blend Chai Rg;Lower Manhattan
17.15;7;4;202301;Jan;Mon;Evening;Low;Coffee;Premium brewed coffee;Jamaican Coffee River Sm;Lower Manhattan
38.25;9;6;202301;Jan;Mon;Evening;Med;Coffee;Barista Espresso;Latte Rg;Astoria
36.00;12;8;202301;Jan;Mon;Evening;Med;Tea;Brewed herbal tea;Peppermint Lg;Astoria
30.00;8;6;202301;Jan;Mon;Evening;Med;Coffee;Barista Espresso;Cappuccino;Astoria
21.00;7;4;202301;Jan;Mon;Evening;Med;Coffee;Organic brewed coffee;Brazilian Rg;Hell's Kitchen
21.00;7;5;202301;Jan;Mon;Evening;Med;Tea;Brewed Green tea;Serenity Green Tea Lg;Hell's Kitchen
9.00;3;3;202301;Jan;Mon;Evening;Low;Coffee;Gourmet brewed coffee;Columbian Medium Roast Lg;Lower Manhattan
14.63;3;3;202301;Jan;Mon;Evening;Low;Bakery;Scone;Scottish Cream Scone ;Lower Manhattan
30.00;10;6;202301;Jan;Mon;Evening;Med;Tea;Brewed Chai tea;Traditional Blend Chai Lg;Astoria
33.75;9;6;202301;Jan;Mon;Evening;Med;Coffee;Barista Espresso;Latte;Astoria
7.50;2;1;202301;Jan;Mon;Evening;Low;Drinking Chocolate;Hot chocolate;Sustainably Grown Organic Rg;Lower Manhattan
25.00;10;10;202301;Jan;Mon;Evening;Med;Tea;Brewed Black tea;English Breakfast Rg;Astoria
28.00;8;5;202301;Jan;Mon;Evening;Med;Coffee;Organic brewed coffee;Brazilian Lg;Astoria
6.00;2;2;202301;Jan;Mon;Evening;Low;Coffee;Organic brewed coffee;Brazilian Rg;Lower Manhattan
12.00;3;2;202301;Jan;Mon;Evening;Low;Tea;Brewed Chai tea;Morning Sunrise Chai Lg;Astoria
17.60;8;5;202301;Jan;Mon;Evening;Low;Coffee;Organic brewed coffee;Brazilian Sm;Astoria
26.25;7;7;202301;Jan;Mon;Evening;Med;Bakery;Pastry;Almond Croissant;Astoria
15.00;6;4;202301;Jan;Mon;Evening;Low;Tea;Brewed Chai tea;Morning Sunrise Chai Rg;Hell's Kitchen
22.50;6;4;202301;Jan;Mon;Evening;Med;Coffee;Premium brewed coffee;Jamaican Coffee River Lg;Hell's Kitchen
10.00;4;3;202301;Jan;Mon;Evening;Low;Coffee;Drip coffee;Our Old Time Diner Blend Rg;Lower Manhattan
33.00;11;7;202301;Jan;Mon;Evening;Med;Coffee;Drip coffee;Our Old Time Diner Blend Lg;Astoria
14.00;4;4;202301;Jan;Mon;Evening;Low;Bakery;Biscotti;Ginger Biscotti;Astoria
18.00;6;3;202301;Jan;Mon;Evening;Low;Tea;Brewed Chai tea;Traditional Blend Chai Lg;Hell's Kitchen
30.00;8;5;202301;Jan;Mon;Evening;Med;Coffee;Premium brewed coffee;Jamaican Coffee River Lg;Astoria
30.00;12;9;202301;Jan;Mon;Evening;Med;Tea;Brewed Chai tea;Traditional Blend Chai Rg;Hell's Kitchen
40.00;16;10;202301;Jan;Mon;Evening;Med;Tea;Brewed Chai tea;Traditional Blend Chai Rg;Astoria
25.00;10;6;202301;Jan;Mon;Evening;Med;Tea;Brewed Black tea;Earl Grey Rg;Lower Manhattan
15.50;5;4;202301;Jan;Mon;Evening;Low;Tea;Brewed Chai tea;Spicy Eye Opener Chai Lg;Lower Manhattan
7.00;2;2;202301;Jan;Mon;Evening;Low;Bakery;Pastry;Croissant;Lower Manhattan
26.40;12;9;202301;Jan;Mon;Evening;Med;Coffee;Gourmet brewed coffee;Ethiopia Sm;Astoria
12.50;5;3;202301;Jan;Mon;Evening;Low;Tea;Brewed Chai tea;Morning Sunrise Chai Rg;Astoria
18.00;6;3;202301;Jan;Mon;Evening;Low;Tea;Brewed Black tea;English Breakfast Lg;Hell's Kitchen
15.00;5;4;202301;Jan;Mon;Evening;Low;Coffee;Gourmet brewed coffee;Ethiopia Rg;Astoria
8.00;4;3;202301;Jan;Mon;Evening;Low;Coffee;Drip coffee;Our Old Time Diner Blend Sm;Lower Manhattan
12.00;4;4;202301;Jan;Mon;Evening;Low;Bakery;Scone;Oatmeal Scone;Lower Manhattan
19.60;8;5;202301;Jan;Mon;Evening;Low;Coffee;Premium brewed coffee;Jamaican Coffee River Sm;Astoria
15.00;5;3;202301;Jan;Mon;Evening;Low;Coffee;Gourmet brewed coffee;Ethiopia Rg;Lower Manhattan
16.25;5;5;202301;Jan;Mon;Evening;Low;Bakery;Scone;Ginger Scone;Astoria
29.75;7;5;202301;Jan;Mon;Evening;Med;Coffee;Barista Espresso;Cappuccino Lg;Hell's Kitchen
22.50;9;6;202301;Jan;Mon;Evening;Med;Tea;Brewed Black tea;Earl Grey Rg;Hell's Kitchen
17.50;7;6;202301;Jan;Mon;Evening;Low;Coffee;Gourmet brewed coffee;Columbian Medium Roast Rg;Lower Manhattan
52.50;14;12;202301;Jan;Mon;Evening;High;Drinking Chocolate;Hot chocolate;Sustainably Grown Organic Rg;Astoria
28.00;8;5;202301;Jan;Mon;Evening;Med;Coffee;Gourmet brewed coffee;Ethiopia Lg;Hell's Kitchen
10.00;4;2;202301;Jan;Mon;Evening;Low;Tea;Brewed herbal tea;Lemon Grass Rg;Astoria
35.00;10;6;202301;Jan;Mon;Evening;Med;Coffee;Organic brewed coffee;Brazilian Lg;Lower Manhattan
9.75;3;3;202301;Jan;Mon;Evening;Low;Bakery;Scone;Cranberry Scone;Astoria
17.50;7;5;202301;Jan;Mon;Evening;Low;Tea;Brewed Green tea;Serenity Green Tea Rg;Hell's Kitchen
18.00;9;8;202301;Jan;Mon;Evening;Low;Coffee;Gourmet brewed coffee;Columbian Medium Roast Sm;Astoria
17.50;7;5;202301;Jan;Mon;Evening;Low;Coffee;Gourmet brewed coffee;Columbian Medium Roast Rg;Hell's Kitchen
15.00;6;4;202301;Jan;Mon;Evening;Low;Tea;Brewed Green tea;Serenity Green Tea Rg;Astoria
24.00;8;6;202301;Jan;Mon;Evening;Med;Coffee;Gourmet brewed coffee;Columbian Medium Roast Lg;Astoria
2.50;1;1;202301;Jan;Mon;Evening;Low;Tea;Brewed herbal tea;Peppermint Rg;Hell's Kitchen
3.75;1;1;202301;Jan;Mon;Evening;Low;Bakery;Pastry;Chocolate Croissant;Hell's Kitchen
12.00;6;4;202301;Jan;Mon;Evening;Low;Coffee;Gourmet brewed coffee;Columbian Medium Roast Sm;Hell's Kitchen
27.00;9;5;202301;Jan;Mon;Evening;Med;Coffee;Organic brewed coffee;Brazilian Rg;Astoria
38.00;8;6;202301;Jan;Mon;Evening;Med;Drinking Chocolate;Hot chocolate;Sustainably Grown Organic Lg;Astoria
21.70;7;4;202301;Jan;Mon;Evening;Med;Tea;Brewed Chai tea;Spicy Eye Opener Chai Lg;Astoria
14.00;4;4;202301;Jan;Mon;Evening;Low;Bakery;Biscotti;Chocolate Chip Biscotti;Astoria
30.00;10;6;202301;Jan;Mon;Evening;Med;Coffee;Barista Espresso;Espresso shot;Astoria
12.00;4;3;202301;Jan;Mon;Evening;Low;Tea;Brewed Green tea;Serenity Green Tea Lg;Astoria
6.00;2;2;202301;Jan;Mon;Evening;Low;Coffee;Gourmet brewed coffee;Columbian Medium Roast Lg;Hell's Kitchen
13.00;4;4;202301;Jan;Mon;Evening;Low;Bakery;Scone;Ginger Scone;Hell's Kitchen
10.50;3;2;202301;Jan;Mon;Evening;Low;Coffee;Gourmet brewed coffee;Ethiopia Lg;Lower Manhattan
7.50;2;2;202301;Jan;Mon;Evening;Low;Bakery;Pastry;Almond Croissant;Lower Manhattan
34.00;8;4;202301;Jan;Mon;Evening;Med;Coffee;Barista Espresso;Latte Rg;Lower Manhattan
12.25;5;3;202301;Jan;Mon;Evening;Low;Coffee;Premium brewed coffee;Jamaican Coffee River Sm;Hell's Kitchen
12.75;5;3;202301;Jan;Mon;Evening;Low;Tea;Brewed Chai tea;Spicy Eye Opener Chai Rg;Astoria
13.00;4;4;202301;Jan;Mon;Evening;Low;Bakery;Scone;Cranberry Scone;Hell's Kitchen
12.50;5;3;202301;Jan;Mon;Evening;Low;Tea;Brewed herbal tea;Peppermint Rg;Astoria
35.00;10;6;202301;Jan;Mon;Evening;Med;Drinking Chocolate;Hot chocolate;Dark chocolate Rg;Astoria
22.50;9;5;202301;Jan;Mon;Evening;Med;Coffee;Drip coffee;Our Old Time Diner Blend Rg;Astoria
6.00;2;2;202301;Jan;Mon;Evening;Low;Tea;Brewed Black tea;Earl Grey Lg;Hell's Kitchen
20.00;10;7;202301;Jan;Mon;Evening;Low;Coffee;Drip coffee;Our Old Time Diner Blend Sm;Astoria
54.00;12;7;202301;Jan;Mon;Evening;High;Drinking Chocolate;Hot chocolate;Dark chocolate Lg;Astoria
10.00;4;2;202301;Jan;Mon;Evening;Low;Tea;Brewed Black tea;Earl Grey Rg;Astoria
11.25;3;3;202301;Jan;Mon;Evening;Low;Bakery;Pastry;Chocolate Croissant;Astoria
15.50;5;4;202301;Jan;Mon;Evening;Low;Tea;Brewed Chai tea;Spicy Eye Opener Chai Lg;Hell's Kitchen
15.00;5;3;202301;Jan;Mon;Evening;Low;Coffee;Barista Espresso;Espresso shot;Hell's Kitchen
27.50;11;6;202301;Jan;Mon;Evening;Med;Coffee;Drip coffee;Our Old Time Diner Blend Rg;Hell's Kitchen
14.00;7;5;202301;Jan;Mon;Evening;Low;Coffee;Drip coffee;Our Old Time Diner Blend Sm;Hell's Kitchen
13.00;4;4;202301;Jan;Mon;Evening;Low;Bakery;Biscotti;Hazelnut Biscotti;Hell's Kitchen
7.50;2;2;202301;Jan;Mon;Evening;Low;Coffee;Barista Espresso;Cappuccino;Hell's Kitchen
15.40;7;5;202301;Jan;Mon;Evening;Low;Coffee;Organic brewed coffee;Brazilian Sm;Hell's Kitchen
25.00;10;7;202301;Jan;Mon;Evening;Med;Coffee;Gourmet brewed coffee;Columbian Medium Roast Rg;Astoria
7.00;2;2;202301;Jan;Mon;Evening;Low;Bakery;Pastry;Croissant;Astoria
24.00;6;5;202301;Jan;Mon;Evening;Med;Tea;Brewed Chai tea;Morning Sunrise Chai Lg;Lower Manhattan
4.40;2;2;202301;Jan;Mon;Evening;Low;Coffee;Gourmet brewed coffee;Ethiopia Sm;Lower Manhattan
9.00;3;3;202301;Jan;Mon;Evening;Low;Bakery;Scone;Oatmeal Scone;Astoria
17.00;4;3;202301;Jan;Mon;Evening;Low;Coffee;Barista Espresso;Latte Rg;Hell's Kitchen
7.00;2;2;202301;Jan;Mon;Evening;Low;Bakery;Biscotti;Ginger Biscotti;Hell's Kitchen
21.00;6;3;202301;Jan;Mon;Evening;Med;Coffee;Gourmet brewed coffee;Ethiopia Lg;Astoria
10.50;3;3;202301;Jan;Mon;Evening;Low;Bakery;Pastry;Croissant;Hell's Kitchen
21.00;7;6;202301;Jan;Mon;Evening;Med;Tea;Brewed herbal tea;Lemon Grass Lg;Astoria
10.20;4;3;202301;Jan;Mon;Evening;Low;Tea;Brewed Chai tea;Spicy Eye Opener Chai Rg;Hell's Kitchen
54.00;18;10;202301;Jan;Tue;Morning;High;Tea;Brewed herbal tea;Lemon Grass Lg;Lower Manhattan
40.50;9;9;202301;Jan;Tue;Morning;very high;Bakery;Scone;Scottish Cream Scone ;Lower Manhattan
52.50;21;15;202301;Jan;Tue;Morning;High;Coffee;Gourmet brewed coffee;Columbian Medium Roast Rg;Lower Manhattan
22.50;6;6;202301;Jan;Tue;Morning;Med;Bakery;Pastry;Almond Croissant;Lower Manhattan
36.00;12;8;202301;Jan;Tue;Morning;Med;Tea;Brewed herbal tea;Peppermint Lg;Lower Manhattan
58.65;23;13;202301;Jan;Tue;Morning;High;Tea;Brewed Chai tea;Spicy Eye Opener Chai Rg;Lower Manhattan
48.75;13;8;202301;Jan;Tue;Morning;High;Drinking Chocolate;Hot chocolate;Sustainably Grown Organic Rg;Lower Manhattan
35.00;14;9;202301;Jan;Tue;Morning;Med;Tea;Brewed herbal tea;Peppermint Rg;Hell's Kitchen
42.00;14;8;202301;Jan;Tue;Morning;High;Coffee;Barista Espresso;Espresso shot;Hell's Kitchen
10.50;3;3;202301;Jan;Tue;Morning;Low;Bakery;Biscotti;Chocolate Chip Biscotti;Hell's Kitchen
39.00;13;8;202301;Jan;Tue;Morning;Med;Tea;Brewed herbal tea;Peppermint Lg;Hell's Kitchen
27.50;11;6;202301;Jan;Tue;Morning;Med;Coffee;Drip coffee;Our Old Time Diner Blend Rg;Hell's Kitchen
27.50;11;7;202301;Jan;Tue;Morning;Med;Coffee;Gourmet brewed coffee;Columbian Medium Roast Rg;Hell's Kitchen
42.00;14;7;202301;Jan;Tue;Morning;High;Coffee;Gourmet brewed coffee;Ethiopia Rg;Lower Manhattan
36.00;12;8;202301;Jan;Tue;Morning;Med;Coffee;Gourmet brewed coffee;Columbian Medium Roast Lg;Lower Manhattan
45.00;12;7;202301;Jan;Tue;Morning;High;Drinking Chocolate;Hot chocolate;Sustainably Grown Organic Rg;Hell's Kitchen
63.75;17;12;202301;Jan;Tue;Morning;very high;Coffee;Barista Espresso;Cappuccino;Lower Manhattan
40.00;20;12;202301;Jan;Tue;Morning;Med;Coffee;Drip coffee;Our Old Time Diner Blend Sm;Hell's Kitchen
17.00;4;3;202301;Jan;Tue;Morning;Low;Coffee;Barista Espresso;Cappuccino Lg;Lower Manhattan
27.00;6;4;202301;Jan;Tue;Morning;Med;Drinking Chocolate;Hot chocolate;Dark chocolate Lg;Hell's Kitchen
27.00;6;6;202301;Jan;Tue;Morning;Med;Bakery;Scone;Scottish Cream Scone ;Hell's Kitchen
60.00;23;19;202301;Jan;Tue;Morning;High;Coffee;Barista Espresso;Ouro Brasileiro shot;Hell's Kitchen
49.00;14;10;202301;Jan;Tue;Morning;High;Coffee;Gourmet brewed coffee;Ethiopia Lg;Lower Manhattan
29.25;9;9;202301;Jan;Tue;Morning;Med;Bakery;Biscotti;Hazelnut Biscotti;Hell's Kitchen
21.70;7;6;202301;Jan;Tue;Morning;Med;Coffee;Premium brewed coffee;Jamaican Coffee River Rg;Hell's Kitchen
48.00;16;11;202301;Jan;Tue;Morning;High;Coffee;Gourmet brewed coffee;Columbian Medium Roast Lg;Hell's Kitchen
52.25;11;8;202301;Jan;Tue;Morning;High;Drinking Chocolate;Hot chocolate;Sustainably Grown Organic Lg;Hell's Kitchen
47.50;10;6;202301;Jan;Tue;Morning;High;Drinking Chocolate;Hot chocolate;Sustainably Grown Organic Lg;Lower Manhattan
19.50;6;6;202301;Jan;Tue;Morning;Low;Bakery;Scone;Ginger Scone;Lower Manhattan
24.00;8;6;202301;Jan;Tue;Morning;Med;Coffee;Drip coffee;Our Old Time Diner Blend Lg;Hell's Kitchen
50.00;20;13;202301;Jan;Tue;Morning;High;Tea;Brewed Chai tea;Morning Sunrise Chai Rg;Lower Manhattan
27.00;9;6;202301;Jan;Tue;Morning;Med;Tea;Brewed Chai tea;Traditional Blend Chai Lg;Hell's Kitchen
60.00;24;13;202301;Jan;Tue;Morning;High;Tea;Brewed Black tea;Earl Grey Rg;Lower Manhattan
21.00;7;5;202301;Jan;Tue;Morning;Med;Coffee;Barista Espresso;Ouro Brasileiro shot;Lower Manhattan
26.25;7;7;202301;Jan;Tue;Morning;Med;Bakery;Pastry;Almond Croissant;Hell's Kitchen
33.00;11;9;202301;Jan;Tue;Morning;Med;Coffee;Organic brewed coffee;Brazilian Rg;Hell's Kitchen
17.60;8;5;202301;Jan;Tue;Morning;Low;Coffee;Organic brewed coffee;Brazilian Sm;Lower Manhattan
30.00;12;8;202301;Jan;Tue;Morning;Med;Tea;Brewed Black tea;Earl Grey Rg;Hell's Kitchen
68.00;17;11;202301;Jan;Tue;Morning;very high;Tea;Brewed Chai tea;Morning Sunrise Chai Lg;Hell's Kitchen
42.00;14;8;202301;Jan;Tue;Morning;High;Tea;Brewed Black tea;Earl Grey Lg;Hell's Kitchen
75.00;25;15;202301;Jan;Tue;Morning;very high;Tea;Brewed Black tea;English Breakfast Lg;Lower Manhattan
49.00;14;9;202301;Jan;Tue;Morning;High;Coffee;Gourmet brewed coffee;Ethiopia Lg;Hell's Kitchen
24.50;10;7;202301;Jan;Tue;Morning;Med;Coffee;Premium brewed coffee;Jamaican Coffee River Sm;Lower Manhattan
63.75;17;11;202301;Jan;Tue;Morning;very high;Coffee;Barista Espresso;Latte;Lower Manhattan
57.00;19;10;202301;Jan;Tue;Morning;High;Coffee;Organic brewed coffee;Brazilian Rg;Lower Manhattan
60.00;16;9;202301;Jan;Tue;Morning;High;Coffee;Premium brewed coffee;Jamaican Coffee River Lg;Lower Manhattan
33.00;11;8;202301;Jan;Tue;Morning;Med;Tea;Brewed Green tea;Serenity Green Tea Lg;Lower Manhattan
30.00;12;8;202301;Jan;Tue;Morning;Med;Tea;Brewed Green tea;Serenity Green Tea Rg;Hell's Kitchen
45.00;15;10;202301;Jan;Tue;Morning;High;Coffee;Gourmet brewed coffee;Ethiopia Rg;Hell's Kitchen
38.00;19;11;202301;Jan;Tue;Morning;Med;Coffee;Gourmet brewed coffee;Columbian Medium Roast Sm;Astoria
48.00;16;10;202301;Jan;Tue;Morning;High;Coffee;Drip coffee;Our Old Time Diner Blend Lg;Astoria
32.50;13;9;202301;Jan;Tue;Morning;Med;Tea;Brewed Chai tea;Traditional Blend Chai Rg;Lower Manhattan
48.00;16;10;202301;Jan;Tue;Morning;High;Coffee;Organic brewed coffee;Brazilian Rg;Astoria
30.00;8;5;202301;Jan;Tue;Morning;Med;Coffee;Barista Espresso;Latte;Hell's Kitchen
59.50;17;11;202301;Jan;Tue;Morning;High;Coffee;Organic brewed coffee;Brazilian Lg;Astoria
51.00;17;11;202301;Jan;Tue;Morning;High;Tea;Brewed Black tea;English Breakfast Lg;Hell's Kitchen
56.25;15;8;202301;Jan;Tue;Morning;High;Drinking Chocolate;Hot chocolate;Sustainably Grown Organic Rg;Astoria
22.50;5;5;202301;Jan;Tue;Morning;Med;Bakery;Scone;Scottish Cream Scone ;Astoria
39.00;13;9;202301;Jan;Tue;Morning;Med;Tea;Brewed Green tea;Serenity Green Tea Lg;Hell's Kitchen
24.50;7;7;202301;Jan;Tue;Morning;Med;Bakery;Pastry;Croissant;Lower Manhattan
102.00;24;17;202301;Jan;Tue;Morning;very high;Coffee;Barista Espresso;Cappuccino Lg;Astoria
60.00;24;16;202301;Jan;Tue;Morning;High;Tea;Brewed Green tea;Serenity Green Tea Rg;Astoria
36.00;12;9;202301;Jan;Tue;Morning;Med;Coffee;Gourmet brewed coffee;Ethiopia Rg;Astoria
48.00;16;10;202301;Jan;Tue;Morning;High;Coffee;Gourmet brewed coffee;Columbian Medium Roast Lg;Astoria
51.00;17;11;202301;Jan;Tue;Morning;High;Tea;Brewed herbal tea;Lemon Grass Lg;Hell's Kitchen
37.50;10;7;202301;Jan;Tue;Morning;Med;Coffee;Barista Espresso;Cappuccino;Astoria
21.00;7;7;202301;Jan;Tue;Morning;Med;Bakery;Scone;Oatmeal Scone;Astoria
74.40;24;13;202301;Jan;Tue;Morning;very high;Coffee;Premium brewed coffee;Jamaican Coffee River Rg;Astoria
32.50;13;9;202301;Jan;Tue;Morning;Med;Tea;Brewed Black tea;English Breakfast Rg;Lower Manhattan
55.80;18;11;202301;Jan;Tue;Morning;High;Coffee;Premium brewed coffee;Jamaican Coffee River Rg;Lower Manhattan
4.25;1;1;202301;Jan;Tue;Night;Low;Coffee;Barista Espresso;Latte Rg;Astoria
12.50;5;3;202301;Jan;Tue;Night;Low;Tea;Brewed Black tea;Earl Grey Rg;Lower Manhattan
9.00;3;2;202301;Jan;Tue;Night;Low;Coffee;Barista Espresso;Espresso shot;Lower Manhattan
42.50;17;10;202301;Jan;Tue;Afternoon;High;Tea;Brewed Black tea;Earl Grey Rg;Astoria
17.60;8;5;202301;Jan;Tue;Afternoon;Low;Coffee;Organic brewed coffee;Brazilian Sm;Lower Manhattan
22.50;6;4;202301;Jan;Tue;Afternoon;Med;Coffee;Barista Espresso;Latte;Hell's Kitchen
20.00;8;7;202301;Jan;Tue;Afternoon;Low;Tea;Brewed Green tea;Serenity Green Tea Rg;Astoria
18.00;6;4;202301;Jan;Tue;Afternoon;Low;Tea;Brewed Green tea;Serenity Green Tea Lg;Lower Manhattan
12.50;5;3;202301;Jan;Tue;Afternoon;Low;Coffee;Drip coffee;Our Old Time Diner Blend Rg;Hell's Kitchen
24.00;8;6;202301;Jan;Tue;Afternoon;Med;Tea;Brewed Black tea;Earl Grey Lg;Astoria
58.50;13;7;202301;Jan;Tue;Afternoon;High;Drinking Chocolate;Hot chocolate;Dark chocolate Lg;Astoria
36.00;12;9;202301;Jan;Tue;Afternoon;Med;Coffee;Drip coffee;Our Old Time Diner Blend Lg;Astoria
12.50;5;3;202301;Jan;Tue;Afternoon;Low;Tea;Brewed Green tea;Serenity Green Tea Rg;Lower Manhattan
9.75;3;3;202301;Jan;Tue;Afternoon;Low;Bakery;Scone;Ginger Scone;Astoria
12.00;4;3;202301;Jan;Tue;Afternoon;Low;Tea;Brewed Chai tea;Traditional Blend Chai Lg;Hell's Kitchen
31.50;9;5;202301;Jan;Tue;Afternoon;Med;Drinking Chocolate;Hot chocolate;Dark chocolate Rg;Astoria
21.00;6;4;202301;Jan;Tue;Afternoon;Med;Drinking Chocolate;Hot chocolate;Dark chocolate Rg;Hell's Kitchen
30.00;12;7;202301;Jan;Tue;Afternoon;Med;Tea;Brewed Black tea;English Breakfast Rg;Hell's Kitchen
10.50;3;3;202301;Jan;Tue;Afternoon;Low;Bakery;Biscotti;Ginger Biscotti;Hell's Kitchen
29.75;7;4;202301;Jan;Tue;Afternoon;Med;Coffee;Barista Espresso;Latte Rg;Astoria
15.00;5;3;202301;Jan;Tue;Afternoon;Low;Coffee;Gourmet brewed coffee;Columbian Medium Roast Lg;Astoria
9.00;3;2;202301;Jan;Tue;Afternoon;Low;Tea;Brewed herbal tea;Peppermint Lg;Lower Manhattan
27.90;9;6;202301;Jan;Tue;Afternoon;Med;Coffee;Premium brewed coffee;Jamaican Coffee River Rg;Lower Manhattan
24.50;7;7;202301;Jan;Tue;Afternoon;Med;Bakery;Biscotti;Ginger Biscotti;Lower Manhattan
24.50;7;7;202301;Jan;Tue;Afternoon;Med;Bakery;Biscotti;Chocolate Chip Biscotti;Astoria
20.00;10;6;202301;Jan;Tue;Afternoon;Low;Coffee;Drip coffee;Our Old Time Diner Blend Sm;Astoria
42.50;17;12;202301;Jan;Tue;Afternoon;High;Tea;Brewed Chai tea;Morning Sunrise Chai Rg;Astoria
10.20;4;2;202301;Jan;Tue;Afternoon;Low;Tea;Brewed Chai tea;Spicy Eye Opener Chai Rg;Lower Manhattan
15.00;6;3;202301;Jan;Tue;Afternoon;Low;Coffee;Drip coffee;Our Old Time Diner Blend Rg;Astoria
13.50;3;3;202301;Jan;Tue;Afternoon;Low;Bakery;Scone;Scottish Cream Scone ;Lower Manhattan
36.00;12;8;202301;Jan;Tue;Afternoon;Med;Coffee;Barista Espresso;Espresso shot;Astoria
30.00;10;5;202301;Jan;Tue;Afternoon;Med;Tea;Brewed Black tea;English Breakfast Lg;Astoria
10.50;3;3;202301;Jan;Tue;Afternoon;Low;Bakery;Pastry;Croissant;Astoria
19.60;8;7;202301;Jan;Tue;Afternoon;Low;Coffee;Premium brewed coffee;Jamaican Coffee River Sm;Astoria
9.75;3;3;202301;Jan;Tue;Afternoon;Low;Bakery;Scone;Cranberry Scone;Hell's Kitchen
15.00;5;5;202301;Jan;Tue;Afternoon;Low;Coffee;Barista Espresso;Espresso shot;Hell's Kitchen
20.00;8;5;202301;Jan;Tue;Afternoon;Low;Tea;Brewed Chai tea;Morning Sunrise Chai Rg;Hell's Kitchen
21.00;7;4;202301;Jan;Tue;Afternoon;Med;Tea;Brewed herbal tea;Lemon Grass Lg;Astoria
33.00;11;7;202301;Jan;Tue;Afternoon;Med;Coffee;Organic brewed coffee;Brazilian Rg;Astoria
17.50;7;4;202301;Jan;Tue;Afternoon;Low;Tea;Brewed herbal tea;Lemon Grass Rg;Hell's Kitchen
15.00;6;4;202301;Jan;Tue;Afternoon;Low;Tea;Brewed Black tea;English Breakfast Rg;Astoria
22.95;9;7;202301;Jan;Tue;Morning;Med;Tea;Brewed Chai tea;Spicy Eye Opener Chai Rg;Hell's Kitchen
22.00;10;7;202301;Jan;Tue;Morning;Med;Coffee;Organic brewed coffee;Brazilian Sm;Hell's Kitchen
41.25;11;8;202301;Jan;Tue;Morning;High;Coffee;Premium brewed coffee;Jamaican Coffee River Lg;Astoria
24.20;11;7;202301;Jan;Tue;Morning;Med;Coffee;Gourmet brewed coffee;Ethiopia Sm;Lower Manhattan
26.25;7;4;202301;Jan;Tue;Afternoon;Med;Coffee;Barista Espresso;Latte;Lower Manhattan
10.20;4;4;202301;Jan;Tue;Afternoon;Low;Tea;Brewed Chai tea;Spicy Eye Opener Chai Rg;Hell's Kitchen
31.00;10;6;202301;Jan;Tue;Afternoon;Med;Tea;Brewed Chai tea;Spicy Eye Opener Chai Lg;Astoria
18.00;6;4;202301;Jan;Tue;Afternoon;Low;Coffee;Gourmet brewed coffee;Columbian Medium Roast Lg;Hell's Kitchen
22.50;9;5;202301;Jan;Tue;Afternoon;Med;Tea;Brewed Chai tea;Morning Sunrise Chai Rg;Lower Manhattan
5.00;2;1;202301;Jan;Tue;Afternoon;Low;Tea;Brewed Black tea;English Breakfast Rg;Lower Manhattan
45.00;10;7;202301;Jan;Tue;Afternoon;High;Drinking Chocolate;Hot chocolate;Dark chocolate Lg;Lower Manhattan
30.00;8;5;202301;Jan;Tue;Afternoon;Med;Coffee;Premium brewed coffee;Jamaican Coffee River Lg;Lower Manhattan
33.75;9;9;202301;Jan;Tue;Afternoon;Med;Bakery;Scone;Jumbo Savory Scone;Lower Manhattan
18.00;6;3;202301;Jan;Tue;Afternoon;Low;Coffee;Organic brewed coffee;Brazilian Rg;Lower Manhattan
9.00;3;2;202301;Jan;Tue;Afternoon;Low;Coffee;Gourmet brewed coffee;Ethiopia Rg;Astoria
15.00;6;4;202301;Jan;Tue;Afternoon;Low;Tea;Brewed Chai tea;Traditional Blend Chai Rg;Hell's Kitchen
8.80;4;3;202301;Jan;Tue;Afternoon;Low;Coffee;Organic brewed coffee;Brazilian Sm;Hell's Kitchen
17.00;4;3;202301;Jan;Tue;Afternoon;Low;Coffee;Barista Espresso;Cappuccino Lg;Astoria
26.25;7;4;202301;Jan;Tue;Afternoon;Med;Coffee;Barista Espresso;Cappuccino;Astoria
7.00;2;2;202301;Jan;Tue;Afternoon;Low;Bakery;Biscotti;Ginger Biscotti;Astoria
37.50;10;5;202301;Jan;Tue;Afternoon;Med;Coffee;Premium brewed coffee;Jamaican Coffee River Lg;Astoria
27.00;6;4;202301;Jan;Tue;Afternoon;Med;Drinking Chocolate;Hot chocolate;Dark chocolate Lg;Hell's Kitchen
9.75;3;3;202301;Jan;Tue;Afternoon;Low;Bakery;Scone;Cranberry Scone;Astoria
6.00;2;1;202301;Jan;Tue;Afternoon;Low;Coffee;Drip coffee;Our Old Time Diner Blend Lg;Hell's Kitchen
9.00;2;2;202301;Jan;Tue;Afternoon;Low;Bakery;Scone;Scottish Cream Scone ;Hell's Kitchen
38.40;14;9;202301;Jan;Tue;Afternoon;Med;Coffee;Barista Espresso;Ouro Brasileiro shot;Hell's Kitchen
12.40;4;3;202301;Jan;Tue;Afternoon;Low;Bakery;Scone;Ginger Scone;Hell's Kitchen
25.50;6;4;202301;Jan;Tue;Afternoon;Med;Coffee;Barista Espresso;Cappuccino Lg;Hell's Kitchen
10.50;3;3;202301;Jan;Tue;Afternoon;Low;Bakery;Biscotti;Chocolate Chip Biscotti;Hell's Kitchen
18.00;6;4;202301;Jan;Tue;Afternoon;Low;Tea;Brewed Chai tea;Traditional Blend Chai Lg;Astoria
15.40;7;5;202301;Jan;Tue;Afternoon;Low;Coffee;Organic brewed coffee;Brazilian Sm;Astoria
10.50;3;3;202301;Jan;Tue;Afternoon;Low;Bakery;Pastry;Croissant;Lower Manhattan
9.00;3;2;202301;Jan;Tue;Afternoon;Low;Tea;Brewed Green tea;Serenity Green Tea Lg;Astoria
9.75;3;3;202301;Jan;Tue;Afternoon;Low;Bakery;Biscotti;Hazelnut Biscotti;Astoria
21.00;7;5;202301;Jan;Tue;Afternoon;Med;Coffee;Gourmet brewed coffee;Ethiopia Rg;Lower Manhattan
9.00;3;3;202301;Jan;Tue;Afternoon;Low;Bakery;Scone;Oatmeal Scone;Hell's Kitchen
22.05;9;4;202301;Jan;Tue;Afternoon;Med;Coffee;Premium brewed coffee;Jamaican Coffee River Sm;Lower Manhattan
17.50;5;5;202301;Jan;Tue;Afternoon;Low;Drinking Chocolate;Hot chocolate;Dark chocolate Rg;Lower Manhattan
24.00;8;4;202301;Jan;Tue;Afternoon;Med;Coffee;Gourmet brewed coffee;Ethiopia Rg;Hell's Kitchen
12.00;6;4;202301;Jan;Tue;Afternoon;Low;Coffee;Drip coffee;Our Old Time Diner Blend Sm;Lower Manhattan
15.00;4;3;202301;Jan;Tue;Afternoon;Low;Bakery;Scone;Jumbo Savory Scone;Astoria
15.40;7;5;202301;Jan;Tue;Afternoon;Low;Coffee;Gourmet brewed coffee;Ethiopia Sm;Hell's Kitchen
20.00;8;5;202301;Jan;Tue;Afternoon;Low;Coffee;Gourmet brewed coffee;Columbian Medium Roast Rg;Lower Manhattan
40.00;10;5;202301;Jan;Tue;Afternoon;Med;Tea;Brewed Chai tea;Morning Sunrise Chai Lg;Lower Manhattan
24.00;8;5;202301;Jan;Tue;Afternoon;Med;Coffee;Gourmet brewed coffee;Columbian Medium Roast Lg;Lower Manhattan
10.00;4;3;202301;Jan;Tue;Afternoon;Low;Tea;Brewed Green tea;Serenity Green Tea Rg;Hell's Kitchen
24.60;10;5;202301;Jan;Tue;Afternoon;Med;Coffee;Barista Espresso;Ouro Brasileiro shot;Lower Manhattan
12.00;4;3;202301;Jan;Tue;Evening;Low;Coffee;Drip coffee;Our Old Time Diner Blend Lg;Hell's Kitchen
18.00;6;5;202301;Jan;Tue;Evening;Low;Coffee;Organic brewed coffee;Brazilian Rg;Lower Manhattan
30.80;14;8;202301;Jan;Tue;Evening;Med;Coffee;Organic brewed coffee;Brazilian Sm;Astoria
17.50;5;3;202301;Jan;Tue;Evening;Low;Coffee;Organic brewed coffee;Brazilian Lg;Astoria
15.00;4;3;202301;Jan;Tue;Evening;Low;Coffee;Barista Espresso;Latte;Lower Manhattan
36.00;12;9;202301;Jan;Tue;Evening;Med;Tea;Brewed Green tea;Serenity Green Tea Lg;Astoria
18.00;6;4;202301;Jan;Tue;Evening;Low;Tea;Brewed herbal tea;Peppermint Lg;Lower Manhattan
26.25;7;4;202301;Jan;Tue;Evening;Med;Drinking Chocolate;Hot chocolate;Sustainably Grown Organic Rg;Hell's Kitchen
9.00;3;3;202301;Jan;Tue;Evening;Low;Tea;Brewed herbal tea;Lemon Grass Lg;Astoria
27.50;11;8;202301;Jan;Tue;Evening;Med;Tea;Brewed Green tea;Serenity Green Tea Rg;Hell's Kitchen
9.00;3;3;202301;Jan;Tue;Evening;Low;Bakery;Scone;Oatmeal Scone;Lower Manhattan
19.80;9;5;202301;Jan;Tue;Evening;Low;Coffee;Organic brewed coffee;Brazilian Sm;Hell's Kitchen
30.00;10;6;202301;Jan;Tue;Evening;Med;Tea;Brewed Chai tea;Traditional Blend Chai Lg;Hell's Kitchen
10.50;3;3;202301;Jan;Tue;Evening;Low;Bakery;Pastry;Croissant;Hell's Kitchen
39.00;13;8;202301;Jan;Tue;Evening;Med;Tea;Brewed Black tea;English Breakfast Lg;Astoria
14.00;4;2;202301;Jan;Tue;Evening;Low;Coffee;Organic brewed coffee;Brazilian Lg;Lower Manhattan
3.25;1;1;202301;Jan;Tue;Evening;Low;Bakery;Scone;Ginger Scone;Lower Manhattan
15.00;6;5;202301;Jan;Tue;Evening;Low;Tea;Brewed Chai tea;Morning Sunrise Chai Rg;Astoria
26.25;7;4;202301;Jan;Tue;Evening;Med;Coffee;Premium brewed coffee;Jamaican Coffee River Lg;Astoria
12.50;5;3;202301;Jan;Tue;Evening;Low;Tea;Brewed Black tea;Earl Grey Rg;Hell's Kitchen
6.00;2;2;202301;Jan;Tue;Evening;Low;Coffee;Gourmet brewed coffee;Ethiopia Rg;Hell's Kitchen
23.75;5;4;202301;Jan;Tue;Evening;Med;Drinking Chocolate;Hot chocolate;Sustainably Grown Organic Lg;Lower Manhattan
15.00;4;4;202301;Jan;Tue;Evening;Low;Bakery;Scone;Jumbo Savory Scone;Hell's Kitchen
12.00;6;3;202301;Jan;Tue;Evening;Low;Coffee;Gourmet brewed coffee;Columbian Medium Roast Sm;Hell's Kitchen
7.50;2;2;202301;Jan;Tue;Evening;Low;Bakery;Pastry;Almond Croissant;Hell's Kitchen
9.00;3;2;202301;Jan;Tue;Evening;Low;Coffee;Gourmet brewed coffee;Ethiopia Rg;Lower Manhattan
18.00;6;3;202301;Jan;Tue;Evening;Low;Coffee;Organic brewed coffee;Brazilian Rg;Hell's Kitchen
17.50;5;4;202301;Jan;Tue;Evening;Low;Coffee;Gourmet brewed coffee;Ethiopia Lg;Hell's Kitchen
25.00;10;6;202301;Jan;Tue;Evening;Med;Tea;Brewed Chai tea;Morning Sunrise Chai Rg;Lower Manhattan
14.00;7;5;202301;Jan;Tue;Evening;Low;Coffee;Drip coffee;Our Old Time Diner Blend Sm;Astoria
7.50;2;2;202301;Jan;Tue;Evening;Low;Bakery;Pastry;Chocolate Croissant;Lower Manhattan
9.30;3;2;202301;Jan;Tue;Evening;Low;Tea;Brewed Chai tea;Spicy Eye Opener Chai Lg;Astoria
10.00;4;2;202301;Jan;Tue;Evening;Low;Coffee;Drip coffee;Our Old Time Diner Blend Rg;Lower Manhattan
36.00;12;8;202301;Jan;Tue;Evening;Med;Coffee;Gourmet brewed coffee;Columbian Medium Roast Lg;Astoria
10.00;5;3;202301;Jan;Tue;Evening;Low;Coffee;Drip coffee;Our Old Time Diner Blend Sm;Hell's Kitchen
17.15;7;6;202301;Jan;Tue;Evening;Low;Coffee;Premium brewed coffee;Jamaican Coffee River Sm;Astoria
7.50;2;2;202301;Jan;Tue;Evening;Low;Bakery;Scone;Jumbo Savory Scone;Lower Manhattan
25.50;6;5;202301;Jan;Tue;Evening;Med;Coffee;Barista Espresso;Cappuccino Lg;Astoria
4.50;1;1;202301;Jan;Tue;Evening;Low;Bakery;Scone;Scottish Cream Scone ;Hell's Kitchen
15.30;6;4;202301;Jan;Tue;Evening;Low;Tea;Brewed Chai tea;Spicy Eye Opener Chai Rg;Lower Manhattan
12.75;3;2;202301;Jan;Tue;Evening;Low;Coffee;Barista Espresso;Latte Rg;Hell's Kitchen
20.00;8;5;202301;Jan;Tue;Evening;Low;Tea;Brewed Chai tea;Traditional Blend Chai Rg;Hell's Kitchen
25.00;10;8;202301;Jan;Tue;Evening;Med;Tea;Brewed herbal tea;Lemon Grass Rg;Astoria
9.00;3;2;202301;Jan;Tue;Evening;Low;Coffee;Barista Espresso;Ouro Brasileiro shot;Lower Manhattan
37.50;10;7;202301;Jan;Tue;Evening;Med;Drinking Chocolate;Hot chocolate;Sustainably Grown Organic Rg;Astoria
32.50;13;8;202301;Jan;Tue;Evening;Med;Tea;Brewed Black tea;English Breakfast Rg;Astoria
10.00;5;3;202301;Jan;Tue;Evening;Low;Coffee;Gourmet brewed coffee;Columbian Medium Roast Sm;Astoria
12.00;6;4;202301;Jan;Tue;Evening;Low;Coffee;Gourmet brewed coffee;Columbian Medium Roast Sm;Lower Manhattan
12.75;5;5;202301;Jan;Tue;Evening;Low;Tea;Brewed Chai tea;Spicy Eye Opener Chai Rg;Hell's Kitchen
3.25;1;1;202301;Jan;Tue;Evening;Low;Bakery;Biscotti;Hazelnut Biscotti;Hell's Kitchen
4.50;1;1;202301;Jan;Tue;Evening;Low;Drinking Chocolate;Hot chocolate;Dark chocolate Lg;Hell's Kitchen
22.50;9;6;202301;Jan;Tue;Evening;Med;Tea;Brewed Black tea;Earl Grey Rg;Astoria
15.50;5;3;202301;Jan;Tue;Evening;Low;Coffee;Premium brewed coffee;Jamaican Coffee River Rg;Astoria
25.00;10;6;202301;Jan;Tue;Evening;Med;Tea;Brewed Chai tea;Traditional Blend Chai Rg;Astoria
40.50;9;5;202301;Jan;Tue;Evening;very high;Drinking Chocolate;Hot chocolate;Dark chocolate Lg;Astoria
20.00;8;5;202301;Jan;Tue;Evening;Low;Coffee;Drip coffee;Our Old Time Diner Blend Rg;Astoria
24.00;8;5;202301;Jan;Tue;Evening;Med;Tea;Brewed herbal tea;Lemon Grass Lg;Hell's Kitchen
16.20;6;5;202301;Jan;Tue;Evening;Low;Coffee;Barista Espresso;Ouro Brasileiro shot;Hell's Kitchen
28.00;8;5;202301;Jan;Tue;Evening;Med;Coffee;Organic brewed coffee;Brazilian Lg;Hell's Kitchen
15.30;6;4;202301;Jan;Tue;Evening;Low;Tea;Brewed Chai tea;Spicy Eye Opener Chai Rg;Astoria
24.00;8;6;202301;Jan;Tue;Evening;Med;Coffee;Gourmet brewed coffee;Ethiopia Rg;Astoria
21.00;7;6;202301;Jan;Tue;Evening;Med;Tea;Brewed Chai tea;Traditional Blend Chai Lg;Astoria
30.00;10;6;202301;Jan;Tue;Evening;Med;Tea;Brewed herbal tea;Peppermint Lg;Astoria
21.00;7;6;202301;Jan;Tue;Evening;Med;Tea;Brewed Black tea;English Breakfast Lg;Hell's Kitchen
12.50;5;4;202301;Jan;Tue;Evening;Low;Coffee;Gourmet brewed coffee;Columbian Medium Roast Rg;Astoria
6.20;2;2;202301;Jan;Tue;Evening;Low;Coffee;Premium brewed coffee;Jamaican Coffee River Rg;Hell's Kitchen
10.00;4;2;202301;Jan;Tue;Evening;Low;Tea;Brewed herbal tea;Peppermint Rg;Hell's Kitchen
71.25;15;9;202301;Jan;Tue;Evening;very high;Drinking Chocolate;Hot chocolate;Sustainably Grown Organic Lg;Astoria
4.90;2;1;202301;Jan;Tue;Evening;Low;Coffee;Premium brewed coffee;Jamaican Coffee River Sm;Hell's Kitchen
14.00;4;3;202301;Jan;Tue;Evening;Low;Coffee;Gourmet brewed coffee;Ethiopia Lg;Astoria
20.00;8;5;202301;Jan;Wed;Morning;Low;Tea;Brewed herbal tea;Lemon Grass Rg;Lower Manhattan
57.00;19;10;202301;Jan;Wed;Morning;High;Coffee;Gourmet brewed coffee;Columbian Medium Roast Lg;Lower Manhattan
42.00;14;9;202301;Jan;Wed;Morning;High;Tea;Brewed herbal tea;Peppermint Lg;Lower Manhattan
11.25;3;3;202301;Jan;Wed;Morning;Low;Bakery;Pastry;Almond Croissant;Lower Manhattan
35.00;14;9;202301;Jan;Wed;Morning;Med;Coffee;Gourmet brewed coffee;Columbian Medium Roast Rg;Hell's Kitchen
21.00;7;4;202301;Jan;Tue;Evening;Med;Tea;Brewed Green tea;Serenity Green Tea Lg;Hell's Kitchen
9.00;3;2;202301;Jan;Tue;Evening;Low;Coffee;Barista Espresso;Espresso shot;Hell's Kitchen
3.75;1;1;202301;Jan;Tue;Evening;Low;Bakery;Scone;Jumbo Savory Scone;Astoria
15.40;7;6;202301;Jan;Wed;Morning;Low;Coffee;Gourmet brewed coffee;Ethiopia Sm;Lower Manhattan
7.50;3;2;202301;Jan;Tue;Evening;Low;Tea;Brewed Black tea;English Breakfast Rg;Hell's Kitchen
39.00;12;12;202301;Jan;Wed;Morning;Med;Bakery;Scone;Ginger Scone;Hell's Kitchen
57.00;12;10;202301;Jan;Wed;Morning;High;Drinking Chocolate;Hot chocolate;Sustainably Grown Organic Lg;Hell's Kitchen
24.50;7;4;202301;Jan;Wed;Morning;Med;Drinking Chocolate;Hot chocolate;Dark chocolate Rg;Hell's Kitchen
40.00;16;11;202301;Jan;Wed;Morning;Med;Tea;Brewed Green tea;Serenity Green Tea Rg;Hell's Kitchen
30.00;12;8;202301;Jan;Wed;Morning;Med;Tea;Brewed Black tea;Earl Grey Rg;Lower Manhattan
42.50;17;9;202301;Jan;Wed;Morning;High;Tea;Brewed Chai tea;Morning Sunrise Chai Rg;Lower Manhattan
41.25;11;11;202301;Jan;Wed;Morning;High;Bakery;Pastry;Chocolate Croissant;Lower Manhattan
22.50;6;4;202301;Jan;Wed;Morning;Med;Coffee;Barista Espresso;Cappuccino;Hell's Kitchen
66.00;22;13;202301;Jan;Wed;Morning;very high;Tea;Brewed Green tea;Serenity Green Tea Lg;Hell's Kitchen
20.00;8;6;202301;Jan;Wed;Morning;Low;Tea;Brewed Chai tea;Traditional Blend Chai Rg;Hell's Kitchen
46.75;11;7;202301;Jan;Wed;Morning;High;Coffee;Barista Espresso;Latte Rg;Lower Manhattan
16.00;8;6;202301;Jan;Wed;Morning;Low;Coffee;Drip coffee;Our Old Time Diner Blend Sm;Hell's Kitchen
31.00;10;6;202301;Jan;Wed;Morning;Med;Coffee;Premium brewed coffee;Jamaican Coffee River Rg;Hell's Kitchen
20.00;8;5;202301;Jan;Wed;Morning;Low;Tea;Brewed herbal tea;Peppermint Rg;Lower Manhattan
37.50;15;9;202301;Jan;Wed;Morning;Med;Tea;Brewed herbal tea;Lemon Grass Rg;Hell's Kitchen
10.50;3;3;202301;Jan;Wed;Morning;Low;Bakery;Biscotti;Chocolate Chip Biscotti;Lower Manhattan
24.00;8;5;202301;Jan;Wed;Morning;Med;Tea;Brewed Black tea;Earl Grey Lg;Hell's Kitchen
26.25;7;4;202301;Jan;Wed;Morning;Med;Coffee;Premium brewed coffee;Jamaican Coffee River Lg;Lower Manhattan
22.50;9;6;202301;Jan;Wed;Morning;Med;Tea;Brewed Chai tea;Traditional Blend Chai Rg;Lower Manhattan
12.00;4;3;202301;Jan;Wed;Morning;Low;Coffee;Organic brewed coffee;Brazilian Rg;Lower Manhattan
43.40;14;7;202301;Jan;Wed;Morning;High;Coffee;Premium brewed coffee;Jamaican Coffee River Rg;Lower Manhattan
9.75;3;3;202301;Jan;Wed;Morning;Low;Bakery;Biscotti;Hazelnut Biscotti;Lower Manhattan
44.00;11;7;202301;Jan;Wed;Morning;High;Tea;Brewed Chai tea;Morning Sunrise Chai Lg;Hell's Kitchen
51.60;19;14;202301;Jan;Wed;Morning;High;Coffee;Barista Espresso;Ouro Brasileiro shot;Hell's Kitchen
37.20;12;8;202301;Jan;Wed;Morning;Med;Tea;Brewed Chai tea;Spicy Eye Opener Chai Lg;Hell's Kitchen
21.00;7;4;202301;Jan;Wed;Morning;Med;Coffee;Drip coffee;Our Old Time Diner Blend Lg;Lower Manhattan
20.40;8;4;202301;Jan;Wed;Morning;very high;Tea;Brewed Chai tea;Spicy Eye Opener Chai Rg;Lower Manhattan
45.00;18;9;202301;Jan;Wed;Morning;High;Tea;Brewed Green tea;Serenity Green Tea Rg;Lower Manhattan
50.60;23;16;202301;Jan;Wed;Morning;High;Coffee;Gourmet brewed coffee;Ethiopia Sm;Astoria
40.50;9;7;202301;Jan;Wed;Morning;very high;Drinking Chocolate;Hot chocolate;Dark chocolate Lg;Lower Manhattan
30.00;12;8;202301;Jan;Wed;Morning;Med;Tea;Brewed Black tea;Earl Grey Rg;Hell's Kitchen
59.50;14;8;202301;Jan;Wed;Morning;High;Coffee;Barista Espresso;Latte Rg;Astoria
14.00;4;4;202301;Jan;Wed;Morning;Low;Bakery;Biscotti;Ginger Biscotti;Hell's Kitchen
49.50;11;8;202301;Jan;Wed;Morning;High;Drinking Chocolate;Hot chocolate;Dark chocolate Lg;Hell's Kitchen
15.00;6;5;202301;Jan;Wed;Morning;Low;Tea;Brewed Green tea;Serenity Green Tea Rg;Astoria
41.25;11;8;202301;Jan;Mon;Afternoon;High;Coffee;Barista Espresso;Latte;Astoria
30.00;12;6;202301;Jan;Mon;Afternoon;Med;Tea;Brewed Chai tea;Morning Sunrise Chai Rg;Astoria
18.00;4;4;202301;Jan;Mon;Evening;Low;Bakery;Scone;Scottish Cream Scone ;Astoria
2.50;1;1;202301;Jan;Mon;Evening;Low;Tea;Brewed Chai tea;Morning Sunrise Chai Rg;Lower Manhattan
27.00;9;6;202301;Jan;Mon;Evening;Med;Tea;Brewed Black tea;English Breakfast Lg;Astoria
24.00;6;4;202301;Jan;Mon;Evening;Med;Tea;Brewed Chai tea;Morning Sunrise Chai Lg;Hell's Kitchen
6.00;2;2;202301;Jan;Mon;Evening;Low;Tea;Brewed herbal tea;Lemon Grass Lg;Hell's Kitchen
12.00;4;3;202301;Jan;Mon;Evening;Low;Coffee;Gourmet brewed coffee;Ethiopia Rg;Hell's Kitchen
4.75;1;1;202301;Jan;Mon;Evening;Low;Drinking Chocolate;Hot chocolate;Sustainably Grown Organic Lg;Lower Manhattan
18.60;6;3;202301;Jan;Mon;Evening;Low;Coffee;Premium brewed coffee;Jamaican Coffee River Rg;Astoria
33.25;7;4;202301;Jan;Mon;Evening;Med;Drinking Chocolate;Hot chocolate;Sustainably Grown Organic Lg;Hell's Kitchen
81.00;18;11;202301;Jan;Tue;Morning;very high;Drinking Chocolate;Hot chocolate;Dark chocolate Lg;Lower Manhattan
59.50;14;10;202301;Jan;Tue;Morning;High;Coffee;Barista Espresso;Cappuccino Lg;Hell's Kitchen
25.00;10;8;202301;Jan;Tue;Morning;Med;Tea;Brewed Chai tea;Traditional Blend Chai Rg;Hell's Kitchen
42.00;14;9;202301;Jan;Tue;Morning;High;Tea;Brewed Black tea;Earl Grey Lg;Lower Manhattan
42.00;12;9;202301;Jan;Tue;Morning;High;Coffee;Organic brewed coffee;Brazilian Lg;Lower Manhattan
32.50;13;8;202301;Jan;Tue;Morning;Med;Tea;Brewed Black tea;English Breakfast Rg;Hell's Kitchen
41.05;13;12;202301;Jan;Tue;Morning;High;Bakery;Scone;Ginger Scone;Hell's Kitchen
19.50;6;6;202301;Jan;Tue;Morning;Low;Bakery;Scone;Cranberry Scone;Lower Manhattan
30.00;10;7;202301;Jan;Tue;Morning;Med;Coffee;Barista Espresso;Espresso shot;Lower Manhattan
20.00;10;6;202301;Jan;Tue;Morning;Low;Coffee;Drip coffee;Our Old Time Diner Blend Sm;Lower Manhattan
47.50;19;12;202301;Jan;Tue;Morning;High;Tea;Brewed herbal tea;Lemon Grass Rg;Hell's Kitchen
42.50;17;13;202301;Jan;Tue;Morning;High;Tea;Brewed Chai tea;Morning Sunrise Chai Rg;Hell's Kitchen
45.00;12;9;202301;Jan;Tue;Morning;High;Coffee;Barista Espresso;Cappuccino;Hell's Kitchen
123.25;29;16;202301;Jan;Tue;Morning;very high;Coffee;Barista Espresso;Latte Rg;Lower Manhattan
36.00;12;9;202301;Jan;Tue;Morning;Med;Tea;Brewed Green tea;Serenity Green Tea Lg;Astoria
20.00;10;7;202301;Jan;Tue;Morning;Low;Coffee;Gourmet brewed coffee;Columbian Medium Roast Sm;Lower Manhattan
41.25;11;11;202301;Jan;Tue;Morning;High;Bakery;Pastry;Chocolate Croissant;Lower Manhattan
48.00;12;10;202301;Jan;Tue;Afternoon;High;Tea;Brewed Chai tea;Morning Sunrise Chai Lg;Astoria
63.00;18;11;202301;Jan;Tue;Afternoon;very high;Coffee;Organic brewed coffee;Brazilian Lg;Astoria
24.80;8;5;202301;Jan;Tue;Afternoon;Med;Coffee;Premium brewed coffee;Jamaican Coffee River Rg;Hell's Kitchen
18.00;6;5;202301;Jan;Tue;Afternoon;Low;Tea;Brewed Black tea;Earl Grey Lg;Lower Manhattan
23.75;5;3;202301;Jan;Tue;Afternoon;Med;Drinking Chocolate;Hot chocolate;Sustainably Grown Organic Lg;Hell's Kitchen
7.50;2;2;202301;Jan;Tue;Afternoon;Low;Drinking Chocolate;Hot chocolate;Sustainably Grown Organic Rg;Hell's Kitchen
18.00;6;4;202301;Jan;Tue;Afternoon;Low;Tea;Brewed herbal tea;Peppermint Lg;Hell's Kitchen
25.00;10;6;202301;Jan;Tue;Afternoon;Med;Tea;Brewed Black tea;Earl Grey Rg;Hell's Kitchen
21.00;6;4;202301;Jan;Tue;Afternoon;Med;Coffee;Gourmet brewed coffee;Ethiopia Lg;Lower Manhattan
24.50;7;7;202301;Jan;Tue;Afternoon;Med;Bakery;Biscotti;Chocolate Chip Biscotti;Lower Manhattan
24.00;8;4;202301;Jan;Tue;Afternoon;Med;Tea;Brewed Black tea;English Breakfast Lg;Hell's Kitchen
7.50;3;2;202301;Jan;Tue;Afternoon;Low;Tea;Brewed herbal tea;Lemon Grass Rg;Lower Manhattan
10.00;5;4;202301;Jan;Tue;Afternoon;Low;Coffee;Drip coffee;Our Old Time Diner Blend Sm;Hell's Kitchen
26.25;7;6;202301;Jan;Tue;Afternoon;Med;Coffee;Barista Espresso;Latte;Astoria
21.00;7;4;202301;Jan;Tue;Afternoon;Med;Tea;Brewed herbal tea;Lemon Grass Lg;Lower Manhattan
10.00;4;3;202301;Jan;Tue;Afternoon;Low;Coffee;Gourmet brewed coffee;Columbian Medium Roast Rg;Hell's Kitchen
7.50;2;2;202301;Jan;Tue;Afternoon;Low;Bakery;Pastry;Almond Croissant;Hell's Kitchen
21.70;7;4;202301;Jan;Tue;Afternoon;Med;Tea;Brewed Chai tea;Spicy Eye Opener Chai Lg;Hell's Kitchen
12.00;4;3;202301;Jan;Tue;Afternoon;Low;Tea;Brewed herbal tea;Peppermint Lg;Astoria
20.40;8;6;202301;Jan;Tue;Afternoon;very high;Tea;Brewed Chai tea;Spicy Eye Opener Chai Rg;Astoria
21.25;5;4;202301;Jan;Tue;Afternoon;Med;Coffee;Barista Espresso;Latte Rg;Hell's Kitchen
19.15;7;4;202301;Jan;Tue;Afternoon;Low;Bakery;Scone;Ginger Scone;Lower Manhattan
3.75;1;1;202301;Jan;Tue;Afternoon;Low;Bakery;Pastry;Chocolate Croissant;Lower Manhattan
17.60;8;5;202301;Jan;Tue;Afternoon;Low;Coffee;Gourmet brewed coffee;Ethiopia Sm;Lower Manhattan
7.00;2;2;202301;Jan;Tue;Afternoon;Low;Coffee;Organic brewed coffee;Brazilian Lg;Hell's Kitchen
25.00;10;6;202301;Jan;Tue;Afternoon;Med;Tea;Brewed herbal tea;Peppermint Rg;Astoria
10.00;4;4;202301;Jan;Tue;Afternoon;Low;Tea;Brewed herbal tea;Lemon Grass Rg;Astoria
27.90;9;6;202301;Jan;Tue;Afternoon;Med;Tea;Brewed Chai tea;Spicy Eye Opener Chai Lg;Lower Manhattan
3.00;1;1;202301;Jan;Tue;Afternoon;Low;Tea;Brewed Black tea;English Breakfast Lg;Lower Manhattan
12.00;4;2;202301;Jan;Tue;Afternoon;Low;Coffee;Barista Espresso;Espresso shot;Lower Manhattan
15.00;6;4;202301;Jan;Tue;Afternoon;Low;Coffee;Gourmet brewed coffee;Columbian Medium Roast Rg;Astoria
41.25;11;7;202301;Jan;Tue;Afternoon;High;Drinking Chocolate;Hot chocolate;Sustainably Grown Organic Rg;Astoria
18.00;6;4;202301;Jan;Tue;Afternoon;Low;Tea;Brewed herbal tea;Lemon Grass Lg;Hell's Kitchen
26.95;11;6;202301;Jan;Tue;Afternoon;Med;Coffee;Premium brewed coffee;Jamaican Coffee River Sm;Hell's Kitchen
17.50;5;5;202301;Jan;Tue;Evening;Low;Bakery;Biscotti;Chocolate Chip Biscotti;Astoria
3.50;1;1;202301;Jan;Tue;Evening;Low;Bakery;Biscotti;Chocolate Chip Biscotti;Hell's Kitchen
18.00;6;5;202301;Jan;Tue;Evening;Low;Coffee;Barista Espresso;Espresso shot;Astoria
21.25;5;3;202301;Jan;Tue;Evening;Med;Coffee;Barista Espresso;Latte Rg;Lower Manhattan
7.50;2;2;202301;Jan;Tue;Evening;Low;Bakery;Pastry;Chocolate Croissant;Hell's Kitchen
21.00;7;4;202301;Jan;Tue;Evening;Med;Tea;Brewed Black tea;Earl Grey Lg;Astoria
3.00;1;1;202301;Jan;Tue;Evening;Low;Coffee;Gourmet brewed coffee;Columbian Medium Roast Lg;Lower Manhattan
7.00;2;2;202301;Jan;Tue;Evening;Low;Bakery;Pastry;Croissant;Lower Manhattan
10.00;4;4;202301;Jan;Tue;Evening;Low;Tea;Brewed Green tea;Serenity Green Tea Rg;Lower Manhattan
6.20;2;1;202301;Jan;Tue;Evening;Low;Tea;Brewed Chai tea;Spicy Eye Opener Chai Lg;Lower Manhattan
8.80;4;4;202301;Jan;Tue;Evening;Low;Coffee;Organic brewed coffee;Brazilian Sm;Lower Manhattan
13.20;6;5;202301;Jan;Tue;Evening;Low;Coffee;Gourmet brewed coffee;Ethiopia Sm;Astoria
17.50;5;4;202301;Jan;Tue;Evening;Low;Drinking Chocolate;Hot chocolate;Dark chocolate Rg;Lower Manhattan
14.00;4;2;202301;Jan;Tue;Evening;Low;Drinking Chocolate;Hot chocolate;Dark chocolate Rg;Hell's Kitchen
12.40;4;3;202301;Jan;Tue;Evening;Low;Tea;Brewed Chai tea;Spicy Eye Opener Chai Lg;Hell's Kitchen
3.25;1;1;202301;Jan;Tue;Evening;Low;Bakery;Biscotti;Hazelnut Biscotti;Astoria
18.75;5;5;202301;Jan;Tue;Evening;Low;Coffee;Barista Espresso;Latte;Astoria
24.00;8;6;202301;Jan;Tue;Evening;Med;Tea;Brewed Black tea;Earl Grey Lg;Lower Manhattan
18.75;5;3;202301;Jan;Tue;Evening;Low;Coffee;Barista Espresso;Cappuccino;Hell's Kitchen
18.00;9;5;202301;Jan;Wed;Morning;Low;Coffee;Gourmet brewed coffee;Columbian Medium Roast Sm;Hell's Kitchen
7.00;2;2;202301;Jan;Mon;Evening;Low;Bakery;Biscotti;Ginger Biscotti;Lower Manhattan
30.00;12;8;202301;Jan;Tue;Afternoon;Med;Tea;Brewed herbal tea;Peppermint Rg;Hell's Kitchen
34.00;8;4;202301;Jan;Tue;Afternoon;Med;Coffee;Barista Espresso;Cappuccino Lg;Lower Manhattan
35.00;10;7;202301;Jan;Tue;Evening;Med;Drinking Chocolate;Hot chocolate;Dark chocolate Rg;Astoria
63.75;15;9;202301;Jan;Tue;Evening;very high;Coffee;Barista Espresso;Latte Rg;Astoria
26.25;7;4;202301;Jan;Tue;Evening;Med;Coffee;Barista Espresso;Latte;Hell's Kitchen
3.50;1;1;202301;Jan;Tue;Evening;Low;Bakery;Biscotti;Ginger Biscotti;Lower Manhattan
6.60;3;2;202301;Jan;Tue;Evening;Low;Coffee;Gourmet brewed coffee;Ethiopia Sm;Hell's Kitchen
18.00;6;4;202301;Jan;Tue;Evening;Low;Tea;Brewed Black tea;Earl Grey Lg;Hell's Kitchen
18.00;4;4;202301;Jan;Tue;Evening;Low;Bakery;Scone;Scottish Cream Scone ;Astoria
15.00;4;4;202301;Jan;Tue;Evening;Low;Bakery;Pastry;Chocolate Croissant;Astoria
7.50;3;3;202301;Jan;Tue;Evening;Low;Tea;Brewed Green tea;Serenity Green Tea Rg;Astoria
14.00;7;6;202301;Jan;Wed;Morning;Low;Coffee;Drip coffee;Our Old Time Diner Blend Sm;Lower Manhattan
28.00;8;6;202301;Jan;Wed;Morning;Med;Drinking Chocolate;Hot chocolate;Dark chocolate Rg;Lower Manhattan
24.80;8;8;202301;Jan;Wed;Morning;Med;Bakery;Scone;Ginger Scone;Lower Manhattan
30.00;12;6;202301;Jan;Wed;Morning;Med;Coffee;Drip coffee;Our Old Time Diner Blend Rg;Lower Manhattan
37.40;17;10;202301;Jan;Wed;Morning;Med;Coffee;Organic brewed coffee;Brazilian Sm;Hell's Kitchen
18.75;5;5;202301;Jan;Wed;Morning;Low;Bakery;Scone;Jumbo Savory Scone;Hell's Kitchen
21.00;7;5;202301;Jan;Wed;Morning;Med;Coffee;Gourmet brewed coffee;Ethiopia Rg;Hell's Kitchen
52.50;15;9;202301;Jan;Wed;Morning;High;Coffee;Organic brewed coffee;Brazilian Lg;Lower Manhattan
45.50;13;8;202301;Jan;Wed;Morning;High;Coffee;Organic brewed coffee;Brazilian Lg;Hell's Kitchen
18.00;9;5;202301;Jan;Wed;Morning;Low;Coffee;Gourmet brewed coffee;Columbian Medium Roast Sm;Lower Manhattan
35.00;14;10;202301;Jan;Wed;Morning;Med;Tea;Brewed herbal tea;Peppermint Rg;Hell's Kitchen
30.00;10;8;202301;Jan;Wed;Morning;Med;Coffee;Organic brewed coffee;Brazilian Rg;Hell's Kitchen
42.50;10;7;202301;Jan;Wed;Morning;High;Coffee;Barista Espresso;Latte Rg;Hell's Kitchen
12.00;4;3;202301;Jan;Wed;Morning;Low;Tea;Brewed herbal tea;Lemon Grass Lg;Lower Manhattan
28.60;13;10;202301;Jan;Wed;Morning;Med;Coffee;Gourmet brewed coffee;Ethiopia Sm;Hell's Kitchen
21.00;7;5;202301;Jan;Wed;Morning;Med;Tea;Brewed Green tea;Serenity Green Tea Lg;Lower Manhattan
39.20;16;10;202301;Jan;Wed;Morning;Med;Coffee;Premium brewed coffee;Jamaican Coffee River Sm;Hell's Kitchen
30.00;10;6;202301;Jan;Wed;Morning;Med;Tea;Brewed Black tea;Earl Grey Lg;Lower Manhattan
28.00;8;5;202301;Jan;Wed;Morning;Med;Coffee;Gourmet brewed coffee;Ethiopia Lg;Hell's Kitchen
28.00;8;7;202301;Jan;Wed;Morning;Med;Drinking Chocolate;Hot chocolate;Dark chocolate Rg;Astoria
33.75;9;9;202301;Jan;Wed;Morning;Med;Bakery;Pastry;Chocolate Croissant;Astoria
37.50;10;8;202301;Jan;Wed;Morning;Med;Drinking Chocolate;Hot chocolate;Sustainably Grown Organic Rg;Astoria
12.00;4;2;202301;Jan;Wed;Morning;Low;Coffee;Drip coffee;Our Old Time Diner Blend Lg;Hell's Kitchen
42.75;9;6;202301;Jan;Tue;Evening;High;Drinking Chocolate;Hot chocolate;Sustainably Grown Organic Lg;Hell's Kitchen
24.00;6;4;202301;Jan;Tue;Evening;Med;Tea;Brewed Chai tea;Morning Sunrise Chai Lg;Astoria
13.00;4;4;202301;Jan;Tue;Evening;Low;Bakery;Scone;Ginger Scone;Astoria
38.00;8;6;202301;Jan;Wed;Morning;Med;Drinking Chocolate;Hot chocolate;Sustainably Grown Organic Lg;Lower Manhattan
22.00;10;8;202301;Jan;Wed;Morning;Med;Coffee;Organic brewed coffee;Brazilian Sm;Lower Manhattan
15.00;6;6;202301;Jan;Wed;Morning;Low;Tea;Brewed Black tea;English Breakfast Rg;Hell's Kitchen
21.00;7;5;202301;Jan;Wed;Morning;Med;Tea;Brewed herbal tea;Peppermint Lg;Hell's Kitchen
24.00;6;4;202301;Jan;Wed;Morning;Med;Tea;Brewed Chai tea;Morning Sunrise Chai Lg;Lower Manhattan
40.00;16;11;202301;Jan;Wed;Morning;Med;Tea;Brewed herbal tea;Peppermint Rg;Astoria
20.00;8;6;202301;Jan;Wed;Morning;Low;Coffee;Drip coffee;Our Old Time Diner Blend Rg;Hell's Kitchen
30.60;12;10;202301;Jan;Wed;Morning;Med;Tea;Brewed Chai tea;Spicy Eye Opener Chai Rg;Astoria
25.50;10;6;202301;Jan;Wed;Morning;Med;Tea;Brewed Chai tea;Spicy Eye Opener Chai Rg;Hell's Kitchen
27.50;11;7;202301;Jan;Wed;Morning;Med;Coffee;Drip coffee;Our Old Time Diner Blend Rg;Astoria
30.00;10;9;202301;Jan;Wed;Morning;Med;Coffee;Gourmet brewed coffee;Columbian Medium Roast Lg;Astoria
44.00;11;7;202301;Jan;Wed;Morning;High;Tea;Brewed Chai tea;Morning Sunrise Chai Lg;Astoria
27.00;9;6;202301;Jan;Wed;Morning;Med;Coffee;Drip coffee;Our Old Time Diner Blend Lg;Astoria
42.00;14;8;202301;Jan;Wed;Morning;High;Coffee;Organic brewed coffee;Brazilian Rg;Astoria
78.75;21;15;202301;Jan;Wed;Morning;very high;Coffee;Barista Espresso;Latte;Hell's Kitchen
39.00;13;7;202301;Jan;Wed;Morning;Med;Tea;Brewed Black tea;English Breakfast Lg;Hell's Kitchen
18.75;5;3;202301;Jan;Wed;Night;Low;Coffee;Barista Espresso;Cappuccino;Hell's Kitchen
10.50;3;3;202301;Jan;Wed;Night;Low;Bakery;Biscotti;Ginger Biscotti;Hell's Kitchen
15.00;6;4;202301;Jan;Wed;Night;Low;Coffee;Gourmet brewed coffee;Columbian Medium Roast Rg;Lower Manhattan
21.30;8;4;202301;Jan;Wed;Afternoon;Med;Coffee;Barista Espresso;Ouro Brasileiro shot;Lower Manhattan
15.00;5;5;202301;Jan;Wed;Afternoon;Low;Bakery;Scone;Oatmeal Scone;Lower Manhattan
26.95;11;7;202301;Jan;Wed;Afternoon;Med;Coffee;Premium brewed coffee;Jamaican Coffee River Sm;Astoria
28.00;7;4;202301;Jan;Wed;Afternoon;Med;Tea;Brewed Chai tea;Morning Sunrise Chai Lg;Astoria
51.00;17;11;202301;Jan;Wed;Afternoon;High;Tea;Brewed herbal tea;Peppermint Lg;Lower Manhattan
35.00;14;10;202301;Jan;Wed;Afternoon;Med;Tea;Brewed Green tea;Serenity Green Tea Rg;Hell's Kitchen
6.00;3;3;202301;Jan;Wed;Afternoon;Low;Coffee;Gourmet brewed coffee;Columbian Medium Roast Sm;Lower Manhattan
22.20;8;4;202301;Jan;Wed;Afternoon;Med;Coffee;Barista Espresso;Ouro Brasileiro shot;Hell's Kitchen
36.00;12;7;202301;Jan;Wed;Afternoon;Med;Coffee;Gourmet brewed coffee;Columbian Medium Roast Lg;Astoria
21.70;7;4;202301;Jan;Wed;Afternoon;Med;Coffee;Premium brewed coffee;Jamaican Coffee River Rg;Astoria
12.00;4;3;202301;Jan;Wed;Afternoon;Low;Coffee;Barista Espresso;Espresso shot;Astoria
14.00;4;4;202301;Jan;Wed;Afternoon;Low;Bakery;Biscotti;Chocolate Chip Biscotti;Astoria
27.00;9;6;202301;Jan;Wed;Afternoon;Med;Coffee;Organic brewed coffee;Brazilian Rg;Hell's Kitchen
35.00;10;7;202301;Jan;Wed;Afternoon;Med;Coffee;Organic brewed coffee;Brazilian Lg;Lower Manhattan
18.75;5;5;202301;Jan;Wed;Afternoon;Low;Bakery;Pastry;Chocolate Croissant;Lower Manhattan
30.00;8;5;202301;Jan;Wed;Afternoon;Med;Coffee;Premium brewed coffee;Jamaican Coffee River Lg;Astoria
18.75;5;3;202301;Jan;Wed;Afternoon;Low;Coffee;Barista Espresso;Cappuccino;Hell's Kitchen
20.00;8;4;202301;Jan;Wed;Afternoon;Low;Tea;Brewed Black tea;Earl Grey Rg;Lower Manhattan
24.50;7;6;202301;Jan;Wed;Afternoon;Med;Drinking Chocolate;Hot chocolate;Dark chocolate Rg;Astoria
15.00;6;4;202301;Jan;Wed;Afternoon;Low;Tea;Brewed Chai tea;Traditional Blend Chai Rg;Lower Manhattan
21.00;7;5;202301;Jan;Wed;Afternoon;Med;Coffee;Drip coffee;Our Old Time Diner Blend Lg;Astoria
20.00;8;5;202301;Jan;Wed;Afternoon;Low;Tea;Brewed Green tea;Serenity Green Tea Rg;Astoria
11.00;5;5;202301;Jan;Wed;Afternoon;Low;Coffee;Gourmet brewed coffee;Ethiopia Sm;Astoria
45.00;10;6;202301;Jan;Wed;Afternoon;High;Drinking Chocolate;Hot chocolate;Dark chocolate Lg;Astoria
15.00;4;4;202301;Jan;Wed;Afternoon;Low;Bakery;Pastry;Chocolate Croissant;Astoria
2.50;1;1;202301;Jan;Wed;Afternoon;Low;Tea;Brewed Black tea;English Breakfast Rg;Hell's Kitchen
22.50;6;3;202301;Jan;Wed;Afternoon;Med;Coffee;Barista Espresso;Cappuccino;Lower Manhattan
18.75;5;4;202301;Jan;Wed;Afternoon;Low;Coffee;Barista Espresso;Latte;Astoria
6.00;2;1;202301;Jan;Wed;Afternoon;Low;Coffee;Organic brewed coffee;Brazilian Rg;Astoria
15.00;6;4;202301;Jan;Wed;Afternoon;Low;Tea;Brewed Chai tea;Traditional Blend Chai Rg;Astoria
13.00;4;4;202301;Jan;Wed;Afternoon;Low;Bakery;Biscotti;Hazelnut Biscotti;Astoria
20.00;8;5;202301;Jan;Wed;Afternoon;Low;Coffee;Drip coffee;Our Old Time Diner Blend Rg;Astoria
30.00;10;5;202301;Jan;Wed;Afternoon;Med;Coffee;Barista Espresso;Espresso shot;Hell's Kitchen
17.50;7;4;202301;Jan;Wed;Afternoon;Low;Tea;Brewed herbal tea;Peppermint Rg;Hell's Kitchen
18.75;5;4;202301;Jan;Wed;Afternoon;Low;Drinking Chocolate;Hot chocolate;Sustainably Grown Organic Rg;Hell's Kitchen
12.00;6;4;202301;Jan;Wed;Afternoon;Low;Coffee;Gourmet brewed coffee;Columbian Medium Roast Sm;Astoria
22.50;9;6;202301;Jan;Wed;Afternoon;Med;Coffee;Gourmet brewed coffee;Columbian Medium Roast Rg;Hell's Kitchen
18.00;6;4;202301;Jan;Wed;Afternoon;Low;Coffee;Gourmet brewed coffee;Columbian Medium Roast Lg;Lower Manhattan
9.00;3;2;202301;Jan;Wed;Afternoon;Low;Coffee;Gourmet brewed coffee;Ethiopia Rg;Hell's Kitchen
3.00;1;1;202301;Jan;Wed;Afternoon;Low;Coffee;Drip coffee;Our Old Time Diner Blend Lg;Hell's Kitchen
30.00;12;8;202301;Jan;Wed;Afternoon;Med;Coffee;Gourmet brewed coffee;Columbian Medium Roast Rg;Astoria
6.00;2;2;202301;Jan;Wed;Afternoon;Low;Tea;Brewed Green tea;Serenity Green Tea Lg;Hell's Kitchen
3.25;1;1;202301;Jan;Wed;Afternoon;Low;Bakery;Scone;Cranberry Scone;Hell's Kitchen
4.50;1;1;202301;Jan;Wed;Afternoon;Low;Bakery;Scone;Scottish Cream Scone ;Hell's Kitchen
17.00;4;3;202301;Jan;Wed;Afternoon;Low;Coffee;Barista Espresso;Latte Rg;Astoria
6.00;2;2;202301;Jan;Wed;Afternoon;Low;Tea;Brewed Chai tea;Traditional Blend Chai Lg;Lower Manhattan
9.00;2;2;202301;Jan;Wed;Afternoon;Low;Drinking Chocolate;Hot chocolate;Dark chocolate Lg;Hell's Kitchen
8.80;4;3;202301;Jan;Wed;Afternoon;Low;Coffee;Organic brewed coffee;Brazilian Sm;Hell's Kitchen
30.00;8;5;202301;Jan;Wed;Afternoon;Med;Coffee;Barista Espresso;Latte;Hell's Kitchen
22.50;6;4;202301;Jan;Wed;Afternoon;Med;Drinking Chocolate;Hot chocolate;Sustainably Grown Organic Rg;Astoria
24.00;8;5;202301;Jan;Wed;Afternoon;Med;Tea;Brewed herbal tea;Peppermint Lg;Astoria
15.00;6;4;202301;Jan;Wed;Afternoon;Low;Coffee;Drip coffee;Our Old Time Diner Blend Rg;Lower Manhattan
7.50;3;3;202301;Jan;Wed;Afternoon;Low;Tea;Brewed Black tea;Earl Grey Rg;Astoria
22.50;9;7;202301;Jan;Wed;Afternoon;Med;Tea;Brewed Black tea;English Breakfast Rg;Astoria
27.90;9;5;202301;Jan;Wed;Afternoon;Med;Tea;Brewed Chai tea;Spicy Eye Opener Chai Lg;Lower Manhattan
11.25;3;3;202301;Jan;Wed;Afternoon;Low;Bakery;Pastry;Almond Croissant;Lower Manhattan
20.00;8;5;202301;Jan;Wed;Afternoon;Low;Tea;Brewed Chai tea;Morning Sunrise Chai Rg;Astoria
9.80;4;3;202301;Jan;Wed;Afternoon;Low;Coffee;Premium brewed coffee;Jamaican Coffee River Sm;Hell's Kitchen
24.80;8;5;202301;Jan;Wed;Afternoon;Med;Tea;Brewed Chai tea;Spicy Eye Opener Chai Lg;Astoria
21.70;7;4;202301;Jan;Wed;Afternoon;Med;Coffee;Premium brewed coffee;Jamaican Coffee River Rg;Hell's Kitchen
12.75;5;3;202301;Jan;Wed;Afternoon;Low;Tea;Brewed Chai tea;Spicy Eye Opener Chai Rg;Hell's Kitchen
18.00;6;4;202301;Jan;Wed;Afternoon;Low;Tea;Brewed herbal tea;Peppermint Lg;Hell's Kitchen
15.00;6;4;202301;Jan;Wed;Afternoon;Low;Tea;Brewed herbal tea;Lemon Grass Rg;Hell's Kitchen
3.50;1;1;202301;Jan;Wed;Afternoon;Low;Bakery;Biscotti;Chocolate Chip Biscotti;Hell's Kitchen
22.00;10;5;202301;Jan;Wed;Afternoon;Med;Coffee;Gourmet brewed coffee;Ethiopia Sm;Lower Manhattan
45.00;15;9;202301;Jan;Wed;Afternoon;High;Tea;Brewed Chai tea;Traditional Blend Chai Lg;Astoria
22.95;9;5;202301;Jan;Wed;Afternoon;Med;Tea;Brewed Chai tea;Spicy Eye Opener Chai Rg;Astoria
11.25;3;3;202301;Jan;Wed;Afternoon;Low;Bakery;Pastry;Almond Croissant;Astoria
29.40;12;9;202301;Jan;Wed;Afternoon;Med;Coffee;Premium brewed coffee;Jamaican Coffee River Sm;Lower Manhattan
14.00;4;4;202301;Jan;Wed;Afternoon;Low;Bakery;Biscotti;Chocolate Chip Biscotti;Lower Manhattan
21.00;7;4;202301;Jan;Wed;Afternoon;Med;Tea;Brewed herbal tea;Lemon Grass Lg;Astoria
25.00;10;6;202301;Jan;Wed;Afternoon;Med;Tea;Brewed herbal tea;Peppermint Rg;Astoria
17.50;5;5;202301;Jan;Wed;Afternoon;Low;Coffee;Gourmet brewed coffee;Ethiopia Lg;Hell's Kitchen
25.00;10;6;202301;Jan;Wed;Afternoon;Med;Tea;Brewed Chai tea;Morning Sunrise Chai Rg;Lower Manhattan
6.00;3;2;202301;Jan;Wed;Afternoon;Low;Coffee;Drip coffee;Our Old Time Diner Blend Sm;Astoria
25.50;6;4;202301;Jan;Wed;Afternoon;Med;Coffee;Barista Espresso;Cappuccino Lg;Astoria
18.60;6;4;202301;Jan;Wed;Afternoon;Low;Tea;Brewed Chai tea;Spicy Eye Opener Chai Lg;Hell's Kitchen
21.25;5;3;202301;Jan;Wed;Afternoon;Med;Coffee;Barista Espresso;Cappuccino Lg;Lower Manhattan
12.50;5;3;202301;Jan;Wed;Afternoon;Low;Tea;Brewed herbal tea;Lemon Grass Rg;Lower Manhattan
38.50;11;6;202301;Jan;Wed;Afternoon;Med;Coffee;Organic brewed coffee;Brazilian Lg;Astoria
38.25;9;6;202301;Jan;Wed;Afternoon;Med;Coffee;Barista Espresso;Latte Rg;Hell's Kitchen
18.00;6;3;202301;Jan;Wed;Afternoon;Low;Coffee;Barista Espresso;Espresso shot;Lower Manhattan
17.50;7;4;202301;Jan;Wed;Afternoon;Low;Tea;Brewed Black tea;Earl Grey Rg;Hell's Kitchen
27.00;6;5;202301;Jan;Wed;Afternoon;Med;Drinking Chocolate;Hot chocolate;Dark chocolate Lg;Lower Manhattan
15.00;5;3;202301;Jan;Wed;Afternoon;Low;Coffee;Gourmet brewed coffee;Columbian Medium Roast Lg;Hell's Kitchen
11.25;3;2;202301;Jan;Wed;Afternoon;Low;Coffee;Premium brewed coffee;Jamaican Coffee River Lg;Lower Manhattan
14.45;5;3;202301;Jan;Wed;Afternoon;Low;Bakery;Scone;Ginger Scone;Lower Manhattan
3.00;1;1;202301;Jan;Wed;Afternoon;Low;Tea;Brewed Black tea;English Breakfast Lg;Hell's Kitchen
22.50;6;5;202301;Jan;Wed;Afternoon;Med;Drinking Chocolate;Hot chocolate;Sustainably Grown Organic Rg;Lower Manhattan
48.00;16;8;202301;Jan;Wed;Afternoon;High;Tea;Brewed Black tea;English Breakfast Lg;Lower Manhattan
21.00;7;4;202301;Jan;Wed;Afternoon;Med;Tea;Brewed herbal tea;Lemon Grass Lg;Hell's Kitchen
6.00;3;3;202301;Jan;Wed;Afternoon;Low;Coffee;Drip coffee;Our Old Time Diner Blend Sm;Hell's Kitchen
28.00;8;4;202301;Jan;Wed;Afternoon;Med;Coffee;Gourmet brewed coffee;Ethiopia Lg;Lower Manhattan
6.00;2;2;202301;Jan;Wed;Afternoon;Low;Tea;Brewed Green tea;Serenity Green Tea Lg;Astoria
17.50;7;5;202301;Jan;Wed;Afternoon;Low;Tea;Brewed herbal tea;Lemon Grass Rg;Astoria
19.00;4;4;202301;Jan;Wed;Afternoon;Low;Drinking Chocolate;Hot chocolate;Sustainably Grown Organic Lg;Lower Manhattan
3.50;1;1;202301;Jan;Wed;Afternoon;Low;Bakery;Biscotti;Ginger Biscotti;Lower Manhattan
17.60;8;5;202301;Jan;Wed;Afternoon;Low;Coffee;Organic brewed coffee;Brazilian Sm;Astoria
8.50;2;1;202301;Jan;Wed;Afternoon;Low;Coffee;Barista Espresso;Cappuccino Lg;Hell's Kitchen
30.00;8;5;202301;Jan;Wed;Afternoon;Med;Coffee;Premium brewed coffee;Jamaican Coffee River Lg;Hell's Kitchen
19.80;9;6;202301;Jan;Wed;Afternoon;Low;Coffee;Gourmet brewed coffee;Ethiopia Sm;Hell's Kitchen
15.00;5;4;202301;Jan;Wed;Afternoon;Low;Coffee;Drip coffee;Our Old Time Diner Blend Lg;Lower Manhattan
27.00;9;7;202301;Jan;Wed;Afternoon;Med;Tea;Brewed Black tea;Earl Grey Lg;Lower Manhattan
11.00;5;4;202301;Jan;Wed;Afternoon;Low;Coffee;Organic brewed coffee;Brazilian Sm;Lower Manhattan
7.50;2;2;202301;Jan;Wed;Afternoon;Low;Bakery;Pastry;Chocolate Croissant;Hell's Kitchen
16.00;8;5;202301;Jan;Wed;Afternoon;Low;Coffee;Gourmet brewed coffee;Columbian Medium Roast Sm;Hell's Kitchen
32.00;8;4;202301;Jan;Wed;Afternoon;Med;Tea;Brewed Chai tea;Morning Sunrise Chai Lg;Lower Manhattan
15.00;5;3;202301;Jan;Wed;Afternoon;Low;Tea;Brewed Black tea;Earl Grey Lg;Astoria
28.00;14;10;202301;Jan;Wed;Evening;Med;Coffee;Drip coffee;Our Old Time Diner Blend Sm;Astoria
13.00;4;4;202301;Jan;Wed;Evening;Low;Bakery;Scone;Ginger Scone;Astoria
33.25;7;4;202301;Jan;Wed;Evening;Med;Drinking Chocolate;Hot chocolate;Sustainably Grown Organic Lg;Astoria
24.80;8;4;202301;Jan;Wed;Evening;Med;Coffee;Premium brewed coffee;Jamaican Coffee River Rg;Lower Manhattan
21.00;6;3;202301;Jan;Wed;Evening;Med;Coffee;Organic brewed coffee;Brazilian Lg;Hell's Kitchen
14.25;3;2;202301;Jan;Wed;Evening;Low;Drinking Chocolate;Hot chocolate;Sustainably Grown Organic Lg;Lower Manhattan
17.50;7;5;202301;Jan;Wed;Evening;Low;Tea;Brewed Black tea;Earl Grey Rg;Astoria
10.00;4;2;202301;Jan;Wed;Evening;Low;Tea;Brewed herbal tea;Peppermint Rg;Astoria
33.00;11;6;202301;Jan;Wed;Evening;Med;Tea;Brewed Green tea;Serenity Green Tea Lg;Astoria
9.00;3;2;202301;Jan;Wed;Evening;Low;Coffee;Gourmet brewed coffee;Ethiopia Rg;Astoria
39.00;13;9;202301;Jan;Wed;Evening;Med;Tea;Brewed herbal tea;Peppermint Lg;Astoria
19.60;8;5;202301;Jan;Wed;Evening;Low;Coffee;Premium brewed coffee;Jamaican Coffee River Sm;Astoria
17.50;5;4;202301;Jan;Wed;Evening;Low;Drinking Chocolate;Hot chocolate;Dark chocolate Rg;Hell's Kitchen
17.60;8;8;202301;Jan;Wed;Evening;Low;Coffee;Organic brewed coffee;Brazilian Sm;Astoria
17.50;7;4;202301;Jan;Wed;Evening;Low;Tea;Brewed Chai tea;Traditional Blend Chai Rg;Lower Manhattan
15.00;5;4;202301;Jan;Wed;Evening;Low;Tea;Brewed Black tea;Earl Grey Lg;Astoria
30.00;8;8;202301;Jan;Wed;Evening;Med;Bakery;Pastry;Chocolate Croissant;Astoria
5.10;2;1;202301;Jan;Wed;Evening;Low;Tea;Brewed Chai tea;Spicy Eye Opener Chai Rg;Lower Manhattan
4.40;2;1;202301;Jan;Wed;Evening;Low;Coffee;Gourmet brewed coffee;Ethiopia Sm;Lower Manhattan
12.00;6;4;202301;Jan;Wed;Evening;Low;Coffee;Drip coffee;Our Old Time Diner Blend Sm;Lower Manhattan
16.00;8;5;202301;Jan;Wed;Evening;Low;Coffee;Gourmet brewed coffee;Columbian Medium Roast Sm;Lower Manhattan
10.50;3;3;202301;Jan;Wed;Evening;Low;Bakery;Biscotti;Ginger Biscotti;Lower Manhattan
24.00;6;5;202301;Jan;Wed;Evening;Med;Tea;Brewed Chai tea;Morning Sunrise Chai Lg;Astoria
22.00;10;8;202301;Jan;Wed;Evening;Med;Coffee;Gourmet brewed coffee;Ethiopia Sm;Astoria
16.25;5;5;202301;Jan;Wed;Evening;Low;Bakery;Scone;Cranberry Scone;Astoria
37.50;10;7;202301;Jan;Wed;Evening;Med;Coffee;Premium brewed coffee;Jamaican Coffee River Lg;Astoria
37.20;12;6;202301;Jan;Wed;Evening;Med;Tea;Brewed Chai tea;Spicy Eye Opener Chai Lg;Hell's Kitchen
16.00;8;6;202301;Jan;Wed;Evening;Low;Coffee;Gourmet brewed coffee;Columbian Medium Roast Sm;Astoria
9.00;3;2;202301;Jan;Wed;Evening;Low;Tea;Brewed herbal tea;Lemon Grass Lg;Lower Manhattan
21.00;7;4;202301;Jan;Wed;Evening;Med;Coffee;Gourmet brewed coffee;Ethiopia Rg;Hell's Kitchen
10.50;3;3;202301;Jan;Wed;Evening;Low;Bakery;Biscotti;Ginger Biscotti;Hell's Kitchen
25.50;6;4;202301;Jan;Wed;Evening;Med;Coffee;Barista Espresso;Latte Rg;Lower Manhattan
5.00;2;1;202301;Jan;Wed;Evening;Low;Coffee;Gourmet brewed coffee;Columbian Medium Roast Rg;Lower Manhattan
15.00;6;4;202301;Jan;Wed;Evening;Low;Tea;Brewed Green tea;Serenity Green Tea Rg;Astoria
15.30;6;5;202301;Jan;Wed;Evening;Low;Tea;Brewed Chai tea;Spicy Eye Opener Chai Rg;Hell's Kitchen
6.00;2;2;202301;Jan;Wed;Evening;Low;Tea;Brewed herbal tea;Peppermint Lg;Lower Manhattan
20.00;8;6;202301;Jan;Wed;Evening;Low;Tea;Brewed Chai tea;Traditional Blend Chai Rg;Astoria
24.50;10;6;202301;Jan;Wed;Evening;Med;Coffee;Premium brewed coffee;Jamaican Coffee River Sm;Hell's Kitchen
15.00;5;4;202301;Jan;Wed;Evening;Low;Tea;Brewed herbal tea;Peppermint Lg;Hell's Kitchen
18.00;4;3;202301;Jan;Wed;Evening;Low;Drinking Chocolate;Hot chocolate;Dark chocolate Lg;Astoria
30.00;8;4;202301;Jan;Wed;Evening;Med;Coffee;Barista Espresso;Latte;Lower Manhattan
10.20;4;2;202301;Jan;Wed;Evening;Low;Tea;Brewed Chai tea;Spicy Eye Opener Chai Rg;Astoria
30.00;10;7;202301;Jan;Wed;Evening;Med;Tea;Brewed Green tea;Serenity Green Tea Lg;Hell's Kitchen
24.00;8;4;202301;Jan;Wed;Evening;Med;Tea;Brewed Black tea;Earl Grey Lg;Lower Manhattan
37.50;10;5;202301;Jan;Wed;Evening;Med;Coffee;Barista Espresso;Cappuccino;Lower Manhattan
10.00;4;2;202301;Jan;Wed;Evening;Low;Tea;Brewed Green tea;Serenity Green Tea Rg;Hell's Kitchen
10.50;3;2;202301;Jan;Wed;Evening;Low;Coffee;Organic brewed coffee;Brazilian Lg;Lower Manhattan
7.50;2;2;202301;Jan;Wed;Evening;Low;Bakery;Pastry;Almond Croissant;Lower Manhattan
24.00;8;7;202301;Jan;Wed;Evening;Med;Tea;Brewed Black tea;English Breakfast Lg;Astoria
5.00;2;2;202301;Jan;Wed;Evening;Low;Coffee;Drip coffee;Our Old Time Diner Blend Rg;Astoria
33.00;11;6;202301;Jan;Wed;Evening;Med;Coffee;Barista Espresso;Espresso shot;Astoria
12.40;4;3;202301;Jan;Wed;Evening;Low;Coffee;Premium brewed coffee;Jamaican Coffee River Rg;Astoria
4.25;1;1;202301;Jan;Wed;Evening;Low;Coffee;Barista Espresso;Cappuccino Lg;Lower Manhattan
13.20;6;4;202301;Jan;Wed;Evening;Low;Coffee;Organic brewed coffee;Brazilian Sm;Hell's Kitchen
10.50;3;3;202301;Jan;Wed;Evening;Low;Coffee;Organic brewed coffee;Brazilian Lg;Astoria
8.00;4;3;202301;Jan;Wed;Evening;Low;Coffee;Drip coffee;Our Old Time Diner Blend Sm;Hell's Kitchen
9.00;3;2;202301;Jan;Wed;Evening;Low;Coffee;Drip coffee;Our Old Time Diner Blend Lg;Hell's Kitchen
3.75;1;1;202301;Jan;Wed;Evening;Low;Bakery;Pastry;Chocolate Croissant;Lower Manhattan
18.00;6;3;202301;Jan;Wed;Evening;Low;Tea;Brewed Black tea;English Breakfast Lg;Lower Manhattan
6.50;2;2;202301;Jan;Wed;Evening;Low;Bakery;Biscotti;Hazelnut Biscotti;Lower Manhattan
15.00;6;3;202301;Jan;Wed;Evening;Low;Tea;Brewed Black tea;Earl Grey Rg;Hell's Kitchen
18.75;5;4;202301;Jan;Wed;Evening;Low;Drinking Chocolate;Hot chocolate;Sustainably Grown Organic Rg;Astoria
21.00;7;5;202301;Jan;Wed;Evening;Med;Coffee;Organic brewed coffee;Brazilian Rg;Astoria
12.00;4;3;202301;Jan;Wed;Evening;Low;Tea;Brewed Chai tea;Traditional Blend Chai Lg;Hell's Kitchen
11.25;3;2;202301;Jan;Wed;Evening;Low;Coffee;Barista Espresso;Cappuccino;Astoria
7.50;2;2;202301;Jan;Wed;Evening;Low;Bakery;Scone;Jumbo Savory Scone;Astoria
36.00;8;5;202301;Jan;Wed;Evening;Med;Drinking Chocolate;Hot chocolate;Dark chocolate Lg;Hell's Kitchen
21.00;6;4;202301;Jan;Wed;Evening;Med;Coffee;Gourmet brewed coffee;Ethiopia Lg;Astoria
9.00;3;2;202301;Jan;Wed;Evening;Low;Tea;Brewed Chai tea;Traditional Blend Chai Lg;Astoria
10.00;4;2;202301;Jan;Wed;Evening;Low;Tea;Brewed herbal tea;Peppermint Rg;Hell's Kitchen
6.50;2;2;202301;Jan;Wed;Evening;Low;Bakery;Biscotti;Hazelnut Biscotti;Hell's Kitchen
7.50;3;2;202301;Jan;Wed;Evening;Low;Tea;Brewed herbal tea;Lemon Grass Rg;Hell's Kitchen
13.00;4;3;202301;Jan;Wed;Evening;Low;Bakery;Scone;Ginger Scone;Hell's Kitchen
15.00;6;4;202301;Jan;Wed;Evening;Low;Coffee;Gourmet brewed coffee;Columbian Medium Roast Rg;Hell's Kitchen
12.75;3;2;202301;Jan;Wed;Evening;Low;Coffee;Barista Espresso;Cappuccino Lg;Hell's Kitchen
13.20;5;4;202301;Jan;Wed;Evening;Low;Coffee;Barista Espresso;Ouro Brasileiro shot;Hell's Kitchen
9.00;3;2;202301;Jan;Wed;Evening;Low;Tea;Brewed Black tea;Earl Grey Lg;Hell's Kitchen
3.50;1;1;202301;Jan;Wed;Evening;Low;Bakery;Pastry;Croissant;Hell's Kitchen
4.25;1;1;202301;Jan;Wed;Evening;Low;Coffee;Barista Espresso;Latte Rg;Hell's Kitchen
10.50;3;3;202301;Jan;Wed;Evening;Low;Bakery;Biscotti;Chocolate Chip Biscotti;Hell's Kitchen
27.90;9;7;202301;Jan;Wed;Evening;Med;Tea;Brewed Chai tea;Spicy Eye Opener Chai Lg;Astoria
11.25;3;3;202301;Jan;Wed;Afternoon;Low;Bakery;Scone;Jumbo Savory Scone;Astoria
19.00;4;2;202301;Jan;Wed;Afternoon;Low;Drinking Chocolate;Hot chocolate;Sustainably Grown Organic Lg;Hell's Kitchen
3.75;1;1;202301;Jan;Wed;Evening;Low;Coffee;Barista Espresso;Latte;Hell's Kitchen
28.50;6;5;202301;Jan;Wed;Evening;Med;Drinking Chocolate;Hot chocolate;Sustainably Grown Organic Lg;Hell's Kitchen
8.50;2;2;202301;Jan;Wed;Evening;Low;Coffee;Barista Espresso;Latte Rg;Astoria
28.00;8;5;202301;Jan;Wed;Evening;Med;Drinking Chocolate;Hot chocolate;Dark chocolate Rg;Astoria
21.00;7;4;202301;Jan;Wed;Evening;Med;Coffee;Gourmet brewed coffee;Columbian Medium Roast Lg;Astoria
2.50;1;1;202301;Jan;Wed;Evening;Low;Tea;Brewed Chai tea;Morning Sunrise Chai Rg;Astoria
18.00;6;3;202301;Jan;Wed;Evening;Low;Coffee;Gourmet brewed coffee;Columbian Medium Roast Lg;Hell's Kitchen
26.25;7;5;202301;Jan;Wed;Evening;Med;Drinking Chocolate;Hot chocolate;Sustainably Grown Organic Rg;Hell's Kitchen
6.50;2;2;202301;Jan;Wed;Evening;Low;Bakery;Scone;Cranberry Scone;Hell's Kitchen
10.50;3;3;202301;Jan;Wed;Evening;Low;Bakery;Biscotti;Ginger Biscotti;Astoria
57.50;23;15;202301;Jan;Thu;Morning;High;Tea;Brewed Black tea;English Breakfast Rg;Lower Manhattan
32.50;13;9;202301;Jan;Thu;Morning;Med;Tea;Brewed Chai tea;Morning Sunrise Chai Rg;Lower Manhattan
54.00;18;11;202301;Jan;Thu;Morning;High;Tea;Brewed Black tea;English Breakfast Lg;Lower Manhattan
35.10;12;8;202301;Jan;Thu;Morning;Med;Coffee;Barista Espresso;Ouro Brasileiro shot;Lower Manhattan
32.00;8;6;202301;Jan;Thu;Morning;Med;Tea;Brewed Chai tea;Morning Sunrise Chai Lg;Lower Manhattan
63.00;21;13;202301;Jan;Thu;Morning;very high;Tea;Brewed herbal tea;Peppermint Lg;Lower Manhattan
63.75;17;12;202301;Jan;Thu;Morning;very high;Drinking Chocolate;Hot chocolate;Sustainably Grown Organic Rg;Lower Manhattan
42.50;10;8;202301;Jan;Thu;Morning;High;Coffee;Barista Espresso;Cappuccino Lg;Lower Manhattan
21.00;7;6;202301;Jan;Thu;Morning;Med;Tea;Brewed Chai tea;Traditional Blend Chai Lg;Lower Manhattan
24.80;8;4;202301;Jan;Thu;Morning;Med;Coffee;Premium brewed coffee;Jamaican Coffee River Rg;Lower Manhattan
63.00;18;10;202301;Jan;Thu;Morning;very high;Coffee;Gourmet brewed coffee;Ethiopia Lg;Lower Manhattan
35.00;14;8;202301;Jan;Thu;Morning;Med;Coffee;Drip coffee;Our Old Time Diner Blend Rg;Hell's Kitchen
31.85;13;9;202301;Jan;Thu;Morning;Med;Coffee;Premium brewed coffee;Jamaican Coffee River Sm;Hell's Kitchen
45.00;12;8;202301;Jan;Thu;Morning;High;Coffee;Barista Espresso;Latte;Lower Manhattan
26.25;7;7;202301;Jan;Thu;Morning;Med;Bakery;Pastry;Chocolate Croissant;Lower Manhattan
30.00;8;5;202301;Jan;Thu;Morning;Med;Drinking Chocolate;Hot chocolate;Sustainably Grown Organic Rg;Hell's Kitchen
45.00;15;10;202301;Jan;Thu;Morning;High;Coffee;Organic brewed coffee;Brazilian Rg;Lower Manhattan
14.00;4;4;202301;Jan;Thu;Morning;Low;Bakery;Biscotti;Chocolate Chip Biscotti;Lower Manhattan
30.00;12;7;202301;Jan;Thu;Morning;Med;Tea;Brewed herbal tea;Lemon Grass Rg;Lower Manhattan
46.75;11;7;202301;Jan;Thu;Morning;High;Coffee;Barista Espresso;Latte Rg;Hell's Kitchen
22.50;6;6;202301;Jan;Thu;Morning;Med;Bakery;Pastry;Almond Croissant;Lower Manhattan
48.00;16;10;202301;Jan;Thu;Morning;High;Tea;Brewed Black tea;English Breakfast Lg;Hell's Kitchen
24.00;8;5;202301;Jan;Thu;Morning;Med;Tea;Brewed Green tea;Serenity Green Tea Lg;Hell's Kitchen
22.50;9;6;202301;Jan;Thu;Morning;Med;Tea;Brewed Chai tea;Traditional Blend Chai Rg;Hell's Kitchen
27.50;11;7;202301;Jan;Thu;Morning;Med;Tea;Brewed Black tea;Earl Grey Rg;Lower Manhattan
24.00;8;7;202301;Jan;Thu;Morning;Med;Coffee;Drip coffee;Our Old Time Diner Blend Lg;Hell's Kitchen
37.50;15;8;202301;Jan;Thu;Morning;Med;Coffee;Drip coffee;Our Old Time Diner Blend Rg;Lower Manhattan
56.00;16;9;202301;Jan;Thu;Morning;High;Coffee;Organic brewed coffee;Brazilian Lg;Lower Manhattan
18.00;9;6;202301;Jan;Thu;Morning;Low;Coffee;Drip coffee;Our Old Time Diner Blend Sm;Hell's Kitchen
33.75;9;9;202301;Jan;Thu;Morning;Med;Bakery;Pastry;Almond Croissant;Hell's Kitchen
31.50;9;8;202301;Jan;Thu;Morning;Med;Coffee;Organic brewed coffee;Brazilian Lg;Hell's Kitchen
18.00;9;6;202301;Jan;Thu;Morning;Low;Coffee;Gourmet brewed coffee;Columbian Medium Roast Sm;Lower Manhattan
17.15;7;5;202301;Jan;Thu;Morning;Low;Coffee;Premium brewed coffee;Jamaican Coffee River Sm;Lower Manhattan
54.00;18;14;202301;Jan;Thu;Morning;High;Tea;Brewed herbal tea;Lemon Grass Lg;Hell's Kitchen
90.25;19;10;202301;Jan;Thu;Morning;very high;Drinking Chocolate;Hot chocolate;Sustainably Grown Organic Lg;Lower Manhattan
12.00;4;4;202301;Jan;Thu;Morning;Low;Bakery;Scone;Oatmeal Scone;Lower Manhattan
27.00;9;5;202301;Jan;Thu;Morning;Med;Tea;Brewed Black tea;Earl Grey Lg;Lower Manhattan
41.25;11;6;202301;Jan;Thu;Morning;High;Coffee;Premium brewed coffee;Jamaican Coffee River Lg;Hell's Kitchen
13.00;4;4;202301;Jan;Thu;Morning;Low;Bakery;Biscotti;Hazelnut Biscotti;Lower Manhattan
24.50;7;6;202301;Jan;Thu;Morning;Med;Drinking Chocolate;Hot chocolate;Dark chocolate Rg;Hell's Kitchen
39.60;18;10;202301;Jan;Thu;Morning;Med;Coffee;Gourmet brewed coffee;Ethiopia Sm;Lower Manhattan
38.40;12;12;202301;Jan;Thu;Morning;Med;Bakery;Scone;Ginger Scone;Lower Manhattan
13.20;6;4;202301;Jan;Thu;Morning;Low;Coffee;Gourmet brewed coffee;Ethiopia Sm;Hell's Kitchen
63.75;15;10;202301;Jan;Thu;Morning;very high;Coffee;Barista Espresso;Latte Rg;Lower Manhattan
52.50;14;9;202301;Jan;Thu;Morning;High;Coffee;Barista Espresso;Latte;Hell's Kitchen
22.50;6;6;202301;Jan;Thu;Morning;Med;Bakery;Scone;Jumbo Savory Scone;Lower Manhattan
24.20;11;5;202301;Jan;Thu;Morning;Med;Coffee;Organic brewed coffee;Brazilian Sm;Lower Manhattan
24.80;8;6;202301;Jan;Thu;Morning;Med;Tea;Brewed Chai tea;Spicy Eye Opener Chai Lg;Hell's Kitchen
20.00;8;7;202301;Jan;Thu;Morning;Low;Coffee;Gourmet brewed coffee;Columbian Medium Roast Rg;Hell's Kitchen
27.90;9;5;202301;Jan;Thu;Morning;Med;Tea;Brewed Chai tea;Spicy Eye Opener Chai Lg;Lower Manhattan
17.50;7;5;202301;Jan;Thu;Morning;Low;Tea;Brewed herbal tea;Peppermint Rg;Hell's Kitchen
39.00;13;8;202301;Jan;Thu;Morning;Med;Coffee;Gourmet brewed coffee;Ethiopia Rg;Hell's Kitchen
27.50;11;8;202301;Jan;Thu;Morning;Med;Coffee;Gourmet brewed coffee;Columbian Medium Roast Rg;Lower Manhattan
49.50;11;8;202301;Jan;Thu;Morning;High;Drinking Chocolate;Hot chocolate;Dark chocolate Lg;Hell's Kitchen
16.00;8;5;202301;Jan;Thu;Morning;Low;Coffee;Drip coffee;Our Old Time Diner Blend Sm;Lower Manhattan
21.00;6;6;202301;Jan;Thu;Morning;Med;Bakery;Biscotti;Ginger Biscotti;Lower Manhattan
26.25;7;5;202301;Jan;Thu;Morning;Med;Coffee;Barista Espresso;Cappuccino;Hell's Kitchen
30.00;10;6;202301;Jan;Thu;Morning;Med;Tea;Brewed herbal tea;Peppermint Lg;Hell's Kitchen
20.00;8;5;202301;Jan;Thu;Morning;Low;Tea;Brewed herbal tea;Peppermint Rg;Lower Manhattan
21.70;7;6;202301;Jan;Thu;Morning;Med;Coffee;Premium brewed coffee;Jamaican Coffee River Rg;Hell's Kitchen
45.00;18;9;202301;Jan;Thu;Morning;High;Tea;Brewed Green tea;Serenity Green Tea Rg;Lower Manhattan
22.75;7;7;202301;Jan;Thu;Morning;Med;Bakery;Scone;Cranberry Scone;Hell's Kitchen
78.75;21;13;202301;Jan;Thu;Morning;very high;Coffee;Premium brewed coffee;Jamaican Coffee River Lg;Astoria
45.00;12;12;202301;Jan;Thu;Morning;High;Bakery;Pastry;Chocolate Croissant;Astoria
36.00;12;8;202301;Jan;Thu;Morning;Med;Tea;Brewed Black tea;Earl Grey Lg;Astoria
32.50;13;7;202301;Jan;Thu;Morning;Med;Tea;Brewed Black tea;Earl Grey Rg;Astoria
29.75;7;5;202301;Jan;Thu;Morning;Med;Coffee;Barista Espresso;Cappuccino Lg;Hell's Kitchen
18.00;6;4;202301;Jan;Thu;Morning;Low;Tea;Brewed herbal tea;Peppermint Lg;Astoria
29.25;9;9;202301;Jan;Thu;Morning;Med;Bakery;Scone;Cranberry Scone;Astoria
60.00;15;10;202301;Jan;Thu;Morning;High;Tea;Brewed Chai tea;Morning Sunrise Chai Lg;Hell's Kitchen
48.00;16;11;202301;Jan;Thu;Morning;High;Coffee;Organic brewed coffee;Brazilian Rg;Hell's Kitchen
33.00;11;6;202301;Jan;Thu;Morning;Med;Tea;Brewed herbal tea;Lemon Grass Lg;Lower Manhattan
20.40;8;5;202301;Jan;Thu;Morning;very high;Tea;Brewed Chai tea;Spicy Eye Opener Chai Rg;Lower Manhattan
37.50;10;6;202301;Jan;Thu;Morning;Med;Drinking Chocolate;Hot chocolate;Sustainably Grown Organic Rg;Astoria
27.00;9;6;202301;Jan;Thu;Morning;Med;Coffee;Drip coffee;Our Old Time Diner Blend Lg;Astoria
21.00;6;3;202301;Jan;Thu;Morning;Med;Drinking Chocolate;Hot chocolate;Dark chocolate Rg;Lower Manhattan
52.50;15;10;202301;Jan;Thu;Morning;High;Coffee;Organic brewed coffee;Brazilian Lg;Astoria
31.50;9;7;202301;Jan;Thu;Morning;Med;Drinking Chocolate;Hot chocolate;Dark chocolate Rg;Astoria
33.00;11;7;202301;Jan;Thu;Afternoon;Med;Tea;Brewed herbal tea;Peppermint Lg;Astoria
28.50;6;4;202301;Jan;Thu;Afternoon;Med;Drinking Chocolate;Hot chocolate;Sustainably Grown Organic Lg;Hell's Kitchen
33.00;11;8;202301;Jan;Thu;Afternoon;Med;Coffee;Barista Espresso;Espresso shot;Astoria
15.00;6;5;202301;Jan;Thu;Afternoon;Low;Tea;Brewed Chai tea;Traditional Blend Chai Rg;Astoria
18.00;6;5;202301;Jan;Thu;Afternoon;Low;Tea;Brewed Green tea;Serenity Green Tea Lg;Astoria
25.00;10;6;202301;Jan;Thu;Afternoon;Med;Tea;Brewed Black tea;Earl Grey Rg;Astoria
15.00;6;4;202301;Jan;Thu;Afternoon;Low;Tea;Brewed Black tea;English Breakfast Rg;Astoria
17.50;5;5;202301;Jan;Thu;Afternoon;Low;Bakery;Pastry;Croissant;Astoria
22.50;9;6;202301;Jan;Thu;Afternoon;Med;Tea;Brewed Green tea;Serenity Green Tea Rg;Astoria
30.00;10;6;202301;Jan;Thu;Afternoon;Med;Coffee;Organic brewed coffee;Brazilian Rg;Astoria
27.00;9;5;202301;Jan;Thu;Afternoon;Med;Coffee;Gourmet brewed coffee;Columbian Medium Roast Lg;Lower Manhattan
60.00;16;11;202301;Jan;Thu;Afternoon;High;Drinking Chocolate;Hot chocolate;Sustainably Grown Organic Rg;Astoria
15.30;6;3;202301;Jan;Thu;Afternoon;Low;Tea;Brewed Chai tea;Spicy Eye Opener Chai Rg;Lower Manhattan
15.50;5;5;202301;Jan;Thu;Afternoon;Low;Tea;Brewed Chai tea;Spicy Eye Opener Chai Lg;Astoria
12.00;4;2;202301;Jan;Thu;Afternoon;Low;Tea;Brewed herbal tea;Lemon Grass Lg;Lower Manhattan
33.15;13;9;202301;Jan;Thu;Afternoon;Med;Tea;Brewed Chai tea;Spicy Eye Opener Chai Rg;Hell's Kitchen
17.50;7;4;202301;Jan;Thu;Afternoon;Low;Tea;Brewed Chai tea;Traditional Blend Chai Rg;Lower Manhattan
24.50;7;4;202301;Jan;Thu;Afternoon;Med;Coffee;Organic brewed coffee;Brazilian Lg;Lower Manhattan
22.50;5;3;202301;Jan;Thu;Afternoon;Med;Drinking Chocolate;Hot chocolate;Dark chocolate Lg;Hell's Kitchen
12.00;4;4;202301;Jan;Thu;Afternoon;Low;Coffee;Gourmet brewed coffee;Ethiopia Rg;Lower Manhattan
12.00;4;2;202301;Jan;Thu;Afternoon;Low;Coffee;Gourmet brewed coffee;Ethiopia Rg;Hell's Kitchen
20.00;10;5;202301;Jan;Thu;Afternoon;Low;Coffee;Drip coffee;Our Old Time Diner Blend Sm;Hell's Kitchen
26.25;7;5;202301;Jan;Thu;Afternoon;Med;Coffee;Barista Espresso;Cappuccino;Lower Manhattan
17.60;8;5;202301;Jan;Thu;Afternoon;Low;Coffee;Organic brewed coffee;Brazilian Sm;Lower Manhattan
16.00;4;2;202301;Jan;Thu;Afternoon;Low;Tea;Brewed Chai tea;Morning Sunrise Chai Lg;Hell's Kitchen
31.50;7;6;202301;Jan;Thu;Afternoon;Med;Drinking Chocolate;Hot chocolate;Dark chocolate Lg;Lower Manhattan
15.00;4;4;202301;Jan;Thu;Afternoon;Low;Bakery;Scone;Jumbo Savory Scone;Lower Manhattan
7.50;3;2;202301;Jan;Thu;Afternoon;Low;Tea;Brewed Black tea;Earl Grey Rg;Lower Manhattan
27.00;6;3;202301;Jan;Thu;Afternoon;Med;Drinking Chocolate;Hot chocolate;Dark chocolate Lg;Astoria
9.00;3;2;202301;Jan;Thu;Afternoon;Low;Tea;Brewed herbal tea;Peppermint Lg;Lower Manhattan
30.00;10;6;202301;Jan;Thu;Afternoon;Med;Tea;Brewed herbal tea;Lemon Grass Lg;Astoria
19.80;9;5;202301;Jan;Thu;Afternoon;Low;Coffee;Organic brewed coffee;Brazilian Sm;Astoria
27.00;9;5;202301;Jan;Thu;Afternoon;Med;Tea;Brewed Black tea;Earl Grey Lg;Astoria
41.25;11;8;202301;Jan;Thu;Afternoon;High;Coffee;Premium brewed coffee;Jamaican Coffee River Lg;Astoria
37.50;14;10;202301;Jan;Thu;Afternoon;Med;Coffee;Barista Espresso;Ouro Brasileiro shot;Hell's Kitchen
6.50;2;2;202301;Jan;Thu;Afternoon;Low;Bakery;Biscotti;Hazelnut Biscotti;Hell's Kitchen
16.00;8;5;202301;Jan;Thu;Afternoon;Low;Coffee;Drip coffee;Our Old Time Diner Blend Sm;Astoria
19.60;8;5;202301;Jan;Thu;Afternoon;Low;Coffee;Premium brewed coffee;Jamaican Coffee River Sm;Lower Manhattan
6.00;3;3;202301;Jan;Thu;Afternoon;Low;Coffee;Gourmet brewed coffee;Columbian Medium Roast Sm;Hell's Kitchen
51.00;17;10;202301;Jan;Thu;Afternoon;High;Coffee;Gourmet brewed coffee;Ethiopia Rg;Astoria
18.00;6;6;202301;Jan;Thu;Afternoon;Low;Bakery;Scone;Oatmeal Scone;Astoria
15.00;6;4;202301;Jan;Thu;Afternoon;Low;Tea;Brewed Black tea;English Breakfast Rg;Hell's Kitchen
24.00;8;5;202301;Jan;Thu;Afternoon;Med;Coffee;Barista Espresso;Ouro Brasileiro shot;Lower Manhattan
17.50;7;4;202301;Jan;Thu;Afternoon;Low;Tea;Brewed Green tea;Serenity Green Tea Rg;Hell's Kitchen
15.00;5;3;202301;Jan;Thu;Afternoon;Low;Tea;Brewed Black tea;Earl Grey Lg;Hell's Kitchen
9.75;3;3;202301;Jan;Thu;Afternoon;Low;Bakery;Biscotti;Hazelnut Biscotti;Astoria
9.00;2;2;202301;Jan;Thu;Afternoon;Low;Bakery;Scone;Scottish Cream Scone ;Hell's Kitchen
4.75;1;1;202301;Jan;Thu;Afternoon;Low;Drinking Chocolate;Hot chocolate;Sustainably Grown Organic Lg;Lower Manhattan
12.00;4;3;202301;Jan;Thu;Afternoon;Low;Coffee;Barista Espresso;Espresso shot;Lower Manhattan
9.75;3;3;202301;Jan;Thu;Afternoon;Low;Bakery;Scone;Ginger Scone;Astoria
18.00;6;4;202301;Jan;Thu;Afternoon;Low;Coffee;Drip coffee;Our Old Time Diner Blend Lg;Lower Manhattan
12.50;5;5;202301;Jan;Thu;Afternoon;Low;Coffee;Drip coffee;Our Old Time Diner Blend Rg;Lower Manhattan
9.00;3;3;202301;Jan;Thu;Afternoon;Low;Tea;Brewed Chai tea;Traditional Blend Chai Lg;Astoria
21.00;6;3;202301;Jan;Thu;Afternoon;Med;Drinking Chocolate;Hot chocolate;Dark chocolate Rg;Astoria
9.75;3;3;202301;Jan;Thu;Afternoon;Low;Bakery;Scone;Cranberry Scone;Astoria
36.00;12;7;202301;Jan;Thu;Afternoon;Med;Tea;Brewed Green tea;Serenity Green Tea Lg;Lower Manhattan
12.25;5;4;202301;Jan;Thu;Afternoon;Low;Coffee;Premium brewed coffee;Jamaican Coffee River Sm;Astoria
17.50;7;4;202301;Jan;Thu;Afternoon;Low;Tea;Brewed Chai tea;Morning Sunrise Chai Rg;Lower Manhattan
30.00;8;6;202301;Jan;Thu;Afternoon;Med;Coffee;Barista Espresso;Latte;Astoria
23.75;5;3;202301;Jan;Thu;Afternoon;Med;Drinking Chocolate;Hot chocolate;Sustainably Grown Organic Lg;Astoria
5.00;2;1;202301;Jan;Thu;Afternoon;Low;Tea;Brewed Chai tea;Morning Sunrise Chai Rg;Astoria
12.00;4;3;202301;Jan;Thu;Afternoon;Low;Tea;Brewed Green tea;Serenity Green Tea Lg;Hell's Kitchen
7.50;2;2;202301;Jan;Thu;Afternoon;Low;Bakery;Pastry;Chocolate Croissant;Lower Manhattan
29.75;7;5;202301;Jan;Thu;Afternoon;Med;Coffee;Barista Espresso;Cappuccino Lg;Lower Manhattan
22.50;6;5;202301;Jan;Thu;Afternoon;Med;Coffee;Barista Espresso;Cappuccino;Hell's Kitchen
12.00;4;4;202301;Jan;Thu;Afternoon;Low;Tea;Brewed Chai tea;Traditional Blend Chai Lg;Hell's Kitchen
12.25;5;3;202301;Jan;Thu;Afternoon;Low;Coffee;Premium brewed coffee;Jamaican Coffee River Sm;Hell's Kitchen
12.75;3;2;202301;Jan;Thu;Afternoon;Low;Coffee;Barista Espresso;Latte Rg;Lower Manhattan
10.50;3;3;202301;Jan;Thu;Afternoon;Low;Bakery;Pastry;Croissant;Lower Manhattan
39.00;13;7;202301;Jan;Thu;Afternoon;Med;Tea;Brewed Black tea;English Breakfast Lg;Lower Manhattan
12.75;3;3;202301;Jan;Thu;Afternoon;Low;Coffee;Barista Espresso;Latte Rg;Hell's Kitchen
6.50;2;2;202301;Jan;Thu;Afternoon;Low;Bakery;Scone;Ginger Scone;Lower Manhattan
12.40;4;3;202301;Jan;Thu;Afternoon;Low;Tea;Brewed Chai tea;Spicy Eye Opener Chai Lg;Lower Manhattan
13.50;3;3;202301;Jan;Thu;Afternoon;Low;Bakery;Scone;Scottish Cream Scone ;Astoria
33.00;11;6;202301;Jan;Thu;Afternoon;Med;Tea;Brewed Black tea;English Breakfast Lg;Hell's Kitchen
13.00;4;4;202301;Jan;Thu;Afternoon;Low;Bakery;Scone;Cranberry Scone;Hell's Kitchen
7.00;2;2;202301;Jan;Thu;Afternoon;Low;Bakery;Biscotti;Chocolate Chip Biscotti;Hell's Kitchen
6.00;2;2;202301;Jan;Thu;Afternoon;Low;Coffee;Organic brewed coffee;Brazilian Rg;Hell's Kitchen
4.00;2;2;202301;Jan;Thu;Afternoon;Low;Coffee;Drip coffee;Our Old Time Diner Blend Sm;Lower Manhattan
24.80;8;5;202301;Jan;Thu;Afternoon;Med;Coffee;Premium brewed coffee;Jamaican Coffee River Rg;Astoria
25.50;6;3;202301;Jan;Thu;Afternoon;Med;Coffee;Barista Espresso;Cappuccino Lg;Astoria
3.50;1;1;202301;Jan;Thu;Afternoon;Low;Bakery;Biscotti;Ginger Biscotti;Lower Manhattan
11.00;5;4;202301;Jan;Thu;Afternoon;Low;Coffee;Gourmet brewed coffee;Ethiopia Sm;Hell's Kitchen
15.00;6;4;202301;Jan;Thu;Afternoon;Low;Tea;Brewed Chai tea;Morning Sunrise Chai Rg;Hell's Kitchen
18.75;5;5;202301;Jan;Thu;Afternoon;Low;Bakery;Scone;Jumbo Savory Scone;Astoria
30.00;8;3;202301;Jan;Thu;Afternoon;Med;Coffee;Barista Espresso;Latte;Lower Manhattan
25.50;6;4;202301;Jan;Thu;Afternoon;Med;Coffee;Barista Espresso;Latte Rg;Astoria
3.00;1;1;202301;Jan;Thu;Night;Low;Coffee;Organic brewed coffee;Brazilian Rg;Astoria
24.00;8;5;202301;Jan;Thu;Evening;Med;Tea;Brewed herbal tea;Lemon Grass Lg;Astoria
32.50;13;9;202301;Jan;Thu;Evening;Med;Tea;Brewed herbal tea;Lemon Grass Rg;Astoria
6.00;3;3;202301;Jan;Thu;Evening;Low;Coffee;Drip coffee;Our Old Time Diner Blend Sm;Hell's Kitchen
15.00;4;2;202301;Jan;Thu;Evening;Low;Drinking Chocolate;Hot chocolate;Sustainably Grown Organic Rg;Hell's Kitchen
7.50;2;2;202301;Jan;Thu;Evening;Low;Bakery;Pastry;Chocolate Croissant;Hell's Kitchen
27.00;9;5;202301;Jan;Thu;Evening;Med;Coffee;Drip coffee;Our Old Time Diner Blend Lg;Hell's Kitchen
12.50;5;3;202301;Jan;Thu;Evening;Low;Tea;Brewed herbal tea;Lemon Grass Rg;Hell's Kitchen
2.50;1;1;202301;Jan;Thu;Evening;Low;Tea;Brewed Green tea;Serenity Green Tea Rg;Astoria
8.80;4;3;202301;Jan;Thu;Evening;Low;Coffee;Gourmet brewed coffee;Ethiopia Sm;Hell's Kitchen
12.40;4;3;202301;Jan;Thu;Evening;Low;Coffee;Premium brewed coffee;Jamaican Coffee River Rg;Lower Manhattan
7.50;3;2;202301;Jan;Thu;Evening;Low;Tea;Brewed Chai tea;Morning Sunrise Chai Rg;Hell's Kitchen
27.00;9;5;202301;Jan;Thu;Evening;Med;Coffee;Barista Espresso;Espresso shot;Astoria
26.00;13;8;202301;Jan;Thu;Evening;Med;Coffee;Gourmet brewed coffee;Columbian Medium Roast Sm;Hell's Kitchen
24.00;8;5;202301;Jan;Thu;Evening;Med;Coffee;Gourmet brewed coffee;Ethiopia Rg;Lower Manhattan
21.70;7;5;202301;Jan;Thu;Evening;Med;Coffee;Premium brewed coffee;Jamaican Coffee River Rg;Astoria
30.00;8;5;202301;Jan;Thu;Evening;Med;Drinking Chocolate;Hot chocolate;Sustainably Grown Organic Rg;Astoria
30.00;12;8;202301;Jan;Thu;Evening;Med;Tea;Brewed Black tea;Earl Grey Rg;Astoria
12.75;5;4;202301;Jan;Thu;Evening;Low;Tea;Brewed Chai tea;Spicy Eye Opener Chai Rg;Hell's Kitchen
22.50;5;4;202301;Jan;Thu;Evening;Med;Drinking Chocolate;Hot chocolate;Dark chocolate Lg;Astoria
15.00;6;4;202301;Jan;Thu;Evening;Low;Coffee;Drip coffee;Our Old Time Diner Blend Rg;Lower Manhattan
37.20;12;8;202301;Jan;Thu;Evening;Med;Tea;Brewed Chai tea;Spicy Eye Opener Chai Lg;Astoria
24.00;8;6;202301;Jan;Thu;Evening;Med;Tea;Brewed Green tea;Serenity Green Tea Lg;Astoria
15.00;4;3;202301;Jan;Thu;Evening;Low;Drinking Chocolate;Hot chocolate;Sustainably Grown Organic Rg;Lower Manhattan
9.00;3;2;202301;Jan;Thu;Evening;Low;Tea;Brewed herbal tea;Lemon Grass Lg;Lower Manhattan
15.00;6;4;202301;Jan;Thu;Evening;Low;Tea;Brewed herbal tea;Lemon Grass Rg;Lower Manhattan
20.00;8;5;202301;Jan;Thu;Evening;Low;Tea;Brewed Black tea;English Breakfast Rg;Hell's Kitchen
9.75;3;3;202301;Jan;Thu;Evening;Low;Bakery;Scone;Ginger Scone;Hell's Kitchen
63.75;15;10;202301;Jan;Thu;Evening;very high;Coffee;Barista Espresso;Latte Rg;Astoria
17.50;7;4;202301;Jan;Thu;Evening;Low;Tea;Brewed Black tea;Earl Grey Rg;Hell's Kitchen
18.00;6;4;202301;Jan;Thu;Evening;Low;Tea;Brewed Black tea;Earl Grey Lg;Hell's Kitchen
21.00;7;4;202301;Jan;Thu;Evening;Med;Tea;Brewed herbal tea;Peppermint Lg;Hell's Kitchen
9.00;2;2;202301;Jan;Thu;Evening;Low;Bakery;Scone;Scottish Cream Scone ;Hell's Kitchen
33.00;11;7;202301;Jan;Thu;Evening;Med;Coffee;Gourmet brewed coffee;Columbian Medium Roast Lg;Astoria
12.00;4;3;202301;Jan;Thu;Evening;Low;Tea;Brewed Black tea;English Breakfast Lg;Lower Manhattan
18.75;5;3;202301;Jan;Thu;Evening;Low;Coffee;Premium brewed coffee;Jamaican Coffee River Lg;Lower Manhattan
10.00;4;3;202301;Jan;Thu;Evening;Low;Tea;Brewed Black tea;English Breakfast Rg;Lower Manhattan
2.50;1;1;202301;Jan;Thu;Evening;Low;Tea;Brewed Green tea;Serenity Green Tea Rg;Hell's Kitchen
33.00;11;8;202301;Jan;Thu;Evening;Med;Tea;Brewed Black tea;Earl Grey Lg;Astoria
13.50;3;3;202301;Jan;Thu;Evening;Low;Bakery;Scone;Scottish Cream Scone ;Astoria
12.40;4;3;202301;Jan;Thu;Evening;Low;Coffee;Premium brewed coffee;Jamaican Coffee River Rg;Hell's Kitchen
6.50;2;2;202301;Jan;Thu;Evening;Low;Bakery;Scone;Cranberry Scone;Hell's Kitchen
9.00;3;2;202301;Jan;Thu;Evening;Low;Tea;Brewed Green tea;Serenity Green Tea Lg;Lower Manhattan
8.80;4;2;202301;Jan;Thu;Evening;Low;Coffee;Gourmet brewed coffee;Ethiopia Sm;Lower Manhattan
15.00;6;4;202301;Jan;Thu;Evening;Low;Coffee;Gourmet brewed coffee;Columbian Medium Roast Rg;Astoria
15.00;4;4;202301;Jan;Thu;Evening;Low;Bakery;Pastry;Chocolate Croissant;Astoria
6.00;3;2;202301;Jan;Thu;Evening;Low;Coffee;Drip coffee;Our Old Time Diner Blend Sm;Astoria
17.85;7;5;202301;Jan;Thu;Evening;Low;Tea;Brewed Chai tea;Spicy Eye Opener Chai Rg;Astoria
9.75;3;3;202301;Jan;Thu;Evening;Low;Bakery;Scone;Cranberry Scone;Astoria
15.30;6;3;202301;Jan;Thu;Evening;Low;Tea;Brewed Chai tea;Spicy Eye Opener Chai Rg;Lower Manhattan
20.00;8;5;202301;Jan;Thu;Evening;Low;Tea;Brewed herbal tea;Peppermint Rg;Hell's Kitchen
19.80;9;6;202301;Jan;Thu;Evening;Low;Coffee;Organic brewed coffee;Brazilian Sm;Astoria
26.40;12;8;202301;Jan;Thu;Evening;Med;Coffee;Organic brewed coffee;Brazilian Sm;Hell's Kitchen
31.50;7;4;202301;Jan;Thu;Evening;Med;Drinking Chocolate;Hot chocolate;Dark chocolate Lg;Hell's Kitchen
18.00;4;3;202301;Jan;Thu;Evening;Low;Drinking Chocolate;Hot chocolate;Dark chocolate Lg;Lower Manhattan
15.00;6;4;202301;Jan;Thu;Evening;Low;Tea;Brewed Black tea;English Breakfast Rg;Astoria
46.75;11;7;202301;Jan;Thu;Evening;High;Coffee;Barista Espresso;Cappuccino Lg;Astoria
21.00;7;5;202301;Jan;Thu;Evening;Med;Coffee;Gourmet brewed coffee;Ethiopia Rg;Hell's Kitchen
15.00;5;3;202301;Jan;Thu;Evening;Low;Tea;Brewed Green tea;Serenity Green Tea Lg;Hell's Kitchen
26.25;7;4;202301;Jan;Thu;Evening;Med;Coffee;Barista Espresso;Cappuccino;Astoria
5.00;2;1;202301;Jan;Thu;Evening;Low;Coffee;Drip coffee;Our Old Time Diner Blend Rg;Astoria
12.00;6;5;202301;Jan;Thu;Evening;Low;Coffee;Gourmet brewed coffee;Columbian Medium Roast Sm;Astoria
25.50;6;3;202301;Jan;Thu;Evening;Med;Coffee;Barista Espresso;Cappuccino Lg;Lower Manhattan
11.25;3;2;202301;Jan;Thu;Evening;Low;Coffee;Barista Espresso;Latte;Lower Manhattan
9.00;3;3;202301;Jan;Thu;Evening;Low;Coffee;Barista Espresso;Espresso shot;Lower Manhattan
18.00;6;6;202301;Jan;Thu;Evening;Low;Bakery;Scone;Oatmeal Scone;Astoria
10.50;3;3;202301;Jan;Thu;Evening;Low;Bakery;Biscotti;Ginger Biscotti;Astoria
12.00;4;3;202301;Jan;Thu;Evening;Low;Tea;Brewed herbal tea;Lemon Grass Lg;Hell's Kitchen
15.00;4;3;202301;Jan;Thu;Evening;Low;Coffee;Barista Espresso;Latte;Hell's Kitchen
24.50;7;5;202301;Jan;Thu;Evening;Med;Coffee;Organic brewed coffee;Brazilian Lg;Astoria
26.10;9;7;202301;Jan;Thu;Evening;Med;Coffee;Barista Espresso;Ouro Brasileiro shot;Hell's Kitchen
12.00;4;3;202301;Jan;Thu;Evening;Low;Coffee;Organic brewed coffee;Brazilian Rg;Hell's Kitchen
15.00;6;4;202301;Jan;Thu;Evening;Low;Coffee;Gourmet brewed coffee;Columbian Medium Roast Rg;Hell's Kitchen
10.50;3;3;202301;Jan;Thu;Evening;Low;Coffee;Organic brewed coffee;Brazilian Lg;Hell's Kitchen
10.50;3;3;202301;Jan;Thu;Evening;Low;Bakery;Pastry;Croissant;Hell's Kitchen
24.00;6;4;202301;Jan;Thu;Evening;Med;Tea;Brewed Chai tea;Morning Sunrise Chai Lg;Astoria
7.50;3;2;202301;Jan;Thu;Evening;Low;Tea;Brewed Chai tea;Morning Sunrise Chai Rg;Astoria
43.40;14;8;202301;Jan;Fri;Morning;High;Tea;Brewed Chai tea;Spicy Eye Opener Chai Lg;Lower Manhattan
57.50;23;11;202301;Jan;Fri;Morning;High;Tea;Brewed herbal tea;Peppermint Rg;Lower Manhattan
63.00;21;11;202301;Jan;Fri;Morning;very high;Coffee;Barista Espresso;Espresso shot;Lower Manhattan
37.50;10;10;202301;Jan;Fri;Morning;Med;Bakery;Pastry;Chocolate Croissant;Lower Manhattan
40.00;16;8;202301;Jan;Fri;Morning;Med;Tea;Brewed Chai tea;Morning Sunrise Chai Rg;Lower Manhattan
35.00;14;10;202301;Jan;Fri;Morning;Med;Tea;Brewed herbal tea;Lemon Grass Rg;Lower Manhattan
42.00;14;8;202301;Jan;Fri;Morning;High;Tea;Brewed Black tea;English Breakfast Lg;Lower Manhattan
27.00;6;4;202301;Jan;Fri;Morning;Med;Drinking Chocolate;Hot chocolate;Dark chocolate Lg;Lower Manhattan
45.50;13;8;202301;Jan;Fri;Morning;High;Coffee;Organic brewed coffee;Brazilian Lg;Lower Manhattan
69.00;23;13;202301;Jan;Fri;Morning;very high;Coffee;Organic brewed coffee;Brazilian Rg;Lower Manhattan
43.35;17;9;202301;Jan;Fri;Morning;High;Tea;Brewed Chai tea;Spicy Eye Opener Chai Rg;Lower Manhattan
48.00;16;9;202301;Jan;Fri;Morning;High;Tea;Brewed Green tea;Serenity Green Tea Lg;Lower Manhattan
56.25;15;8;202301;Jan;Fri;Morning;High;Coffee;Barista Espresso;Latte;Lower Manhattan
31.50;7;7;202301;Jan;Fri;Morning;Med;Bakery;Scone;Scottish Cream Scone ;Lower Manhattan
21.00;6;6;202301;Jan;Fri;Morning;Med;Bakery;Biscotti;Ginger Biscotti;Hell's Kitchen
35.00;14;9;202301;Jan;Fri;Morning;Med;Tea;Brewed Green tea;Serenity Green Tea Rg;Lower Manhattan
57.00;19;9;202301;Jan;Fri;Morning;High;Tea;Brewed Chai tea;Traditional Blend Chai Lg;Lower Manhattan
63.75;17;10;202301;Jan;Fri;Morning;very high;Coffee;Barista Espresso;Cappuccino;Lower Manhattan
27.50;11;6;202301;Jan;Fri;Morning;Med;Tea;Brewed Green tea;Serenity Green Tea Rg;Hell's Kitchen
12.50;5;5;202301;Jan;Fri;Morning;Low;Coffee;Drip coffee;Our Old Time Diner Blend Rg;Lower Manhattan
42.50;17;11;202301;Jan;Fri;Morning;High;Tea;Brewed Black tea;Earl Grey Rg;Hell's Kitchen
59.50;17;11;202301;Jan;Fri;Morning;High;Coffee;Gourmet brewed coffee;Ethiopia Lg;Hell's Kitchen
38.25;9;6;202301;Jan;Fri;Morning;Med;Coffee;Barista Espresso;Latte Rg;Lower Manhattan
26.85;9;9;202301;Jan;Fri;Morning;Med;Bakery;Scone;Ginger Scone;Lower Manhattan
60.00;16;9;202301;Jan;Fri;Morning;High;Coffee;Barista Espresso;Latte;Hell's Kitchen
35.00;14;8;202301;Jan;Fri;Morning;Med;Tea;Brewed herbal tea;Lemon Grass Rg;Hell's Kitchen
31.50;9;9;202301;Jan;Fri;Morning;Med;Bakery;Biscotti;Ginger Biscotti;Lower Manhattan
50.00;20;13;202301;Jan;Fri;Morning;High;Tea;Brewed Black tea;English Breakfast Rg;Hell's Kitchen
40.00;16;10;202301;Jan;Fri;Morning;Med;Tea;Brewed Black tea;English Breakfast Rg;Lower Manhattan
31.50;9;9;202301;Jan;Fri;Morning;Med;Bakery;Biscotti;Chocolate Chip Biscotti;Lower Manhattan
51.00;17;11;202301;Jan;Fri;Morning;High;Coffee;Gourmet brewed coffee;Ethiopia Rg;Hell's Kitchen
38.25;15;10;202301;Jan;Fri;Morning;Med;Tea;Brewed Chai tea;Spicy Eye Opener Chai Rg;Hell's Kitchen
48.75;13;13;202301;Jan;Fri;Morning;High;Bakery;Pastry;Chocolate Croissant;Hell's Kitchen
26.40;12;7;202301;Jan;Fri;Morning;Med;Coffee;Gourmet brewed coffee;Ethiopia Sm;Lower Manhattan
48.00;16;8;202301;Jan;Fri;Morning;High;Tea;Brewed herbal tea;Lemon Grass Lg;Hell's Kitchen
40.00;16;12;202301;Jan;Fri;Morning;Med;Tea;Brewed Chai tea;Traditional Blend Chai Rg;Hell's Kitchen
24.50;10;7;202301;Jan;Fri;Morning;Med;Coffee;Premium brewed coffee;Jamaican Coffee River Sm;Hell's Kitchen
39.00;13;8;202301;Jan;Fri;Morning;Med;Coffee;Gourmet brewed coffee;Columbian Medium Roast Lg;Hell's Kitchen
57.00;19;12;202301;Jan;Fri;Morning;High;Coffee;Organic brewed coffee;Brazilian Rg;Hell's Kitchen
43.40;14;9;202301;Jan;Fri;Morning;High;Tea;Brewed Chai tea;Spicy Eye Opener Chai Lg;Hell's Kitchen
28.50;6;6;202301;Jan;Fri;Morning;Med;Drinking Chocolate;Hot chocolate;Sustainably Grown Organic Lg;Lower Manhattan
39.20;16;11;202301;Jan;Fri;Morning;Med;Coffee;Premium brewed coffee;Jamaican Coffee River Sm;Lower Manhattan
45.00;18;8;202301;Jan;Fri;Morning;High;Coffee;Gourmet brewed coffee;Columbian Medium Roast Rg;Lower Manhattan
45.00;15;11;202301;Jan;Fri;Morning;High;Tea;Brewed Green tea;Serenity Green Tea Lg;Hell's Kitchen
19.50;6;6;202301;Jan;Fri;Morning;Low;Bakery;Scone;Ginger Scone;Hell's Kitchen
18.00;6;6;202301;Jan;Fri;Morning;Low;Bakery;Scone;Oatmeal Scone;Hell's Kitchen
26.00;13;8;202301;Jan;Fri;Morning;Med;Coffee;Drip coffee;Our Old Time Diner Blend Sm;Lower Manhattan
33.00;11;9;202301;Jan;Fri;Morning;Med;Tea;Brewed Black tea;English Breakfast Lg;Hell's Kitchen
47.50;19;12;202301;Jan;Fri;Morning;High;Coffee;Gourmet brewed coffee;Columbian Medium Roast Rg;Hell's Kitchen
75.00;20;11;202301;Jan;Fri;Morning;very high;Drinking Chocolate;Hot chocolate;Sustainably Grown Organic Rg;Lower Manhattan
68.00;17;10;202301;Jan;Fri;Morning;very high;Tea;Brewed Chai tea;Morning Sunrise Chai Lg;Lower Manhattan
27.00;9;5;202301;Jan;Fri;Morning;Med;Coffee;Gourmet brewed coffee;Columbian Medium Roast Lg;Lower Manhattan
37.40;17;9;202301;Jan;Fri;Morning;Med;Coffee;Organic brewed coffee;Brazilian Sm;Hell's Kitchen
39.00;13;9;202301;Jan;Fri;Morning;Med;Coffee;Barista Espresso;Espresso shot;Hell's Kitchen
15.00;6;4;202301;Jan;Fri;Morning;Low;Tea;Brewed Black tea;Earl Grey Rg;Lower Manhattan
31.50;7;7;202301;Jan;Fri;Morning;Med;Bakery;Scone;Scottish Cream Scone ;Hell's Kitchen
21.00;7;4;202301;Jan;Fri;Morning;Med;Coffee;Drip coffee;Our Old Time Diner Blend Lg;Lower Manhattan
33.00;11;8;202301;Jan;Fri;Morning;Med;Coffee;Gourmet brewed coffee;Columbian Medium Roast Lg;Astoria
24.50;7;7;202301;Jan;Fri;Morning;Med;Bakery;Biscotti;Ginger Biscotti;Astoria
33.00;11;9;202301;Jan;Fri;Morning;Med;Coffee;Drip coffee;Our Old Time Diner Blend Lg;Hell's Kitchen
30.00;10;7;202301;Jan;Fri;Morning;Med;Coffee;Gourmet brewed coffee;Ethiopia Rg;Lower Manhattan
32.50;13;10;202301;Jan;Fri;Morning;Med;Tea;Brewed Black tea;English Breakfast Rg;Astoria
30.00;12;9;202301;Jan;Fri;Morning;Med;Tea;Brewed herbal tea;Peppermint Rg;Astoria
30.00;8;6;202301;Jan;Fri;Morning;Med;Coffee;Barista Espresso;Cappuccino;Astoria
14.00;7;7;202301;Jan;Fri;Morning;Low;Coffee;Gourmet brewed coffee;Columbian Medium Roast Sm;Astoria
26.00;8;8;202301;Jan;Fri;Morning;Med;Bakery;Scone;Ginger Scone;Astoria
18.75;5;4;202301;Jan;Fri;Morning;Low;Coffee;Premium brewed coffee;Jamaican Coffee River Lg;Astoria
22.50;9;5;202301;Jan;Fri;Morning;Med;Tea;Brewed herbal tea;Peppermint Rg;Hell's Kitchen
55.25;13;11;202301;Jan;Fri;Morning;High;Coffee;Barista Espresso;Cappuccino Lg;Astoria
32.50;13;6;202301;Jan;Fri;Afternoon;Med;Tea;Brewed Black tea;English Breakfast Rg;Lower Manhattan
42.00;14;9;202301;Jan;Fri;Afternoon;High;Tea;Brewed Black tea;English Breakfast Lg;Astoria
10.00;4;3;202301;Jan;Fri;Afternoon;Low;Coffee;Drip coffee;Our Old Time Diner Blend Rg;Astoria
12.75;3;2;202301;Jan;Fri;Afternoon;Low;Coffee;Barista Espresso;Cappuccino Lg;Hell's Kitchen
15.00;5;3;202301;Jan;Fri;Afternoon;Low;Tea;Brewed herbal tea;Lemon Grass Lg;Astoria
13.00;4;4;202301;Jan;Fri;Afternoon;Low;Bakery;Biscotti;Hazelnut Biscotti;Astoria
21.00;6;3;202301;Jan;Fri;Afternoon;Med;Coffee;Organic brewed coffee;Brazilian Lg;Hell's Kitchen
10.50;3;3;202301;Jan;Fri;Afternoon;Low;Drinking Chocolate;Hot chocolate;Dark chocolate Rg;Astoria
33.00;11;6;202301;Jan;Fri;Afternoon;Med;Tea;Brewed Chai tea;Traditional Blend Chai Lg;Hell's Kitchen
24.00;8;6;202301;Jan;Fri;Afternoon;Med;Coffee;Gourmet brewed coffee;Columbian Medium Roast Lg;Astoria
8.00;4;3;202301;Jan;Fri;Afternoon;Low;Coffee;Gourmet brewed coffee;Columbian Medium Roast Sm;Astoria
22.50;6;6;202301;Jan;Fri;Afternoon;Med;Bakery;Pastry;Chocolate Croissant;Astoria
19.80;9;6;202301;Jan;Fri;Afternoon;Low;Coffee;Gourmet brewed coffee;Ethiopia Sm;Hell's Kitchen
12.00;4;4;202301;Jan;Fri;Afternoon;Low;Bakery;Scone;Oatmeal Scone;Hell's Kitchen
20.00;8;6;202301;Jan;Fri;Afternoon;Low;Coffee;Drip coffee;Our Old Time Diner Blend Rg;Lower Manhattan
17.50;7;5;202301;Jan;Fri;Afternoon;Low;Coffee;Drip coffee;Our Old Time Diner Blend Rg;Hell's Kitchen
15.40;7;4;202301;Jan;Fri;Afternoon;Low;Coffee;Organic brewed coffee;Brazilian Sm;Hell's Kitchen
11.25;3;3;202301;Jan;Fri;Afternoon;Low;Bakery;Pastry;Almond Croissant;Hell's Kitchen
54.00;12;7;202301;Jan;Fri;Afternoon;High;Drinking Chocolate;Hot chocolate;Dark chocolate Lg;Lower Manhattan
22.50;6;4;202301;Jan;Fri;Afternoon;Med;Coffee;Barista Espresso;Cappuccino;Lower Manhattan
30.00;12;6;202301;Jan;Fri;Afternoon;Med;Coffee;Gourmet brewed coffee;Columbian Medium Roast Rg;Lower Manhattan
15.00;5;5;202301;Jan;Fri;Afternoon;Low;Bakery;Scone;Oatmeal Scone;Lower Manhattan
18.75;5;4;202301;Jan;Fri;Afternoon;Low;Coffee;Barista Espresso;Cappuccino;Astoria
14.00;4;4;202301;Jan;Fri;Afternoon;Low;Bakery;Biscotti;Ginger Biscotti;Astoria
27.00;9;5;202301;Jan;Fri;Afternoon;Med;Tea;Brewed herbal tea;Lemon Grass Lg;Lower Manhattan
21.00;6;3;202301;Jan;Fri;Afternoon;Med;Coffee;Organic brewed coffee;Brazilian Lg;Astoria
38.50;11;6;202301;Jan;Fri;Afternoon;Med;Drinking Chocolate;Hot chocolate;Dark chocolate Rg;Lower Manhattan
22.50;6;3;202301;Jan;Fri;Afternoon;Med;Drinking Chocolate;Hot chocolate;Sustainably Grown Organic Rg;Hell's Kitchen
13.00;4;4;202301;Jan;Fri;Afternoon;Low;Bakery;Scone;Ginger Scone;Hell's Kitchen
6.60;3;3;202301;Jan;Fri;Afternoon;Low;Coffee;Organic brewed coffee;Brazilian Sm;Lower Manhattan
15.00;4;4;202301;Jan;Fri;Afternoon;Low;Coffee;Premium brewed coffee;Jamaican Coffee River Lg;Astoria
14.70;6;3;202301;Jan;Fri;Afternoon;Low;Coffee;Premium brewed coffee;Jamaican Coffee River Sm;Hell's Kitchen
6.50;2;2;202301;Jan;Fri;Afternoon;Low;Bakery;Biscotti;Hazelnut Biscotti;Hell's Kitchen
18.00;6;5;202301;Jan;Fri;Afternoon;Low;Coffee;Drip coffee;Our Old Time Diner Blend Lg;Astoria
9.75;3;3;202301;Jan;Fri;Afternoon;Low;Bakery;Scone;Cranberry Scone;Astoria
17.50;7;5;202301;Jan;Fri;Afternoon;Low;Tea;Brewed Green tea;Serenity Green Tea Rg;Astoria
11.00;5;4;202301;Jan;Fri;Afternoon;Low;Coffee;Organic brewed coffee;Brazilian Sm;Astoria
9.00;3;2;202301;Jan;Fri;Afternoon;Low;Tea;Brewed Black tea;Earl Grey Lg;Hell's Kitchen
21.00;7;6;202301;Jan;Fri;Morning;Med;Tea;Brewed herbal tea;Peppermint Lg;Lower Manhattan
33.75;9;6;202301;Jan;Fri;Morning;Med;Coffee;Premium brewed coffee;Jamaican Coffee River Lg;Lower Manhattan
33.00;15;8;202301;Jan;Fri;Morning;Med;Coffee;Organic brewed coffee;Brazilian Sm;Lower Manhattan
37.50;10;7;202301;Jan;Fri;Morning;Med;Coffee;Barista Espresso;Latte;Astoria
19.80;9;5;202301;Jan;Fri;Afternoon;Low;Coffee;Gourmet brewed coffee;Ethiopia Sm;Astoria
10.20;4;3;202301;Jan;Fri;Afternoon;Low;Tea;Brewed Chai tea;Spicy Eye Opener Chai Rg;Lower Manhattan
9.75;3;3;202301;Jan;Fri;Afternoon;Low;Bakery;Scone;Cranberry Scone;Hell's Kitchen
7.00;2;2;202301;Jan;Fri;Afternoon;Low;Bakery;Biscotti;Chocolate Chip Biscotti;Hell's Kitchen
15.50;5;3;202301;Jan;Fri;Afternoon;Low;Coffee;Premium brewed coffee;Jamaican Coffee River Rg;Hell's Kitchen
15.00;4;3;202301;Jan;Fri;Afternoon;Low;Drinking Chocolate;Hot chocolate;Sustainably Grown Organic Rg;Astoria
23.75;5;4;202301;Jan;Fri;Afternoon;Med;Drinking Chocolate;Hot chocolate;Sustainably Grown Organic Lg;Astoria
42.00;12;6;202301;Jan;Fri;Afternoon;High;Coffee;Gourmet brewed coffee;Ethiopia Lg;Lower Manhattan
54.00;12;8;202301;Jan;Fri;Afternoon;High;Drinking Chocolate;Hot chocolate;Dark chocolate Lg;Astoria
28.00;7;5;202301;Jan;Fri;Afternoon;Med;Tea;Brewed Chai tea;Morning Sunrise Chai Lg;Lower Manhattan
16.00;8;6;202301;Jan;Fri;Afternoon;Low;Coffee;Drip coffee;Our Old Time Diner Blend Sm;Hell's Kitchen
21.00;7;5;202301;Jan;Fri;Afternoon;Med;Tea;Brewed Black tea;Earl Grey Lg;Astoria
3.75;1;1;202301;Jan;Fri;Afternoon;Low;Bakery;Scone;Jumbo Savory Scone;Hell's Kitchen
12.75;3;3;202301;Jan;Fri;Afternoon;Low;Coffee;Barista Espresso;Cappuccino Lg;Lower Manhattan
18.00;6;4;202301;Jan;Fri;Afternoon;Low;Coffee;Gourmet brewed coffee;Ethiopia Rg;Astoria
36.00;8;5;202301;Jan;Fri;Afternoon;Med;Drinking Chocolate;Hot chocolate;Dark chocolate Lg;Hell's Kitchen
12.00;4;3;202301;Jan;Fri;Afternoon;Low;Coffee;Barista Espresso;Espresso shot;Hell's Kitchen
3.50;1;1;202301;Jan;Fri;Afternoon;Low;Bakery;Biscotti;Ginger Biscotti;Hell's Kitchen
7.50;2;2;202301;Jan;Fri;Afternoon;Low;Bakery;Pastry;Almond Croissant;Astoria
12.75;5;3;202301;Jan;Fri;Afternoon;Low;Tea;Brewed Chai tea;Spicy Eye Opener Chai Rg;Hell's Kitchen
20.00;8;5;202301;Jan;Fri;Afternoon;Low;Tea;Brewed Green tea;Serenity Green Tea Rg;Hell's Kitchen
20.00;8;4;202301;Jan;Fri;Afternoon;Low;Tea;Brewed herbal tea;Peppermint Rg;Lower Manhattan
12.40;4;3;202301;Jan;Fri;Afternoon;Low;Coffee;Premium brewed coffee;Jamaican Coffee River Rg;Lower Manhattan
11.25;3;3;202301;Jan;Fri;Afternoon;Low;Bakery;Pastry;Chocolate Croissant;Lower Manhattan
15.00;6;4;202301;Jan;Fri;Afternoon;Low;Tea;Brewed herbal tea;Peppermint Rg;Hell's Kitchen
13.50;3;3;202301;Jan;Fri;Afternoon;Low;Bakery;Scone;Scottish Cream Scone ;Hell's Kitchen
15.00;6;4;202301;Jan;Fri;Afternoon;Low;Tea;Brewed herbal tea;Lemon Grass Rg;Hell's Kitchen
3.50;1;1;202301;Jan;Fri;Afternoon;Low;Bakery;Pastry;Croissant;Hell's Kitchen
15.00;6;4;202301;Jan;Fri;Afternoon;Low;Tea;Brewed Chai tea;Traditional Blend Chai Rg;Astoria
6.00;2;1;202301;Jan;Fri;Afternoon;Low;Tea;Brewed Black tea;English Breakfast Lg;Hell's Kitchen
15.00;6;3;202301;Jan;Fri;Afternoon;Low;Tea;Brewed Chai tea;Morning Sunrise Chai Rg;Hell's Kitchen
6.00;2;1;202301;Jan;Fri;Afternoon;Low;Tea;Brewed herbal tea;Peppermint Lg;Lower Manhattan
22.05;9;6;202301;Jan;Fri;Afternoon;Med;Coffee;Premium brewed coffee;Jamaican Coffee River Sm;Lower Manhattan
9.30;3;2;202301;Jan;Fri;Afternoon;Low;Tea;Brewed Chai tea;Spicy Eye Opener Chai Lg;Hell's Kitchen
2.20;1;1;202301;Jan;Fri;Night;Low;Coffee;Gourmet brewed coffee;Ethiopia Sm;Lower Manhattan
37.50;15;8;202301;Jan;Fri;Evening;Med;Tea;Brewed Chai tea;Traditional Blend Chai Rg;Astoria
33.25;7;4;202301;Jan;Fri;Evening;Med;Drinking Chocolate;Hot chocolate;Sustainably Grown Organic Lg;Astoria
15.00;5;4;202301;Jan;Fri;Evening;Low;Coffee;Gourmet brewed coffee;Ethiopia Rg;Hell's Kitchen
20.00;5;3;202301;Jan;Fri;Evening;Low;Tea;Brewed Chai tea;Morning Sunrise Chai Lg;Lower Manhattan
26.25;7;3;202301;Jan;Fri;Evening;Med;Drinking Chocolate;Hot chocolate;Sustainably Grown Organic Rg;Lower Manhattan
20.00;10;5;202301;Jan;Fri;Evening;Low;Coffee;Drip coffee;Our Old Time Diner Blend Sm;Hell's Kitchen
33.00;11;5;202301;Jan;Fri;Evening;Med;Tea;Brewed Black tea;Earl Grey Lg;Lower Manhattan
22.50;9;6;202301;Jan;Fri;Evening;Med;Tea;Brewed Green tea;Serenity Green Tea Rg;Hell's Kitchen
15.50;5;3;202301;Jan;Fri;Evening;Low;Coffee;Premium brewed coffee;Jamaican Coffee River Rg;Hell's Kitchen
8.00;4;3;202301;Jan;Fri;Evening;Low;Coffee;Gourmet brewed coffee;Columbian Medium Roast Sm;Hell's Kitchen
35.00;10;8;202301;Jan;Fri;Evening;Med;Coffee;Organic brewed coffee;Brazilian Lg;Hell's Kitchen
11.25;3;2;202301;Jan;Fri;Evening;Low;Coffee;Barista Espresso;Latte;Lower Manhattan
3.25;1;1;202301;Jan;Fri;Evening;Low;Bakery;Scone;Ginger Scone;Lower Manhattan
15.00;6;3;202301;Jan;Fri;Evening;Low;Coffee;Drip coffee;Our Old Time Diner Blend Rg;Hell's Kitchen
21.00;7;5;202301;Jan;Fri;Evening;Med;Coffee;Drip coffee;Our Old Time Diner Blend Lg;Hell's Kitchen
11.25;3;3;202301;Jan;Fri;Evening;Low;Bakery;Scone;Jumbo Savory Scone;Astoria
22.95;9;5;202301;Jan;Fri;Evening;Med;Tea;Brewed Chai tea;Spicy Eye Opener Chai Rg;Hell's Kitchen
11.00;5;3;202301;Jan;Fri;Evening;Low;Coffee;Gourmet brewed coffee;Ethiopia Sm;Lower Manhattan
26.25;7;4;202301;Jan;Fri;Evening;Med;Coffee;Premium brewed coffee;Jamaican Coffee River Lg;Lower Manhattan
45.00;12;8;202301;Jan;Fri;Evening;High;Coffee;Premium brewed coffee;Jamaican Coffee River Lg;Astoria
10.00;4;2;202301;Jan;Fri;Evening;Low;Tea;Brewed Black tea;Earl Grey Rg;Lower Manhattan
7.50;3;2;202301;Jan;Fri;Evening;Low;Coffee;Gourmet brewed coffee;Columbian Medium Roast Rg;Hell's Kitchen
5.00;2;2;202301;Jan;Fri;Evening;Low;Tea;Brewed Chai tea;Traditional Blend Chai Rg;Lower Manhattan
26.00;13;8;202301;Jan;Fri;Evening;Med;Coffee;Drip coffee;Our Old Time Diner Blend Sm;Astoria
31.50;9;5;202301;Jan;Fri;Evening;Med;Coffee;Organic brewed coffee;Brazilian Lg;Lower Manhattan
11.00;5;3;202301;Jan;Fri;Evening;Low;Coffee;Gourmet brewed coffee;Ethiopia Sm;Hell's Kitchen
27.00;9;6;202301;Jan;Fri;Evening;Med;Coffee;Gourmet brewed coffee;Columbian Medium Roast Lg;Lower Manhattan
3.75;1;1;202301;Jan;Fri;Evening;Low;Bakery;Pastry;Almond Croissant;Lower Manhattan
22.50;6;4;202301;Jan;Fri;Evening;Med;Coffee;Barista Espresso;Latte;Hell's Kitchen
24.00;8;5;202301;Jan;Fri;Evening;Med;Tea;Brewed Green tea;Serenity Green Tea Lg;Astoria
24.50;10;5;202301;Jan;Fri;Evening;Med;Coffee;Premium brewed coffee;Jamaican Coffee River Sm;Hell's Kitchen
17.60;8;4;202301;Jan;Fri;Evening;Low;Coffee;Organic brewed coffee;Brazilian Sm;Lower Manhattan
21.00;7;4;202301;Jan;Fri;Evening;Med;Coffee;Barista Espresso;Ouro Brasileiro shot;Hell's Kitchen
3.50;1;1;202301;Jan;Fri;Evening;Low;Bakery;Biscotti;Chocolate Chip Biscotti;Hell's Kitchen
21.00;6;3;202301;Jan;Fri;Evening;Med;Drinking Chocolate;Hot chocolate;Dark chocolate Rg;Astoria
7.00;2;1;202301;Jan;Fri;Evening;Low;Drinking Chocolate;Hot chocolate;Dark chocolate Rg;Lower Manhattan
21.00;7;4;202301;Jan;Fri;Evening;Med;Tea;Brewed herbal tea;Lemon Grass Lg;Hell's Kitchen
20.00;8;5;202301;Jan;Fri;Evening;Low;Coffee;Gourmet brewed coffee;Columbian Medium Roast Rg;Lower Manhattan
20.00;8;5;202301;Jan;Fri;Evening;Low;Tea;Brewed herbal tea;Peppermint Rg;Hell's Kitchen
15.40;7;5;202301;Jan;Fri;Evening;Low;Coffee;Organic brewed coffee;Brazilian Sm;Astoria
15.40;7;5;202301;Jan;Fri;Evening;Low;Coffee;Gourmet brewed coffee;Ethiopia Sm;Astoria
30.60;12;7;202301;Jan;Fri;Evening;Med;Tea;Brewed Chai tea;Spicy Eye Opener Chai Rg;Astoria
27.50;11;7;202301;Jan;Fri;Evening;Med;Tea;Brewed herbal tea;Peppermint Rg;Astoria
15.00;6;4;202301;Jan;Fri;Evening;Low;Tea;Brewed Chai tea;Morning Sunrise Chai Rg;Hell's Kitchen
17.50;7;3;202301;Jan;Fri;Evening;Low;Coffee;Drip coffee;Our Old Time Diner Blend Rg;Lower Manhattan
9.00;3;2;202301;Jan;Fri;Evening;Low;Tea;Brewed herbal tea;Peppermint Lg;Lower Manhattan
12.00;4;3;202301;Jan;Fri;Evening;Low;Tea;Brewed Green tea;Serenity Green Tea Lg;Hell's Kitchen
10.00;4;3;202301;Jan;Fri;Evening;Low;Coffee;Drip coffee;Our Old Time Diner Blend Rg;Astoria
32.00;8;5;202301;Jan;Fri;Evening;Med;Tea;Brewed Chai tea;Morning Sunrise Chai Lg;Astoria
7.35;3;2;202301;Jan;Fri;Evening;Low;Coffee;Premium brewed coffee;Jamaican Coffee River Sm;Astoria
17.50;7;7;202301;Jan;Fri;Evening;Low;Coffee;Gourmet brewed coffee;Columbian Medium Roast Rg;Astoria
7.50;2;2;202301;Jan;Fri;Evening;Low;Drinking Chocolate;Hot chocolate;Sustainably Grown Organic Rg;Astoria
12.00;4;3;202301;Jan;Fri;Evening;Low;Coffee;Drip coffee;Our Old Time Diner Blend Lg;Astoria
27.00;9;5;202301;Jan;Fri;Evening;Med;Tea;Brewed herbal tea;Lemon Grass Lg;Astoria
7.50;3;3;202301;Jan;Fri;Evening;Low;Tea;Brewed Green tea;Serenity Green Tea Rg;Astoria
22.50;9;5;202301;Jan;Fri;Evening;Med;Tea;Brewed Chai tea;Traditional Blend Chai Rg;Hell's Kitchen
30.00;10;6;202301;Jan;Fri;Evening;Med;Coffee;Organic brewed coffee;Brazilian Rg;Hell's Kitchen
7.50;2;2;202301;Jan;Fri;Evening;Low;Bakery;Pastry;Almond Croissant;Hell's Kitchen
21.00;7;4;202301;Jan;Fri;Evening;Med;Coffee;Gourmet brewed coffee;Columbian Medium Roast Lg;Hell's Kitchen
22.50;6;4;202301;Jan;Fri;Evening;Med;Coffee;Barista Espresso;Cappuccino;Astoria
31.50;9;6;202301;Jan;Fri;Evening;Med;Drinking Chocolate;Hot chocolate;Dark chocolate Rg;Hell's Kitchen
40.50;9;6;202301;Jan;Fri;Evening;very high;Drinking Chocolate;Hot chocolate;Dark chocolate Lg;Astoria
22.50;6;3;202301;Jan;Fri;Evening;Med;Coffee;Barista Espresso;Latte;Astoria
7.50;2;1;202301;Jan;Sat;Night;Low;Coffee;Premium brewed coffee;Jamaican Coffee River Lg;Lower Manhattan
3.75;1;1;202301;Jan;Sat;Night;Low;Coffee;Barista Espresso;Latte;Lower Manhattan
52.50;14;14;202301;Jan;Sat;Morning;High;Bakery;Pastry;Chocolate Croissant;Lower Manhattan
22.00;11;7;202301;Jan;Sat;Morning;Med;Coffee;Gourmet brewed coffee;Columbian Medium Roast Sm;Astoria
48.00;16;9;202301;Jan;Sat;Morning;High;Tea;Brewed herbal tea;Peppermint Lg;Lower Manhattan
75.00;20;11;202301;Jan;Sat;Morning;very high;Coffee;Barista Espresso;Cappuccino;Lower Manhattan
42.50;17;11;202301;Jan;Sat;Morning;High;Tea;Brewed Green tea;Serenity Green Tea Rg;Lower Manhattan
8.95;1;1;202301;Jan;Sat;Morning;Low;Loose Tea;Herbal tea;Peppermint;Lower Manhattan
31.50;9;6;202301;Jan;Sat;Morning;Med;Drinking Chocolate;Hot chocolate;Dark chocolate Rg;Astoria
22.95;9;5;202301;Jan;Sat;Morning;Med;Tea;Brewed Chai tea;Spicy Eye Opener Chai Rg;Lower Manhattan
28.90;10;7;202301;Jan;Sat;Morning;Med;Bakery;Scone;Ginger Scone;Lower Manhattan
30.00;12;7;202301;Jan;Sat;Morning;Med;Tea;Brewed Black tea;English Breakfast Rg;Astoria
26.95;11;7;202301;Jan;Sat;Morning;Med;Coffee;Premium brewed coffee;Jamaican Coffee River Sm;Lower Manhattan
20.00;8;5;202301;Jan;Sat;Morning;Low;Tea;Brewed Chai tea;Traditional Blend Chai Rg;Lower Manhattan
40.00;16;11;202301;Jan;Sat;Morning;Med;Tea;Brewed Black tea;Earl Grey Rg;Astoria
26.25;7;7;202301;Jan;Sat;Morning;Med;Bakery;Pastry;Chocolate Croissant;Astoria
17.50;7;4;202301;Jan;Sat;Morning;Low;Coffee;Drip coffee;Our Old Time Diner Blend Rg;Astoria
41.65;17;10;202301;Jan;Sat;Morning;High;Coffee;Premium brewed coffee;Jamaican Coffee River Sm;Astoria
21.70;7;6;202301;Jan;Sat;Morning;Med;Tea;Brewed Chai tea;Spicy Eye Opener Chai Lg;Astoria
19.50;6;6;202301;Jan;Sat;Morning;Low;Bakery;Biscotti;Hazelnut Biscotti;Lower Manhattan
63.75;15;11;202301;Jan;Sat;Morning;very high;Coffee;Barista Espresso;Cappuccino Lg;Lower Manhattan
8.80;11;10;202301;Jan;Sat;Morning;Low;Flavours;Regular syrup;Carmel syrup;Lower Manhattan
26.00;8;8;202301;Jan;Sat;Morning;Med;Bakery;Scone;Cranberry Scone;Lower Manhattan
9.75;3;3;202301;Jan;Fri;Afternoon;Low;Bakery;Biscotti;Hazelnut Biscotti;Lower Manhattan
3.10;1;1;202301;Jan;Fri;Afternoon;Low;Tea;Brewed Chai tea;Spicy Eye Opener Chai Lg;Lower Manhattan
63.00;3;3;202301;Jan;Sat;Morning;very high;Coffee beans;Gourmet Beans;Ethiopia;Lower Manhattan
33.00;11;7;202301;Jan;Sat;Morning;Med;Coffee;Drip coffee;Our Old Time Diner Blend Lg;Astoria
35.00;14;9;202301;Jan;Sat;Morning;Med;Tea;Brewed Chai tea;Morning Sunrise Chai Rg;Astoria
17.50;7;4;202301;Jan;Sat;Morning;Low;Tea;Brewed Black tea;Earl Grey Rg;Lower Manhattan
30.00;10;7;202301;Jan;Sat;Morning;Med;Tea;Brewed Chai tea;Traditional Blend Chai Lg;Lower Manhattan
35.00;14;9;202301;Jan;Sat;Morning;Med;Coffee;Drip coffee;Our Old Time Diner Blend Rg;Lower Manhattan
30.00;10;10;202301;Jan;Sat;Morning;Med;Bakery;Scone;Oatmeal Scone;Lower Manhattan
52.50;14;9;202301;Jan;Sat;Morning;High;Drinking Chocolate;Hot chocolate;Sustainably Grown Organic Rg;Astoria
3.75;1;1;202301;Jan;Sat;Morning;Low;Bakery;Pastry;Almond Croissant;Astoria
25.00;10;8;202301;Jan;Sat;Morning;Med;Tea;Brewed Chai tea;Morning Sunrise Chai Rg;Hell's Kitchen
101.25;27;17;202301;Jan;Sat;Morning;very high;Coffee;Premium brewed coffee;Jamaican Coffee River Lg;Hell's Kitchen
21.00;6;6;202301;Jan;Sat;Morning;Med;Bakery;Pastry;Croissant;Hell's Kitchen
25.50;10;6;202301;Jan;Sat;Morning;Med;Tea;Brewed Chai tea;Spicy Eye Opener Chai Rg;Astoria
51.00;17;11;202301;Jan;Sat;Morning;High;Coffee;Barista Espresso;Espresso shot;Lower Manhattan
12.00;15;9;202301;Jan;Sat;Morning;Low;Flavours;Sugar free syrup;Sugar Free Vanilla syrup;Lower Manhattan
39.00;13;10;202301;Jan;Sat;Morning;Med;Coffee;Organic brewed coffee;Brazilian Rg;Hell's Kitchen
21.00;7;6;202301;Jan;Sat;Morning;Med;Tea;Brewed Green tea;Serenity Green Tea Lg;Hell's Kitchen
13.50;3;3;202301;Jan;Sat;Morning;Low;Bakery;Scone;Scottish Cream Scone ;Astoria
80.50;23;14;202301;Jan;Sat;Morning;very high;Coffee;Organic brewed coffee;Brazilian Lg;Hell's Kitchen
64.00;16;9;202301;Jan;Sat;Morning;very high;Tea;Brewed Chai tea;Morning Sunrise Chai Lg;Lower Manhattan
40.30;13;8;202301;Jan;Sat;Morning;very high;Coffee;Premium brewed coffee;Jamaican Coffee River Rg;Hell's Kitchen
60.00;16;16;202301;Jan;Sat;Morning;High;Bakery;Pastry;Chocolate Croissant;Hell's Kitchen
21.00;7;5;202301;Jan;Sat;Morning;Med;Coffee;Gourmet brewed coffee;Ethiopia Rg;Astoria
59.50;14;9;202301;Jan;Sat;Morning;High;Coffee;Barista Espresso;Latte Rg;Hell's Kitchen
4.00;2;2;202301;Jan;Sat;Morning;Low;Coffee;Drip coffee;Our Old Time Diner Blend Sm;Lower Manhattan
48.75;13;13;202301;Jan;Sat;Morning;High;Bakery;Scone;Jumbo Savory Scone;Lower Manhattan
12.00;15;12;202301;Jan;Sat;Morning;Low;Flavours;Regular syrup;Chocolate syrup;Hell's Kitchen
16.00;20;12;202301;Jan;Sat;Morning;Low;Flavours;Regular syrup;Chocolate syrup;Lower Manhattan
22.00;11;8;202301;Jan;Sat;Morning;Med;Coffee;Drip coffee;Our Old Time Diner Blend Sm;Astoria
42.00;14;10;202301;Jan;Sat;Morning;High;Coffee;Drip coffee;Our Old Time Diner Blend Lg;Hell's Kitchen
35.00;14;10;202301;Jan;Sat;Morning;Med;Tea;Brewed herbal tea;Peppermint Rg;Hell's Kitchen
19.50;6;6;202301;Jan;Sat;Morning;Low;Bakery;Scone;Cranberry Scone;Hell's Kitchen
33.75;9;6;202301;Jan;Sat;Morning;Med;Coffee;Premium brewed coffee;Jamaican Coffee River Lg;Lower Manhattan
40.50;9;6;202301;Jan;Sat;Morning;very high;Drinking Chocolate;Hot chocolate;Dark chocolate Lg;Astoria
11.25;3;3;202301;Jan;Sat;Morning;Low;Bakery;Scone;Jumbo Savory Scone;Astoria
39.00;13;9;202301;Jan;Sat;Morning;Med;Tea;Brewed herbal tea;Peppermint Lg;Hell's Kitchen
30.00;12;8;202301;Jan;Sat;Morning;Med;Coffee;Gourmet brewed coffee;Columbian Medium Roast Rg;Hell's Kitchen
24.00;12;8;202301;Jan;Sat;Morning;Med;Coffee;Gourmet brewed coffee;Columbian Medium Roast Sm;Hell's Kitchen
80.75;17;12;202301;Jan;Sat;Morning;very high;Drinking Chocolate;Hot chocolate;Sustainably Grown Organic Lg;Astoria
22.75;7;7;202301;Jan;Sat;Morning;Med;Bakery;Biscotti;Hazelnut Biscotti;Astoria
27.50;11;8;202301;Jan;Sat;Morning;Med;Coffee;Gourmet brewed coffee;Columbian Medium Roast Rg;Astoria
47.50;10;6;202301;Jan;Sat;Morning;High;Drinking Chocolate;Hot chocolate;Sustainably Grown Organic Lg;Hell's Kitchen
38.00;19;13;202301;Jan;Sat;Morning;Med;Coffee;Drip coffee;Our Old Time Diner Blend Sm;Hell's Kitchen
81.00;27;16;202301;Jan;Sat;Morning;very high;Coffee;Drip coffee;Our Old Time Diner Blend Lg;Lower Manhattan
39.00;13;9;202301;Jan;Sat;Morning;Med;Coffee;Gourmet brewed coffee;Columbian Medium Roast Lg;Hell's Kitchen
63.75;17;11;202301;Jan;Sat;Morning;very high;Drinking Chocolate;Hot chocolate;Sustainably Grown Organic Rg;Hell's Kitchen
47.50;19;11;202301;Jan;Sat;Morning;High;Tea;Brewed Black tea;English Breakfast Rg;Hell's Kitchen
63.75;17;12;202301;Jan;Sat;Morning;very high;Coffee;Barista Espresso;Cappuccino;Hell's Kitchen
24.00;8;6;202301;Jan;Sat;Morning;Med;Coffee;Gourmet brewed coffee;Columbian Medium Roast Lg;Astoria
94.50;21;13;202301;Jan;Sat;Morning;very high;Drinking Chocolate;Hot chocolate;Dark chocolate Lg;Hell's Kitchen
42.00;12;11;202301;Jan;Sat;Morning;High;Bakery;Biscotti;Ginger Biscotti;Hell's Kitchen
6.40;1;1;202301;Jan;Sat;Morning;Low;Packaged Chocolate;Drinking Chocolate;Dark chocolate;Lower Manhattan
36.00;12;7;202301;Jan;Sat;Morning;Med;Tea;Brewed Black tea;Earl Grey Lg;Hell's Kitchen
35.00;10;5;202301;Jan;Sat;Morning;Med;Drinking Chocolate;Hot chocolate;Dark chocolate Rg;Lower Manhattan
21.00;6;4;202301;Jan;Sat;Morning;Med;Coffee;Gourmet brewed coffee;Ethiopia Lg;Lower Manhattan
66.50;19;13;202301;Jan;Sat;Morning;very high;Coffee;Organic brewed coffee;Brazilian Lg;Lower Manhattan
63.00;21;14;202301;Jan;Sat;Morning;very high;Tea;Brewed Chai tea;Traditional Blend Chai Lg;Hell's Kitchen
21.00;7;4;202301;Jan;Sat;Morning;Med;Tea;Brewed herbal tea;Lemon Grass Lg;Hell's Kitchen
26.25;7;7;202301;Jan;Sat;Morning;Med;Bakery;Pastry;Almond Croissant;Hell's Kitchen
43.35;17;12;202301;Jan;Sat;Morning;High;Tea;Brewed Chai tea;Spicy Eye Opener Chai Rg;Hell's Kitchen
24.50;7;4;202301;Jan;Sat;Morning;Med;Coffee;Organic brewed coffee;Brazilian Lg;Astoria
39.00;13;9;202301;Jan;Sat;Morning;Med;Tea;Brewed Black tea;English Breakfast Lg;Hell's Kitchen
36.00;12;9;202301;Jan;Sat;Morning;Med;Tea;Brewed Black tea;Earl Grey Lg;Astoria
63.75;17;11;202301;Jan;Sat;Morning;very high;Coffee;Barista Espresso;Latte;Hell's Kitchen
55.25;13;8;202301;Jan;Sat;Morning;High;Coffee;Barista Espresso;Cappuccino Lg;Astoria
22.50;9;6;202301;Jan;Sat;Morning;Med;Coffee;Drip coffee;Our Old Time Diner Blend Rg;Hell's Kitchen
40.90;2;2;202301;Jan;Sat;Morning;very high;Coffee beans;Espresso Beans;Primo Espresso Roast;Hell's Kitchen
40.50;9;9;202301;Jan;Sat;Morning;very high;Bakery;Scone;Scottish Cream Scone ;Hell's Kitchen
24.80;8;6;202301;Jan;Sat;Morning;Med;Coffee;Premium brewed coffee;Jamaican Coffee River Rg;Lower Manhattan
13.00;4;4;202301;Jan;Sat;Morning;Low;Bakery;Scone;Ginger Scone;Hell's Kitchen
27.50;11;9;202301;Jan;Sat;Morning;Med;Tea;Brewed Chai tea;Traditional Blend Chai Rg;Astoria
24.50;7;6;202301;Jan;Sat;Morning;Med;Coffee;Gourmet brewed coffee;Ethiopia Lg;Astoria
20.00;8;6;202301;Jan;Sat;Morning;Low;Tea;Brewed herbal tea;Lemon Grass Rg;Hell's Kitchen
21.00;7;4;202301;Jan;Sat;Morning;Med;Coffee;Barista Espresso;Espresso shot;Astoria
30.00;12;8;202301;Jan;Sat;Morning;Med;Coffee;Gourmet brewed coffee;Columbian Medium Roast Rg;Lower Manhattan
3.00;1;1;202301;Jan;Sat;Night;Low;Coffee;Gourmet brewed coffee;Ethiopia Rg;Lower Manhattan
4.00;2;2;202301;Jan;Sat;Afternoon;Low;Coffee;Gourmet brewed coffee;Columbian Medium Roast Sm;Lower Manhattan
20.00;5;4;202301;Jan;Sat;Afternoon;Low;Tea;Brewed Chai tea;Morning Sunrise Chai Lg;Astoria
30.00;8;6;202301;Jan;Sat;Afternoon;Med;Coffee;Barista Espresso;Latte;Astoria
12.50;5;3;202301;Jan;Sat;Afternoon;Low;Tea;Brewed Black tea;Earl Grey Rg;Astoria
9.00;3;2;202301;Jan;Sat;Afternoon;Low;Tea;Brewed herbal tea;Lemon Grass Lg;Lower Manhattan
2.50;1;1;202301;Jan;Sat;Afternoon;Low;Coffee;Gourmet brewed coffee;Columbian Medium Roast Rg;Lower Manhattan
18.75;5;4;202301;Jan;Sat;Afternoon;Low;Coffee;Barista Espresso;Cappuccino;Lower Manhattan
14.70;6;3;202301;Jan;Sat;Afternoon;Low;Coffee;Premium brewed coffee;Jamaican Coffee River Sm;Astoria
18.00;9;6;202301;Jan;Sat;Afternoon;Low;Coffee;Drip coffee;Our Old Time Diner Blend Sm;Hell's Kitchen
6.40;1;1;202301;Jan;Sat;Afternoon;Low;Packaged Chocolate;Drinking Chocolate;Dark chocolate;Hell's Kitchen
22.50;9;6;202301;Jan;Sat;Afternoon;Med;Tea;Brewed herbal tea;Peppermint Rg;Astoria
11.25;3;3;202301;Jan;Sat;Afternoon;Low;Bakery;Pastry;Chocolate Croissant;Astoria
7.50;3;2;202301;Jan;Sat;Afternoon;Low;Coffee;Gourmet brewed coffee;Columbian Medium Roast Rg;Astoria
12.50;5;3;202301;Jan;Sat;Afternoon;Low;Tea;Brewed Chai tea;Morning Sunrise Chai Rg;Lower Manhattan
40.50;9;5;202301;Jan;Sat;Afternoon;very high;Drinking Chocolate;Hot chocolate;Dark chocolate Lg;Astoria
10.00;4;2;202301;Jan;Sat;Afternoon;Low;Tea;Brewed herbal tea;Peppermint Rg;Lower Manhattan
10.00;4;4;202301;Jan;Sat;Afternoon;Low;Tea;Brewed Black tea;English Breakfast Rg;Astoria
2.50;1;1;202301;Jan;Sat;Afternoon;Low;Tea;Brewed Chai tea;Morning Sunrise Chai Rg;Astoria
3.50;1;1;202301;Jan;Sat;Afternoon;Low;Bakery;Biscotti;Ginger Biscotti;Astoria
11.00;5;3;202301;Jan;Sat;Afternoon;Low;Coffee;Gourmet brewed coffee;Ethiopia Sm;Hell's Kitchen
15.00;4;2;202301;Jan;Sat;Afternoon;Low;Coffee;Premium brewed coffee;Jamaican Coffee River Lg;Hell's Kitchen
14.00;4;4;202301;Jan;Sat;Afternoon;Low;Bakery;Biscotti;Chocolate Chip Biscotti;Hell's Kitchen
6.00;2;1;202301;Jan;Sat;Afternoon;Low;Tea;Brewed Green tea;Serenity Green Tea Lg;Astoria
15.00;6;5;202301;Jan;Sat;Afternoon;Low;Tea;Brewed herbal tea;Lemon Grass Rg;Astoria
15.50;5;4;202301;Jan;Sat;Afternoon;Low;Tea;Brewed Chai tea;Spicy Eye Opener Chai Lg;Astoria
9.30;3;3;202301;Jan;Sat;Afternoon;Low;Coffee;Premium brewed coffee;Jamaican Coffee River Rg;Astoria
12.00;4;3;202301;Jan;Sat;Afternoon;Low;Coffee;Organic brewed coffee;Brazilian Rg;Astoria
7.35;3;2;202301;Jan;Sat;Afternoon;Low;Coffee;Premium brewed coffee;Jamaican Coffee River Sm;Hell's Kitchen
3.00;1;1;202301;Jan;Sat;Afternoon;Low;Tea;Brewed Black tea;English Breakfast Lg;Hell's Kitchen
15.00;4;4;202301;Jan;Sat;Afternoon;Low;Drinking Chocolate;Hot chocolate;Sustainably Grown Organic Rg;Astoria
12.00;4;3;202301;Jan;Sat;Afternoon;Low;Tea;Brewed Chai tea;Traditional Blend Chai Lg;Astoria
9.50;2;1;202301;Jan;Sat;Afternoon;Low;Drinking Chocolate;Hot chocolate;Sustainably Grown Organic Lg;Hell's Kitchen
6.50;2;2;202301;Jan;Sat;Afternoon;Low;Bakery;Biscotti;Hazelnut Biscotti;Astoria
3.00;1;1;202301;Jan;Sat;Afternoon;Low;Tea;Brewed herbal tea;Lemon Grass Lg;Hell's Kitchen
6.00;2;2;202301;Jan;Sat;Afternoon;Low;Tea;Brewed Black tea;English Breakfast Lg;Astoria
12.75;3;2;202301;Jan;Sat;Afternoon;Low;Coffee;Barista Espresso;Cappuccino Lg;Astoria
15.50;5;3;202301;Jan;Sat;Afternoon;Low;Tea;Brewed Chai tea;Spicy Eye Opener Chai Lg;Hell's Kitchen
12.00;4;4;202301;Jan;Sat;Afternoon;Low;Tea;Brewed herbal tea;Peppermint Lg;Astoria
15.00;5;4;202301;Jan;Sat;Afternoon;Low;Coffee;Organic brewed coffee;Brazilian Rg;Hell's Kitchen
12.75;5;3;202301;Jan;Sat;Afternoon;Low;Tea;Brewed Chai tea;Spicy Eye Opener Chai Rg;Astoria
9.00;3;3;202301;Jan;Sat;Afternoon;Low;Coffee;Barista Espresso;Espresso shot;Astoria
6.00;2;2;202301;Jan;Sat;Afternoon;Low;Bakery;Scone;Oatmeal Scone;Astoria
20.00;8;5;202301;Jan;Sat;Morning;Low;Tea;Brewed herbal tea;Peppermint Rg;Lower Manhattan
30.80;14;10;202301;Jan;Sat;Morning;Med;Coffee;Gourmet brewed coffee;Ethiopia Sm;Hell's Kitchen
38.50;11;7;202301;Jan;Sat;Afternoon;Med;Coffee;Organic brewed coffee;Brazilian Lg;Astoria
17.00;4;3;202301;Jan;Sat;Afternoon;Low;Coffee;Barista Espresso;Latte Rg;Astoria
21.00;6;5;202301;Jan;Sat;Afternoon;Med;Drinking Chocolate;Hot chocolate;Dark chocolate Rg;Astoria
4.50;1;1;202301;Jan;Sat;Afternoon;Low;Bakery;Scone;Scottish Cream Scone ;Astoria
28.00;8;5;202301;Jan;Sat;Afternoon;Med;Coffee;Gourmet brewed coffee;Ethiopia Lg;Hell's Kitchen
15.00;5;4;202301;Jan;Sat;Afternoon;Low;Coffee;Gourmet brewed coffee;Ethiopia Rg;Hell's Kitchen
31.00;10;5;202301;Jan;Sat;Evening;Med;Coffee;Premium brewed coffee;Jamaican Coffee River Rg;Astoria
11.00;5;3;202301;Jan;Sat;Evening;Low;Coffee;Organic brewed coffee;Brazilian Sm;Astoria
14.00;7;5;202301;Jan;Sat;Evening;Low;Coffee;Gourmet brewed coffee;Columbian Medium Roast Sm;Astoria
27.00;9;5;202301;Jan;Sat;Evening;Med;Coffee;Organic brewed coffee;Brazilian Rg;Hell's Kitchen
20.00;8;7;202301;Jan;Sat;Evening;Low;Coffee;Drip coffee;Our Old Time Diner Blend Rg;Hell's Kitchen
24.80;8;4;202301;Jan;Sat;Evening;Med;Tea;Brewed Chai tea;Spicy Eye Opener Chai Lg;Astoria
15.00;4;3;202301;Jan;Sat;Evening;Low;Drinking Chocolate;Hot chocolate;Sustainably Grown Organic Rg;Astoria
24.00;8;5;202301;Jan;Sat;Evening;Med;Coffee;Barista Espresso;Espresso shot;Astoria
25.00;10;6;202301;Jan;Sat;Evening;Med;Tea;Brewed Chai tea;Traditional Blend Chai Rg;Hell's Kitchen
6.50;2;2;202301;Jan;Sat;Evening;Low;Bakery;Biscotti;Hazelnut Biscotti;Hell's Kitchen
16.00;8;5;202301;Jan;Sat;Evening;Low;Coffee;Drip coffee;Our Old Time Diner Blend Sm;Hell's Kitchen
7.00;2;2;202301;Jan;Sat;Evening;Low;Bakery;Biscotti;Ginger Biscotti;Hell's Kitchen
30.00;12;7;202301;Jan;Sat;Evening;Med;Tea;Brewed Chai tea;Traditional Blend Chai Rg;Astoria
22.05;9;5;202301;Jan;Sat;Evening;Med;Coffee;Premium brewed coffee;Jamaican Coffee River Sm;Hell's Kitchen
11.25;3;3;202301;Jan;Sat;Evening;Low;Bakery;Scone;Jumbo Savory Scone;Hell's Kitchen
26.25;7;5;202301;Jan;Sat;Evening;Med;Coffee;Barista Espresso;Latte;Astoria
37.50;15;9;202301;Jan;Sat;Evening;Med;Tea;Brewed Black tea;Earl Grey Rg;Astoria
26.25;7;5;202301;Jan;Sat;Evening;Med;Coffee;Premium brewed coffee;Jamaican Coffee River Lg;Hell's Kitchen
14.25;3;2;202301;Jan;Sat;Evening;Low;Drinking Chocolate;Hot chocolate;Sustainably Grown Organic Lg;Hell's Kitchen
24.00;8;5;202301;Jan;Sat;Evening;Med;Tea;Brewed Green tea;Serenity Green Tea Lg;Astoria
27.50;11;9;202301;Jan;Sat;Evening;Med;Tea;Brewed Green tea;Serenity Green Tea Rg;Hell's Kitchen
17.00;4;3;202301;Jan;Sat;Evening;Low;Coffee;Barista Espresso;Latte Rg;Hell's Kitchen
0.80;1;1;202301;Jan;Sat;Evening;Low;Flavours;Regular syrup;Chocolate syrup;Hell's Kitchen
28.50;6;4;202301;Jan;Sat;Evening;Med;Drinking Chocolate;Hot chocolate;Sustainably Grown Organic Lg;Astoria
15.00;5;4;202301;Jan;Sat;Evening;Low;Tea;Brewed herbal tea;Lemon Grass Lg;Astoria
7.00;2;2;202301;Jan;Sat;Evening;Low;Bakery;Biscotti;Chocolate Chip Biscotti;Astoria
6.50;2;2;202301;Jan;Sat;Evening;Low;Bakery;Biscotti;Hazelnut Biscotti;Astoria
8.50;2;1;202301;Jan;Sat;Evening;Low;Coffee;Barista Espresso;Latte Rg;Astoria
4.50;1;1;202301;Jan;Sat;Evening;Low;Bakery;Scone;Scottish Cream Scone ;Astoria
14.70;6;4;202301;Jan;Sat;Evening;Low;Coffee;Premium brewed coffee;Jamaican Coffee River Sm;Astoria
27.00;9;5;202301;Jan;Sat;Evening;Med;Coffee;Gourmet brewed coffee;Ethiopia Rg;Astoria
15.00;4;3;202301;Jan;Sat;Evening;Low;Drinking Chocolate;Hot chocolate;Sustainably Grown Organic Rg;Hell's Kitchen
15.00;5;4;202301;Jan;Sat;Evening;Low;Coffee;Gourmet brewed coffee;Ethiopia Rg;Hell's Kitchen
49.00;14;9;202301;Jan;Sat;Evening;High;Drinking Chocolate;Hot chocolate;Dark chocolate Rg;Hell's Kitchen
3.50;1;1;202301;Jan;Sat;Evening;Low;Coffee;Gourmet brewed coffee;Ethiopia Lg;Hell's Kitchen
17.85;7;5;202301;Jan;Sat;Evening;Low;Tea;Brewed Chai tea;Spicy Eye Opener Chai Rg;Astoria
5.00;2;1;202301;Jan;Sat;Evening;Low;Tea;Brewed Green tea;Serenity Green Tea Rg;Astoria
9.00;3;3;202301;Jan;Sat;Evening;Low;Bakery;Scone;Oatmeal Scone;Hell's Kitchen
17.50;7;4;202301;Jan;Sat;Evening;Low;Tea;Brewed Black tea;English Breakfast Rg;Hell's Kitchen
15.00;6;4;202301;Jan;Sat;Evening;Low;Tea;Brewed Black tea;English Breakfast Rg;Astoria
17.50;7;5;202301;Jan;Sat;Evening;Low;Tea;Brewed herbal tea;Peppermint Rg;Hell's Kitchen
18.00;6;4;202301;Jan;Sat;Evening;Low;Coffee;Barista Espresso;Espresso shot;Hell's Kitchen
18.00;6;5;202301;Jan;Sat;Evening;Low;Tea;Brewed herbal tea;Lemon Grass Lg;Hell's Kitchen
10.50;3;2;202301;Jan;Sun;Night;Low;Drinking Chocolate;Hot chocolate;Dark chocolate Rg;Hell's Kitchen
6.00;2;1;202301;Jan;Sun;Night;Low;Tea;Brewed Black tea;Earl Grey Lg;Hell's Kitchen
4.40;2;1;202301;Jan;Sun;Night;Low;Coffee;Gourmet brewed coffee;Ethiopia Sm;Hell's Kitchen
6.00;3;2;202301;Jan;Sun;Night;Low;Coffee;Gourmet brewed coffee;Columbian Medium Roast Sm;Hell's Kitchen
42.50;17;10;202301;Jan;Sun;Morning;High;Tea;Brewed Black tea;English Breakfast Rg;Hell's Kitchen
1.60;2;1;202301;Jan;Sun;Morning;Low;Flavours;Regular syrup;Carmel syrup;Hell's Kitchen
48.00;16;11;202301;Jan;Sun;Morning;High;Tea;Brewed Black tea;English Breakfast Lg;Hell's Kitchen
4.00;5;4;202301;Jan;Sun;Morning;Low;Flavours;Sugar free syrup;Sugar Free Vanilla syrup;Hell's Kitchen
30.00;12;7;202301;Jan;Sun;Morning;Med;Tea;Brewed Chai tea;Traditional Blend Chai Rg;Hell's Kitchen
56.00;16;9;202301;Jan;Sun;Morning;High;Drinking Chocolate;Hot chocolate;Dark chocolate Rg;Hell's Kitchen
15.00;5;3;202301;Jan;Wed;Afternoon;Low;Tea;Brewed Black tea;English Breakfast Lg;Astoria
6.50;2;2;202301;Jan;Wed;Afternoon;Low;Bakery;Scone;Cranberry Scone;Astoria
12.50;5;3;202301;Jan;Wed;Afternoon;Low;Tea;Brewed Black tea;English Breakfast Rg;Lower Manhattan
18.00;6;4;202301;Jan;Wed;Evening;Low;Coffee;Drip coffee;Our Old Time Diner Blend Lg;Lower Manhattan
18.00;6;3;202301;Jan;Wed;Evening;Low;Tea;Brewed herbal tea;Lemon Grass Lg;Astoria
7.50;3;3;202301;Jan;Wed;Evening;Low;Tea;Brewed herbal tea;Lemon Grass Rg;Lower Manhattan
5.00;2;1;202301;Jan;Wed;Evening;Low;Tea;Brewed Black tea;Earl Grey Rg;Lower Manhattan
11.25;3;3;202301;Jan;Wed;Evening;Low;Bakery;Pastry;Almond Croissant;Astoria
6.00;2;2;202301;Jan;Wed;Evening;Low;Coffee;Barista Espresso;Espresso shot;Hell's Kitchen
56.25;15;10;202301;Jan;Thu;Morning;High;Coffee;Premium brewed coffee;Jamaican Coffee River Lg;Lower Manhattan
20.40;8;5;202301;Jan;Thu;Morning;very high;Tea;Brewed Chai tea;Spicy Eye Opener Chai Rg;Hell's Kitchen
71.25;15;12;202301;Jan;Thu;Morning;very high;Drinking Chocolate;Hot chocolate;Sustainably Grown Organic Lg;Hell's Kitchen
33.75;9;8;202301;Jan;Thu;Morning;Med;Coffee;Barista Espresso;Cappuccino;Lower Manhattan
30.00;12;8;202301;Jan;Thu;Morning;Med;Tea;Brewed Chai tea;Traditional Blend Chai Rg;Lower Manhattan
17.50;5;5;202301;Jan;Thu;Morning;Low;Bakery;Pastry;Croissant;Hell's Kitchen
31.50;9;9;202301;Jan;Thu;Morning;Med;Bakery;Pastry;Croissant;Lower Manhattan
18.00;6;4;202301;Jan;Thu;Morning;Low;Coffee;Gourmet brewed coffee;Columbian Medium Roast Lg;Hell's Kitchen
33.15;13;9;202301;Jan;Thu;Morning;Med;Tea;Brewed Chai tea;Spicy Eye Opener Chai Rg;Astoria
55.25;13;10;202301;Jan;Thu;Morning;High;Coffee;Barista Espresso;Cappuccino Lg;Astoria
37.40;17;11;202301;Jan;Thu;Morning;Med;Coffee;Gourmet brewed coffee;Ethiopia Sm;Astoria
13.00;4;4;202301;Jan;Thu;Morning;Low;Bakery;Scone;Cranberry Scone;Lower Manhattan
24.80;8;5;202301;Jan;Thu;Afternoon;Med;Coffee;Premium brewed coffee;Jamaican Coffee River Rg;Lower Manhattan
30.00;12;8;202301;Jan;Thu;Afternoon;Med;Coffee;Gourmet brewed coffee;Columbian Medium Roast Rg;Astoria
17.50;7;5;202301;Jan;Thu;Afternoon;Low;Coffee;Gourmet brewed coffee;Columbian Medium Roast Rg;Lower Manhattan
9.00;3;2;202301;Jan;Thu;Afternoon;Low;Tea;Brewed herbal tea;Lemon Grass Lg;Hell's Kitchen
12.00;4;2;202301;Jan;Thu;Afternoon;Low;Coffee;Barista Espresso;Espresso shot;Hell's Kitchen
27.50;11;7;202301;Jan;Thu;Afternoon;Med;Tea;Brewed herbal tea;Peppermint Rg;Hell's Kitchen
30.00;12;8;202301;Jan;Thu;Afternoon;Med;Coffee;Drip coffee;Our Old Time Diner Blend Rg;Astoria
4.40;2;1;202301;Jan;Thu;Afternoon;Low;Coffee;Gourmet brewed coffee;Ethiopia Sm;Astoria
25.50;6;4;202301;Jan;Thu;Afternoon;Med;Coffee;Barista Espresso;Cappuccino Lg;Hell's Kitchen
22.50;9;5;202301;Jan;Thu;Afternoon;Med;Tea;Brewed herbal tea;Peppermint Rg;Astoria
21.00;7;5;202301;Jan;Thu;Afternoon;Med;Tea;Brewed Black tea;English Breakfast Lg;Astoria
18.00;9;6;202301;Jan;Thu;Afternoon;Low;Coffee;Gourmet brewed coffee;Columbian Medium Roast Sm;Astoria
17.50;5;3;202301;Jan;Thu;Afternoon;Low;Coffee;Gourmet brewed coffee;Ethiopia Lg;Hell's Kitchen
10.50;3;2;202301;Jan;Thu;Afternoon;Low;Drinking Chocolate;Hot chocolate;Dark chocolate Rg;Hell's Kitchen
15.00;6;3;202301;Jan;Thu;Afternoon;Low;Tea;Brewed Black tea;Earl Grey Rg;Hell's Kitchen
10.00;5;3;202301;Jan;Thu;Afternoon;Low;Coffee;Gourmet brewed coffee;Columbian Medium Roast Sm;Lower Manhattan
24.50;7;4;202301;Jan;Thu;Afternoon;Med;Coffee;Organic brewed coffee;Brazilian Lg;Astoria
12.40;4;2;202301;Jan;Thu;Night;Low;Coffee;Premium brewed coffee;Jamaican Coffee River Rg;Hell's Kitchen
12.50;5;3;202301;Jan;Thu;Evening;Low;Tea;Brewed herbal tea;Peppermint Rg;Astoria
15.00;6;6;202301;Jan;Thu;Evening;Low;Tea;Brewed Chai tea;Traditional Blend Chai Rg;Astoria
15.00;5;3;202301;Jan;Thu;Evening;Low;Tea;Brewed Black tea;English Breakfast Lg;Astoria
25.50;6;5;202301;Jan;Thu;Evening;Med;Coffee;Barista Espresso;Latte Rg;Hell's Kitchen
17.50;7;6;202301;Jan;Thu;Evening;Low;Tea;Brewed Green tea;Serenity Green Tea Rg;Lower Manhattan
22.50;6;4;202301;Jan;Thu;Evening;Med;Coffee;Barista Espresso;Cappuccino;Hell's Kitchen
14.00;4;3;202301;Jan;Thu;Evening;Low;Coffee;Organic brewed coffee;Brazilian Lg;Lower Manhattan
9.80;4;2;202301;Jan;Thu;Evening;Low;Coffee;Premium brewed coffee;Jamaican Coffee River Sm;Astoria
11.25;3;3;202301;Jan;Thu;Evening;Low;Bakery;Scone;Jumbo Savory Scone;Astoria
6.50;2;2;202301;Jan;Thu;Evening;Low;Bakery;Scone;Ginger Scone;Astoria
6.00;2;1;202301;Jan;Thu;Evening;Low;Tea;Brewed Chai tea;Traditional Blend Chai Lg;Hell's Kitchen
18.00;6;4;202301;Jan;Thu;Evening;Low;Coffee;Gourmet brewed coffee;Ethiopia Rg;Astoria
10.50;3;3;202301;Jan;Thu;Evening;Low;Bakery;Biscotti;Ginger Biscotti;Hell's Kitchen
26.25;7;7;202301;Jan;Fri;Morning;Med;Bakery;Scone;Jumbo Savory Scone;Lower Manhattan
26.00;8;8;202301;Jan;Fri;Morning;Med;Bakery;Biscotti;Hazelnut Biscotti;Lower Manhattan
32.50;13;8;202301;Jan;Fri;Morning;Med;Tea;Brewed Chai tea;Morning Sunrise Chai Rg;Hell's Kitchen
22.00;10;7;202301;Jan;Fri;Morning;Med;Coffee;Gourmet brewed coffee;Ethiopia Sm;Hell's Kitchen
43.50;16;11;202301;Jan;Fri;Morning;High;Coffee;Barista Espresso;Ouro Brasileiro shot;Lower Manhattan
80.75;19;10;202301;Jan;Fri;Morning;very high;Coffee;Barista Espresso;Latte Rg;Hell's Kitchen
24.80;8;5;202301;Jan;Fri;Morning;Med;Coffee;Premium brewed coffee;Jamaican Coffee River Rg;Hell's Kitchen
38.50;11;7;202301;Jan;Fri;Morning;Med;Drinking Chocolate;Hot chocolate;Dark chocolate Rg;Hell's Kitchen
31.50;9;5;202301;Jan;Fri;Morning;Med;Drinking Chocolate;Hot chocolate;Dark chocolate Rg;Lower Manhattan
80.40;28;19;202301;Jan;Fri;Morning;very high;Coffee;Barista Espresso;Ouro Brasileiro shot;Hell's Kitchen
41.25;11;8;202301;Jan;Fri;Morning;High;Coffee;Barista Espresso;Cappuccino;Hell's Kitchen
59.50;14;7;202301;Jan;Fri;Morning;High;Coffee;Barista Espresso;Cappuccino Lg;Lower Manhattan
66.50;19;10;202301;Jan;Fri;Morning;very high;Coffee;Organic brewed coffee;Brazilian Lg;Hell's Kitchen
52.00;13;7;202301;Jan;Fri;Morning;High;Tea;Brewed Chai tea;Morning Sunrise Chai Lg;Hell's Kitchen
33.00;11;8;202301;Jan;Fri;Morning;Med;Tea;Brewed herbal tea;Peppermint Lg;Hell's Kitchen
56.25;15;10;202301;Jan;Fri;Morning;High;Coffee;Premium brewed coffee;Jamaican Coffee River Lg;Hell's Kitchen
24.00;6;5;202301;Jan;Fri;Morning;Med;Tea;Brewed Chai tea;Morning Sunrise Chai Lg;Astoria
75.00;25;13;202301;Jan;Fri;Morning;very high;Tea;Brewed Black tea;Earl Grey Lg;Lower Manhattan
4.25;1;1;202301;Jan;Fri;Night;Low;Coffee;Barista Espresso;Latte Rg;Lower Manhattan
34.00;8;4;202301;Jan;Fri;Afternoon;Med;Coffee;Barista Espresso;Cappuccino Lg;Astoria
31.00;10;8;202301;Jan;Fri;Afternoon;Med;Tea;Brewed Chai tea;Spicy Eye Opener Chai Lg;Astoria
15.00;6;3;202301;Jan;Fri;Afternoon;Low;Tea;Brewed herbal tea;Lemon Grass Rg;Lower Manhattan
7.50;3;2;202301;Jan;Fri;Afternoon;Low;Tea;Brewed Black tea;Earl Grey Rg;Hell's Kitchen
12.75;5;3;202301;Jan;Fri;Afternoon;Low;Tea;Brewed Chai tea;Spicy Eye Opener Chai Rg;Astoria
10.00;4;2;202301;Jan;Fri;Afternoon;Low;Tea;Brewed herbal tea;Peppermint Rg;Astoria
24.00;8;4;202301;Jan;Fri;Afternoon;Med;Coffee;Drip coffee;Our Old Time Diner Blend Lg;Hell's Kitchen
20.00;8;6;202301;Jan;Fri;Afternoon;Low;Coffee;Gourmet brewed coffee;Columbian Medium Roast Rg;Astoria
18.75;5;3;202301;Jan;Fri;Afternoon;Low;Coffee;Barista Espresso;Latte;Astoria
10.00;4;3;202301;Jan;Fri;Afternoon;Low;Coffee;Gourmet brewed coffee;Columbian Medium Roast Rg;Hell's Kitchen
21.00;7;5;202301;Jan;Fri;Afternoon;Med;Coffee;Gourmet brewed coffee;Columbian Medium Roast Lg;Hell's Kitchen
12.00;4;2;202301;Jan;Fri;Afternoon;Low;Tea;Brewed Green tea;Serenity Green Tea Lg;Astoria
11.25;3;3;202301;Jan;Fri;Afternoon;Low;Bakery;Scone;Jumbo Savory Scone;Astoria
12.00;4;2;202301;Jan;Fri;Afternoon;Low;Coffee;Gourmet brewed coffee;Ethiopia Rg;Hell's Kitchen
12.00;4;2;202301;Jan;Fri;Afternoon;Low;Coffee;Gourmet brewed coffee;Columbian Medium Roast Lg;Lower Manhattan
10.00;4;4;202301;Jan;Fri;Afternoon;Low;Tea;Brewed Chai tea;Morning Sunrise Chai Rg;Lower Manhattan
24.00;12;7;202301;Jan;Fri;Afternoon;Med;Coffee;Gourmet brewed coffee;Columbian Medium Roast Sm;Lower Manhattan
18.75;5;3;202301;Jan;Fri;Afternoon;Low;Drinking Chocolate;Hot chocolate;Sustainably Grown Organic Rg;Lower Manhattan
13.50;3;3;202301;Jan;Fri;Afternoon;Low;Bakery;Scone;Scottish Cream Scone ;Astoria
18.00;9;5;202301;Jan;Fri;Afternoon;Low;Coffee;Drip coffee;Our Old Time Diner Blend Sm;Lower Manhattan
32.00;8;8;202301;Jan;Fri;Afternoon;Med;Tea;Brewed Chai tea;Morning Sunrise Chai Lg;Astoria
13.00;4;4;202301;Jan;Fri;Afternoon;Low;Bakery;Scone;Ginger Scone;Astoria
21.00;7;3;202301;Jan;Fri;Afternoon;Med;Tea;Brewed Black tea;Earl Grey Lg;Lower Manhattan
15.00;5;3;202301;Jan;Fri;Afternoon;Low;Coffee;Gourmet brewed coffee;Ethiopia Rg;Lower Manhattan
24.00;8;4;202301;Jan;Fri;Afternoon;Med;Tea;Brewed Green tea;Serenity Green Tea Lg;Lower Manhattan
6.50;2;2;202301;Jan;Fri;Afternoon;Low;Bakery;Scone;Cranberry Scone;Lower Manhattan
47.50;10;6;202301;Jan;Fri;Afternoon;High;Drinking Chocolate;Hot chocolate;Sustainably Grown Organic Lg;Hell's Kitchen
3.00;1;1;202301;Jan;Fri;Afternoon;Low;Coffee;Barista Espresso;Espresso shot;Lower Manhattan
10.50;3;3;202301;Jan;Fri;Afternoon;Low;Bakery;Pastry;Croissant;Lower Manhattan
9.00;3;2;202301;Jan;Fri;Afternoon;Low;Coffee;Organic brewed coffee;Brazilian Rg;Astoria
42.50;10;5;202301;Jan;Fri;Afternoon;High;Coffee;Barista Espresso;Latte Rg;Lower Manhattan
4.40;2;2;202301;Jan;Fri;Afternoon;Low;Coffee;Gourmet brewed coffee;Ethiopia Sm;Lower Manhattan
3.50;1;1;202301;Jan;Fri;Afternoon;Low;Coffee;Gourmet brewed coffee;Ethiopia Lg;Hell's Kitchen
6.50;2;2;202301;Jan;Fri;Evening;Low;Bakery;Biscotti;Hazelnut Biscotti;Lower Manhattan
17.50;7;5;202301;Jan;Fri;Evening;Low;Tea;Brewed Chai tea;Morning Sunrise Chai Rg;Astoria
15.00;5;3;202301;Jan;Fri;Evening;Low;Tea;Brewed Chai tea;Traditional Blend Chai Lg;Astoria
12.00;4;4;202301;Jan;Fri;Evening;Low;Bakery;Scone;Oatmeal Scone;Astoria
12.00;4;3;202301;Jan;Fri;Evening;Low;Coffee;Organic brewed coffee;Brazilian Rg;Lower Manhattan
25.50;6;4;202301;Jan;Fri;Evening;Med;Coffee;Barista Espresso;Cappuccino Lg;Astoria
27.00;9;6;202301;Jan;Fri;Evening;Med;Coffee;Gourmet brewed coffee;Columbian Medium Roast Lg;Astoria
7.50;3;3;202301;Jan;Fri;Evening;Low;Tea;Brewed Black tea;English Breakfast Rg;Hell's Kitchen
9.00;3;2;202301;Jan;Fri;Evening;Low;Tea;Brewed Black tea;English Breakfast Lg;Lower Manhattan
17.50;5;3;202301;Jan;Fri;Evening;Low;Coffee;Gourmet brewed coffee;Ethiopia Lg;Astoria
16.25;5;5;202301;Jan;Fri;Evening;Low;Bakery;Scone;Cranberry Scone;Astoria
36.00;8;8;202301;Jan;Fri;Evening;Med;Bakery;Scone;Scottish Cream Scone ;Astoria
18.60;6;5;202301;Jan;Fri;Evening;Low;Tea;Brewed Chai tea;Spicy Eye Opener Chai Lg;Hell's Kitchen
14.00;4;4;202301;Jan;Fri;Evening;Low;Coffee;Gourmet brewed coffee;Ethiopia Lg;Hell's Kitchen
13.00;4;4;202301;Jan;Fri;Evening;Low;Bakery;Biscotti;Hazelnut Biscotti;Astoria
8.50;2;2;202301;Jan;Fri;Evening;Low;Coffee;Barista Espresso;Cappuccino Lg;Lower Manhattan
14.00;4;4;202301;Jan;Fri;Evening;Low;Bakery;Biscotti;Ginger Biscotti;Astoria
15.00;5;3;202301;Jan;Fri;Evening;Low;Coffee;Barista Espresso;Espresso shot;Hell's Kitchen
30.00;8;5;202301;Jan;Fri;Evening;Med;Coffee;Premium brewed coffee;Jamaican Coffee River Lg;Hell's Kitchen
6.00;2;1;202301;Jan;Fri;Evening;Low;Coffee;Barista Espresso;Espresso shot;Lower Manhattan
11.25;3;3;202301;Jan;Fri;Evening;Low;Bakery;Pastry;Chocolate Croissant;Lower Manhattan
18.00;6;4;202301;Jan;Fri;Evening;Low;Coffee;Barista Espresso;Espresso shot;Astoria
9.00;3;3;202301;Jan;Fri;Evening;Low;Tea;Brewed Black tea;English Breakfast Lg;Astoria
10.00;5;3;202301;Jan;Fri;Evening;Low;Coffee;Gourmet brewed coffee;Columbian Medium Roast Sm;Astoria
9.00;2;2;202301;Jan;Fri;Evening;Low;Drinking Chocolate;Hot chocolate;Dark chocolate Lg;Hell's Kitchen
9.50;2;1;202301;Jan;Sat;Night;Low;Drinking Chocolate;Hot chocolate;Sustainably Grown Organic Lg;Lower Manhattan
30.80;14;9;202301;Jan;Sat;Morning;Med;Coffee;Gourmet brewed coffee;Ethiopia Sm;Astoria
63.75;17;10;202301;Jan;Sat;Morning;very high;Coffee;Barista Espresso;Latte;Astoria
43.40;14;9;202301;Jan;Sat;Morning;High;Tea;Brewed Chai tea;Spicy Eye Opener Chai Lg;Lower Manhattan
21.00;6;6;202301;Jan;Sat;Morning;Med;Bakery;Biscotti;Ginger Biscotti;Lower Manhattan
48.00;16;10;202301;Jan;Sat;Morning;High;Coffee;Organic brewed coffee;Brazilian Rg;Lower Manhattan
27.50;11;8;202301;Jan;Sat;Morning;Med;Tea;Brewed Chai tea;Morning Sunrise Chai Rg;Lower Manhattan
31.50;9;9;202301;Jan;Sat;Morning;Med;Bakery;Biscotti;Chocolate Chip Biscotti;Lower Manhattan
32.00;8;6;202301;Jan;Sat;Morning;Med;Tea;Brewed Chai tea;Morning Sunrise Chai Lg;Astoria
22.50;9;6;202301;Jan;Sat;Morning;Med;Tea;Brewed herbal tea;Lemon Grass Rg;Lower Manhattan
30.80;14;9;202301;Jan;Sat;Morning;Med;Coffee;Gourmet brewed coffee;Ethiopia Sm;Lower Manhattan
108.00;5;5;202301;Jan;Sat;Morning;very high;Coffee beans;Organic Beans;Organic Decaf Blend;Lower Manhattan
10.50;3;3;202301;Jan;Sat;Morning;Low;Bakery;Biscotti;Chocolate Chip Biscotti;Astoria
39.00;13;9;202301;Jan;Sat;Morning;Med;Tea;Brewed herbal tea;Lemon Grass Lg;Lower Manhattan
27.00;9;6;202301;Jan;Sat;Morning;Med;Tea;Brewed Black tea;English Breakfast Lg;Astoria
72.25;17;10;202301;Jan;Sat;Morning;very high;Coffee;Barista Espresso;Latte Rg;Lower Manhattan
36.00;12;8;202301;Jan;Sat;Morning;Med;Coffee;Gourmet brewed coffee;Ethiopia Rg;Hell's Kitchen
12.00;15;11;202301;Jan;Sat;Morning;Low;Flavours;Sugar free syrup;Sugar Free Vanilla syrup;Hell's Kitchen
45.00;15;9;202301;Jan;Sat;Morning;High;Coffee;Organic brewed coffee;Brazilian Rg;Astoria
63.75;15;10;202301;Jan;Sat;Morning;very high;Coffee;Barista Espresso;Latte Rg;Astoria
12.00;15;10;202301;Jan;Sat;Morning;Low;Flavours;Regular syrup;Hazelnut syrup;Lower Manhattan
40.00;16;10;202301;Jan;Sat;Morning;Med;Tea;Brewed Green tea;Serenity Green Tea Rg;Astoria
52.00;13;9;202301;Jan;Sat;Morning;High;Tea;Brewed Chai tea;Morning Sunrise Chai Lg;Hell's Kitchen
12.80;16;10;202301;Jan;Sat;Morning;Low;Flavours;Regular syrup;Hazelnut syrup;Hell's Kitchen
21.00;7;3;202301;Jan;Sat;Morning;Med;Coffee;Gourmet brewed coffee;Ethiopia Rg;Lower Manhattan
40.00;16;8;202301;Jan;Sat;Morning;Med;Tea;Brewed Black tea;English Breakfast Rg;Lower Manhattan
35.00;14;10;202301;Jan;Sat;Morning;Med;Tea;Brewed Black tea;Earl Grey Rg;Hell's Kitchen
34.30;14;10;202301;Jan;Sat;Morning;Med;Coffee;Premium brewed coffee;Jamaican Coffee River Sm;Hell's Kitchen
39.00;12;12;202301;Jan;Sat;Morning;Med;Bakery;Biscotti;Hazelnut Biscotti;Hell's Kitchen
8.80;11;8;202301;Jan;Sat;Morning;Low;Flavours;Regular syrup;Carmel syrup;Hell's Kitchen
17.60;8;5;202301;Jan;Sat;Morning;Low;Coffee;Organic brewed coffee;Brazilian Sm;Hell's Kitchen
36.00;2;2;202301;Jan;Sat;Morning;Med;Coffee beans;Organic Beans;Brazilian - Organic;Hell's Kitchen
39.00;13;8;202301;Jan;Sat;Morning;Med;Tea;Brewed Green tea;Serenity Green Tea Lg;Lower Manhattan
40.00;16;11;202301;Jan;Sat;Morning;Med;Tea;Brewed Chai tea;Traditional Blend Chai Rg;Hell's Kitchen
9.50;1;1;202301;Jan;Sat;Morning;Low;Loose Tea;Chai tea;Morning Sunrise Chai;Hell's Kitchen
35.00;10;7;202301;Jan;Sat;Morning;Med;Coffee;Gourmet brewed coffee;Ethiopia Lg;Hell's Kitchen
9.00;3;3;202301;Jan;Sat;Morning;Low;Tea;Brewed herbal tea;Peppermint Lg;Astoria
33.75;9;5;202301;Jan;Sat;Morning;Med;Drinking Chocolate;Hot chocolate;Sustainably Grown Organic Rg;Lower Manhattan
10.00;1;1;202301;Jan;Sat;Morning;Low;Coffee beans;Green beans;Guatemalan Sustainably Grown;Lower Manhattan
15.00;6;4;202301;Jan;Sat;Morning;Low;Tea;Brewed herbal tea;Peppermint Rg;Astoria
37.50;10;10;202301;Jan;Sat;Morning;Med;Bakery;Scone;Jumbo Savory Scone;Hell's Kitchen
16.00;8;6;202301;Jan;Sat;Morning;Low;Coffee;Gourmet brewed coffee;Columbian Medium Roast Sm;Lower Manhattan
27.00;9;7;202301;Jan;Sat;Morning;Med;Tea;Brewed Green tea;Serenity Green Tea Lg;Astoria
24.00;8;6;202301;Jan;Sat;Morning;Med;Coffee;Gourmet brewed coffee;Columbian Medium Roast Lg;Lower Manhattan
7.50;2;2;202301;Jan;Sat;Afternoon;Low;Bakery;Pastry;Almond Croissant;Lower Manhattan
5.00;2;2;202301;Jan;Sat;Afternoon;Low;Coffee;Drip coffee;Our Old Time Diner Blend Rg;Astoria
10.00;5;4;202301;Jan;Sat;Afternoon;Low;Coffee;Gourmet brewed coffee;Columbian Medium Roast Sm;Astoria
17.50;7;4;202301;Jan;Sat;Afternoon;Low;Coffee;Gourmet brewed coffee;Columbian Medium Roast Rg;Hell's Kitchen
9.00;3;2;202301;Jan;Sat;Afternoon;Low;Tea;Brewed herbal tea;Lemon Grass Lg;Astoria
21.00;7;5;202301;Jan;Sat;Afternoon;Med;Coffee;Gourmet brewed coffee;Ethiopia Rg;Lower Manhattan
30.00;10;5;202301;Jan;Sat;Afternoon;Med;Coffee;Gourmet brewed coffee;Ethiopia Rg;Astoria
10.50;3;3;202301;Jan;Sat;Afternoon;Low;Bakery;Biscotti;Chocolate Chip Biscotti;Astoria
9.75;3;3;202301;Jan;Sat;Afternoon;Low;Bakery;Scone;Ginger Scone;Astoria
32.50;13;8;202301;Jan;Sat;Afternoon;Med;Tea;Brewed Green tea;Serenity Green Tea Rg;Hell's Kitchen
4.00;2;1;202301;Jan;Sat;Afternoon;Low;Coffee;Drip coffee;Our Old Time Diner Blend Sm;Astoria
3.00;1;1;202301;Jan;Sat;Afternoon;Low;Tea;Brewed Black tea;Earl Grey Lg;Astoria
1.60;2;1;202301;Jan;Sat;Night;Low;Flavours;Regular syrup;Hazelnut syrup;Lower Manhattan
19.75;7;5;202301;Jan;Sat;Afternoon;Low;Bakery;Scone;Ginger Scone;Lower Manhattan
22.50;9;6;202301;Jan;Sat;Afternoon;Med;Tea;Brewed Chai tea;Morning Sunrise Chai Rg;Hell's Kitchen
2.20;1;1;202301;Jan;Sat;Night;Low;Coffee;Organic brewed coffee;Brazilian Sm;Hell's Kitchen
48.00;16;9;202301;Jan;Sat;Evening;High;Tea;Brewed herbal tea;Peppermint Lg;Hell's Kitchen
31.50;9;5;202301;Jan;Sat;Evening;Med;Coffee;Organic brewed coffee;Brazilian Lg;Hell's Kitchen
18.00;6;4;202301;Jan;Sat;Evening;Low;Tea;Brewed Black tea;Earl Grey Lg;Astoria
12.00;4;3;202301;Jan;Sat;Evening;Low;Tea;Brewed Black tea;Earl Grey Lg;Hell's Kitchen
8.80;4;2;202301;Jan;Sat;Evening;Low;Coffee;Gourmet brewed coffee;Ethiopia Sm;Hell's Kitchen
3.50;1;1;202301;Jan;Sat;Evening;Low;Bakery;Pastry;Croissant;Astoria
15.00;5;3;202301;Jan;Sat;Evening;Low;Tea;Brewed herbal tea;Peppermint Lg;Astoria
39.00;13;8;202301;Jan;Sat;Evening;Med;Coffee;Drip coffee;Our Old Time Diner Blend Lg;Hell's Kitchen
17.50;7;4;202301;Jan;Sat;Evening;Low;Tea;Brewed Chai tea;Morning Sunrise Chai Rg;Astoria
14.00;4;3;202301;Jan;Sat;Evening;Low;Drinking Chocolate;Hot chocolate;Dark chocolate Rg;Astoria
15.00;5;3;202301;Jan;Sat;Evening;Low;Coffee;Drip coffee;Our Old Time Diner Blend Lg;Astoria
15.00;6;4;202301;Jan;Sat;Evening;Low;Tea;Brewed herbal tea;Lemon Grass Rg;Astoria
7.50;2;2;202301;Jan;Sat;Evening;Low;Coffee;Premium brewed coffee;Jamaican Coffee River Lg;Astoria
7.00;2;1;202301;Jan;Sat;Evening;Low;Coffee;Gourmet brewed coffee;Ethiopia Lg;Astoria
15.00;4;4;202301;Jan;Sat;Evening;Low;Bakery;Scone;Jumbo Savory Scone;Astoria
15.00;5;3;202301;Jan;Sat;Evening;Low;Tea;Brewed Chai tea;Traditional Blend Chai Lg;Hell's Kitchen
15.00;4;4;202301;Jan;Sat;Evening;Low;Bakery;Pastry;Chocolate Croissant;Hell's Kitchen
66.50;19;13;202301;Jan;Sun;Morning;very high;Coffee;Organic brewed coffee;Brazilian Lg;Hell's Kitchen
11.20;14;9;202301;Jan;Sun;Morning;Low;Flavours;Regular syrup;Hazelnut syrup;Lower Manhattan
72.00;4;3;202301;Jan;Sun;Morning;very high;Coffee beans;Organic Beans;Brazilian - Organic;Lower Manhattan
22.50;9;6;202301;Jan;Thu;Morning;Med;Tea;Brewed Black tea;English Breakfast Rg;Hell's Kitchen
9.00;2;2;202301;Jan;Thu;Afternoon;Low;Bakery;Scone;Scottish Cream Scone ;Lower Manhattan
21.00;7;5;202301;Jan;Thu;Evening;Med;Tea;Brewed herbal tea;Peppermint Lg;Astoria
42.25;13;13;202301;Jan;Fri;Morning;High;Bakery;Scone;Cranberry Scone;Lower Manhattan
21.00;7;4;202301;Jan;Fri;Afternoon;Med;Tea;Brewed Black tea;English Breakfast Lg;Lower Manhattan
7.50;3;3;202301;Jan;Fri;Afternoon;Low;Tea;Brewed Black tea;Earl Grey Rg;Astoria
17.00;4;3;202301;Jan;Fri;Evening;Low;Coffee;Barista Espresso;Latte Rg;Astoria
30.00;12;9;202301;Jan;Fri;Evening;Med;Tea;Brewed herbal tea;Lemon Grass Rg;Astoria
21.00;6;4;202301;Jan;Fri;Evening;Med;Coffee;Organic brewed coffee;Brazilian Lg;Astoria
37.50;10;9;202301;Jan;Sat;Morning;Med;Coffee;Premium brewed coffee;Jamaican Coffee River Lg;Astoria
24.00;8;6;202301;Jan;Sat;Morning;Med;Tea;Brewed Chai tea;Traditional Blend Chai Lg;Astoria
35.20;16;9;202301;Jan;Sat;Morning;Med;Coffee;Organic brewed coffee;Brazilian Sm;Lower Manhattan
63.75;15;11;202301;Jan;Sat;Morning;very high;Coffee;Barista Espresso;Cappuccino Lg;Hell's Kitchen
33.00;11;7;202301;Jan;Sat;Morning;Med;Tea;Brewed Black tea;Earl Grey Lg;Lower Manhattan
19.75;1;1;202301;Jan;Sat;Morning;Low;Coffee beans;Premium Beans;Jamacian Coffee River;Lower Manhattan
14.00;4;4;202301;Jan;Sat;Morning;Low;Bakery;Pastry;Croissant;Astoria
66.50;14;7;202301;Jan;Sat;Afternoon;very high;Drinking Chocolate;Hot chocolate;Sustainably Grown Organic Lg;Astoria
17.00;4;2;202301;Jan;Sat;Afternoon;Low;Coffee;Barista Espresso;Latte Rg;Hell's Kitchen
15.00;5;3;202301;Jan;Sat;Afternoon;Low;Tea;Brewed herbal tea;Peppermint Lg;Lower Manhattan
19.00;4;2;202301;Jan;Sat;Afternoon;Low;Drinking Chocolate;Hot chocolate;Sustainably Grown Organic Lg;Lower Manhattan
18.00;6;3;202301;Jan;Sat;Afternoon;Low;Tea;Brewed Green tea;Serenity Green Tea Lg;Hell's Kitchen
3.00;1;1;202301;Jan;Sat;Afternoon;Low;Tea;Brewed Chai tea;Traditional Blend Chai Lg;Hell's Kitchen
11.25;3;3;202301;Jan;Sat;Evening;Low;Bakery;Pastry;Almond Croissant;Hell's Kitchen
34.10;11;7;202301;Jan;Sat;Evening;Med;Coffee;Premium brewed coffee;Jamaican Coffee River Rg;Hell's Kitchen
18.00;6;4;202301;Jan;Sat;Evening;Low;Tea;Brewed Chai tea;Traditional Blend Chai Lg;Astoria
18.00;9;6;202301;Jan;Sun;Morning;Low;Coffee;Gourmet brewed coffee;Columbian Medium Roast Sm;Hell's Kitchen
16.00;20;10;202301;Jan;Sun;Morning;Low;Flavours;Regular syrup;Carmel syrup;Lower Manhattan
30.00;10;7;202301;Jan;Sun;Morning;Med;Tea;Brewed Black tea;English Breakfast Lg;Lower Manhattan
4.00;5;3;202301;Jan;Sun;Morning;Low;Flavours;Regular syrup;Hazelnut syrup;Hell's Kitchen
42.00;2;2;202301;Jan;Sun;Morning;High;Coffee beans;Gourmet Beans;Ethiopia;Lower Manhattan
37.50;15;8;202301;Jan;Sun;Morning;Med;Tea;Brewed Chai tea;Morning Sunrise Chai Rg;Astoria
58.90;19;11;202301;Jan;Sun;Morning;High;Tea;Brewed Chai tea;Spicy Eye Opener Chai Lg;Astoria
30.00;10;7;202301;Jan;Sun;Morning;Med;Coffee;Gourmet brewed coffee;Ethiopia Rg;Astoria
9.25;1;1;202301;Jan;Sun;Morning;Low;Loose Tea;Green tea;Serenity Green Tea;Astoria
38.25;15;10;202301;Jan;Sun;Morning;Med;Tea;Brewed Chai tea;Spicy Eye Opener Chai Rg;Astoria
31.50;7;5;202301;Jan;Sun;Morning;Med;Bakery;Scone;Scottish Cream Scone ;Astoria
31.50;9;6;202301;Jan;Sun;Morning;Med;Drinking Chocolate;Hot chocolate;Dark chocolate Rg;Astoria
27.50;11;6;202301;Jan;Sun;Morning;Med;Tea;Brewed herbal tea;Lemon Grass Rg;Lower Manhattan
22.50;9;7;202301;Jan;Sun;Morning;Med;Coffee;Gourmet brewed coffee;Columbian Medium Roast Rg;Hell's Kitchen
8.95;1;1;202301;Jan;Sun;Morning;Low;Loose Tea;Chai tea;Traditional Blend Chai;Hell's Kitchen
41.80;19;10;202301;Jan;Sun;Morning;High;Coffee;Gourmet brewed coffee;Ethiopia Sm;Lower Manhattan
46.50;15;10;202301;Jan;Sun;Morning;High;Coffee;Premium brewed coffee;Jamaican Coffee River Rg;Astoria
33.00;11;6;202301;Jan;Sun;Morning;Med;Tea;Brewed Chai tea;Traditional Blend Chai Lg;Lower Manhattan
22.50;1;1;202301;Jan;Sun;Morning;Med;Coffee beans;Organic Beans;Organic Decaf Blend;Lower Manhattan
24.80;8;7;202301;Jan;Sun;Morning;Med;Tea;Brewed Chai tea;Spicy Eye Opener Chai Lg;Hell's Kitchen
21.00;6;6;202301;Jan;Sun;Morning;Med;Bakery;Pastry;Croissant;Hell's Kitchen
48.00;16;9;202301;Jan;Sun;Morning;High;Coffee;Gourmet brewed coffee;Columbian Medium Roast Lg;Lower Manhattan
26.40;12;6;202301;Jan;Sun;Morning;Med;Coffee;Organic brewed coffee;Brazilian Sm;Hell's Kitchen
56.25;15;15;202301;Jan;Sun;Morning;High;Bakery;Pastry;Chocolate Croissant;Hell's Kitchen
32.50;13;8;202301;Jan;Sun;Morning;Med;Tea;Brewed herbal tea;Lemon Grass Rg;Astoria
14.75;1;1;202301;Jan;Sun;Morning;Low;Coffee beans;Espresso Beans;Espresso Roast;Lower Manhattan
25.00;10;5;202301;Jan;Sun;Morning;Med;Tea;Brewed Chai tea;Traditional Blend Chai Rg;Lower Manhattan
9.50;1;1;202301;Jan;Sun;Morning;Low;Loose Tea;Chai tea;Morning Sunrise Chai;Hell's Kitchen
10.50;3;3;202301;Jan;Sun;Morning;Low;Bakery;Biscotti;Chocolate Chip Biscotti;Hell's Kitchen
40.90;2;2;202301;Jan;Sun;Morning;very high;Coffee beans;Espresso Beans;Primo Espresso Roast;Hell's Kitchen
22.75;7;7;202301;Jan;Sun;Morning;Med;Bakery;Scone;Cranberry Scone;Astoria
24.00;8;5;202301;Jan;Sun;Morning;Med;Tea;Brewed herbal tea;Lemon Grass Lg;Hell's Kitchen
24.00;8;6;202301;Jan;Sun;Morning;Med;Coffee;Gourmet brewed coffee;Columbian Medium Roast Lg;Hell's Kitchen
12.00;3;3;202301;Jan;Sun;Morning;Low;Tea;Brewed Chai tea;Morning Sunrise Chai Lg;Astoria
42.00;14;10;202301;Jan;Sun;Morning;High;Coffee;Barista Espresso;Espresso shot;Hell's Kitchen
6.40;8;5;202301;Jan;Sun;Morning;Low;Flavours;Regular syrup;Chocolate syrup;Hell's Kitchen
22.75;7;7;202301;Jan;Sun;Morning;Med;Bakery;Scone;Cranberry Scone;Hell's Kitchen
15.20;2;2;202301;Jan;Sun;Morning;Low;Packaged Chocolate;Organic Chocolate;Sustainably Grown Organic;Hell's Kitchen
18.00;6;6;202301;Jan;Sun;Morning;Low;Bakery;Scone;Oatmeal Scone;Hell's Kitchen
42.00;3;3;202301;Jan;Sun;Morning;High;Branded;Housewares;I Need My Bean! Latte cup;Lower Manhattan
18.50;2;2;202301;Jan;Sun;Morning;Low;Loose Tea;Green tea;Serenity Green Tea;Lower Manhattan
14.75;1;1;202301;Jan;Sun;Morning;Low;Coffee beans;Espresso Beans;Espresso Roast;Astoria
14.70;6;4;202301;Jan;Sun;Morning;Low;Coffee;Premium brewed coffee;Jamaican Coffee River Sm;Hell's Kitchen
8.95;1;1;202301;Jan;Sun;Morning;Low;Loose Tea;Chai tea;Traditional Blend Chai;Astoria
22.50;9;6;202301;Jan;Sun;Morning;Med;Coffee;Gourmet brewed coffee;Columbian Medium Roast Rg;Astoria
5.60;7;3;202301;Jan;Sun;Morning;Low;Flavours;Sugar free syrup;Sugar Free Vanilla syrup;Lower Manhattan
18.00;6;6;202301;Jan;Sun;Morning;Low;Coffee;Drip coffee;Our Old Time Diner Blend Lg;Astoria
12.25;5;4;202301;Jan;Sun;Morning;Low;Coffee;Premium brewed coffee;Jamaican Coffee River Sm;Astoria
37.50;10;9;202301;Jan;Sun;Morning;Med;Bakery;Pastry;Almond Croissant;Astoria
34.00;8;5;202301;Jan;Sun;Morning;Med;Coffee;Barista Espresso;Latte Rg;Astoria
26.00;8;8;202301;Jan;Sun;Morning;Med;Bakery;Biscotti;Hazelnut Biscotti;Hell's Kitchen
19.50;8;7;202301;Jan;Sun;Morning;Low;Coffee;Barista Espresso;Ouro Brasileiro shot;Hell's Kitchen
26.25;7;6;202301;Jan;Sun;Morning;Med;Bakery;Pastry;Chocolate Croissant;Astoria
48.00;12;7;202301;Jan;Sun;Morning;High;Tea;Brewed Chai tea;Morning Sunrise Chai Lg;Hell's Kitchen
30.00;12;9;202301;Jan;Sun;Morning;Med;Tea;Brewed Green tea;Serenity Green Tea Rg;Lower Manhattan
15.00;4;4;202301;Jan;Sun;Morning;Low;Bakery;Scone;Jumbo Savory Scone;Hell's Kitchen
3.00;1;1;202301;Jan;Sun;Night;Low;Coffee;Organic brewed coffee;Brazilian Rg;Astoria
15.50;5;4;202301;Jan;Sun;Afternoon;Low;Tea;Brewed Chai tea;Spicy Eye Opener Chai Lg;Hell's Kitchen
22.50;9;7;202301;Jan;Sun;Afternoon;Med;Tea;Brewed Chai tea;Morning Sunrise Chai Rg;Lower Manhattan
4.00;5;2;202301;Jan;Sun;Afternoon;Low;Flavours;Sugar free syrup;Sugar Free Vanilla syrup;Lower Manhattan
11.25;3;2;202301;Jan;Sun;Afternoon;Low;Coffee;Barista Espresso;Cappuccino;Astoria
1.60;2;2;202301;Jan;Sun;Afternoon;Low;Flavours;Sugar free syrup;Sugar Free Vanilla syrup;Hell's Kitchen
24.00;8;6;202301;Jan;Sun;Afternoon;Med;Tea;Brewed Black tea;Earl Grey Lg;Astoria
12.00;4;3;202301;Jan;Sun;Afternoon;Low;Tea;Brewed herbal tea;Lemon Grass Lg;Hell's Kitchen
9.00;3;2;202301;Jan;Sun;Afternoon;Low;Coffee;Gourmet brewed coffee;Ethiopia Rg;Lower Manhattan
4.00;5;3;202301;Jan;Sun;Afternoon;Low;Flavours;Regular syrup;Carmel syrup;Lower Manhattan
10.95;1;1;202301;Jan;Sun;Afternoon;Low;Loose Tea;Chai tea;Spicy Eye Opener Chai;Astoria
7.00;2;2;202301;Jan;Sun;Afternoon;Low;Bakery;Biscotti;Chocolate Chip Biscotti;Hell's Kitchen
18.75;5;3;202301;Jan;Sun;Afternoon;Low;Bakery;Pastry;Chocolate Croissant;Astoria
3.75;1;1;202301;Jan;Sun;Afternoon;Low;Bakery;Pastry;Almond Croissant;Hell's Kitchen
9.00;3;2;202301;Jan;Sun;Afternoon;Low;Coffee;Barista Espresso;Espresso shot;Astoria
12.50;5;3;202301;Jan;Sun;Afternoon;Low;Tea;Brewed Chai tea;Traditional Blend Chai Rg;Hell's Kitchen
10.50;3;3;202301;Jan;Sun;Afternoon;Low;Bakery;Biscotti;Chocolate Chip Biscotti;Lower Manhattan
24.00;8;5;202301;Jan;Sun;Morning;Med;Coffee;Organic brewed coffee;Brazilian Rg;Hell's Kitchen
2.40;3;2;202301;Jan;Sun;Afternoon;Low;Flavours;Regular syrup;Carmel syrup;Hell's Kitchen
10.00;4;3;202301;Jan;Sun;Afternoon;Low;Tea;Brewed Black tea;English Breakfast Rg;Lower Manhattan
15.00;4;4;202301;Jan;Sun;Afternoon;Low;Bakery;Pastry;Almond Croissant;Lower Manhattan
6.40;8;4;202301;Jan;Sun;Evening;Low;Flavours;Sugar free syrup;Sugar Free Vanilla syrup;Lower Manhattan
3.20;4;2;202301;Jan;Sun;Evening;Low;Flavours;Regular syrup;Carmel syrup;Hell's Kitchen
13.33;1;1;202301;Jan;Sun;Evening;Low;Packaged Chocolate;Drinking Chocolate;Chili Mayan;Hell's Kitchen
10.50;3;3;202301;Jan;Sun;Evening;Low;Bakery;Biscotti;Chocolate Chip Biscotti;Astoria
14.25;3;2;202301;Jan;Sun;Evening;Low;Drinking Chocolate;Hot chocolate;Sustainably Grown Organic Lg;Lower Manhattan
26.25;7;6;202301;Jan;Sun;Evening;Med;Coffee;Barista Espresso;Latte;Lower Manhattan
3.25;1;1;202301;Jan;Sun;Evening;Low;Bakery;Biscotti;Hazelnut Biscotti;Lower Manhattan
3.75;1;1;202301;Jan;Sun;Evening;Low;Bakery;Pastry;Chocolate Croissant;Hell's Kitchen
10.00;4;2;202301;Jan;Sun;Evening;Low;Coffee;Gourmet brewed coffee;Columbian Medium Roast Rg;Lower Manhattan
17.90;2;2;202301;Jan;Sun;Evening;Low;Loose Tea;Black tea;English Breakfast;Hell's Kitchen
8.95;1;1;202301;Jan;Sun;Evening;Low;Loose Tea;Herbal tea;Lemon Grass;Astoria
9.00;3;2;202301;Jan;Sun;Evening;Low;Tea;Brewed Black tea;Earl Grey Lg;Lower Manhattan
12.00;4;4;202301;Jan;Sun;Evening;Low;Coffee;Organic brewed coffee;Brazilian Rg;Astoria
18.00;1;1;202301;Jan;Sun;Evening;Low;Coffee beans;Organic Beans;Brazilian - Organic;Astoria
21.00;7;5;202301;Jan;Sun;Evening;Med;Tea;Brewed Black tea;English Breakfast Lg;Astoria
3.50;1;1;202301;Jan;Sun;Evening;Low;Coffee;Gourmet brewed coffee;Ethiopia Lg;Lower Manhattan
15.00;6;3;202301;Jan;Sun;Evening;Low;Tea;Brewed Black tea;English Breakfast Rg;Hell's Kitchen
6.00;2;1;202301;Jan;Sun;Evening;Low;Tea;Brewed Black tea;Earl Grey Lg;Hell's Kitchen
0.80;1;1;202301;Jan;Sun;Evening;Low;Flavours;Regular syrup;Chocolate syrup;Hell's Kitchen
15.00;1;1;202301;Jan;Sun;Evening;Low;Coffee beans;Gourmet Beans;Columbian Medium Roast;Hell's Kitchen
3.00;1;1;202301;Jan;Sun;Evening;Low;Tea;Brewed herbal tea;Lemon Grass Lg;Lower Manhattan
3.20;4;2;202301;Jan;Sun;Evening;Low;Flavours;Regular syrup;Hazelnut syrup;Hell's Kitchen
15.00;4;2;202301;Jan;Sun;Evening;Low;Drinking Chocolate;Hot chocolate;Sustainably Grown Organic Rg;Lower Manhattan
9.00;3;2;202301;Jan;Sun;Evening;Low;Tea;Brewed Green tea;Serenity Green Tea Lg;Lower Manhattan
21.25;5;2;202301;Jan;Sun;Evening;Med;Coffee;Barista Espresso;Cappuccino Lg;Lower Manhattan
10.50;3;3;202301;Jan;Sun;Evening;Low;Bakery;Biscotti;Ginger Biscotti;Lower Manhattan
15.00;6;4;202301;Jan;Sun;Evening;Low;Tea;Brewed Black tea;English Breakfast Rg;Astoria
8.80;11;5;202301;Jan;Sun;Evening;Low;Flavours;Regular syrup;Hazelnut syrup;Lower Manhattan
9.75;3;2;202301;Jan;Sun;Evening;Low;Bakery;Scone;Ginger Scone;Astoria
10.00;1;1;202301;Jan;Sun;Evening;Low;Coffee beans;Green beans;Guatemalan Sustainably Grown;Astoria
24.00;8;5;202301;Jan;Sun;Evening;Med;Tea;Brewed herbal tea;Peppermint Lg;Astoria
14.00;1;1;202301;Jan;Sun;Evening;Low;Branded;Housewares;I Need My Bean! Latte cup;Astoria
8.95;1;1;202301;Jan;Sun;Evening;Low;Loose Tea;Herbal tea;Peppermint;Astoria
3.10;1;1;202301;Jan;Sun;Evening;Low;Coffee;Premium brewed coffee;Jamaican Coffee River Rg;Lower Manhattan
18.60;6;4;202301;Jan;Sun;Evening;Low;Tea;Brewed Chai tea;Spicy Eye Opener Chai Lg;Lower Manhattan
9.00;3;2;202301;Jan;Sun;Evening;Low;Coffee;Gourmet brewed coffee;Ethiopia Rg;Lower Manhattan
7.50;2;2;202301;Jan;Sun;Evening;Low;Bakery;Scone;Jumbo Savory Scone;Lower Manhattan
9.00;2;1;202301;Jan;Mon;Night;Low;Drinking Chocolate;Hot chocolate;Dark chocolate Lg;Hell's Kitchen
12.00;4;3;202301;Jan;Mon;Night;Low;Tea;Brewed Green tea;Serenity Green Tea Lg;Hell's Kitchen
2.45;1;1;202301;Jan;Mon;Night;Low;Coffee;Premium brewed coffee;Jamaican Coffee River Sm;Hell's Kitchen
7.00;2;2;202301;Jan;Mon;Night;Low;Bakery;Biscotti;Chocolate Chip Biscotti;Hell's Kitchen
5.00;2;1;202301;Jan;Mon;Night;Low;Tea;Brewed Green tea;Serenity Green Tea Rg;Hell's Kitchen
19.00;4;2;202301;Jan;Mon;Night;Low;Drinking Chocolate;Hot chocolate;Sustainably Grown Organic Lg;Hell's Kitchen
15.50;5;3;202301;Jan;Mon;Night;Low;Coffee;Premium brewed coffee;Jamaican Coffee River Rg;Hell's Kitchen
9.00;2;2;202301;Jan;Mon;Night;Low;Bakery;Scone;Scottish Cream Scone ;Hell's Kitchen
2.00;1;1;202301;Jan;Mon;Night;Low;Coffee;Gourmet brewed coffee;Columbian Medium Roast Sm;Hell's Kitchen
5.00;2;2;202301;Jan;Mon;Night;Low;Tea;Brewed herbal tea;Peppermint Rg;Hell's Kitchen
6.00;2;2;202301;Jan;Mon;Night;Low;Coffee;Organic brewed coffee;Brazilian Rg;Hell's Kitchen
3.50;1;1;202301;Jan;Mon;Night;Low;Bakery;Biscotti;Ginger Biscotti;Hell's Kitchen
3.00;1;1;202301;Jan;Mon;Night;Low;Tea;Brewed Chai tea;Traditional Blend Chai Lg;Hell's Kitchen
10.20;4;2;202301;Jan;Mon;Night;Low;Tea;Brewed Chai tea;Spicy Eye Opener Chai Rg;Hell's Kitchen
6.00;2;1;202301;Jan;Mon;Night;Low;Tea;Brewed Black tea;Earl Grey Lg;Hell's Kitchen
20.00;8;8;202301;Jan;Mon;Morning;Low;Tea;Brewed Chai tea;Morning Sunrise Chai Rg;Astoria
38.50;11;7;202301;Jan;Mon;Morning;Med;Drinking Chocolate;Hot chocolate;Dark chocolate Rg;Hell's Kitchen
54.00;12;9;202301;Jan;Mon;Morning;High;Drinking Chocolate;Hot chocolate;Dark chocolate Lg;Astoria
42.75;9;6;202301;Jan;Mon;Morning;High;Drinking Chocolate;Hot chocolate;Sustainably Grown Organic Lg;Astoria
60.00;16;16;202301;Jan;Mon;Morning;High;Bakery;Pastry;Chocolate Croissant;Astoria
45.00;15;8;202301;Jan;Mon;Morning;High;Coffee;Drip coffee;Our Old Time Diner Blend Lg;Hell's Kitchen
47.50;19;12;202301;Jan;Mon;Morning;High;Tea;Brewed Chai tea;Morning Sunrise Chai Rg;Hell's Kitchen
68.00;16;11;202301;Jan;Mon;Morning;very high;Coffee;Barista Espresso;Latte Rg;Lower Manhattan
60.00;15;10;202301;Jan;Mon;Morning;High;Tea;Brewed Chai tea;Morning Sunrise Chai Lg;Astoria
40.00;16;8;202301;Jan;Mon;Morning;Med;Tea;Brewed Chai tea;Traditional Blend Chai Rg;Lower Manhattan
16.25;5;5;202301;Jan;Mon;Morning;Low;Bakery;Scone;Ginger Scone;Astoria
17.90;2;2;202301;Jan;Mon;Morning;Low;Loose Tea;Black tea;English Breakfast;Lower Manhattan
43.40;14;11;202301;Jan;Mon;Morning;High;Tea;Brewed Chai tea;Spicy Eye Opener Chai Lg;Astoria
28.00;8;8;202301;Jan;Mon;Morning;Med;Bakery;Pastry;Croissant;Hell's Kitchen
40.30;13;8;202301;Jan;Mon;Morning;very high;Coffee;Premium brewed coffee;Jamaican Coffee River Rg;Astoria
7.60;1;1;202301;Jan;Mon;Morning;Low;Packaged Chocolate;Organic Chocolate;Sustainably Grown Organic;Astoria
7.20;9;6;202301;Jan;Mon;Morning;Low;Flavours;Regular syrup;Hazelnut syrup;Hell's Kitchen
18.00;9;5;202301;Jan;Mon;Morning;Low;Coffee;Drip coffee;Our Old Time Diner Blend Sm;Lower Manhattan
31.00;10;5;202301;Jan;Mon;Morning;Med;Coffee;Premium brewed coffee;Jamaican Coffee River Rg;Lower Manhattan
40.00;16;10;202301;Jan;Mon;Morning;Med;Tea;Brewed Chai tea;Traditional Blend Chai Rg;Hell's Kitchen
26.95;11;8;202301;Jan;Mon;Morning;Med;Coffee;Premium brewed coffee;Jamaican Coffee River Sm;Lower Manhattan
38.25;15;8;202301;Jan;Mon;Morning;Med;Tea;Brewed Chai tea;Spicy Eye Opener Chai Rg;Lower Manhattan
32.50;13;9;202301;Jan;Mon;Morning;Med;Tea;Brewed Green tea;Serenity Green Tea Rg;Astoria
32.50;13;10;202301;Jan;Mon;Morning;Med;Tea;Brewed Black tea;Earl Grey Rg;Lower Manhattan
37.37;11;11;202301;Jan;Mon;Morning;Med;Bakery;Biscotti;Hazelnut Biscotti;Lower Manhattan
39.00;13;8;202301;Jan;Mon;Morning;Med;Tea;Brewed Green tea;Serenity Green Tea Lg;Lower Manhattan
20.00;8;5;202301;Jan;Mon;Morning;Low;Tea;Brewed Black tea;Earl Grey Rg;Astoria
21.00;1;1;202301;Jan;Mon;Morning;Med;Coffee beans;Gourmet Beans;Ethiopia;Astoria
24.50;10;7;202301;Jan;Mon;Morning;Med;Coffee;Premium brewed coffee;Jamaican Coffee River Sm;Astoria
58.50;13;8;202301;Jan;Mon;Morning;High;Drinking Chocolate;Hot chocolate;Dark chocolate Lg;Lower Manhattan
140.00;10;6;202301;Jan;Mon;Morning;very high;Branded;Housewares;I Need My Bean! Latte cup;Lower Manhattan
63.75;15;12;202301;Jan;Mon;Morning;very high;Coffee;Barista Espresso;Latte Rg;Astoria
35.70;14;11;202301;Jan;Mon;Morning;Med;Tea;Brewed Chai tea;Spicy Eye Opener Chai Rg;Astoria
90.00;5;5;202301;Jan;Mon;Morning;very high;Coffee beans;House blend Beans;Our Old Time Diner Blend;Hell's Kitchen
33.00;11;7;202301;Jan;Mon;Morning;Med;Tea;Brewed Green tea;Serenity Green Tea Lg;Astoria
66.50;19;14;202301;Jan;Mon;Morning;very high;Coffee;Gourmet brewed coffee;Ethiopia Lg;Astoria
20.45;1;1;202301;Jan;Mon;Morning;very high;Coffee beans;Espresso Beans;Primo Espresso Roast;Astoria
33.00;11;7;202301;Jan;Mon;Morning;Med;Tea;Brewed Black tea;Earl Grey Lg;Astoria
31.50;7;7;202301;Jan;Mon;Morning;Med;Bakery;Scone;Scottish Cream Scone ;Astoria
8.95;1;1;202301;Jan;Mon;Morning;Low;Loose Tea;Herbal tea;Peppermint;Lower Manhattan
21.00;6;6;202301;Jan;Mon;Morning;Med;Bakery;Biscotti;Ginger Biscotti;Astoria
16.64;4;4;202301;Jan;Mon;Morning;Low;Bakery;Biscotti;Chocolate Chip Biscotti;Lower Manhattan
18.00;1;1;202301;Jan;Mon;Morning;Low;Coffee beans;Organic Beans;Brazilian - Organic;Lower Manhattan
39.99;3;3;202301;Jan;Mon;Morning;Med;Packaged Chocolate;Drinking Chocolate;Chili Mayan;Lower Manhattan
8.95;1;1;202301;Jan;Mon;Morning;Low;Loose Tea;Herbal tea;Peppermint;Astoria
43.40;14;10;202301;Jan;Mon;Morning;High;Tea;Brewed Chai tea;Spicy Eye Opener Chai Lg;Hell's Kitchen
40.00;16;11;202301;Jan;Mon;Morning;Med;Tea;Brewed herbal tea;Peppermint Rg;Astoria
33.75;9;6;202301;Jan;Mon;Morning;Med;Coffee;Barista Espresso;Cappuccino;Lower Manhattan
45.00;12;9;202301;Jan;Mon;Morning;High;Drinking Chocolate;Hot chocolate;Sustainably Grown Organic Rg;Hell's Kitchen
20.00;10;6;202301;Jan;Mon;Morning;Low;Coffee;Gourmet brewed coffee;Columbian Medium Roast Sm;Astoria
7.20;9;6;202301;Jan;Mon;Morning;Low;Flavours;Regular syrup;Carmel syrup;Hell's Kitchen
24.00;8;6;202301;Jan;Mon;Morning;Med;Tea;Brewed herbal tea;Peppermint Lg;Astoria
22.50;9;7;202301;Jan;Mon;Morning;Med;Coffee;Drip coffee;Our Old Time Diner Blend Rg;Astoria
75.00;20;12;202301;Jan;Mon;Morning;very high;Coffee;Premium brewed coffee;Jamaican Coffee River Lg;Lower Manhattan
84.00;3;3;202301;Jan;Mon;Morning;very high;Branded;Clothing;I Need My Bean! T-shirt;Lower Manhattan
8.80;11;7;202301;Jan;Mon;Morning;Low;Flavours;Regular syrup;Carmel syrup;Lower Manhattan
0.80;1;1;202301;Jan;Mon;Morning;Low;Flavours;Regular syrup;Hazelnut syrup;Lower Manhattan
19.75;1;1;202301;Jan;Mon;Morning;Low;Coffee beans;Premium Beans;Jamacian Coffee River;Lower Manhattan
30.00;10;6;202301;Jan;Mon;Morning;Med;Tea;Brewed herbal tea;Peppermint Lg;Lower Manhattan
17.90;2;2;202301;Jan;Mon;Morning;Low;Loose Tea;Black tea;Earl Grey;Lower Manhattan
33.75;9;5;202301;Jan;Mon;Morning;Med;Drinking Chocolate;Hot chocolate;Sustainably Grown Organic Rg;Lower Manhattan
28.13;6;6;202301;Jan;Mon;Morning;Med;Bakery;Scone;Scottish Cream Scone ;Lower Manhattan
53.44;14;14;202301;Jan;Mon;Morning;High;Bakery;Pastry;Chocolate Croissant;Lower Manhattan
4.80;6;4;202301;Jan;Mon;Morning;Low;Flavours;Sugar free syrup;Sugar Free Vanilla syrup;Hell's Kitchen
12.80;2;2;202301;Jan;Mon;Morning;Low;Packaged Chocolate;Drinking Chocolate;Dark chocolate;Hell's Kitchen
26.66;2;2;202301;Jan;Mon;Morning;Med;Packaged Chocolate;Drinking Chocolate;Chili Mayan;Astoria
67.50;3;3;202301;Jan;Mon;Morning;very high;Coffee beans;Organic Beans;Organic Decaf Blend;Hell's Kitchen
15.00;4;4;202301;Jan;Mon;Morning;Low;Bakery;Pastry;Almond Croissant;Hell's Kitchen
16.25;5;5;202301;Jan;Mon;Morning;Low;Bakery;Biscotti;Hazelnut Biscotti;Hell's Kitchen
15.00;4;3;202301;Jan;Mon;Morning;Low;Coffee;Barista Espresso;Latte;Lower Manhattan
25.86;9;6;202301;Jan;Mon;Morning;Med;Bakery;Scone;Ginger Scone;Lower Manhattan
26.85;3;3;202301;Jan;Mon;Morning;Med;Loose Tea;Herbal tea;Peppermint;Hell's Kitchen
5.00;2;1;202301;Jan;Mon;Night;Low;Tea;Brewed Chai tea;Traditional Blend Chai Rg;Astoria
12.00;4;2;202301;Jan;Mon;Afternoon;Low;Tea;Brewed Chai tea;Traditional Blend Chai Lg;Lower Manhattan
9.75;3;3;202301;Jan;Mon;Afternoon;Low;Bakery;Scone;Cranberry Scone;Hell's Kitchen
38.50;11;9;202301;Jan;Mon;Afternoon;Med;Coffee;Gourmet brewed coffee;Ethiopia Lg;Astoria
18.60;6;4;202301;Jan;Mon;Afternoon;Low;Tea;Brewed Chai tea;Spicy Eye Opener Chai Lg;Astoria
19.75;1;1;202301;Jan;Mon;Afternoon;Low;Coffee beans;Premium Beans;Jamacian Coffee River;Astoria
32.50;13;7;202301;Jan;Mon;Afternoon;Med;Tea;Brewed Chai tea;Morning Sunrise Chai Rg;Lower Manhattan
3.20;4;2;202301;Jan;Mon;Afternoon;Low;Flavours;Regular syrup;Carmel syrup;Hell's Kitchen
13.33;1;1;202301;Jan;Mon;Afternoon;Low;Packaged Chocolate;Drinking Chocolate;Chili Mayan;Astoria
7.50;3;3;202301;Jan;Mon;Afternoon;Low;Coffee;Gourmet brewed coffee;Columbian Medium Roast Rg;Hell's Kitchen
4.25;1;1;202301;Jan;Mon;Afternoon;Low;Coffee;Barista Espresso;Latte Rg;Hell's Kitchen
1.60;2;2;202301;Jan;Mon;Afternoon;Low;Flavours;Regular syrup;Hazelnut syrup;Hell's Kitchen
21.70;7;5;202301;Jan;Mon;Afternoon;Med;Coffee;Premium brewed coffee;Jamaican Coffee River Rg;Lower Manhattan
6.20;2;1;202301;Jan;Mon;Afternoon;Low;Tea;Brewed Chai tea;Spicy Eye Opener Chai Lg;Lower Manhattan
12.00;4;2;202301;Jan;Mon;Afternoon;Low;Tea;Brewed herbal tea;Peppermint Lg;Lower Manhattan
6.00;2;1;202301;Jan;Mon;Afternoon;Low;Coffee;Gourmet brewed coffee;Columbian Medium Roast Lg;Lower Manhattan
9.50;2;1;202301;Jan;Mon;Afternoon;Low;Drinking Chocolate;Hot chocolate;Sustainably Grown Organic Lg;Hell's Kitchen
10.50;3;3;202301;Jan;Mon;Afternoon;Low;Bakery;Pastry;Croissant;Hell's Kitchen
15.00;1;1;202301;Jan;Mon;Afternoon;Low;Coffee beans;Gourmet Beans;Columbian Medium Roast;Astoria
12.50;5;4;202301;Jan;Mon;Afternoon;Low;Tea;Brewed Black tea;Earl Grey Rg;Lower Manhattan
21.00;6;5;202301;Jan;Mon;Afternoon;Med;Drinking Chocolate;Hot chocolate;Dark chocolate Rg;Hell's Kitchen
4.40;2;1;202301;Jan;Mon;Night;Low;Coffee;Gourmet brewed coffee;Ethiopia Sm;Hell's Kitchen
11.25;3;2;202301;Jan;Mon;Evening;Low;Drinking Chocolate;Hot chocolate;Sustainably Grown Organic Rg;Hell's Kitchen
8.95;1;1;202301;Jan;Mon;Evening;Low;Loose Tea;Black tea;English Breakfast;Astoria
15.00;5;3;202301;Jan;Mon;Evening;Low;Tea;Brewed Green tea;Serenity Green Tea Lg;Lower Manhattan
3.50;1;1;202301;Jan;Mon;Evening;Low;Bakery;Biscotti;Chocolate Chip Biscotti;Hell's Kitchen
11.25;3;2;202301;Jan;Mon;Evening;Low;Coffee;Barista Espresso;Latte;Lower Manhattan
20.00;2;2;202301;Jan;Mon;Evening;Low;Coffee beans;Green beans;Guatemalan Sustainably Grown;Lower Manhattan
2.40;3;2;202301;Jan;Mon;Evening;Low;Flavours;Regular syrup;Hazelnut syrup;Hell's Kitchen
34.00;8;5;202301;Jan;Mon;Evening;Med;Coffee;Barista Espresso;Cappuccino Lg;Astoria
7.60;1;1;202301;Jan;Mon;Evening;Low;Packaged Chocolate;Organic Chocolate;Sustainably Grown Organic;Astoria
3.75;1;1;202301;Jan;Mon;Evening;Low;Bakery;Scone;Jumbo Savory Scone;Hell's Kitchen
14.75;1;1;202301;Jan;Mon;Evening;Low;Coffee beans;Espresso Beans;Espresso Roast;Hell's Kitchen
16.20;6;4;202301;Jan;Mon;Evening;Low;Coffee;Barista Espresso;Ouro Brasileiro shot;Hell's Kitchen
36.00;8;5;202301;Jan;Mon;Evening;Med;Drinking Chocolate;Hot chocolate;Dark chocolate Lg;Hell's Kitchen
28.00;8;5;202301;Jan;Mon;Evening;Med;Drinking Chocolate;Hot chocolate;Dark chocolate Rg;Hell's Kitchen
8.95;1;1;202301;Jan;Mon;Evening;Low;Loose Tea;Chai tea;Traditional Blend Chai;Astoria
6.00;2;2;202301;Jan;Mon;Evening;Low;Tea;Brewed herbal tea;Lemon Grass Lg;Lower Manhattan
12.19;3;3;202301;Jan;Mon;Evening;Low;Bakery;Scone;Jumbo Savory Scone;Lower Manhattan
3.10;1;1;202301;Jan;Mon;Evening;Low;Coffee;Premium brewed coffee;Jamaican Coffee River Rg;Hell's Kitchen
9.50;1;1;202301;Jan;Mon;Evening;Low;Loose Tea;Chai tea;Morning Sunrise Chai;Astoria
6.50;2;2;202301;Jan;Mon;Evening;Low;Bakery;Biscotti;Hazelnut Biscotti;Astoria
13.81;4;4;202301;Jan;Mon;Evening;Low;Bakery;Scone;Ginger Scone;Lower Manhattan
10.00;4;3;202301;Jan;Mon;Evening;Low;Tea;Brewed herbal tea;Lemon Grass Rg;Lower Manhattan
8.80;4;3;202301;Jan;Mon;Evening;Low;Coffee;Gourmet brewed coffee;Ethiopia Sm;Hell's Kitchen
7.00;2;1;202301;Jan;Mon;Evening;Low;Drinking Chocolate;Hot chocolate;Dark chocolate Rg;Lower Manhattan
12.50;5;2;202301;Jan;Mon;Evening;Low;Tea;Brewed Green tea;Serenity Green Tea Rg;Lower Manhattan
20.45;1;1;202301;Jan;Mon;Evening;very high;Coffee beans;Espresso Beans;Primo Espresso Roast;Lower Manhattan
15.00;4;4;202301;Jan;Tue;Night;Low;Bakery;Pastry;Chocolate Croissant;Lower Manhattan
3.50;1;1;202301;Jan;Tue;Night;Low;Coffee;Gourmet brewed coffee;Ethiopia Lg;Lower Manhattan
2.50;1;1;202301;Jan;Tue;Night;Low;Tea;Brewed Black tea;English Breakfast Rg;Lower Manhattan
31.50;7;5;202301;Jan;Tue;Night;Med;Drinking Chocolate;Hot chocolate;Dark chocolate Lg;Lower Manhattan
47.50;10;5;202301;Jan;Tue;Night;High;Drinking Chocolate;Hot chocolate;Sustainably Grown Organic Lg;Lower Manhattan
5.00;2;1;202301;Jan;Tue;Night;Low;Tea;Brewed Black tea;Earl Grey Rg;Hell's Kitchen
6.00;2;1;202301;Jan;Tue;Night;Low;Tea;Brewed Black tea;English Breakfast Lg;Lower Manhattan
10.50;3;3;202301;Jan;Tue;Night;Low;Bakery;Pastry;Croissant;Lower Manhattan
6.50;2;2;202301;Jan;Tue;Night;Low;Bakery;Scone;Ginger Scone;Lower Manhattan
12.00;3;2;202301;Jan;Tue;Night;Low;Tea;Brewed Chai tea;Morning Sunrise Chai Lg;Hell's Kitchen
7.00;2;2;202301;Jan;Tue;Night;Low;Bakery;Biscotti;Ginger Biscotti;Hell's Kitchen
11.25;3;2;202301;Jan;Tue;Night;Low;Coffee;Barista Espresso;Latte;Lower Manhattan
2.40;3;2;202301;Jan;Tue;Night;Low;Flavours;Regular syrup;Chocolate syrup;Lower Manhattan
3.10;1;1;202301;Jan;Tue;Night;Low;Coffee;Premium brewed coffee;Jamaican Coffee River Rg;Hell's Kitchen
5.00;2;2;202301;Jan;Tue;Night;Low;Tea;Brewed herbal tea;Lemon Grass Rg;Hell's Kitchen
7.50;2;1;202301;Jan;Tue;Night;Low;Coffee;Barista Espresso;Cappuccino;Hell's Kitchen
3.20;4;2;202301;Jan;Tue;Night;Low;Flavours;Regular syrup;Chocolate syrup;Hell's Kitchen
10.00;4;2;202301;Jan;Tue;Night;Low;Coffee;Gourmet brewed coffee;Columbian Medium Roast Rg;Lower Manhattan
3.00;1;1;202301;Jan;Tue;Night;Low;Tea;Brewed herbal tea;Lemon Grass Lg;Hell's Kitchen
3.20;4;2;202301;Jan;Tue;Night;Low;Flavours;Sugar free syrup;Sugar Free Vanilla syrup;Lower Manhattan
11.25;3;3;202301;Jan;Tue;Night;Low;Bakery;Scone;Jumbo Savory Scone;Lower Manhattan
18.75;5;3;202301;Jan;Tue;Night;Low;Drinking Chocolate;Hot chocolate;Sustainably Grown Organic Rg;Hell's Kitchen
3.00;1;1;202301;Jan;Tue;Night;Low;Coffee;Gourmet brewed coffee;Ethiopia Rg;Lower Manhattan
3.00;1;1;202301;Jan;Tue;Night;Low;Coffee;Gourmet brewed coffee;Ethiopia Rg;Hell's Kitchen
12.00;4;2;202301;Jan;Tue;Night;Low;Tea;Brewed herbal tea;Lemon Grass Lg;Lower Manhattan
2.00;1;1;202301;Jan;Tue;Night;Low;Coffee;Gourmet brewed coffee;Columbian Medium Roast Sm;Hell's Kitchen
6.00;2;2;202301;Jan;Tue;Night;Low;Tea;Brewed Chai tea;Traditional Blend Chai Lg;Hell's Kitchen
2.50;1;1;202301;Jan;Tue;Night;Low;Tea;Brewed herbal tea;Peppermint Rg;Hell's Kitchen
18.00;6;6;202301;Jan;Tue;Morning;Low;Bakery;Scone;Oatmeal Scone;Hell's Kitchen
9.60;12;8;202301;Jan;Tue;Morning;Low;Flavours;Regular syrup;Hazelnut syrup;Lower Manhattan
45.00;12;7;202301;Jan;Tue;Morning;High;Coffee;Barista Espresso;Latte;Astoria
10.40;13;7;202301;Jan;Tue;Morning;Low;Flavours;Regular syrup;Hazelnut syrup;Astoria
38.25;9;6;202301;Jan;Tue;Morning;Med;Coffee;Barista Espresso;Latte Rg;Hell's Kitchen
8.80;11;6;202301;Jan;Tue;Morning;Low;Flavours;Regular syrup;Carmel syrup;Hell's Kitchen
42.50;17;11;202301;Jan;Tue;Morning;High;Tea;Brewed Chai tea;Morning Sunrise Chai Rg;Astoria
51.00;17;9;202301;Jan;Tue;Morning;High;Tea;Brewed Black tea;Earl Grey Lg;Astoria
41.25;11;11;202301;Jan;Tue;Morning;High;Bakery;Pastry;Chocolate Croissant;Astoria
12.80;16;13;202301;Jan;Tue;Morning;Low;Flavours;Regular syrup;Carmel syrup;Lower Manhattan
26.25;7;7;202301;Jan;Tue;Morning;Med;Bakery;Scone;Jumbo Savory Scone;Lower Manhattan
10.40;13;8;202301;Jan;Tue;Morning;Low;Flavours;Regular syrup;Chocolate syrup;Lower Manhattan
40.00;16;10;202301;Jan;Tue;Morning;Med;Coffee;Drip coffee;Our Old Time Diner Blend Rg;Astoria
22.50;6;6;202301;Jan;Tue;Morning;Med;Bakery;Pastry;Almond Croissant;Astoria
24.00;8;5;202301;Jan;Tue;Morning;Med;Tea;Brewed Chai tea;Traditional Blend Chai Lg;Astoria
36.00;12;9;202301;Jan;Tue;Morning;Med;Coffee;Barista Espresso;Espresso shot;Astoria
12.00;15;9;202301;Jan;Tue;Morning;Low;Flavours;Regular syrup;Carmel syrup;Astoria
21.00;1;1;202301;Jan;Tue;Morning;Med;Coffee beans;Gourmet Beans;Ethiopia;Astoria
12.80;16;9;202301;Jan;Tue;Morning;Low;Flavours;Sugar free syrup;Sugar Free Vanilla syrup;Lower Manhattan
52.70;17;10;202301;Jan;Tue;Morning;High;Tea;Brewed Chai tea;Spicy Eye Opener Chai Lg;Hell's Kitchen
60.00;16;16;202301;Jan;Tue;Morning;High;Bakery;Pastry;Chocolate Croissant;Hell's Kitchen
31.50;9;9;202301;Jan;Tue;Morning;Med;Bakery;Pastry;Croissant;Hell's Kitchen
9.60;12;10;202301;Jan;Tue;Morning;Low;Flavours;Sugar free syrup;Sugar Free Vanilla syrup;Astoria
35.00;10;10;202301;Jan;Tue;Morning;Med;Bakery;Biscotti;Chocolate Chip Biscotti;Astoria
30.00;12;8;202301;Jan;Tue;Morning;Med;Tea;Brewed Green tea;Serenity Green Tea Rg;Lower Manhattan
7.60;1;1;202301;Jan;Tue;Morning;Low;Packaged Chocolate;Organic Chocolate;Sustainably Grown Organic;Lower Manhattan
40.50;9;7;202301;Jan;Tue;Morning;very high;Drinking Chocolate;Hot chocolate;Dark chocolate Lg;Astoria
20.00;8;5;202301;Jan;Tue;Morning;Low;Tea;Brewed herbal tea;Peppermint Rg;Astoria
24.00;12;9;202301;Jan;Tue;Morning;Med;Coffee;Gourmet brewed coffee;Columbian Medium Roast Sm;Hell's Kitchen
42.00;14;9;202301;Jan;Tue;Morning;High;Tea;Brewed herbal tea;Peppermint Lg;Astoria
48.00;12;8;202301;Jan;Tue;Morning;High;Tea;Brewed Chai tea;Morning Sunrise Chai Lg;Astoria
22.50;6;5;202301;Jan;Tue;Morning;Med;Coffee;Premium brewed coffee;Jamaican Coffee River Lg;Hell's Kitchen
33.00;15;10;202301;Jan;Tue;Morning;Med;Coffee;Organic brewed coffee;Brazilian Sm;Astoria
48.00;16;9;202301;Jan;Tue;Morning;High;Tea;Brewed Black tea;English Breakfast Lg;Astoria
30.00;8;8;202301;Jan;Tue;Morning;Med;Bakery;Scone;Jumbo Savory Scone;Hell's Kitchen
22.50;9;6;202301;Jan;Tue;Morning;Med;Tea;Brewed herbal tea;Peppermint Rg;Lower Manhattan
61.75;13;10;202301;Jan;Tue;Morning;very high;Drinking Chocolate;Hot chocolate;Sustainably Grown Organic Lg;Astoria
38.50;11;9;202301;Jan;Tue;Morning;Med;Drinking Chocolate;Hot chocolate;Dark chocolate Rg;Astoria
19.50;6;6;202301;Jan;Tue;Morning;Low;Bakery;Scone;Cranberry Scone;Astoria
25.00;10;8;202301;Jan;Tue;Morning;Med;Tea;Brewed Chai tea;Traditional Blend Chai Rg;Astoria
28.88;8;8;202301;Jan;Tue;Morning;Med;Bakery;Biscotti;Chocolate Chip Biscotti;Lower Manhattan
17.15;7;4;202301;Jan;Tue;Morning;Low;Coffee;Premium brewed coffee;Jamaican Coffee River Sm;Hell's Kitchen
19.50;6;6;202301;Jan;Tue;Morning;Low;Bakery;Scone;Cranberry Scone;Hell's Kitchen
6.40;8;5;202301;Jan;Tue;Morning;Low;Flavours;Regular syrup;Chocolate syrup;Astoria
3.25;1;1;202301;Jan;Tue;Night;Low;Bakery;Scone;Ginger Scone;Hell's Kitchen
10.50;3;3;202301;Jan;Tue;Morning;Low;Bakery;Biscotti;Ginger Biscotti;Hell's Kitchen
7.00;2;2;202301;Jan;Tue;Morning;Low;Bakery;Biscotti;Ginger Biscotti;Lower Manhattan
20.00;8;6;202301;Jan;Tue;Morning;Low;Coffee;Drip coffee;Our Old Time Diner Blend Rg;Lower Manhattan
33.00;11;7;202301;Jan;Tue;Morning;Med;Tea;Brewed herbal tea;Lemon Grass Lg;Astoria
24.50;7;5;202301;Jan;Tue;Morning;Med;Drinking Chocolate;Hot chocolate;Dark chocolate Rg;Hell's Kitchen
24.00;8;5;202301;Jan;Tue;Morning;Med;Coffee;Drip coffee;Our Old Time Diner Blend Lg;Lower Manhattan
34.10;11;6;202301;Jan;Tue;Morning;Med;Tea;Brewed Chai tea;Spicy Eye Opener Chai Lg;Lower Manhattan
72.25;17;11;202301;Jan;Tue;Morning;very high;Coffee;Barista Espresso;Latte Rg;Astoria
68.20;22;16;202301;Jan;Tue;Morning;very high;Tea;Brewed Chai tea;Spicy Eye Opener Chai Lg;Astoria
18.50;2;2;202301;Jan;Tue;Morning;Low;Loose Tea;Green tea;Serenity Green Tea;Astoria
45.00;2;2;202301;Jan;Tue;Morning;High;Coffee beans;Organic Beans;Organic Decaf Blend;Lower Manhattan
7.60;1;1;202301;Jan;Tue;Morning;Low;Packaged Chocolate;Organic Chocolate;Sustainably Grown Organic;Hell's Kitchen
20.00;10;7;202301;Jan;Tue;Morning;Low;Coffee;Drip coffee;Our Old Time Diner Blend Sm;Astoria
28.00;8;8;202301;Jan;Tue;Morning;Med;Bakery;Biscotti;Ginger Biscotti;Astoria
54.00;18;12;202301;Jan;Tue;Morning;High;Tea;Brewed Chai tea;Traditional Blend Chai Lg;Lower Manhattan
45.00;1;1;202301;Jan;Tue;Morning;High;Coffee beans;Premium Beans;Civet Cat;Lower Manhattan
8.95;1;1;202301;Jan;Tue;Morning;Low;Loose Tea;Chai tea;Traditional Blend Chai;Lower Manhattan
27.50;11;6;202301;Jan;Tue;Morning;Med;Tea;Brewed herbal tea;Lemon Grass Rg;Lower Manhattan
40.00;16;11;202301;Jan;Tue;Morning;Med;Coffee;Gourmet brewed coffee;Columbian Medium Roast Rg;Astoria
73.50;21;13;202301;Jan;Tue;Morning;very high;Drinking Chocolate;Hot chocolate;Dark chocolate Rg;Lower Manhattan
8.95;1;1;202301;Jan;Tue;Morning;Low;Loose Tea;Black tea;Earl Grey;Lower Manhattan
12.50;5;4;202301;Jan;Tue;Morning;Low;Tea;Brewed herbal tea;Lemon Grass Rg;Astoria
44.00;11;6;202301;Jan;Tue;Morning;High;Tea;Brewed Chai tea;Morning Sunrise Chai Lg;Lower Manhattan
19.00;2;2;202301;Jan;Tue;Morning;Low;Loose Tea;Chai tea;Morning Sunrise Chai;Hell's Kitchen
38.50;11;9;202301;Jan;Tue;Morning;Med;Coffee;Gourmet brewed coffee;Ethiopia Lg;Astoria
56.00;16;10;202301;Jan;Tue;Morning;High;Coffee;Organic brewed coffee;Brazilian Lg;Hell's Kitchen
30.60;12;7;202301;Jan;Tue;Morning;Med;Tea;Brewed Chai tea;Spicy Eye Opener Chai Rg;Astoria
26.40;12;9;202301;Jan;Tue;Morning;Med;Coffee;Gourmet brewed coffee;Ethiopia Sm;Astoria
40.90;2;2;202301;Jan;Tue;Morning;very high;Coffee beans;Espresso Beans;Primo Espresso Roast;Astoria
2.40;3;3;202301;Jan;Tue;Morning;Low;Flavours;Regular syrup;Hazelnut syrup;Hell's Kitchen
12.00;1;1;202301;Jan;Tue;Morning;Low;Branded;Housewares;I Need My Bean! Diner mug;Hell's Kitchen
39.50;2;2;202301;Jan;Tue;Morning;Med;Coffee beans;Premium Beans;Jamacian Coffee River;Lower Manhattan
4.80;6;5;202301;Jan;Tue;Morning;Low;Flavours;Regular syrup;Chocolate syrup;Hell's Kitchen
24.00;2;2;202301;Jan;Tue;Morning;Med;Branded;Housewares;I Need My Bean! Diner mug;Lower Manhattan
17.50;5;4;202301;Jan;Tue;Afternoon;Low;Coffee;Gourmet brewed coffee;Ethiopia Lg;Hell's Kitchen
18.00;1;1;202301;Jan;Tue;Afternoon;Low;Coffee beans;Organic Beans;Brazilian - Organic;Lower Manhattan
4.00;1;1;202301;Jan;Tue;Afternoon;Low;Tea;Brewed Chai tea;Morning Sunrise Chai Lg;Hell's Kitchen
10.00;4;2;202301;Jan;Tue;Afternoon;Low;Tea;Brewed Black tea;Earl Grey Rg;Lower Manhattan
4.00;5;3;202301;Jan;Tue;Afternoon;Low;Flavours;Regular syrup;Chocolate syrup;Hell's Kitchen
5.60;7;4;202301;Jan;Tue;Afternoon;Low;Flavours;Sugar free syrup;Sugar Free Vanilla syrup;Hell's Kitchen
7.50;3;2;202301;Jan;Tue;Afternoon;Low;Coffee;Drip coffee;Our Old Time Diner Blend Rg;Lower Manhattan
7.50;2;2;202301;Jan;Tue;Afternoon;Low;Bakery;Pastry;Almond Croissant;Astoria
6.00;3;2;202301;Jan;Tue;Afternoon;Low;Coffee;Gourmet brewed coffee;Columbian Medium Roast Sm;Hell's Kitchen
10.00;5;4;202301;Jan;Tue;Afternoon;Low;Coffee;Gourmet brewed coffee;Columbian Medium Roast Sm;Lower Manhattan
11.25;3;3;202301;Jan;Tue;Afternoon;Low;Bakery;Pastry;Almond Croissant;Lower Manhattan
24.00;8;5;202301;Jan;Tue;Afternoon;Med;Coffee;Drip coffee;Our Old Time Diner Blend Lg;Lower Manhattan
25.00;10;5;202301;Jan;Tue;Afternoon;Med;Tea;Brewed Chai tea;Traditional Blend Chai Rg;Lower Manhattan
2.40;3;2;202301;Jan;Tue;Afternoon;Low;Flavours;Regular syrup;Carmel syrup;Hell's Kitchen
12.50;5;4;202301;Jan;Tue;Afternoon;Low;Tea;Brewed herbal tea;Peppermint Rg;Lower Manhattan
34.10;11;7;202301;Jan;Tue;Afternoon;Med;Coffee;Premium brewed coffee;Jamaican Coffee River Rg;Astoria
12.00;1;1;202301;Jan;Tue;Afternoon;Low;Branded;Housewares;I Need My Bean! Diner mug;Astoria
4.00;5;3;202301;Jan;Tue;Afternoon;Low;Flavours;Sugar free syrup;Sugar Free Vanilla syrup;Lower Manhattan
6.50;2;2;202301;Jan;Tue;Afternoon;Low;Bakery;Biscotti;Hazelnut Biscotti;Lower Manhattan
9.75;3;3;202301;Jan;Tue;Afternoon;Low;Bakery;Scone;Cranberry Scone;Lower Manhattan
0.80;1;1;202301;Jan;Tue;Afternoon;Low;Flavours;Regular syrup;Hazelnut syrup;Astoria
9.50;2;1;202301;Jan;Tue;Afternoon;Low;Drinking Chocolate;Hot chocolate;Sustainably Grown Organic Lg;Astoria
3.25;1;1;202301;Jan;Tue;Afternoon;Low;Bakery;Biscotti;Hazelnut Biscotti;Hell's Kitchen
8.95;1;1;202301;Jan;Tue;Afternoon;Low;Loose Tea;Black tea;Earl Grey;Hell's Kitchen
11.25;3;2;202301;Jan;Tue;Evening;Low;Drinking Chocolate;Hot chocolate;Sustainably Grown Organic Rg;Lower Manhattan
5.00;2;1;202301;Jan;Tue;Evening;Low;Tea;Brewed herbal tea;Lemon Grass Rg;Lower Manhattan
0.80;1;1;202301;Jan;Tue;Evening;Low;Flavours;Regular syrup;Carmel syrup;Astoria
8.00;2;2;202301;Jan;Tue;Evening;Low;Tea;Brewed Chai tea;Morning Sunrise Chai Lg;Lower Manhattan
7.20;9;5;202301;Jan;Tue;Evening;Low;Flavours;Sugar free syrup;Sugar Free Vanilla syrup;Hell's Kitchen
8.95;1;1;202301;Jan;Tue;Evening;Low;Loose Tea;Herbal tea;Peppermint;Hell's Kitchen
10.00;5;3;202301;Jan;Tue;Evening;Low;Coffee;Drip coffee;Our Old Time Diner Blend Sm;Lower Manhattan
5.00;2;2;202301;Jan;Tue;Evening;Low;Tea;Brewed Black tea;English Breakfast Rg;Lower Manhattan
17.50;5;2;202301;Jan;Tue;Evening;Low;Coffee;Gourmet brewed coffee;Ethiopia Lg;Lower Manhattan
12.00;3;2;202301;Jan;Tue;Evening;Low;Tea;Brewed Chai tea;Morning Sunrise Chai Lg;Hell's Kitchen
1.60;2;1;202301;Jan;Tue;Evening;Low;Flavours;Regular syrup;Hazelnut syrup;Lower Manhattan
12.50;5;3;202301;Jan;Tue;Evening;Low;Coffee;Gourmet brewed coffee;Columbian Medium Roast Rg;Hell's Kitchen
0.80;1;1;202301;Jan;Tue;Evening;Low;Flavours;Regular syrup;Hazelnut syrup;Astoria
9.75;3;3;202301;Jan;Tue;Evening;Low;Bakery;Scone;Cranberry Scone;Astoria
10.00;4;3;202301;Jan;Tue;Evening;Low;Tea;Brewed Chai tea;Morning Sunrise Chai Rg;Hell's Kitchen
17.50;7;4;202301;Jan;Tue;Evening;Low;Coffee;Drip coffee;Our Old Time Diner Blend Rg;Hell's Kitchen
3.20;4;2;202301;Jan;Tue;Evening;Low;Flavours;Sugar free syrup;Sugar Free Vanilla syrup;Astoria
5.00;2;1;202301;Jan;Tue;Evening;Low;Tea;Brewed herbal tea;Peppermint Rg;Astoria
10.95;1;1;202301;Jan;Tue;Evening;Low;Loose Tea;Chai tea;Spicy Eye Opener Chai;Astoria
3.50;1;1;202301;Jan;Tue;Evening;Low;Bakery;Biscotti;Ginger Biscotti;Hell's Kitchen
11.25;3;3;202301;Jan;Tue;Evening;Low;Bakery;Pastry;Almond Croissant;Astoria
9.00;3;2;202301;Jan;Wed;Night;Low;Tea;Brewed Chai tea;Traditional Blend Chai Lg;Lower Manhattan
4.50;1;1;202301;Jan;Wed;Night;Low;Bakery;Scone;Scottish Cream Scone ;Lower Manhattan
7.50;2;2;202301;Jan;Wed;Night;Low;Bakery;Pastry;Chocolate Croissant;Lower Manhattan
2.00;1;1;202301;Jan;Wed;Night;Low;Coffee;Gourmet brewed coffee;Columbian Medium Roast Sm;Lower Manhattan
15.00;4;2;202301;Jan;Wed;Night;Low;Coffee;Barista Espresso;Cappuccino;Lower Manhattan
1.60;2;1;202301;Jan;Wed;Night;Low;Flavours;Regular syrup;Chocolate syrup;Lower Manhattan
3.25;1;1;202301;Jan;Wed;Night;Low;Bakery;Biscotti;Hazelnut Biscotti;Lower Manhattan
15.00;4;2;202301;Jan;Wed;Night;Low;Drinking Chocolate;Hot chocolate;Sustainably Grown Organic Rg;Lower Manhattan
18.00;6;3;202301;Jan;Wed;Night;Low;Tea;Brewed Green tea;Serenity Green Tea Lg;Lower Manhattan
12.50;5;2;202301;Jan;Wed;Night;Low;Tea;Brewed Green tea;Serenity Green Tea Rg;Lower Manhattan
6.50;2;2;202301;Jan;Wed;Night;Low;Bakery;Scone;Cranberry Scone;Lower Manhattan
9.00;3;2;202301;Jan;Wed;Night;Low;Tea;Brewed herbal tea;Peppermint Lg;Lower Manhattan
18.00;1;1;202301;Jan;Wed;Night;Low;Coffee beans;House blend Beans;Our Old Time Diner Blend;Lower Manhattan
8.80;4;3;202301;Jan;Wed;Night;Low;Coffee;Organic brewed coffee;Brazilian Sm;Lower Manhattan
8.50;2;1;202301;Jan;Wed;Night;Low;Coffee;Barista Espresso;Cappuccino Lg;Lower Manhattan
2.40;3;1;202301;Jan;Wed;Night;Low;Flavours;Regular syrup;Carmel syrup;Lower Manhattan
5.00;2;2;202301;Jan;Wed;Night;Low;Tea;Brewed herbal tea;Peppermint Rg;Lower Manhattan
9.80;4;2;202301;Jan;Wed;Night;Low;Coffee;Premium brewed coffee;Jamaican Coffee River Sm;Lower Manhattan
10.50;3;2;202301;Jan;Wed;Night;Low;Coffee;Organic brewed coffee;Brazilian Lg;Lower Manhattan
33.25;7;3;202301;Jan;Wed;Night;Med;Drinking Chocolate;Hot chocolate;Sustainably Grown Organic Lg;Lower Manhattan
5.00;2;1;202301;Jan;Wed;Night;Low;Tea;Brewed herbal tea;Lemon Grass Rg;Lower Manhattan
6.50;2;2;202301;Jan;Wed;Night;Low;Bakery;Biscotti;Hazelnut Biscotti;Hell's Kitchen
6.20;2;1;202301;Jan;Wed;Night;Low;Tea;Brewed Chai tea;Spicy Eye Opener Chai Lg;Lower Manhattan
14.25;3;2;202301;Jan;Wed;Night;Low;Drinking Chocolate;Hot chocolate;Sustainably Grown Organic Lg;Hell's Kitchen
2.50;1;1;202301;Jan;Wed;Night;Low;Tea;Brewed herbal tea;Lemon Grass Rg;Hell's Kitchen
7.50;3;2;202301;Jan;Wed;Night;Low;Tea;Brewed Chai tea;Traditional Blend Chai Rg;Hell's Kitchen
9.00;2;2;202301;Jan;Wed;Night;Low;Bakery;Scone;Scottish Cream Scone ;Hell's Kitchen
21.25;5;3;202301;Jan;Wed;Night;Med;Coffee;Barista Espresso;Cappuccino Lg;Hell's Kitchen
3.00;1;1;202301;Jan;Wed;Night;Low;Coffee;Drip coffee;Our Old Time Diner Blend Lg;Lower Manhattan
8.50;2;1;202301;Jan;Wed;Night;Low;Coffee;Barista Espresso;Latte Rg;Hell's Kitchen
0.80;1;1;202301;Jan;Wed;Night;Low;Flavours;Regular syrup;Carmel syrup;Hell's Kitchen
6.00;2;1;202301;Jan;Wed;Night;Low;Tea;Brewed Green tea;Serenity Green Tea Lg;Hell's Kitchen
3.00;1;1;202301;Jan;Wed;Night;Low;Coffee;Gourmet brewed coffee;Columbian Medium Roast Lg;Hell's Kitchen
9.50;1;1;202301;Jan;Wed;Night;Low;Loose Tea;Chai tea;Morning Sunrise Chai;Hell's Kitchen
4.80;6;5;202301;Jan;Wed;Morning;Low;Flavours;Regular syrup;Carmel syrup;Hell's Kitchen
17.50;5;5;202301;Jan;Wed;Morning;Low;Bakery;Biscotti;Chocolate Chip Biscotti;Hell's Kitchen
15.20;2;2;202301;Jan;Wed;Morning;Low;Packaged Chocolate;Organic Chocolate;Sustainably Grown Organic;Hell's Kitchen
17.50;5;5;202301;Jan;Wed;Morning;Low;Bakery;Biscotti;Ginger Biscotti;Lower Manhattan
54.00;18;11;202301;Jan;Wed;Morning;High;Coffee;Gourmet brewed coffee;Ethiopia Rg;Astoria
7.50;3;2;202301;Jan;Wed;Night;Low;Coffee;Gourmet brewed coffee;Columbian Medium Roast Rg;Hell's Kitchen
2.40;3;2;202301;Jan;Wed;Night;Low;Flavours;Regular syrup;Hazelnut syrup;Hell's Kitchen
46.50;15;7;202301;Jan;Wed;Morning;High;Tea;Brewed Chai tea;Spicy Eye Opener Chai Lg;Lower Manhattan
25.00;10;6;202301;Jan;Wed;Morning;Med;Tea;Brewed Black tea;English Breakfast Rg;Astoria
32.50;10;10;202301;Jan;Wed;Morning;Med;Bakery;Biscotti;Hazelnut Biscotti;Hell's Kitchen
54.00;18;9;202301;Jan;Wed;Morning;High;Tea;Brewed Chai tea;Traditional Blend Chai Lg;Lower Manhattan
28.00;1;1;202301;Jan;Wed;Morning;Med;Branded;Clothing;I Need My Bean! T-shirt;Hell's Kitchen
60.00;16;9;202301;Jan;Wed;Morning;High;Coffee;Barista Espresso;Latte;Astoria
40.50;9;9;202301;Jan;Wed;Morning;very high;Bakery;Scone;Scottish Cream Scone ;Hell's Kitchen
22.50;6;6;202301;Jan;Wed;Morning;Med;Bakery;Pastry;Chocolate Croissant;Hell's Kitchen
9.00;3;3;202301;Jan;Wed;Morning;Low;Tea;Brewed herbal tea;Lemon Grass Lg;Hell's Kitchen
27.00;9;6;202301;Jan;Wed;Morning;Med;Tea;Brewed Green tea;Serenity Green Tea Lg;Astoria
12.50;5;3;202301;Jan;Wed;Morning;Low;Coffee;Gourmet brewed coffee;Columbian Medium Roast Rg;Lower Manhattan
15.00;4;4;202301;Jan;Wed;Morning;Low;Bakery;Pastry;Almond Croissant;Hell's Kitchen
67.50;15;9;202301;Jan;Wed;Morning;very high;Drinking Chocolate;Hot chocolate;Dark chocolate Lg;Astoria
7.50;2;2;202301;Jan;Wed;Morning;Low;Bakery;Scone;Jumbo Savory Scone;Lower Manhattan
47.50;10;8;202301;Jan;Wed;Morning;High;Drinking Chocolate;Hot chocolate;Sustainably Grown Organic Lg;Astoria
39.00;13;7;202301;Jan;Wed;Morning;Med;Tea;Brewed herbal tea;Lemon Grass Lg;Astoria
14.00;4;4;202301;Jan;Wed;Morning;Low;Bakery;Biscotti;Chocolate Chip Biscotti;Astoria
56.25;15;9;202301;Jan;Wed;Morning;High;Drinking Chocolate;Hot chocolate;Sustainably Grown Organic Rg;Lower Manhattan
40.90;2;2;202301;Jan;Wed;Morning;very high;Coffee beans;Espresso Beans;Primo Espresso Roast;Lower Manhattan
7.00;2;2;202301;Jan;Wed;Morning;Low;Bakery;Biscotti;Ginger Biscotti;Astoria
18.00;6;3;202301;Jan;Wed;Morning;Low;Coffee;Gourmet brewed coffee;Columbian Medium Roast Lg;Hell's Kitchen
41.25;11;6;202301;Jan;Wed;Morning;High;Coffee;Barista Espresso;Cappuccino;Lower Manhattan
5.60;7;4;202301;Jan;Wed;Morning;Low;Flavours;Regular syrup;Hazelnut syrup;Lower Manhattan
13.00;4;4;202301;Jan;Wed;Morning;Low;Bakery;Scone;Cranberry Scone;Lower Manhattan
15.00;5;5;202301;Jan;Wed;Morning;Low;Bakery;Scone;Oatmeal Scone;Hell's Kitchen
40.00;16;11;202301;Jan;Wed;Morning;Med;Tea;Brewed Chai tea;Morning Sunrise Chai Rg;Hell's Kitchen
28.00;8;5;202301;Jan;Wed;Morning;Med;Coffee;Organic brewed coffee;Brazilian Lg;Astoria
43.40;14;9;202301;Jan;Wed;Morning;High;Tea;Brewed Chai tea;Spicy Eye Opener Chai Lg;Astoria
46.50;15;8;202301;Jan;Wed;Morning;High;Coffee;Premium brewed coffee;Jamaican Coffee River Rg;Astoria
19.50;6;6;202301;Jan;Wed;Morning;Low;Bakery;Scone;Cranberry Scone;Hell's Kitchen
24.50;7;5;202301;Jan;Wed;Morning;Med;Coffee;Gourmet brewed coffee;Ethiopia Lg;Astoria
9.50;1;1;202301;Jan;Wed;Morning;Low;Loose Tea;Chai tea;Morning Sunrise Chai;Lower Manhattan
4.80;6;4;202301;Jan;Wed;Morning;Low;Flavours;Regular syrup;Carmel syrup;Lower Manhattan
45.00;12;8;202301;Jan;Wed;Morning;High;Drinking Chocolate;Hot chocolate;Sustainably Grown Organic Rg;Hell's Kitchen
9.00;3;2;202301;Jan;Wed;Morning;Low;Tea;Brewed Black tea;English Breakfast Lg;Lower Manhattan
22.50;6;4;202301;Jan;Wed;Morning;Med;Coffee;Barista Espresso;Latte;Lower Manhattan
10.40;13;8;202301;Jan;Wed;Morning;Low;Flavours;Regular syrup;Chocolate syrup;Lower Manhattan
39.00;13;9;202301;Jan;Wed;Morning;Med;Tea;Brewed Black tea;English Breakfast Lg;Astoria
13.50;3;3;202301;Jan;Wed;Morning;Low;Bakery;Scone;Scottish Cream Scone ;Astoria
39.00;13;8;202301;Jan;Wed;Morning;Med;Coffee;Barista Espresso;Espresso shot;Hell's Kitchen
8.00;10;6;202301;Jan;Wed;Morning;Low;Flavours;Regular syrup;Chocolate syrup;Hell's Kitchen
15.00;5;5;202301;Jan;Wed;Morning;Low;Bakery;Scone;Oatmeal Scone;Astoria
6.40;8;5;202301;Jan;Wed;Morning;Low;Flavours;Sugar free syrup;Sugar Free Vanilla syrup;Astoria
40.00;16;10;202301;Jan;Wed;Morning;Med;Tea;Brewed herbal tea;Lemon Grass Rg;Astoria
10.50;3;3;202301;Jan;Wed;Morning;Low;Bakery;Pastry;Croissant;Astoria
32.00;16;10;202301;Jan;Wed;Morning;Med;Coffee;Gourmet brewed coffee;Columbian Medium Roast Sm;Astoria
18.00;6;5;202301;Jan;Wed;Morning;Low;Coffee;Barista Espresso;Espresso shot;Lower Manhattan
12.80;16;11;202301;Jan;Wed;Morning;Low;Flavours;Sugar free syrup;Sugar Free Vanilla syrup;Lower Manhattan
30.00;12;7;202301;Jan;Wed;Morning;Med;Tea;Brewed Black tea;Earl Grey Rg;Astoria
10.40;13;9;202301;Jan;Wed;Morning;Low;Flavours;Regular syrup;Chocolate syrup;Astoria
14.00;4;4;202301;Jan;Wed;Morning;Low;Bakery;Pastry;Croissant;Lower Manhattan
26.85;3;3;202301;Jan;Wed;Morning;Med;Loose Tea;Black tea;Earl Grey;Hell's Kitchen
11.00;5;4;202301;Jan;Wed;Morning;Low;Coffee;Organic brewed coffee;Brazilian Sm;Astoria
14.00;1;1;202301;Jan;Wed;Morning;Low;Branded;Housewares;I Need My Bean! Latte cup;Astoria
4.80;6;4;202301;Jan;Wed;Morning;Low;Flavours;Regular syrup;Hazelnut syrup;Astoria
9.50;1;1;202301;Jan;Wed;Morning;Low;Loose Tea;Chai tea;Morning Sunrise Chai;Astoria
15.00;4;3;202301;Jan;Wed;Morning;Low;Coffee;Premium brewed coffee;Jamaican Coffee River Lg;Hell's Kitchen
33.00;11;6;202301;Jan;Wed;Morning;Med;Tea;Brewed Chai tea;Traditional Blend Chai Lg;Astoria
18.00;6;4;202301;Jan;Wed;Morning;Low;Tea;Brewed Black tea;Earl Grey Lg;Astoria
16.25;5;5;202301;Jan;Wed;Morning;Low;Bakery;Scone;Ginger Scone;Astoria
7.00;2;1;202301;Jan;Wed;Morning;Low;Coffee;Gourmet brewed coffee;Ethiopia Lg;Lower Manhattan
12.00;1;1;202301;Jan;Wed;Morning;Low;Branded;Housewares;I Need My Bean! Diner mug;Hell's Kitchen
21.25;5;4;202301;Jan;Wed;Morning;Med;Coffee;Barista Espresso;Cappuccino Lg;Hell's Kitchen
16.25;5;5;202301;Jan;Wed;Morning;Low;Bakery;Biscotti;Hazelnut Biscotti;Astoria
39.00;13;7;202301;Jan;Wed;Morning;Med;Coffee;Gourmet brewed coffee;Ethiopia Rg;Lower Manhattan
90.00;2;2;202301;Jan;Wed;Morning;very high;Coffee beans;Premium Beans;Civet Cat;Hell's Kitchen
17.15;7;4;202301;Jan;Wed;Morning;Low;Coffee;Premium brewed coffee;Jamaican Coffee River Sm;Astoria
4.40;2;1;202301;Jan;Wed;Night;Low;Coffee;Gourmet brewed coffee;Ethiopia Sm;Hell's Kitchen
4.50;1;1;202301;Jan;Wed;Afternoon;Low;Bakery;Scone;Scottish Cream Scone ;Astoria
12.00;1;1;202301;Jan;Wed;Afternoon;Low;Branded;Housewares;I Need My Bean! Diner mug;Astoria
15.30;6;3;202301;Jan;Wed;Afternoon;Low;Tea;Brewed Chai tea;Spicy Eye Opener Chai Rg;Lower Manhattan
9.00;3;2;202301;Jan;Wed;Afternoon;Low;Coffee;Gourmet brewed coffee;Ethiopia Rg;Lower Manhattan
19.00;4;3;202301;Jan;Wed;Afternoon;Low;Drinking Chocolate;Hot chocolate;Sustainably Grown Organic Lg;Astoria
4.00;5;2;202301;Jan;Wed;Afternoon;Low;Flavours;Sugar free syrup;Sugar Free Vanilla syrup;Lower Manhattan
14.00;1;1;202301;Jan;Wed;Afternoon;Low;Branded;Housewares;I Need My Bean! Latte cup;Astoria
3.50;1;1;202301;Jan;Wed;Afternoon;Low;Bakery;Biscotti;Ginger Biscotti;Hell's Kitchen
7.60;1;1;202301;Jan;Wed;Afternoon;Low;Packaged Chocolate;Organic Chocolate;Sustainably Grown Organic;Hell's Kitchen
3.50;1;1;202301;Jan;Wed;Afternoon;Low;Bakery;Pastry;Croissant;Lower Manhattan
26.85;3;3;202301;Jan;Wed;Afternoon;Med;Loose Tea;Chai tea;Traditional Blend Chai;Lower Manhattan
45.00;1;1;202301;Jan;Wed;Afternoon;High;Coffee beans;Premium Beans;Civet Cat;Lower Manhattan
6.00;2;2;202301;Jan;Wed;Afternoon;Low;Bakery;Scone;Oatmeal Scone;Hell's Kitchen
12.00;4;2;202301;Jan;Wed;Afternoon;Low;Tea;Brewed Black tea;Earl Grey Lg;Hell's Kitchen
1.60;2;1;202301;Jan;Wed;Afternoon;Low;Flavours;Sugar free syrup;Sugar Free Vanilla syrup;Astoria
12.00;4;3;202301;Jan;Wed;Afternoon;Low;Tea;Brewed Green tea;Serenity Green Tea Lg;Lower Manhattan
9.00;3;3;202301;Jan;Wed;Afternoon;Low;Tea;Brewed herbal tea;Lemon Grass Lg;Lower Manhattan
0.80;1;1;202301;Jan;Wed;Afternoon;Low;Flavours;Regular syrup;Carmel syrup;Hell's Kitchen
11.25;3;3;202301;Jan;Wed;Afternoon;Low;Bakery;Pastry;Almond Croissant;Hell's Kitchen
15.00;4;3;202301;Jan;Wed;Evening;Low;Coffee;Premium brewed coffee;Jamaican Coffee River Lg;Lower Manhattan
8.00;10;5;202301;Jan;Wed;Evening;Low;Flavours;Sugar free syrup;Sugar Free Vanilla syrup;Lower Manhattan
14.00;4;4;202301;Jan;Wed;Evening;Low;Bakery;Pastry;Croissant;Lower Manhattan
2.20;1;1;202301;Jan;Wed;Evening;Low;Coffee;Organic brewed coffee;Brazilian Sm;Lower Manhattan
4.00;1;1;202301;Jan;Wed;Evening;Low;Tea;Brewed Chai tea;Morning Sunrise Chai Lg;Lower Manhattan
12.50;5;3;202301;Jan;Wed;Evening;Low;Coffee;Drip coffee;Our Old Time Diner Blend Rg;Hell's Kitchen
1.60;2;1;202301;Jan;Wed;Evening;Low;Flavours;Regular syrup;Hazelnut syrup;Lower Manhattan
24.00;8;4;202301;Jan;Wed;Evening;Med;Coffee;Gourmet brewed coffee;Columbian Medium Roast Lg;Lower Manhattan
17.50;7;4;202301;Jan;Wed;Evening;Low;Tea;Brewed Black tea;English Breakfast Rg;Hell's Kitchen
15.00;4;2;202301;Jan;Wed;Evening;Low;Coffee;Barista Espresso;Cappuccino;Hell's Kitchen
7.50;3;2;202301;Jan;Wed;Evening;Low;Tea;Brewed Green tea;Serenity Green Tea Rg;Lower Manhattan
13.20;6;3;202301;Jan;Wed;Evening;Low;Coffee;Gourmet brewed coffee;Ethiopia Sm;Hell's Kitchen
7.60;1;1;202301;Jan;Wed;Evening;Low;Packaged Chocolate;Organic Chocolate;Sustainably Grown Organic;Hell's Kitchen
12.00;4;3;202301;Jan;Wed;Evening;Low;Tea;Brewed herbal tea;Lemon Grass Lg;Hell's Kitchen
18.00;6;4;202301;Jan;Wed;Evening;Low;Coffee;Drip coffee;Our Old Time Diner Blend Lg;Astoria
2.40;3;2;202301;Jan;Wed;Evening;Low;Flavours;Regular syrup;Chocolate syrup;Astoria
0.80;1;1;202301;Jan;Wed;Evening;Low;Flavours;Regular syrup;Carmel syrup;Astoria
4.50;1;1;202301;Jan;Wed;Evening;Low;Bakery;Scone;Scottish Cream Scone ;Lower Manhattan
17.00;4;2;202301;Jan;Wed;Evening;Low;Coffee;Barista Espresso;Cappuccino Lg;Astoria
12.00;1;1;202301;Jan;Wed;Evening;Low;Branded;Housewares;I Need My Bean! Diner mug;Astoria
14.00;1;1;202301;Jan;Wed;Evening;Low;Branded;Housewares;I Need My Bean! Latte cup;Astoria
6.40;1;1;202301;Jan;Wed;Evening;Low;Packaged Chocolate;Drinking Chocolate;Dark chocolate;Hell's Kitchen
1.60;2;1;202301;Jan;Wed;Evening;Low;Flavours;Sugar free syrup;Sugar Free Vanilla syrup;Astoria
9.75;3;3;202301;Jan;Wed;Evening;Low;Bakery;Biscotti;Hazelnut Biscotti;Astoria
8.00;4;3;202301;Jan;Thu;Night;Low;Coffee;Gourmet brewed coffee;Columbian Medium Roast Sm;Lower Manhattan
12.00;4;2;202301;Jan;Thu;Night;Low;Tea;Brewed Black tea;Earl Grey Lg;Lower Manhattan
10.50;3;3;202301;Jan;Thu;Night;Low;Bakery;Pastry;Croissant;Lower Manhattan
2.50;1;1;202301;Jan;Thu;Night;Low;Tea;Brewed Black tea;Earl Grey Rg;Lower Manhattan
18.00;4;2;202301;Jan;Thu;Night;Low;Drinking Chocolate;Hot chocolate;Dark chocolate Lg;Lower Manhattan
3.75;1;1;202301;Jan;Thu;Night;Low;Bakery;Pastry;Chocolate Croissant;Lower Manhattan
15.00;5;3;202301;Jan;Thu;Night;Low;Tea;Brewed herbal tea;Peppermint Lg;Hell's Kitchen
9.00;3;2;202301;Jan;Thu;Night;Low;Tea;Brewed Black tea;English Breakfast Lg;Lower Manhattan
14.00;4;2;202301;Jan;Thu;Night;Low;Drinking Chocolate;Hot chocolate;Dark chocolate Rg;Lower Manhattan
8.80;4;2;202301;Jan;Thu;Night;Low;Coffee;Gourmet brewed coffee;Ethiopia Sm;Lower Manhattan
6.00;2;1;202301;Jan;Thu;Night;Low;Coffee;Organic brewed coffee;Brazilian Rg;Hell's Kitchen
9.00;3;3;202301;Jan;Wed;Afternoon;Low;Coffee;Organic brewed coffee;Brazilian Rg;Lower Manhattan
9.00;2;2;202301;Jan;Wed;Evening;Low;Bakery;Scone;Scottish Cream Scone ;Astoria
8.80;4;2;202301;Jan;Thu;Night;Low;Coffee;Gourmet brewed coffee;Ethiopia Sm;Hell's Kitchen
6.20;2;1;202301;Jan;Thu;Night;Low;Tea;Brewed Chai tea;Spicy Eye Opener Chai Lg;Hell's Kitchen
3.75;1;1;202301;Jan;Thu;Night;Low;Coffee;Barista Espresso;Cappuccino;Hell's Kitchen
29.75;7;4;202301;Jan;Thu;Night;Med;Coffee;Barista Espresso;Latte Rg;Lower Manhattan
7.65;3;2;202301;Jan;Thu;Night;Low;Tea;Brewed Chai tea;Spicy Eye Opener Chai Rg;Hell's Kitchen
6.00;2;2;202301;Jan;Thu;Night;Low;Tea;Brewed Chai tea;Traditional Blend Chai Lg;Hell's Kitchen
1.60;2;1;202301;Jan;Thu;Night;Low;Flavours;Regular syrup;Hazelnut syrup;Lower Manhattan
20.00;5;3;202301;Jan;Thu;Night;Low;Tea;Brewed Chai tea;Morning Sunrise Chai Lg;Lower Manhattan
6.00;2;1;202301;Jan;Thu;Night;Low;Coffee;Drip coffee;Our Old Time Diner Blend Lg;Hell's Kitchen
2.50;1;1;202301;Jan;Thu;Night;Low;Tea;Brewed herbal tea;Peppermint Rg;Hell's Kitchen
2.20;1;1;202301;Jan;Thu;Night;Low;Coffee;Organic brewed coffee;Brazilian Sm;Hell's Kitchen
6.50;2;2;202301;Jan;Thu;Night;Low;Bakery;Scone;Ginger Scone;Lower Manhattan
15.00;4;3;202301;Jan;Thu;Night;Low;Coffee;Barista Espresso;Cappuccino;Lower Manhattan
4.25;1;1;202301;Jan;Thu;Night;Low;Coffee;Barista Espresso;Cappuccino Lg;Hell's Kitchen
9.00;3;2;202301;Jan;Thu;Night;Low;Coffee;Barista Espresso;Espresso shot;Lower Manhattan
4.50;1;1;202301;Jan;Thu;Night;Low;Bakery;Scone;Scottish Cream Scone ;Lower Manhattan
25.00;10;7;202301;Jan;Thu;Morning;Med;Tea;Brewed Green tea;Serenity Green Tea Rg;Hell's Kitchen
19.80;9;7;202301;Jan;Thu;Morning;Low;Coffee;Organic brewed coffee;Brazilian Sm;Astoria
24.50;10;6;202301;Jan;Thu;Morning;Med;Coffee;Premium brewed coffee;Jamaican Coffee River Sm;Astoria
13.60;17;9;202301;Jan;Thu;Morning;Low;Flavours;Regular syrup;Hazelnut syrup;Lower Manhattan
14.00;7;5;202301;Jan;Thu;Morning;Low;Coffee;Drip coffee;Our Old Time Diner Blend Sm;Astoria
17.90;2;2;202301;Jan;Thu;Morning;Low;Loose Tea;Herbal tea;Lemon Grass;Astoria
9.00;3;3;202301;Jan;Thu;Morning;Low;Tea;Brewed Black tea;English Breakfast Lg;Astoria
31.00;10;7;202301;Jan;Thu;Morning;Med;Tea;Brewed Chai tea;Spicy Eye Opener Chai Lg;Astoria
20.00;10;6;202301;Jan;Thu;Morning;Low;Coffee;Gourmet brewed coffee;Columbian Medium Roast Sm;Astoria
17.50;5;5;202301;Jan;Thu;Morning;Low;Bakery;Pastry;Croissant;Astoria
22.50;9;7;202301;Jan;Thu;Morning;Med;Coffee;Drip coffee;Our Old Time Diner Blend Rg;Astoria
8.00;10;6;202301;Jan;Thu;Morning;Low;Flavours;Regular syrup;Carmel syrup;Lower Manhattan
33.00;11;7;202301;Jan;Thu;Morning;Med;Coffee;Gourmet brewed coffee;Columbian Medium Roast Lg;Astoria
33.75;9;9;202301;Jan;Thu;Morning;Med;Bakery;Pastry;Chocolate Croissant;Hell's Kitchen
27.50;11;6;202301;Jan;Thu;Morning;Med;Tea;Brewed Chai tea;Morning Sunrise Chai Rg;Hell's Kitchen
25.50;10;8;202301;Jan;Thu;Morning;Med;Coffee;Barista Espresso;Ouro Brasileiro shot;Hell's Kitchen
14.00;4;4;202301;Jan;Thu;Morning;Low;Bakery;Biscotti;Ginger Biscotti;Astoria
45.00;18;11;202301;Jan;Thu;Morning;High;Tea;Brewed Chai tea;Traditional Blend Chai Rg;Astoria
20.00;8;6;202301;Jan;Thu;Morning;Low;Tea;Brewed Black tea;Earl Grey Rg;Hell's Kitchen
40.50;9;9;202301;Jan;Thu;Morning;very high;Bakery;Scone;Scottish Cream Scone ;Hell's Kitchen
16.25;5;5;202301;Jan;Thu;Morning;Low;Bakery;Biscotti;Hazelnut Biscotti;Astoria
30.80;14;9;202301;Jan;Thu;Morning;Med;Coffee;Organic brewed coffee;Brazilian Sm;Hell's Kitchen
15.20;2;2;202301;Jan;Thu;Morning;Low;Packaged Chocolate;Organic Chocolate;Sustainably Grown Organic;Astoria
14.00;4;2;202301;Jan;Thu;Morning;Low;Coffee;Gourmet brewed coffee;Ethiopia Lg;Hell's Kitchen
47.50;19;12;202301;Jan;Thu;Morning;High;Coffee;Gourmet brewed coffee;Columbian Medium Roast Rg;Astoria
27.00;9;6;202301;Jan;Thu;Morning;Med;Coffee;Barista Espresso;Espresso shot;Lower Manhattan
0.80;1;1;202301;Jan;Thu;Morning;Low;Flavours;Sugar free syrup;Sugar Free Vanilla syrup;Hell's Kitchen
24.00;8;6;202301;Jan;Thu;Morning;Med;Tea;Brewed Green tea;Serenity Green Tea Lg;Astoria
4.80;6;4;202301;Jan;Thu;Morning;Low;Flavours;Regular syrup;Carmel syrup;Astoria
34.00;8;4;202301;Jan;Thu;Morning;Med;Coffee;Barista Espresso;Latte Rg;Astoria
20.45;1;1;202301;Jan;Thu;Morning;very high;Coffee beans;Espresso Beans;Primo Espresso Roast;Astoria
49.50;11;6;202301;Jan;Thu;Morning;High;Drinking Chocolate;Hot chocolate;Dark chocolate Lg;Astoria
8.95;1;1;202301;Jan;Thu;Morning;Low;Loose Tea;Herbal tea;Peppermint;Astoria
11.20;14;10;202301;Jan;Thu;Morning;Low;Flavours;Regular syrup;Chocolate syrup;Astoria
40.50;9;5;202301;Jan;Thu;Morning;very high;Drinking Chocolate;Hot chocolate;Dark chocolate Lg;Lower Manhattan
6.50;2;2;202301;Jan;Thu;Morning;Low;Bakery;Scone;Ginger Scone;Astoria
12.00;15;9;202301;Jan;Thu;Morning;Low;Flavours;Regular syrup;Chocolate syrup;Lower Manhattan
18.00;6;5;202301;Jan;Thu;Morning;Low;Tea;Brewed Chai tea;Traditional Blend Chai Lg;Hell's Kitchen
12.00;3;2;202301;Jan;Thu;Morning;Low;Tea;Brewed Chai tea;Morning Sunrise Chai Lg;Astoria
18.75;5;5;202301;Jan;Thu;Morning;Low;Bakery;Scone;Jumbo Savory Scone;Astoria
24.00;8;5;202301;Jan;Thu;Morning;Med;Coffee;Organic brewed coffee;Brazilian Rg;Astoria
18.00;6;3;202301;Jan;Thu;Morning;Low;Coffee;Gourmet brewed coffee;Ethiopia Rg;Lower Manhattan
19.75;1;1;202301;Jan;Thu;Morning;Low;Coffee beans;Premium Beans;Jamacian Coffee River;Astoria
21.00;6;6;202301;Jan;Thu;Morning;Med;Bakery;Biscotti;Chocolate Chip Biscotti;Hell's Kitchen
42.00;14;9;202301;Jan;Thu;Morning;High;Coffee;Barista Espresso;Espresso shot;Hell's Kitchen
27.50;11;7;202301;Jan;Thu;Morning;Med;Tea;Brewed herbal tea;Lemon Grass Rg;Hell's Kitchen
26.00;8;7;202301;Jan;Thu;Morning;Med;Bakery;Scone;Ginger Scone;Hell's Kitchen
30.00;10;6;202301;Jan;Thu;Morning;Med;Coffee;Gourmet brewed coffee;Ethiopia Rg;Astoria
9.00;3;3;202301;Jan;Thu;Morning;Low;Coffee;Drip coffee;Our Old Time Diner Blend Lg;Lower Manhattan
12.00;4;4;202301;Jan;Thu;Morning;Low;Bakery;Scone;Oatmeal Scone;Hell's Kitchen
52.50;14;8;202301;Jan;Thu;Morning;High;Coffee;Barista Espresso;Cappuccino;Astoria
12.00;4;3;202301;Jan;Thu;Morning;Low;Tea;Brewed herbal tea;Lemon Grass Lg;Astoria
7.60;1;1;202301;Jan;Thu;Morning;Low;Packaged Chocolate;Organic Chocolate;Sustainably Grown Organic;Lower Manhattan
10.00;4;3;202301;Jan;Thu;Morning;Low;Tea;Brewed Green tea;Serenity Green Tea Rg;Astoria
25.00;10;6;202301;Jan;Thu;Morning;Med;Tea;Brewed Chai tea;Morning Sunrise Chai Rg;Astoria
25.00;10;6;202301;Jan;Thu;Morning;Med;Tea;Brewed herbal tea;Lemon Grass Rg;Astoria
10.95;1;1;202301;Jan;Thu;Morning;Low;Loose Tea;Chai tea;Spicy Eye Opener Chai;Lower Manhattan
5.60;7;5;202301;Jan;Thu;Morning;Low;Flavours;Regular syrup;Chocolate syrup;Hell's Kitchen
13.50;3;3;202301;Jan;Thu;Morning;Low;Bakery;Scone;Scottish Cream Scone ;Lower Manhattan
21.00;6;6;202301;Jan;Thu;Morning;Med;Bakery;Biscotti;Chocolate Chip Biscotti;Astoria
1.60;2;2;202301;Jan;Thu;Morning;Low;Flavours;Regular syrup;Hazelnut syrup;Hell's Kitchen
40.30;13;7;202301;Jan;Thu;Morning;very high;Coffee;Premium brewed coffee;Jamaican Coffee River Rg;Astoria
3.75;1;1;202301;Jan;Thu;Afternoon;Low;Bakery;Pastry;Chocolate Croissant;Hell's Kitchen
8.95;1;1;202301;Jan;Thu;Afternoon;Low;Loose Tea;Black tea;English Breakfast;Hell's Kitchen
3.00;1;1;202301;Jan;Thu;Afternoon;Low;Tea;Brewed Chai tea;Traditional Blend Chai Lg;Lower Manhattan
10.50;3;3;202301;Jan;Thu;Afternoon;Low;Bakery;Biscotti;Chocolate Chip Biscotti;Lower Manhattan
17.50;7;4;202301;Jan;Thu;Afternoon;Low;Tea;Brewed Green tea;Serenity Green Tea Rg;Lower Manhattan
10.00;4;3;202301;Jan;Thu;Afternoon;Low;Tea;Brewed herbal tea;Lemon Grass Rg;Lower Manhattan
2.40;3;2;202301;Jan;Thu;Afternoon;Low;Flavours;Regular syrup;Chocolate syrup;Hell's Kitchen
22.50;6;3;202301;Jan;Thu;Afternoon;Med;Drinking Chocolate;Hot chocolate;Sustainably Grown Organic Rg;Lower Manhattan
15.50;5;3;202301;Jan;Thu;Afternoon;Low;Tea;Brewed Chai tea;Spicy Eye Opener Chai Lg;Hell's Kitchen
7.00;2;2;202301;Jan;Thu;Afternoon;Low;Bakery;Biscotti;Ginger Biscotti;Hell's Kitchen
9.25;1;1;202301;Jan;Thu;Afternoon;Low;Loose Tea;Green tea;Serenity Green Tea;Astoria
15.00;4;4;202301;Jan;Thu;Afternoon;Low;Drinking Chocolate;Hot chocolate;Sustainably Grown Organic Rg;Hell's Kitchen
2.50;1;1;202301;Jan;Thu;Afternoon;Low;Coffee;Gourmet brewed coffee;Columbian Medium Roast Rg;Hell's Kitchen
13.00;4;4;202301;Jan;Thu;Afternoon;Low;Bakery;Biscotti;Hazelnut Biscotti;Lower Manhattan
0.80;1;1;202301;Jan;Thu;Afternoon;Low;Flavours;Regular syrup;Hazelnut syrup;Astoria
3.75;1;1;202301;Jan;Thu;Afternoon;Low;Bakery;Pastry;Chocolate Croissant;Astoria
9.00;3;2;202301;Jan;Thu;Afternoon;Low;Tea;Brewed Black tea;Earl Grey Lg;Lower Manhattan
3.20;4;3;202301;Jan;Thu;Afternoon;Low;Flavours;Sugar free syrup;Sugar Free Vanilla syrup;Lower Manhattan
14.75;1;1;202301;Jan;Thu;Afternoon;Low;Coffee beans;Espresso Beans;Espresso Roast;Lower Manhattan
12.00;1;1;202301;Jan;Thu;Afternoon;Low;Branded;Housewares;I Need My Bean! Diner mug;Hell's Kitchen
22.50;6;5;202301;Jan;Thu;Afternoon;Med;Coffee;Premium brewed coffee;Jamaican Coffee River Lg;Lower Manhattan
18.00;6;4;202301;Jan;Thu;Afternoon;Low;Coffee;Drip coffee;Our Old Time Diner Blend Lg;Hell's Kitchen
6.60;3;3;202301;Jan;Thu;Afternoon;Low;Coffee;Organic brewed coffee;Brazilian Sm;Hell's Kitchen
2.50;1;1;202301;Jan;Thu;Afternoon;Low;Coffee;Drip coffee;Our Old Time Diner Blend Rg;Hell's Kitchen
3.75;1;1;202301;Jan;Thu;Afternoon;Low;Bakery;Pastry;Almond Croissant;Lower Manhattan
0.80;1;1;202301;Jan;Thu;Afternoon;Low;Flavours;Regular syrup;Carmel syrup;Astoria
10.00;4;3;202301;Jan;Thu;Afternoon;Low;Tea;Brewed Chai tea;Traditional Blend Chai Rg;Hell's Kitchen
20.45;1;1;202301;Jan;Thu;Afternoon;very high;Coffee beans;Espresso Beans;Primo Espresso Roast;Hell's Kitchen
3.50;1;1;202301;Jan;Thu;Afternoon;Low;Bakery;Pastry;Croissant;Hell's Kitchen
28.50;6;4;202301;Jan;Thu;Evening;Med;Drinking Chocolate;Hot chocolate;Sustainably Grown Organic Lg;Lower Manhattan
3.25;1;1;202301;Jan;Thu;Evening;Low;Bakery;Scone;Ginger Scone;Lower Manhattan
3.50;1;1;202301;Jan;Thu;Evening;Low;Drinking Chocolate;Hot chocolate;Dark chocolate Rg;Hell's Kitchen
10.00;1;1;202301;Jan;Thu;Evening;Low;Coffee beans;Green beans;Guatemalan Sustainably Grown;Lower Manhattan
30.00;12;9;202301;Jan;Thu;Evening;Med;Tea;Brewed Black tea;Earl Grey Rg;Lower Manhattan
7.00;2;2;202301;Jan;Thu;Evening;Low;Bakery;Pastry;Croissant;Lower Manhattan
5.00;2;2;202301;Jan;Thu;Evening;Low;Coffee;Drip coffee;Our Old Time Diner Blend Rg;Hell's Kitchen
15.00;4;4;202301;Jan;Thu;Evening;Low;Bakery;Pastry;Almond Croissant;Lower Manhattan
2.50;1;1;202301;Jan;Thu;Evening;Low;Coffee;Gourmet brewed coffee;Columbian Medium Roast Rg;Lower Manhattan
7.00;2;2;202301;Jan;Thu;Evening;Low;Bakery;Biscotti;Chocolate Chip Biscotti;Lower Manhattan
6.00;2;2;202301;Jan;Thu;Evening;Low;Coffee;Drip coffee;Our Old Time Diner Blend Lg;Lower Manhattan
4.80;6;4;202301;Jan;Thu;Evening;Low;Flavours;Regular syrup;Carmel syrup;Lower Manhattan
15.00;5;4;202301;Jan;Thu;Evening;Low;Tea;Brewed herbal tea;Peppermint Lg;Lower Manhattan
9.30;3;2;202301;Jan;Thu;Evening;Low;Tea;Brewed Chai tea;Spicy Eye Opener Chai Lg;Hell's Kitchen
18.00;6;3;202301;Jan;Thu;Evening;Low;Coffee;Gourmet brewed coffee;Columbian Medium Roast Lg;Hell's Kitchen
7.50;2;2;202301;Jan;Thu;Evening;Low;Bakery;Scone;Jumbo Savory Scone;Hell's Kitchen
25.50;6;4;202301;Jan;Thu;Evening;Med;Coffee;Barista Espresso;Cappuccino Lg;Hell's Kitchen
2.40;3;2;202301;Jan;Thu;Evening;Low;Flavours;Regular syrup;Carmel syrup;Hell's Kitchen
3.00;1;1;202301;Jan;Thu;Evening;Low;Bakery;Scone;Oatmeal Scone;Hell's Kitchen
8.80;4;2;202301;Jan;Thu;Evening;Low;Coffee;Gourmet brewed coffee;Ethiopia Sm;Astoria
3.00;1;1;202301;Jan;Thu;Evening;Low;Coffee;Organic brewed coffee;Brazilian Rg;Lower Manhattan
9.25;1;1;202301;Jan;Thu;Evening;Low;Loose Tea;Green tea;Serenity Green Tea;Astoria
18.75;5;3;202301;Jan;Thu;Evening;Low;Coffee;Premium brewed coffee;Jamaican Coffee River Lg;Hell's Kitchen
3.25;1;1;202301;Jan;Thu;Evening;Low;Bakery;Biscotti;Hazelnut Biscotti;Astoria
5.00;2;1;202301;Jan;Thu;Evening;Low;Tea;Brewed Chai tea;Traditional Blend Chai Rg;Hell's Kitchen
5.00;2;1;202301;Jan;Thu;Evening;Low;Tea;Brewed herbal tea;Peppermint Rg;Lower Manhattan
7.50;2;2;202301;Jan;Thu;Evening;Low;Bakery;Pastry;Almond Croissant;Astoria
0.80;1;1;202301;Jan;Thu;Evening;Low;Flavours;Sugar free syrup;Sugar Free Vanilla syrup;Astoria
1.60;2;1;202301;Jan;Thu;Evening;Low;Flavours;Regular syrup;Carmel syrup;Astoria
10.50;3;3;202301;Jan;Thu;Evening;Low;Bakery;Biscotti;Chocolate Chip Biscotti;Astoria
18.00;1;1;202301;Jan;Thu;Evening;Low;Coffee beans;House blend Beans;Our Old Time Diner Blend;Hell's Kitchen
12.80;16;12;202301;Jan;Fri;Morning;Low;Flavours;Regular syrup;Carmel syrup;Lower Manhattan
42.00;12;8;202301;Jan;Fri;Morning;High;Drinking Chocolate;Hot chocolate;Dark chocolate Rg;Astoria
15.50;5;4;202301;Jan;Fri;Morning;Low;Coffee;Premium brewed coffee;Jamaican Coffee River Rg;Lower Manhattan
12.50;5;3;202301;Jan;Fri;Morning;Low;Tea;Brewed herbal tea;Lemon Grass Rg;Astoria
25.00;10;8;202301;Jan;Fri;Morning;Med;Tea;Brewed Green tea;Serenity Green Tea Rg;Astoria
17.15;7;6;202301;Jan;Fri;Morning;Low;Coffee;Premium brewed coffee;Jamaican Coffee River Sm;Astoria
36.00;8;8;202301;Jan;Fri;Morning;Med;Bakery;Scone;Scottish Cream Scone ;Astoria
27.00;9;7;202301;Jan;Fri;Morning;Med;Coffee;Drip coffee;Our Old Time Diner Blend Lg;Astoria
10.50;3;3;202301;Jan;Fri;Morning;Low;Bakery;Pastry;Croissant;Astoria
10.40;13;8;202301;Jan;Fri;Morning;Low;Flavours;Regular syrup;Chocolate syrup;Lower Manhattan
14.00;4;3;202301;Jan;Fri;Morning;Low;Coffee;Gourmet brewed coffee;Ethiopia Lg;Astoria
18.00;9;7;202301;Jan;Fri;Morning;Low;Coffee;Drip coffee;Our Old Time Diner Blend Sm;Astoria
13.00;4;4;202301;Jan;Fri;Morning;Low;Bakery;Scone;Cranberry Scone;Astoria
30.00;8;8;202301;Jan;Fri;Morning;Med;Bakery;Pastry;Almond Croissant;Lower Manhattan
30.00;10;5;202301;Jan;Fri;Morning;Med;Coffee;Barista Espresso;Espresso shot;Astoria
36.00;12;7;202301;Jan;Fri;Morning;Med;Tea;Brewed Chai tea;Traditional Blend Chai Lg;Astoria
30.00;8;8;202301;Jan;Fri;Morning;Med;Bakery;Pastry;Chocolate Croissant;Astoria
33.75;9;7;202301;Jan;Fri;Morning;Med;Drinking Chocolate;Hot chocolate;Sustainably Grown Organic Rg;Astoria
9.00;3;2;202301;Jan;Fri;Morning;Low;Tea;Brewed herbal tea;Lemon Grass Lg;Lower Manhattan
7.00;2;2;202301;Jan;Fri;Morning;Low;Bakery;Biscotti;Chocolate Chip Biscotti;Astoria
3.20;4;2;202301;Jan;Fri;Morning;Low;Flavours;Regular syrup;Chocolate syrup;Astoria
51.00;17;11;202301;Jan;Fri;Morning;High;Tea;Brewed Black tea;Earl Grey Lg;Hell's Kitchen
56.00;2;2;202301;Jan;Fri;Morning;High;Branded;Clothing;I Need My Bean! T-shirt;Lower Manhattan
24.00;8;5;202301;Jan;Fri;Morning;Med;Tea;Brewed Green tea;Serenity Green Tea Lg;Astoria
10.95;1;1;202301;Jan;Fri;Morning;Low;Loose Tea;Chai tea;Spicy Eye Opener Chai;Hell's Kitchen
28.00;8;8;202301;Jan;Fri;Morning;Med;Bakery;Pastry;Croissant;Lower Manhattan
8.95;1;1;202301;Jan;Fri;Morning;Low;Loose Tea;Herbal tea;Lemon Grass;Hell's Kitchen
24.80;8;7;202301;Jan;Fri;Morning;Med;Tea;Brewed Chai tea;Spicy Eye Opener Chai Lg;Astoria
15.00;4;4;202301;Jan;Fri;Morning;Low;Bakery;Scone;Jumbo Savory Scone;Hell's Kitchen
13.50;3;3;202301;Jan;Fri;Morning;Low;Drinking Chocolate;Hot chocolate;Dark chocolate Lg;Astoria
12.75;5;4;202301;Jan;Fri;Morning;Low;Tea;Brewed Chai tea;Spicy Eye Opener Chai Rg;Astoria
25.00;10;7;202301;Jan;Fri;Morning;Med;Coffee;Gourmet brewed coffee;Columbian Medium Roast Rg;Astoria
16.25;5;5;202301;Jan;Fri;Morning;Low;Bakery;Biscotti;Hazelnut Biscotti;Astoria
30.00;15;9;202301;Jan;Fri;Morning;Med;Coffee;Drip coffee;Our Old Time Diner Blend Sm;Hell's Kitchen
10.40;13;8;202301;Jan;Fri;Morning;Low;Flavours;Regular syrup;Hazelnut syrup;Hell's Kitchen
22.50;1;1;202301;Jan;Fri;Morning;Med;Coffee beans;Organic Beans;Organic Decaf Blend;Hell's Kitchen
30.00;12;7;202301;Jan;Fri;Morning;Med;Tea;Brewed Chai tea;Traditional Blend Chai Rg;Lower Manhattan
10.00;4;3;202301;Jan;Fri;Morning;Low;Tea;Brewed Black tea;Earl Grey Rg;Astoria
15.00;5;5;202301;Jan;Fri;Morning;Low;Coffee;Gourmet brewed coffee;Ethiopia Rg;Astoria
15.20;19;11;202301;Jan;Fri;Morning;Low;Flavours;Regular syrup;Carmel syrup;Hell's Kitchen
9.75;3;3;202301;Jan;Fri;Morning;Low;Bakery;Biscotti;Hazelnut Biscotti;Hell's Kitchen
9.60;12;8;202301;Jan;Fri;Morning;Low;Flavours;Regular syrup;Chocolate syrup;Hell's Kitchen
25.50;6;5;202301;Jan;Fri;Morning;Med;Coffee;Barista Espresso;Cappuccino Lg;Hell's Kitchen
58.50;13;8;202301;Jan;Fri;Morning;High;Drinking Chocolate;Hot chocolate;Dark chocolate Lg;Hell's Kitchen
9.50;1;1;202301;Jan;Fri;Morning;Low;Loose Tea;Chai tea;Morning Sunrise Chai;Hell's Kitchen
20.00;10;5;202301;Jan;Fri;Morning;Low;Coffee;Gourmet brewed coffee;Columbian Medium Roast Sm;Lower Manhattan
66.50;14;9;202301;Jan;Fri;Morning;very high;Drinking Chocolate;Hot chocolate;Sustainably Grown Organic Lg;Hell's Kitchen
30.00;10;7;202301;Jan;Fri;Morning;Med;Tea;Brewed herbal tea;Peppermint Lg;Astoria
8.80;11;7;202301;Jan;Fri;Morning;Low;Flavours;Sugar free syrup;Sugar Free Vanilla syrup;Hell's Kitchen
26.25;7;7;202301;Jan;Fri;Morning;Med;Bakery;Pastry;Almond Croissant;Hell's Kitchen
30.80;14;10;202301;Jan;Fri;Morning;Med;Coffee;Gourmet brewed coffee;Ethiopia Sm;Astoria
33.00;11;6;202301;Jan;Fri;Morning;Med;Tea;Brewed Chai tea;Traditional Blend Chai Lg;Hell's Kitchen
10.00;4;4;202301;Jan;Fri;Morning;Low;Tea;Brewed Chai tea;Morning Sunrise Chai Rg;Astoria
45.50;13;7;202301;Jan;Fri;Morning;High;Coffee;Gourmet brewed coffee;Ethiopia Lg;Lower Manhattan
9.25;1;1;202301;Jan;Fri;Morning;Low;Loose Tea;Green tea;Serenity Green Tea;Lower Manhattan
6.20;2;1;202301;Jan;Fri;Morning;Low;Coffee;Premium brewed coffee;Jamaican Coffee River Rg;Astoria
42.50;17;11;202301;Jan;Fri;Morning;High;Coffee;Drip coffee;Our Old Time Diner Blend Rg;Hell's Kitchen
10.50;3;2;202301;Jan;Fri;Morning;Low;Coffee;Organic brewed coffee;Brazilian Lg;Astoria
26.00;13;8;202301;Jan;Fri;Morning;Med;Coffee;Gourmet brewed coffee;Columbian Medium Roast Sm;Hell's Kitchen
12.00;4;3;202301;Jan;Fri;Morning;Low;Tea;Brewed Black tea;English Breakfast Lg;Astoria
8.95;1;1;202301;Jan;Fri;Morning;Low;Loose Tea;Herbal tea;Peppermint;Hell's Kitchen
14.00;1;1;202301;Jan;Fri;Morning;Low;Branded;Housewares;I Need My Bean! Latte cup;Lower Manhattan
6.40;1;1;202301;Jan;Fri;Morning;Low;Packaged Chocolate;Drinking Chocolate;Dark chocolate;Hell's Kitchen
37.50;10;6;202301;Jan;Fri;Morning;Med;Drinking Chocolate;Hot chocolate;Sustainably Grown Organic Rg;Hell's Kitchen
24.00;8;8;202301;Jan;Fri;Morning;Med;Bakery;Scone;Oatmeal Scone;Astoria
30.00;10;7;202301;Jan;Fri;Morning;Med;Tea;Brewed herbal tea;Lemon Grass Lg;Astoria
18.00;6;5;202301;Jan;Fri;Morning;Low;Tea;Brewed Black tea;Earl Grey Lg;Astoria
20.00;8;8;202301;Jan;Fri;Morning;Low;Coffee;Drip coffee;Our Old Time Diner Blend Rg;Astoria
25.00;10;8;202301;Jan;Fri;Morning;Med;Tea;Brewed Chai tea;Traditional Blend Chai Rg;Astoria
7.50;2;2;202301;Jan;Fri;Afternoon;Low;Bakery;Scone;Jumbo Savory Scone;Lower Manhattan
8.95;1;1;202301;Jan;Fri;Afternoon;Low;Loose Tea;Herbal tea;Peppermint;Lower Manhattan
10.00;4;3;202301;Jan;Fri;Afternoon;Low;Tea;Brewed Chai tea;Morning Sunrise Chai Rg;Astoria
4.50;1;1;202301;Jan;Fri;Afternoon;Low;Bakery;Scone;Scottish Cream Scone ;Lower Manhattan
21.00;1;1;202301;Jan;Fri;Afternoon;Med;Coffee beans;Gourmet Beans;Ethiopia;Lower Manhattan
3.20;4;3;202301;Jan;Fri;Afternoon;Low;Flavours;Regular syrup;Carmel syrup;Lower Manhattan
1.60;2;1;202301;Jan;Fri;Afternoon;Low;Flavours;Regular syrup;Hazelnut syrup;Lower Manhattan
14.00;7;4;202301;Jan;Fri;Afternoon;Low;Coffee;Drip coffee;Our Old Time Diner Blend Sm;Astoria
9.50;1;1;202301;Jan;Fri;Afternoon;Low;Loose Tea;Chai tea;Morning Sunrise Chai;Hell's Kitchen
21.00;1;1;202301;Jan;Fri;Afternoon;Med;Coffee beans;Gourmet Beans;Ethiopia;Hell's Kitchen
10.50;3;3;202301;Jan;Fri;Afternoon;Low;Bakery;Biscotti;Ginger Biscotti;Lower Manhattan
10.00;4;2;202301;Jan;Fri;Afternoon;Low;Tea;Brewed Black tea;English Breakfast Rg;Hell's Kitchen
6.40;1;1;202301;Jan;Fri;Afternoon;Low;Packaged Chocolate;Drinking Chocolate;Dark chocolate;Hell's Kitchen
15.00;6;4;202301;Jan;Fri;Afternoon;Low;Tea;Brewed Black tea;English Breakfast Rg;Astoria
8.50;2;1;202301;Jan;Fri;Afternoon;Low;Coffee;Barista Espresso;Latte Rg;Astoria
1.60;2;1;202301;Jan;Fri;Afternoon;Low;Flavours;Regular syrup;Chocolate syrup;Astoria
18.00;6;3;202301;Jan;Fri;Afternoon;Low;Coffee;Barista Espresso;Ouro Brasileiro shot;Hell's Kitchen
12.00;4;2;202301;Jan;Fri;Afternoon;Low;Tea;Brewed Chai tea;Traditional Blend Chai Lg;Lower Manhattan
6.00;2;1;202301;Jan;Fri;Afternoon;Low;Coffee;Organic brewed coffee;Brazilian Rg;Lower Manhattan
20.95;7;6;202301;Jan;Fri;Afternoon;very high;Bakery;Scone;Ginger Scone;Lower Manhattan
4.75;1;1;202301;Jan;Fri;Afternoon;Low;Drinking Chocolate;Hot chocolate;Sustainably Grown Organic Lg;Lower Manhattan
7.50;2;1;202301;Jan;Fri;Afternoon;Low;Coffee;Premium brewed coffee;Jamaican Coffee River Lg;Lower Manhattan
18.75;5;3;202301;Jan;Fri;Afternoon;Low;Coffee;Barista Espresso;Latte;Hell's Kitchen
2.40;3;2;202301;Jan;Fri;Afternoon;Low;Flavours;Regular syrup;Hazelnut syrup;Hell's Kitchen
4.80;6;4;202301;Jan;Fri;Afternoon;Low;Flavours;Regular syrup;Chocolate syrup;Lower Manhattan
4.25;1;1;202301;Jan;Fri;Evening;Low;Coffee;Barista Espresso;Cappuccino Lg;Hell's Kitchen
2.40;3;2;202301;Jan;Fri;Evening;Low;Flavours;Regular syrup;Hazelnut syrup;Hell's Kitchen
18.60;6;3;202301;Jan;Fri;Evening;Low;Tea;Brewed Chai tea;Spicy Eye Opener Chai Lg;Lower Manhattan
12.00;4;3;202301;Jan;Fri;Evening;Low;Tea;Brewed Black tea;Earl Grey Lg;Hell's Kitchen
10.50;3;3;202301;Jan;Fri;Evening;Low;Bakery;Biscotti;Ginger Biscotti;Hell's Kitchen
7.50;2;2;202301;Jan;Fri;Evening;Low;Bakery;Scone;Jumbo Savory Scone;Hell's Kitchen
12.50;5;2;202301;Jan;Fri;Evening;Low;Tea;Brewed herbal tea;Peppermint Rg;Lower Manhattan
20.45;1;1;202301;Jan;Fri;Evening;very high;Coffee beans;Espresso Beans;Primo Espresso Roast;Hell's Kitchen
14.75;1;1;202301;Jan;Fri;Evening;Low;Coffee beans;Espresso Beans;Espresso Roast;Hell's Kitchen
8.95;1;1;202301;Jan;Fri;Evening;Low;Loose Tea;Chai tea;Traditional Blend Chai;Lower Manhattan
15.00;4;2;202301;Jan;Fri;Evening;Low;Coffee;Barista Espresso;Cappuccino;Hell's Kitchen
7.50;3;3;202301;Jan;Fri;Evening;Low;Tea;Brewed herbal tea;Lemon Grass Rg;Hell's Kitchen
1.60;2;2;202301;Jan;Fri;Evening;Low;Flavours;Regular syrup;Carmel syrup;Astoria
5.00;2;1;202301;Jan;Fri;Evening;Low;Tea;Brewed Chai tea;Morning Sunrise Chai Rg;Lower Manhattan
1.60;2;2;202301;Jan;Fri;Evening;Low;Flavours;Sugar free syrup;Sugar Free Vanilla syrup;Hell's Kitchen
19.75;1;1;202301;Jan;Fri;Evening;Low;Coffee beans;Premium Beans;Jamacian Coffee River;Hell's Kitchen
36.00;9;5;202301;Jan;Fri;Evening;Med;Tea;Brewed Chai tea;Morning Sunrise Chai Lg;Hell's Kitchen
7.50;2;1;202301;Jan;Fri;Evening;Low;Coffee;Barista Espresso;Cappuccino;Lower Manhattan
3.00;1;1;202301;Jan;Fri;Evening;Low;Coffee;Gourmet brewed coffee;Ethiopia Rg;Lower Manhattan
3.50;1;1;202301;Jan;Fri;Evening;Low;Bakery;Biscotti;Chocolate Chip Biscotti;Lower Manhattan
4.40;2;1;202301;Jan;Fri;Evening;Low;Coffee;Organic brewed coffee;Brazilian Sm;Hell's Kitchen
8.95;1;1;202301;Jan;Fri;Evening;Low;Loose Tea;Black tea;Earl Grey;Hell's Kitchen
15.00;6;4;202301;Jan;Fri;Evening;Low;Tea;Brewed Green tea;Serenity Green Tea Rg;Lower Manhattan
7.20;9;5;202301;Jan;Fri;Evening;Low;Flavours;Regular syrup;Carmel syrup;Hell's Kitchen
2.40;3;2;202301;Jan;Fri;Evening;Low;Flavours;Regular syrup;Chocolate syrup;Astoria
7.35;3;2;202301;Jan;Fri;Evening;Low;Coffee;Premium brewed coffee;Jamaican Coffee River Sm;Lower Manhattan
9.00;3;3;202301;Jan;Fri;Evening;Low;Bakery;Scone;Oatmeal Scone;Hell's Kitchen
8.95;1;1;202301;Jan;Fri;Evening;Low;Loose Tea;Chai tea;Traditional Blend Chai;Hell's Kitchen
12.00;4;3;202301;Jan;Fri;Evening;Low;Coffee;Gourmet brewed coffee;Ethiopia Rg;Astoria
45.00;2;2;202301;Jan;Fri;Evening;High;Coffee beans;Organic Beans;Organic Decaf Blend;Hell's Kitchen
20.00;8;4;202301;Jan;Fri;Evening;Low;Tea;Brewed Black tea;Earl Grey Rg;Hell's Kitchen
12.00;4;3;202301;Jan;Fri;Evening;Low;Tea;Brewed Black tea;Earl Grey Lg;Astoria
14.00;4;4;202301;Jan;Sat;Morning;Low;Bakery;Pastry;Croissant;Lower Manhattan
13.50;3;3;202301;Jan;Sat;Morning;Low;Bakery;Scone;Scottish Cream Scone ;Lower Manhattan
30.60;12;6;202301;Jan;Sat;Morning;Med;Coffee;Barista Espresso;Ouro Brasileiro shot;Lower Manhattan
22.00;10;7;202301;Jan;Sat;Morning;Med;Coffee;Organic brewed coffee;Brazilian Sm;Astoria
12.00;4;4;202301;Jan;Sat;Morning;Low;Bakery;Scone;Oatmeal Scone;Hell's Kitchen
18.00;6;3;202301;Jan;Sat;Morning;Low;Coffee;Barista Espresso;Espresso shot;Hell's Kitchen
6.50;2;2;202301;Jan;Sat;Morning;Low;Bakery;Scone;Cranberry Scone;Astoria
4.00;5;4;202301;Jan;Sat;Morning;Low;Flavours;Sugar free syrup;Sugar Free Vanilla syrup;Astoria
112.00;4;4;202301;Jan;Sat;Morning;very high;Branded;Clothing;I Need My Bean! T-shirt;Astoria
7.20;9;7;202301;Jan;Sat;Morning;Low;Flavours;Regular syrup;Chocolate syrup;Astoria
26.25;7;7;202301;Jan;Sat;Morning;Med;Bakery;Pastry;Almond Croissant;Lower Manhattan
21.00;6;6;202301;Jan;Sat;Morning;Med;Bakery;Biscotti;Chocolate Chip Biscotti;Hell's Kitchen
24.50;7;5;202301;Jan;Sat;Morning;Med;Drinking Chocolate;Hot chocolate;Dark chocolate Rg;Hell's Kitchen
22.50;1;1;202301;Jan;Sat;Morning;Med;Coffee beans;Organic Beans;Organic Decaf Blend;Hell's Kitchen
12.00;1;1;202301;Jan;Sat;Morning;Low;Branded;Housewares;I Need My Bean! Diner mug;Lower Manhattan
48.75;13;8;202301;Jan;Sat;Morning;High;Coffee;Barista Espresso;Latte;Lower Manhattan
13.33;1;1;202301;Jan;Sat;Morning;Low;Packaged Chocolate;Drinking Chocolate;Chili Mayan;Hell's Kitchen
21.00;1;1;202301;Jan;Sat;Morning;Med;Coffee beans;Gourmet Beans;Ethiopia;Hell's Kitchen
26.00;8;8;202301;Jan;Sat;Morning;Med;Bakery;Scone;Ginger Scone;Astoria
7.60;1;1;202301;Jan;Sat;Morning;Low;Packaged Chocolate;Organic Chocolate;Sustainably Grown Organic;Astoria
6.00;2;2;202301;Jan;Sat;Morning;Low;Tea;Brewed Black tea;English Breakfast Lg;Lower Manhattan
30.00;10;6;202301;Jan;Sat;Morning;Med;Tea;Brewed herbal tea;Lemon Grass Lg;Astoria
8.95;1;1;202301;Jan;Sat;Morning;Low;Loose Tea;Chai tea;Traditional Blend Chai;Hell's Kitchen
8.95;1;1;202301;Jan;Sat;Morning;Low;Loose Tea;Black tea;English Breakfast;Hell's Kitchen
37.50;10;6;202301;Jan;Sat;Morning;Med;Coffee;Barista Espresso;Cappuccino;Astoria
24.80;8;6;202301;Jan;Sat;Morning;Med;Tea;Brewed Chai tea;Spicy Eye Opener Chai Lg;Hell's Kitchen
14.00;1;1;202301;Jan;Sat;Morning;Low;Branded;Housewares;I Need My Bean! Latte cup;Lower Manhattan
15.00;1;1;202301;Jan;Sat;Morning;Low;Coffee beans;Gourmet Beans;Columbian Medium Roast;Astoria
8.00;10;6;202301;Jan;Sat;Morning;Low;Flavours;Regular syrup;Hazelnut syrup;Astoria
19.75;1;1;202301;Jan;Sat;Morning;Low;Coffee beans;Premium Beans;Jamacian Coffee River;Astoria
45.00;10;5;202301;Jan;Sat;Morning;High;Drinking Chocolate;Hot chocolate;Dark chocolate Lg;Lower Manhattan
8.95;1;1;202301;Jan;Sat;Morning;Low;Loose Tea;Herbal tea;Peppermint;Hell's Kitchen
18.60;6;5;202301;Jan;Sat;Morning;Low;Coffee;Premium brewed coffee;Jamaican Coffee River Rg;Astoria
40.90;2;2;202301;Jan;Sat;Morning;very high;Coffee beans;Espresso Beans;Primo Espresso Roast;Astoria
5.60;7;4;202301;Jan;Sat;Morning;Low;Flavours;Regular syrup;Carmel syrup;Astoria
16.20;6;5;202301;Jan;Sat;Morning;Low;Coffee;Barista Espresso;Ouro Brasileiro shot;Hell's Kitchen
30.00;12;6;202301;Jan;Sat;Morning;Med;Tea;Brewed Green tea;Serenity Green Tea Rg;Hell's Kitchen
54.00;3;3;202301;Jan;Sat;Morning;High;Coffee beans;House blend Beans;Our Old Time Diner Blend;Hell's Kitchen
8.95;1;1;202301;Jan;Sat;Morning;Low;Loose Tea;Black tea;English Breakfast;Astoria
90.00;2;2;202301;Jan;Sat;Morning;very high;Coffee beans;Premium Beans;Civet Cat;Hell's Kitchen
3.20;4;3;202301;Jan;Sat;Afternoon;Low;Flavours;Regular syrup;Hazelnut syrup;Astoria
24.50;7;5;202301;Jan;Sat;Afternoon;Med;Coffee;Gourmet brewed coffee;Ethiopia Lg;Lower Manhattan
12.00;4;4;202301;Jan;Sat;Afternoon;Low;Bakery;Scone;Oatmeal Scone;Lower Manhattan
18.75;5;2;202301;Jan;Sat;Afternoon;Low;Coffee;Barista Espresso;Latte;Lower Manhattan
4.80;6;4;202301;Jan;Sat;Afternoon;Low;Flavours;Sugar free syrup;Sugar Free Vanilla syrup;Lower Manhattan
13.00;4;4;202301;Jan;Sat;Afternoon;Low;Bakery;Scone;Cranberry Scone;Lower Manhattan
10.50;3;3;202301;Jan;Sat;Afternoon;Low;Drinking Chocolate;Hot chocolate;Dark chocolate Rg;Lower Manhattan
31.50;12;8;202301;Jan;Sat;Afternoon;Med;Coffee;Barista Espresso;Ouro Brasileiro shot;Lower Manhattan
9.00;3;2;202301;Jan;Sat;Afternoon;Low;Coffee;Gourmet brewed coffee;Columbian Medium Roast Lg;Lower Manhattan
6.00;2;1;202301;Jan;Sat;Afternoon;Low;Coffee;Drip coffee;Our Old Time Diner Blend Lg;Hell's Kitchen
15.00;4;3;202301;Jan;Sat;Afternoon;Low;Drinking Chocolate;Hot chocolate;Sustainably Grown Organic Rg;Lower Manhattan
12.00;1;1;202301;Jan;Sat;Afternoon;Low;Branded;Housewares;I Need My Bean! Diner mug;Lower Manhattan
84.00;3;3;202301;Jan;Sat;Afternoon;very high;Branded;Clothing;I Need My Bean! T-shirt;Lower Manhattan
16.25;5;5;202301;Jan;Sat;Afternoon;Low;Bakery;Biscotti;Hazelnut Biscotti;Lower Manhattan
11.00;5;3;202301;Jan;Sat;Afternoon;Low;Coffee;Gourmet brewed coffee;Ethiopia Sm;Lower Manhattan
10.95;1;1;202301;Jan;Sat;Afternoon;Low;Loose Tea;Chai tea;Spicy Eye Opener Chai;Astoria
9.00;2;2;202301;Jan;Sat;Afternoon;Low;Bakery;Scone;Scottish Cream Scone ;Lower Manhattan
22.50;1;1;202301;Jan;Sat;Afternoon;Med;Coffee beans;Organic Beans;Organic Decaf Blend;Astoria
15.00;5;3;202301;Jan;Sat;Afternoon;Low;Coffee;Gourmet brewed coffee;Columbian Medium Roast Lg;Astoria
18.00;6;4;202301;Jan;Sat;Afternoon;Low;Tea;Brewed Green tea;Serenity Green Tea Lg;Lower Manhattan
15.00;5;3;202301;Jan;Sat;Afternoon;Low;Coffee;Barista Espresso;Espresso shot;Hell's Kitchen
3.00;1;1;202301;Jan;Sat;Afternoon;Low;Tea;Brewed Chai tea;Traditional Blend Chai Lg;Lower Manhattan
15.00;4;4;202301;Jan;Sat;Afternoon;Low;Bakery;Pastry;Chocolate Croissant;Lower Manhattan
15.00;5;3;202301;Jan;Sat;Afternoon;Low;Coffee;Barista Espresso;Espresso shot;Lower Manhattan
1.60;2;2;202301;Jan;Sat;Afternoon;Low;Flavours;Regular syrup;Carmel syrup;Lower Manhattan
22.50;5;3;202301;Jan;Sat;Afternoon;Med;Drinking Chocolate;Hot chocolate;Dark chocolate Lg;Hell's Kitchen
14.75;1;1;202301;Jan;Sat;Afternoon;Low;Coffee beans;Espresso Beans;Espresso Roast;Hell's Kitchen
1.60;2;2;202301;Jan;Sat;Afternoon;Low;Flavours;Regular syrup;Carmel syrup;Astoria
46.00;2;2;202301;Jan;Sat;Afternoon;High;Branded;Housewares;I Need My Bean! Latte cup;Astoria
3.20;4;2;202301;Jan;Sat;Afternoon;Low;Flavours;Sugar free syrup;Sugar Free Vanilla syrup;Astoria
3.75;1;1;202301;Jan;Sat;Afternoon;Low;Bakery;Pastry;Almond Croissant;Astoria
7.50;2;2;202301;Jan;Sat;Afternoon;Low;Bakery;Scone;Jumbo Savory Scone;Lower Manhattan
4.75;1;1;202301;Jan;Sat;Night;Low;Drinking Chocolate;Hot chocolate;Sustainably Grown Organic Lg;Astoria
8.95;1;1;202301;Jan;Sat;Evening;Low;Loose Tea;Herbal tea;Lemon Grass;Hell's Kitchen
4.00;1;1;202301;Jan;Sat;Evening;Low;Tea;Brewed Chai tea;Morning Sunrise Chai Lg;Hell's Kitchen
6.00;2;2;202301;Jan;Sat;Evening;Low;Tea;Brewed Black tea;English Breakfast Lg;Astoria
18.00;6;5;202301;Jan;Sat;Evening;Low;Tea;Brewed Black tea;English Breakfast Lg;Hell's Kitchen
22.50;5;3;202301;Jan;Sat;Evening;Med;Drinking Chocolate;Hot chocolate;Dark chocolate Lg;Lower Manhattan
1.60;2;1;202301;Jan;Sat;Evening;Low;Flavours;Sugar free syrup;Sugar Free Vanilla syrup;Lower Manhattan
9.00;2;2;202301;Jan;Sat;Evening;Low;Bakery;Scone;Scottish Cream Scone ;Lower Manhattan
5.00;2;1;202301;Jan;Sat;Evening;Low;Coffee;Drip coffee;Our Old Time Diner Blend Rg;Lower Manhattan
9.75;3;3;202301;Jan;Sat;Evening;Low;Bakery;Biscotti;Hazelnut Biscotti;Lower Manhattan
17.50;7;4;202301;Jan;Sat;Evening;Low;Tea;Brewed herbal tea;Lemon Grass Rg;Hell's Kitchen
13.00;4;4;202301;Jan;Sat;Evening;Low;Bakery;Scone;Ginger Scone;Hell's Kitchen
21.00;7;5;202301;Jan;Sat;Evening;Med;Coffee;Organic brewed coffee;Brazilian Rg;Astoria
2.50;1;1;202301;Jan;Sat;Evening;Low;Tea;Brewed Black tea;English Breakfast Rg;Lower Manhattan
9.00;3;2;202301;Jan;Sat;Evening;Low;Coffee;Drip coffee;Our Old Time Diner Blend Lg;Lower Manhattan
8.80;4;4;202301;Jan;Sat;Evening;Low;Coffee;Organic brewed coffee;Brazilian Sm;Hell's Kitchen
27.00;6;6;202301;Jan;Sat;Evening;Med;Bakery;Scone;Scottish Cream Scone ;Hell's Kitchen
3.25;1;1;202301;Jan;Sat;Evening;Low;Bakery;Scone;Cranberry Scone;Lower Manhattan
18.00;9;7;202301;Jan;Sat;Evening;Low;Coffee;Gourmet brewed coffee;Columbian Medium Roast Sm;Hell's Kitchen
7.50;2;2;202301;Jan;Sat;Evening;Low;Coffee;Barista Espresso;Latte;Lower Manhattan
1.60;2;1;202301;Jan;Sat;Evening;Low;Flavours;Regular syrup;Chocolate syrup;Lower Manhattan
18.50;2;2;202301;Jan;Sat;Evening;Low;Loose Tea;Green tea;Serenity Green Tea;Lower Manhattan
5.00;2;2;202301;Jan;Sat;Evening;Low;Tea;Brewed herbal tea;Peppermint Rg;Astoria
6.60;3;2;202301;Jan;Sat;Evening;Low;Coffee;Gourmet brewed coffee;Ethiopia Sm;Lower Manhattan
12.00;1;1;202301;Jan;Sat;Evening;Low;Branded;Housewares;I Need My Bean! Diner mug;Lower Manhattan
29.75;7;5;202301;Jan;Sat;Evening;Med;Coffee;Barista Espresso;Cappuccino Lg;Hell's Kitchen
1.60;2;1;202301;Jan;Sat;Evening;Low;Flavours;Sugar free syrup;Sugar Free Vanilla syrup;Hell's Kitchen
10.00;1;1;202301;Jan;Sat;Evening;Low;Coffee beans;Green beans;Guatemalan Sustainably Grown;Hell's Kitchen
13.00;4;4;202301;Jan;Sat;Evening;Low;Bakery;Scone;Cranberry Scone;Hell's Kitchen
10.50;3;2;202301;Jan;Sat;Evening;Low;Coffee;Gourmet brewed coffee;Ethiopia Lg;Lower Manhattan
15.00;5;3;202301;Jan;Sat;Evening;Low;Coffee;Barista Espresso;Ouro Brasileiro shot;Lower Manhattan
3.50;1;1;202301;Jan;Sat;Evening;Low;Bakery;Biscotti;Ginger Biscotti;Lower Manhattan
4.40;2;2;202301;Jan;Sat;Evening;Low;Coffee;Organic brewed coffee;Brazilian Sm;Lower Manhattan
3.75;1;1;202301;Jan;Sat;Evening;Low;Bakery;Scone;Jumbo Savory Scone;Lower Manhattan
10.20;4;4;202301;Jan;Sat;Evening;Low;Coffee;Barista Espresso;Ouro Brasileiro shot;Hell's Kitchen
2.00;1;1;202301;Jan;Sat;Evening;Low;Coffee;Drip coffee;Our Old Time Diner Blend Sm;Lower Manhattan
5.00;2;2;202301;Jan;Sat;Evening;Low;Tea;Brewed Black tea;Earl Grey Rg;Hell's Kitchen
27.00;6;4;202301;Jan;Sat;Evening;Med;Drinking Chocolate;Hot chocolate;Dark chocolate Lg;Hell's Kitchen
3.00;1;1;202301;Jan;Sat;Evening;Low;Bakery;Scone;Oatmeal Scone;Astoria
3.20;4;3;202301;Jan;Sat;Evening;Low;Flavours;Regular syrup;Chocolate syrup;Astoria
37.50;10;7;202301;Jan;Sat;Evening;Med;Coffee;Barista Espresso;Cappuccino;Astoria
3.50;1;1;202301;Jan;Sat;Evening;Low;Bakery;Biscotti;Ginger Biscotti;Astoria
11.25;3;2;202301;Jan;Sat;Evening;Low;Coffee;Barista Espresso;Latte;Hell's Kitchen
2.50;1;1;202301;Jan;Sat;Evening;Low;Tea;Brewed Chai tea;Morning Sunrise Chai Rg;Hell's Kitchen
7.60;1;1;202301;Jan;Sat;Evening;Low;Packaged Chocolate;Organic Chocolate;Sustainably Grown Organic;Hell's Kitchen
14.00;4;2;202301;Jan;Sun;Night;Low;Coffee;Organic brewed coffee;Brazilian Lg;Lower Manhattan
5.00;2;1;202301;Jan;Sun;Night;Low;Tea;Brewed Black tea;English Breakfast Rg;Lower Manhattan
2.45;1;1;202301;Jan;Sun;Night;Low;Coffee;Premium brewed coffee;Jamaican Coffee River Sm;Lower Manhattan
4.50;1;1;202301;Jan;Sun;Night;Low;Bakery;Scone;Scottish Cream Scone ;Lower Manhattan
5.00;2;2;202301;Jan;Sun;Night;Low;Coffee;Gourmet brewed coffee;Columbian Medium Roast Rg;Lower Manhattan
3.20;4;2;202301;Jan;Sun;Night;Low;Flavours;Sugar free syrup;Sugar Free Vanilla syrup;Lower Manhattan
12.50;5;3;202301;Jan;Sun;Night;Low;Tea;Brewed herbal tea;Peppermint Rg;Lower Manhattan
13.00;4;4;202301;Jan;Sun;Night;Low;Bakery;Scone;Cranberry Scone;Lower Manhattan
15.00;5;2;202301;Jan;Sun;Night;Low;Coffee;Gourmet brewed coffee;Columbian Medium Roast Lg;Lower Manhattan
25.50;6;3;202301;Jan;Sun;Night;Med;Coffee;Barista Espresso;Latte Rg;Lower Manhattan
2.40;3;2;202301;Jan;Sun;Night;Low;Flavours;Regular syrup;Chocolate syrup;Lower Manhattan
2.50;1;1;202301;Jan;Sun;Night;Low;Tea;Brewed Chai tea;Traditional Blend Chai Rg;Lower Manhattan
10.95;1;1;202301;Jan;Sun;Night;Low;Loose Tea;Chai tea;Spicy Eye Opener Chai;Lower Manhattan
14.25;3;2;202301;Jan;Sun;Night;Low;Drinking Chocolate;Hot chocolate;Sustainably Grown Organic Lg;Lower Manhattan
6.00;2;2;202301;Jan;Sun;Night;Low;Tea;Brewed herbal tea;Peppermint Lg;Lower Manhattan
21.00;7;3;202301;Jan;Sun;Night;Med;Coffee;Barista Espresso;Ouro Brasileiro shot;Lower Manhattan
7.50;2;1;202301;Jan;Sun;Night;Low;Coffee;Premium brewed coffee;Jamaican Coffee River Lg;Hell's Kitchen
3.00;1;1;202301;Jan;Sun;Night;Low;Bakery;Scone;Oatmeal Scone;Hell's Kitchen
4.00;2;1;202301;Jan;Sun;Night;Low;Coffee;Drip coffee;Our Old Time Diner Blend Sm;Lower Manhattan
1.60;2;1;202301;Jan;Sun;Night;Low;Flavours;Regular syrup;Hazelnut syrup;Lower Manhattan
7.65;3;2;202301;Jan;Sun;Night;Low;Tea;Brewed Chai tea;Spicy Eye Opener Chai Rg;Lower Manhattan
28.00;1;1;202301;Jan;Sun;Morning;Med;Branded;Clothing;I Need My Bean! T-shirt;Hell's Kitchen
22.50;1;1;202301;Jan;Sun;Morning;Med;Coffee beans;Organic Beans;Organic Decaf Blend;Hell's Kitchen
4.80;6;4;202301;Jan;Sun;Morning;Low;Flavours;Regular syrup;Chocolate syrup;Astoria
30.00;10;6;202301;Jan;Sun;Morning;Med;Tea;Brewed Chai tea;Traditional Blend Chai Lg;Astoria
32.50;13;9;202301;Jan;Sun;Morning;Med;Tea;Brewed herbal tea;Peppermint Rg;Astoria
6.40;8;5;202301;Jan;Sun;Morning;Low;Flavours;Regular syrup;Chocolate syrup;Lower Manhattan
13.00;4;4;202301;Jan;Sun;Morning;Low;Bakery;Biscotti;Hazelnut Biscotti;Astoria
42.00;14;8;202301;Jan;Sun;Morning;High;Tea;Brewed Black tea;Earl Grey Lg;Astoria
67.50;18;11;202301;Jan;Mon;Morning;very high;Drinking Chocolate;Hot chocolate;Sustainably Grown Organic Rg;Astoria
14.00;4;3;202301;Jan;Mon;Morning;Low;Bakery;Biscotti;Chocolate Chip Biscotti;Astoria
12.00;4;4;202301;Jan;Mon;Morning;Low;Bakery;Scone;Oatmeal Scone;Lower Manhattan
15.00;4;3;202301;Jan;Mon;Afternoon;Low;Coffee;Premium brewed coffee;Jamaican Coffee River Lg;Lower Manhattan
7.00;2;2;202301;Jan;Mon;Afternoon;Low;Bakery;Biscotti;Ginger Biscotti;Hell's Kitchen
6.40;8;6;202301;Jan;Tue;Morning;Low;Flavours;Sugar free syrup;Sugar Free Vanilla syrup;Hell's Kitchen
40.00;16;10;202301;Jan;Tue;Morning;Med;Tea;Brewed Black tea;Earl Grey Rg;Astoria
27.00;9;9;202301;Jan;Tue;Morning;Med;Bakery;Scone;Oatmeal Scone;Lower Manhattan
22.50;9;7;202301;Jan;Tue;Morning;Med;Tea;Brewed Black tea;English Breakfast Rg;Astoria
22.75;7;7;202301;Jan;Tue;Morning;Med;Bakery;Biscotti;Hazelnut Biscotti;Astoria
17.50;5;5;202301;Jan;Tue;Morning;Low;Bakery;Pastry;Croissant;Astoria
17.60;8;5;202301;Jan;Tue;Morning;Low;Coffee;Gourmet brewed coffee;Ethiopia Sm;Hell's Kitchen
2.40;3;2;202301;Jan;Tue;Evening;Low;Flavours;Regular syrup;Chocolate syrup;Lower Manhattan
6.40;8;5;202301;Jan;Wed;Morning;Low;Flavours;Sugar free syrup;Sugar Free Vanilla syrup;Hell's Kitchen
37.50;10;7;202301;Jan;Wed;Morning;Med;Coffee;Premium brewed coffee;Jamaican Coffee River Lg;Astoria
48.00;16;9;202301;Jan;Wed;Morning;High;Tea;Brewed Chai tea;Traditional Blend Chai Lg;Hell's Kitchen
22.50;6;6;202301;Jan;Wed;Morning;Med;Bakery;Pastry;Almond Croissant;Astoria
42.00;14;8;202301;Jan;Wed;Morning;High;Coffee;Barista Espresso;Espresso shot;Astoria
12.00;4;3;202301;Jan;Wed;Evening;Low;Tea;Brewed Chai tea;Traditional Blend Chai Lg;Lower Manhattan
1.60;2;1;202301;Jan;Wed;Evening;Low;Flavours;Regular syrup;Carmel syrup;Hell's Kitchen
2.40;3;2;202301;Jan;Wed;Evening;Low;Flavours;Regular syrup;Chocolate syrup;Lower Manhattan
3.50;1;1;202301;Jan;Thu;Night;Low;Bakery;Biscotti;Chocolate Chip Biscotti;Lower Manhattan
2.40;3;2;202301;Jan;Thu;Night;Low;Flavours;Regular syrup;Chocolate syrup;Hell's Kitchen
8.80;11;6;202301;Jan;Thu;Night;Low;Flavours;Sugar free syrup;Sugar Free Vanilla syrup;Lower Manhattan
4.80;6;3;202301;Jan;Thu;Night;Low;Flavours;Regular syrup;Carmel syrup;Lower Manhattan
8.80;11;6;202301;Jan;Thu;Morning;Low;Flavours;Regular syrup;Carmel syrup;Hell's Kitchen
22.00;11;7;202301;Jan;Thu;Morning;Med;Coffee;Gourmet brewed coffee;Columbian Medium Roast Sm;Hell's Kitchen
21.00;1;1;202301;Jan;Thu;Evening;Med;Coffee beans;Gourmet Beans;Ethiopia;Lower Manhattan
1.60;2;1;202301;Jan;Thu;Evening;Low;Flavours;Regular syrup;Chocolate syrup;Astoria
6.40;8;7;202301;Jan;Fri;Morning;Low;Flavours;Regular syrup;Carmel syrup;Astoria
9.60;12;7;202301;Jan;Fri;Morning;Low;Flavours;Regular syrup;Hazelnut syrup;Lower Manhattan
12.00;4;4;202301;Jan;Fri;Morning;Low;Coffee;Organic brewed coffee;Brazilian Rg;Astoria
14.75;1;1;202301;Jan;Fri;Morning;Low;Coffee beans;Espresso Beans;Espresso Roast;Hell's Kitchen
15.00;4;4;202301;Jan;Fri;Morning;Low;Bakery;Pastry;Almond Croissant;Astoria
10.50;3;3;202301;Jan;Fri;Morning;Low;Bakery;Biscotti;Chocolate Chip Biscotti;Hell's Kitchen
17.50;7;5;202301;Jan;Fri;Afternoon;Low;Tea;Brewed herbal tea;Lemon Grass Rg;Astoria
14.00;4;2;202301;Jan;Fri;Afternoon;Low;Coffee;Organic brewed coffee;Brazilian Lg;Lower Manhattan
7.50;2;1;202301;Jan;Fri;Afternoon;Low;Coffee;Barista Espresso;Latte;Lower Manhattan
18.00;1;1;202301;Jan;Fri;Evening;Low;Coffee beans;House blend Beans;Our Old Time Diner Blend;Lower Manhattan
3.50;1;1;202301;Jan;Fri;Evening;Low;Coffee;Gourmet brewed coffee;Ethiopia Lg;Lower Manhattan
10.50;3;3;202301;Jan;Fri;Evening;Low;Bakery;Biscotti;Chocolate Chip Biscotti;Astoria
7.60;1;1;202301;Jan;Sat;Morning;Low;Packaged Chocolate;Organic Chocolate;Sustainably Grown Organic;Lower Manhattan
5.10;2;1;202301;Jan;Sat;Afternoon;Low;Tea;Brewed Chai tea;Spicy Eye Opener Chai Rg;Lower Manhattan
6.00;3;3;202301;Jan;Sat;Afternoon;Low;Coffee;Gourmet brewed coffee;Columbian Medium Roast Sm;Hell's Kitchen
11.25;3;2;202301;Jan;Sat;Afternoon;Low;Coffee;Barista Espresso;Cappuccino;Astoria
14.25;3;2;202301;Jan;Sat;Evening;Low;Drinking Chocolate;Hot chocolate;Sustainably Grown Organic Lg;Lower Manhattan
17.00;4;2;202301;Jan;Sat;Evening;Low;Coffee;Barista Espresso;Cappuccino Lg;Lower Manhattan
10.50;3;2;202301;Jan;Sat;Evening;Low;Coffee;Organic brewed coffee;Brazilian Lg;Astoria
5.00;2;1;202301;Jan;Sat;Evening;Low;Tea;Brewed Black tea;Earl Grey Rg;Lower Manhattan
3.75;1;1;202301;Jan;Sat;Evening;Low;Bakery;Pastry;Almond Croissant;Lower Manhattan
9.30;3;2;202301;Jan;Sat;Evening;Low;Tea;Brewed Chai tea;Spicy Eye Opener Chai Lg;Hell's Kitchen
13.33;1;1;202301;Jan;Sat;Evening;Low;Packaged Chocolate;Drinking Chocolate;Chili Mayan;Hell's Kitchen
5.10;2;1;202301;Jan;Sun;Night;Low;Tea;Brewed Chai tea;Spicy Eye Opener Chai Rg;Hell's Kitchen
9.30;3;3;202301;Jan;Sun;Night;Low;Tea;Brewed Chai tea;Spicy Eye Opener Chai Lg;Lower Manhattan
12.00;1;1;202301;Jan;Sun;Morning;Low;Branded;Housewares;I Need My Bean! Diner mug;Hell's Kitchen
17.50;7;5;202301;Jan;Sun;Morning;Low;Tea;Brewed Black tea;English Breakfast Rg;Astoria
15.00;4;4;202301;Jan;Thu;Morning;Low;Bakery;Pastry;Almond Croissant;Astoria
2.50;1;1;202301;Jan;Thu;Afternoon;Low;Tea;Brewed Black tea;English Breakfast Rg;Lower Manhattan
5.60;7;5;202301;Jan;Fri;Morning;Low;Flavours;Sugar free syrup;Sugar Free Vanilla syrup;Astoria
36.00;2;2;202301;Jan;Fri;Morning;Med;Coffee beans;Organic Beans;Brazilian - Organic;Lower Manhattan
18.75;5;3;202301;Jan;Fri;Evening;Low;Drinking Chocolate;Hot chocolate;Sustainably Grown Organic Rg;Hell's Kitchen
17.50;5;4;202301;Jan;Sun;Morning;Low;Coffee;Organic brewed coffee;Brazilian Lg;Astoria
34.00;17;11;202301;Jan;Sun;Morning;Med;Coffee;Gourmet brewed coffee;Columbian Medium Roast Sm;Astoria
17.90;2;2;202301;Jan;Sun;Morning;Low;Loose Tea;Black tea;English Breakfast;Astoria
13.33;1;1;202301;Jan;Sun;Morning;Low;Packaged Chocolate;Drinking Chocolate;Chili Mayan;Astoria
28.60;13;7;202301;Jan;Sun;Morning;Med;Coffee;Gourmet brewed coffee;Ethiopia Sm;Astoria
30.00;8;5;202301;Jan;Sun;Morning;Med;Coffee;Barista Espresso;Cappuccino;Astoria
8.00;10;6;202301;Jan;Sun;Morning;Low;Flavours;Sugar free syrup;Sugar Free Vanilla syrup;Astoria
6.00;2;2;202301;Jan;Sun;Morning;Low;Bakery;Scone;Oatmeal Scone;Astoria
17.50;7;4;202301;Jan;Sun;Morning;Low;Coffee;Drip coffee;Our Old Time Diner Blend Rg;Astoria
18.00;1;1;202301;Jan;Sun;Morning;Low;Coffee beans;House blend Beans;Our Old Time Diner Blend;Astoria
33.25;7;5;202301;Jan;Sun;Morning;Med;Drinking Chocolate;Hot chocolate;Sustainably Grown Organic Lg;Astoria
19.75;1;1;202301;Jan;Sun;Morning;Low;Coffee beans;Premium Beans;Jamacian Coffee River;Astoria
34.00;8;5;202301;Jan;Sun;Morning;Med;Coffee;Barista Espresso;Cappuccino Lg;Astoria
3.20;4;3;202301;Jan;Sun;Morning;Low;Flavours;Regular syrup;Carmel syrup;Astoria
17.50;5;5;202301;Jan;Sun;Morning;Low;Bakery;Biscotti;Chocolate Chip Biscotti;Astoria
8.95;1;1;202301;Jan;Sun;Morning;Low;Loose Tea;Black tea;Earl Grey;Hell's Kitchen
8.95;1;1;202301;Jan;Sun;Morning;Low;Loose Tea;Black tea;English Breakfast;Lower Manhattan
9.75;3;3;202301;Jan;Sun;Morning;Low;Bakery;Scone;Ginger Scone;Astoria
10.00;1;1;202301;Jan;Sun;Morning;Low;Coffee beans;Green beans;Guatemalan Sustainably Grown;Astoria
28.00;2;2;202301;Jan;Sun;Morning;Med;Branded;Housewares;I Need My Bean! Latte cup;Astoria
6.00;3;2;202301;Jan;Sun;Night;Low;Coffee;Gourmet brewed coffee;Columbian Medium Roast Sm;Lower Manhattan
9.00;3;1;202301;Jan;Sun;Night;Low;Coffee;Barista Espresso;Espresso shot;Lower Manhattan
0.80;1;1;202301;Jan;Sun;Morning;Low;Flavours;Regular syrup;Hazelnut syrup;Astoria
3.50;1;1;202301;Jan;Sun;Morning;Low;Bakery;Biscotti;Ginger Biscotti;Astoria
21.00;1;1;202301;Jan;Sun;Morning;Med;Coffee beans;Gourmet Beans;Ethiopia;Astoria
7.60;1;1;202301;Jan;Sun;Morning;Low;Packaged Chocolate;Organic Chocolate;Sustainably Grown Organic;Astoria
6.40;1;1;202301;Jan;Sun;Morning;Low;Packaged Chocolate;Drinking Chocolate;Dark chocolate;Hell's Kitchen
14.75;1;1;202301;Jan;Sun;Morning;Low;Coffee beans;Espresso Beans;Espresso Roast;Hell's Kitchen
7.50;2;2;202301;Jan;Sun;Morning;Low;Bakery;Pastry;Almond Croissant;Lower Manhattan
5.00;2;1;202301;Jan;Sun;Night;Low;Coffee;Gourmet brewed coffee;Columbian Medium Roast Rg;Astoria
6.00;3;3;202301;Jan;Sun;Afternoon;Low;Coffee;Gourmet brewed coffee;Columbian Medium Roast Sm;Hell's Kitchen
17.60;8;6;202301;Jan;Sun;Afternoon;Low;Coffee;Organic brewed coffee;Brazilian Sm;Astoria
13.50;3;3;202301;Jan;Sun;Afternoon;Low;Drinking Chocolate;Hot chocolate;Dark chocolate Lg;Hell's Kitchen
12.00;4;4;202301;Jan;Sun;Afternoon;Low;Bakery;Scone;Oatmeal Scone;Astoria
25.50;6;3;202301;Jan;Sun;Afternoon;Med;Coffee;Barista Espresso;Cappuccino Lg;Hell's Kitchen
4.00;2;2;202301;Jan;Sun;Afternoon;Low;Coffee;Drip coffee;Our Old Time Diner Blend Sm;Lower Manhattan
13.50;3;2;202301;Jan;Sun;Afternoon;Low;Drinking Chocolate;Hot chocolate;Dark chocolate Lg;Lower Manhattan
10.00;4;2;202301;Jan;Sun;Afternoon;Low;Tea;Brewed Black tea;English Breakfast Rg;Astoria
7.60;1;1;202301;Jan;Sun;Afternoon;Low;Packaged Chocolate;Organic Chocolate;Sustainably Grown Organic;Lower Manhattan
1.60;2;1;202301;Jan;Sun;Afternoon;Low;Flavours;Regular syrup;Carmel syrup;Astoria
2.40;3;2;202301;Jan;Sun;Afternoon;Low;Flavours;Regular syrup;Chocolate syrup;Lower Manhattan
1.60;2;1;202301;Jan;Sun;Afternoon;Low;Flavours;Regular syrup;Chocolate syrup;Hell's Kitchen
7.00;2;1;202301;Jan;Sun;Afternoon;Low;Drinking Chocolate;Hot chocolate;Dark chocolate Rg;Hell's Kitchen
12.00;4;4;202301;Jan;Sun;Afternoon;Low;Bakery;Scone;Oatmeal Scone;Lower Manhattan
13.00;4;4;202301;Jan;Sun;Afternoon;Low;Bakery;Biscotti;Hazelnut Biscotti;Hell's Kitchen
6.00;2;1;202301;Jan;Sun;Afternoon;Low;Coffee;Organic brewed coffee;Brazilian Rg;Lower Manhattan
13.33;1;1;202301;Jan;Sun;Afternoon;Low;Packaged Chocolate;Drinking Chocolate;Chili Mayan;Hell's Kitchen
56.00;2;2;202301;Jan;Sun;Afternoon;High;Branded;Clothing;I Need My Bean! T-shirt;Astoria
18.00;1;1;202301;Jan;Sun;Afternoon;Low;Coffee beans;Organic Beans;Brazilian - Organic;Astoria
6.00;2;2;202301;Jan;Sun;Afternoon;Low;Tea;Brewed herbal tea;Peppermint Lg;Astoria
2.50;1;1;202301;Jan;Sun;Afternoon;Low;Tea;Brewed Green tea;Serenity Green Tea Rg;Hell's Kitchen
2.50;1;1;202301;Jan;Sun;Night;Low;Coffee;Drip coffee;Our Old Time Diner Blend Rg;Lower Manhattan
1.60;2;1;202301;Jan;Sun;Evening;Low;Flavours;Regular syrup;Carmel syrup;Lower Manhattan
31.50;7;6;202301;Jan;Sun;Evening;Med;Drinking Chocolate;Hot chocolate;Dark chocolate Lg;Lower Manhattan
3.00;1;1;202301;Jan;Sun;Evening;Low;Coffee;Organic brewed coffee;Brazilian Rg;Lower Manhattan
9.00;3;3;202301;Jan;Sun;Evening;Low;Bakery;Scone;Oatmeal Scone;Lower Manhattan
3.00;1;1;202301;Jan;Sun;Evening;Low;Coffee;Gourmet brewed coffee;Columbian Medium Roast Lg;Lower Manhattan
13.00;4;4;202301;Jan;Sun;Evening;Low;Bakery;Scone;Ginger Scone;Hell's Kitchen
10.50;3;3;202301;Jan;Sun;Evening;Low;Bakery;Biscotti;Ginger Biscotti;Hell's Kitchen
7.50;2;2;202301;Jan;Sun;Evening;Low;Bakery;Scone;Jumbo Savory Scone;Hell's Kitchen
18.00;4;3;202301;Jan;Sun;Evening;Low;Drinking Chocolate;Hot chocolate;Dark chocolate Lg;Hell's Kitchen
6.60;3;2;202301;Jan;Sun;Evening;Low;Coffee;Organic brewed coffee;Brazilian Sm;Hell's Kitchen
3.00;1;1;202301;Jan;Sun;Evening;Low;Coffee;Barista Espresso;Ouro Brasileiro shot;Lower Manhattan
90.00;2;2;202301;Jan;Sun;Evening;very high;Coffee beans;Premium Beans;Civet Cat;Astoria
28.00;1;1;202301;Jan;Sun;Evening;Med;Branded;Clothing;I Need My Bean! T-shirt;Astoria
21.00;1;1;202301;Jan;Sun;Evening;Med;Coffee beans;Gourmet Beans;Ethiopia;Astoria
3.00;1;1;202301;Jan;Sun;Evening;Low;Bakery;Scone;Oatmeal Scone;Astoria
20.45;1;1;202301;Jan;Sun;Evening;very high;Coffee beans;Espresso Beans;Primo Espresso Roast;Astoria
2.50;1;1;202301;Jan;Mon;Night;Low;Tea;Brewed herbal tea;Peppermint Rg;Lower Manhattan
6.00;2;1;202301;Jan;Mon;Night;Low;Coffee;Drip coffee;Our Old Time Diner Blend Lg;Lower Manhattan
5.00;2;1;202301;Jan;Mon;Night;Low;Coffee;Gourmet brewed coffee;Columbian Medium Roast Rg;Lower Manhattan
18.00;6;3;202301;Jan;Mon;Night;Low;Coffee;Barista Espresso;Espresso shot;Lower Manhattan
3.20;4;2;202301;Jan;Mon;Night;Low;Flavours;Regular syrup;Chocolate syrup;Lower Manhattan
2.55;1;1;202301;Jan;Mon;Night;Low;Tea;Brewed Chai tea;Spicy Eye Opener Chai Rg;Lower Manhattan
6.50;2;2;202301;Jan;Mon;Night;Low;Bakery;Biscotti;Hazelnut Biscotti;Lower Manhattan
12.00;4;2;202301;Jan;Mon;Night;Low;Tea;Brewed Black tea;Earl Grey Lg;Lower Manhattan
3.50;1;1;202301;Jan;Mon;Night;Low;Coffee;Gourmet brewed coffee;Ethiopia Lg;Hell's Kitchen
12.75;3;2;202301;Jan;Mon;Night;Low;Coffee;Barista Espresso;Latte Rg;Hell's Kitchen
0.80;1;1;202301;Jan;Mon;Night;Low;Flavours;Regular syrup;Chocolate syrup;Hell's Kitchen
2.20;1;1;202301;Jan;Mon;Night;Low;Coffee;Organic brewed coffee;Brazilian Sm;Hell's Kitchen
15.00;6;3;202301;Jan;Mon;Night;Low;Tea;Brewed Chai tea;Morning Sunrise Chai Rg;Hell's Kitchen
6.00;2;1;202301;Jan;Mon;Night;Low;Coffee;Gourmet brewed coffee;Ethiopia Rg;Lower Manhattan
5.00;2;1;202301;Jan;Mon;Night;Low;Tea;Brewed herbal tea;Lemon Grass Rg;Hell's Kitchen
3.75;1;1;202301;Jan;Mon;Night;Low;Bakery;Scone;Jumbo Savory Scone;Hell's Kitchen
3.00;1;1;202301;Jan;Mon;Night;Low;Coffee;Barista Espresso;Ouro Brasileiro shot;Hell's Kitchen
8.50;2;2;202301;Jan;Mon;Night;Low;Coffee;Barista Espresso;Cappuccino Lg;Lower Manhattan
3.20;4;3;202301;Jan;Mon;Night;Low;Flavours;Regular syrup;Hazelnut syrup;Lower Manhattan
18.00;1;1;202301;Jan;Mon;Night;Low;Coffee beans;Organic Beans;Brazilian - Organic;Lower Manhattan
6.00;2;2;202301;Jan;Mon;Night;Low;Coffee;Drip coffee;Our Old Time Diner Blend Lg;Hell's Kitchen
6.20;2;1;202301;Jan;Mon;Night;Low;Coffee;Premium brewed coffee;Jamaican Coffee River Rg;Lower Manhattan
11.25;3;2;202301;Jan;Mon;Night;Low;Coffee;Barista Espresso;Cappuccino;Lower Manhattan
2.40;3;2;202301;Jan;Mon;Night;Low;Flavours;Regular syrup;Carmel syrup;Lower Manhattan
6.00;2;2;202301;Jan;Mon;Night;Low;Bakery;Scone;Oatmeal Scone;Lower Manhattan
3.50;1;1;202301;Jan;Mon;Night;Low;Bakery;Pastry;Croissant;Hell's Kitchen
1.60;2;1;202301;Jan;Mon;Night;Low;Flavours;Sugar free syrup;Sugar Free Vanilla syrup;Lower Manhattan
10.00;1;1;202301;Jan;Mon;Morning;Low;Coffee beans;Green beans;Guatemalan Sustainably Grown;Astoria
27.00;9;7;202301;Jan;Mon;Morning;Med;Coffee;Barista Espresso;Espresso shot;Astoria
4.00;5;3;202301;Jan;Mon;Morning;Low;Flavours;Sugar free syrup;Sugar Free Vanilla syrup;Astoria
8.80;11;7;202301;Jan;Mon;Morning;Low;Flavours;Regular syrup;Chocolate syrup;Astoria
5.00;2;2;202301;Jan;Mon;Morning;Low;Tea;Brewed Black tea;English Breakfast Rg;Astoria
2.40;3;2;202301;Jan;Mon;Morning;Low;Flavours;Regular syrup;Chocolate syrup;Hell's Kitchen
24.00;8;6;202301;Jan;Mon;Morning;Med;Tea;Brewed Black tea;English Breakfast Lg;Lower Manhattan
7.20;9;6;202301;Jan;Mon;Morning;Low;Flavours;Regular syrup;Chocolate syrup;Lower Manhattan
9.50;1;1;202301;Jan;Mon;Morning;Low;Loose Tea;Chai tea;Morning Sunrise Chai;Astoria
30.00;10;5;202301;Jan;Mon;Morning;Med;Tea;Brewed herbal tea;Lemon Grass Lg;Astoria
34.00;8;6;202301;Jan;Mon;Morning;Med;Coffee;Barista Espresso;Cappuccino Lg;Astoria
8.80;11;7;202301;Jan;Mon;Morning;Low;Flavours;Regular syrup;Carmel syrup;Astoria
21.00;1;1;202301;Jan;Mon;Morning;Med;Coffee beans;Gourmet Beans;Ethiopia;Hell's Kitchen
11.25;3;3;202301;Jan;Mon;Morning;Low;Bakery;Pastry;Almond Croissant;Astoria
8.95;1;1;202301;Jan;Mon;Morning;Low;Loose Tea;Black tea;English Breakfast;Astoria
9.50;1;1;202301;Jan;Mon;Morning;Low;Loose Tea;Chai tea;Morning Sunrise Chai;Hell's Kitchen
21.00;7;5;202301;Jan;Mon;Morning;Med;Tea;Brewed Black tea;English Breakfast Lg;Hell's Kitchen
18.75;5;5;202301;Jan;Mon;Morning;Low;Bakery;Pastry;Almond Croissant;Lower Manhattan
90.00;2;2;202301;Jan;Mon;Morning;very high;Coffee beans;Premium Beans;Civet Cat;Hell's Kitchen
20.45;1;1;202301;Jan;Mon;Morning;very high;Coffee beans;Espresso Beans;Primo Espresso Roast;Hell's Kitchen
15.00;1;1;202301;Jan;Mon;Morning;Low;Coffee beans;Gourmet Beans;Columbian Medium Roast;Astoria
3.20;4;2;202301;Jan;Mon;Morning;Low;Flavours;Sugar free syrup;Sugar Free Vanilla syrup;Lower Manhattan
7.60;1;1;202301;Jan;Mon;Morning;Low;Packaged Chocolate;Organic Chocolate;Sustainably Grown Organic;Hell's Kitchen
28.00;2;2;202301;Jan;Mon;Morning;Med;Branded;Housewares;I Need My Bean! Latte cup;Astoria
15.00;5;5;202301;Jan;Mon;Morning;Low;Bakery;Scone;Oatmeal Scone;Hell's Kitchen
9.50;1;1;202301;Jan;Mon;Afternoon;Low;Loose Tea;Chai tea;Morning Sunrise Chai;Astoria
2.40;3;2;202301;Jan;Mon;Afternoon;Low;Flavours;Regular syrup;Carmel syrup;Lower Manhattan
4.80;6;4;202301;Jan;Mon;Afternoon;Low;Flavours;Regular syrup;Hazelnut syrup;Lower Manhattan
4.90;2;1;202301;Jan;Mon;Afternoon;Low;Coffee;Premium brewed coffee;Jamaican Coffee River Sm;Astoria
7.50;2;2;202301;Jan;Mon;Afternoon;Low;Coffee;Barista Espresso;Cappuccino;Lower Manhattan
15.00;5;4;202301;Jan;Mon;Afternoon;Low;Tea;Brewed Black tea;Earl Grey Lg;Hell's Kitchen
12.00;4;3;202301;Jan;Mon;Afternoon;Low;Tea;Brewed herbal tea;Peppermint Lg;Astoria
6.00;2;1;202301;Jan;Mon;Afternoon;Low;Coffee;Barista Espresso;Espresso shot;Hell's Kitchen
7.60;1;1;202301;Jan;Mon;Afternoon;Low;Packaged Chocolate;Organic Chocolate;Sustainably Grown Organic;Astoria
9.00;3;2;202301;Jan;Mon;Afternoon;Low;Tea;Brewed Black tea;English Breakfast Lg;Lower Manhattan
8.80;11;5;202301;Jan;Mon;Afternoon;Low;Flavours;Sugar free syrup;Sugar Free Vanilla syrup;Lower Manhattan
10.50;3;2;202301;Jan;Mon;Afternoon;Low;Bakery;Biscotti;Ginger Biscotti;Astoria
56.00;2;2;202301;Jan;Mon;Afternoon;High;Branded;Clothing;I Need My Bean! T-shirt;Astoria
6.00;2;2;202301;Jan;Mon;Afternoon;Low;Tea;Brewed herbal tea;Lemon Grass Lg;Lower Manhattan
3.25;1;1;202301;Jan;Mon;Afternoon;Low;Bakery;Scone;Ginger Scone;Hell's Kitchen
0.80;1;1;202301;Jan;Mon;Afternoon;Low;Flavours;Sugar free syrup;Sugar Free Vanilla syrup;Astoria
3.20;4;2;202301;Jan;Mon;Afternoon;Low;Flavours;Regular syrup;Hazelnut syrup;Astoria
2.50;1;1;202301;Jan;Mon;Afternoon;Low;Coffee;Gourmet brewed coffee;Columbian Medium Roast Rg;Astoria
15.00;5;3;202301;Jan;Mon;Night;Low;Coffee;Organic brewed coffee;Brazilian Rg;Lower Manhattan
5.60;7;4;202301;Jan;Mon;Evening;Low;Flavours;Regular syrup;Hazelnut syrup;Lower Manhattan
18.75;5;5;202301;Jan;Mon;Evening;Low;Bakery;Scone;Jumbo Savory Scone;Astoria
26.25;7;4;202301;Jan;Mon;Evening;Med;Coffee;Premium brewed coffee;Jamaican Coffee River Lg;Lower Manhattan
3.75;1;1;202301;Jan;Mon;Evening;Low;Bakery;Pastry;Chocolate Croissant;Lower Manhattan
14.75;1;1;202301;Jan;Mon;Evening;Low;Coffee beans;Espresso Beans;Espresso Roast;Lower Manhattan
6.20;2;1;202301;Jan;Mon;Evening;Low;Coffee;Premium brewed coffee;Jamaican Coffee River Rg;Lower Manhattan
12.00;4;3;202301;Jan;Mon;Evening;Low;Coffee;Barista Espresso;Espresso shot;Lower Manhattan
0.80;1;1;202301;Jan;Mon;Evening;Low;Flavours;Sugar free syrup;Sugar Free Vanilla syrup;Lower Manhattan
13.50;3;2;202301;Jan;Mon;Evening;Low;Drinking Chocolate;Hot chocolate;Dark chocolate Lg;Lower Manhattan
3.00;1;1;202301;Jan;Mon;Evening;Low;Tea;Brewed Chai tea;Traditional Blend Chai Lg;Lower Manhattan
9.00;3;2;202301;Jan;Mon;Evening;Low;Coffee;Drip coffee;Our Old Time Diner Blend Lg;Lower Manhattan
8.95;1;1;202301;Jan;Mon;Evening;Low;Loose Tea;Herbal tea;Lemon Grass;Lower Manhattan
18.00;6;4;202301;Jan;Mon;Evening;Low;Tea;Brewed herbal tea;Peppermint Lg;Hell's Kitchen
26.25;7;4;202301;Jan;Mon;Evening;Med;Coffee;Barista Espresso;Latte;Hell's Kitchen
0.80;1;1;202301;Jan;Mon;Evening;Low;Flavours;Regular syrup;Carmel syrup;Lower Manhattan
8.95;1;1;202301;Jan;Mon;Evening;Low;Loose Tea;Herbal tea;Peppermint;Hell's Kitchen
12.00;4;2;202301;Jan;Mon;Evening;Low;Coffee;Drip coffee;Our Old Time Diner Blend Lg;Hell's Kitchen
2.55;1;1;202301;Jan;Mon;Evening;Low;Tea;Brewed Chai tea;Spicy Eye Opener Chai Rg;Lower Manhattan
5.00;2;2;202301;Jan;Mon;Evening;Low;Tea;Brewed Black tea;English Breakfast Rg;Hell's Kitchen
2.00;1;1;202301;Jan;Mon;Evening;Low;Coffee;Gourmet brewed coffee;Columbian Medium Roast Sm;Lower Manhattan
17.50;5;3;202301;Jan;Mon;Evening;Low;Coffee;Organic brewed coffee;Brazilian Lg;Hell's Kitchen
2.40;3;2;202301;Jan;Mon;Evening;Low;Flavours;Sugar free syrup;Sugar Free Vanilla syrup;Hell's Kitchen
12.40;4;4;202301;Jan;Tue;Night;Low;Coffee;Premium brewed coffee;Jamaican Coffee River Rg;Lower Manhattan
9.00;3;2;202301;Jan;Tue;Night;Low;Tea;Brewed herbal tea;Peppermint Lg;Lower Manhattan
8.80;4;2;202301;Jan;Tue;Night;Low;Coffee;Gourmet brewed coffee;Ethiopia Sm;Lower Manhattan
7.50;3;2;202301;Jan;Tue;Night;Low;Tea;Brewed Chai tea;Morning Sunrise Chai Rg;Lower Manhattan
6.60;3;2;202301;Jan;Tue;Night;Low;Coffee;Organic brewed coffee;Brazilian Sm;Lower Manhattan
8.50;2;2;202301;Jan;Tue;Night;Low;Coffee;Barista Espresso;Cappuccino Lg;Lower Manhattan
10.50;3;2;202301;Jan;Tue;Night;Low;Drinking Chocolate;Hot chocolate;Dark chocolate Rg;Lower Manhattan
6.40;1;1;202301;Jan;Tue;Night;Low;Packaged Chocolate;Drinking Chocolate;Dark chocolate;Lower Manhattan
8.00;4;2;202301;Jan;Tue;Night;Low;Coffee;Drip coffee;Our Old Time Diner Blend Sm;Lower Manhattan
10.00;4;2;202301;Jan;Tue;Night;Low;Tea;Brewed Chai tea;Traditional Blend Chai Rg;Hell's Kitchen
2.50;1;1;202301;Jan;Tue;Night;Low;Tea;Brewed Black tea;English Breakfast Rg;Hell's Kitchen
22.50;1;1;202301;Jan;Tue;Night;Med;Coffee beans;Organic Beans;Organic Decaf Blend;Hell's Kitchen
3.10;1;1;202301;Jan;Tue;Night;Low;Tea;Brewed Chai tea;Spicy Eye Opener Chai Lg;Lower Manhattan
12.00;4;2;202301;Jan;Tue;Night;Low;Tea;Brewed Green tea;Serenity Green Tea Lg;Lower Manhattan
6.00;2;1;202301;Jan;Tue;Night;Low;Tea;Brewed herbal tea;Peppermint Lg;Hell's Kitchen
10.50;3;2;202301;Jan;Tue;Night;Low;Coffee;Organic brewed coffee;Brazilian Lg;Lower Manhattan
14.00;4;2;202301;Jan;Tue;Night;Low;Coffee;Organic brewed coffee;Brazilian Lg;Hell's Kitchen
7.50;3;3;202301;Jan;Tue;Night;Low;Coffee;Drip coffee;Our Old Time Diner Blend Rg;Lower Manhattan
1.60;2;1;202301;Jan;Tue;Night;Low;Flavours;Regular syrup;Hazelnut syrup;Lower Manhattan
3.25;1;1;202301;Jan;Tue;Night;Low;Bakery;Scone;Cranberry Scone;Lower Manhattan
6.50;2;2;202301;Jan;Tue;Night;Low;Bakery;Biscotti;Hazelnut Biscotti;Lower Manhattan
3.75;1;1;202301;Jan;Tue;Night;Low;Bakery;Pastry;Chocolate Croissant;Hell's Kitchen
10.00;4;3;202301;Jan;Tue;Night;Low;Coffee;Gourmet brewed coffee;Columbian Medium Roast Rg;Hell's Kitchen
0.80;1;1;202301;Jan;Tue;Night;Low;Flavours;Regular syrup;Carmel syrup;Lower Manhattan
13.00;4;4;202301;Jan;Tue;Morning;Low;Bakery;Scone;Ginger Scone;Astoria
17.15;7;6;202301;Jan;Tue;Morning;Low;Coffee;Premium brewed coffee;Jamaican Coffee River Sm;Astoria
45.00;1;1;202301;Jan;Tue;Morning;High;Coffee beans;Premium Beans;Civet Cat;Astoria
56.00;2;2;202301;Jan;Tue;Morning;High;Branded;Clothing;I Need My Bean! T-shirt;Astoria
19.00;2;2;202301;Jan;Tue;Morning;Low;Loose Tea;Chai tea;Morning Sunrise Chai;Astoria
36.00;2;2;202301;Jan;Tue;Morning;Med;Coffee beans;House blend Beans;Our Old Time Diner Blend;Hell's Kitchen
24.00;2;2;202301;Jan;Tue;Morning;Med;Branded;Housewares;I Need My Bean! Diner mug;Astoria
765.00;17;3;202301;Jan;Tue;Morning;very high;Coffee beans;Premium Beans;Civet Cat;Hell's Kitchen
28.00;2;2;202301;Jan;Tue;Morning;Med;Branded;Housewares;I Need My Bean! Latte cup;Astoria
45.00;2;2;202301;Jan;Tue;Morning;High;Coffee beans;Organic Beans;Organic Decaf Blend;Hell's Kitchen
20.00;2;2;202301;Jan;Tue;Morning;Low;Coffee beans;Green beans;Guatemalan Sustainably Grown;Lower Manhattan
10.95;1;1;202301;Jan;Tue;Morning;Low;Loose Tea;Chai tea;Spicy Eye Opener Chai;Lower Manhattan
6.40;1;1;202301;Jan;Tue;Morning;Low;Packaged Chocolate;Drinking Chocolate;Dark chocolate;Hell's Kitchen
22.75;7;7;202301;Jan;Tue;Morning;Med;Bakery;Biscotti;Hazelnut Biscotti;Lower Manhattan
15.00;5;3;202301;Jan;Tue;Afternoon;Low;Tea;Brewed Chai tea;Traditional Blend Chai Lg;Lower Manhattan
28.00;1;1;202301;Jan;Tue;Afternoon;Med;Branded;Clothing;I Need My Bean! T-shirt;Lower Manhattan
22.50;6;3;202301;Jan;Tue;Afternoon;Med;Coffee;Barista Espresso;Cappuccino;Hell's Kitchen
45.00;1;1;202301;Jan;Tue;Afternoon;High;Coffee beans;Premium Beans;Civet Cat;Hell's Kitchen
20.45;1;1;202301;Jan;Tue;Afternoon;very high;Coffee beans;Espresso Beans;Primo Espresso Roast;Astoria
8.95;1;1;202301;Jan;Tue;Afternoon;Low;Loose Tea;Herbal tea;Lemon Grass;Lower Manhattan
9.00;2;2;202301;Jan;Tue;Afternoon;Low;Bakery;Scone;Scottish Cream Scone ;Astoria
22.50;1;1;202301;Jan;Tue;Afternoon;Med;Coffee beans;Organic Beans;Organic Decaf Blend;Hell's Kitchen
12.00;4;2;202301;Jan;Tue;Afternoon;Low;Tea;Brewed Black tea;Earl Grey Lg;Hell's Kitchen
28.00;1;1;202301;Jan;Tue;Afternoon;Med;Branded;Clothing;I Need My Bean! T-shirt;Astoria
4.50;1;1;202301;Jan;Tue;Evening;Low;Drinking Chocolate;Hot chocolate;Dark chocolate Lg;Lower Manhattan
9.00;3;2;202301;Jan;Tue;Evening;Low;Tea;Brewed herbal tea;Lemon Grass Lg;Lower Manhattan
22.50;6;4;202301;Jan;Tue;Evening;Med;Coffee;Premium brewed coffee;Jamaican Coffee River Lg;Lower Manhattan
9.00;3;2;202301;Jan;Tue;Evening;Low;Tea;Brewed Green tea;Serenity Green Tea Lg;Lower Manhattan
11.00;5;2;202301;Jan;Tue;Evening;Low;Coffee;Gourmet brewed coffee;Ethiopia Sm;Lower Manhattan
4.25;1;1;202301;Jan;Tue;Evening;Low;Coffee;Barista Espresso;Cappuccino Lg;Lower Manhattan
3.50;1;1;202301;Jan;Tue;Evening;Low;Bakery;Biscotti;Chocolate Chip Biscotti;Lower Manhattan
12.75;3;2;202301;Jan;Tue;Evening;Low;Coffee;Barista Espresso;Cappuccino Lg;Hell's Kitchen
4.50;1;1;202301;Jan;Tue;Evening;Low;Bakery;Scone;Scottish Cream Scone ;Lower Manhattan
42.00;2;2;202301;Jan;Tue;Evening;High;Coffee beans;Gourmet Beans;Ethiopia;Astoria
3.75;1;1;202301;Jan;Tue;Evening;Low;Coffee;Barista Espresso;Cappuccino;Lower Manhattan
1.60;2;1;202301;Jan;Tue;Evening;Low;Flavours;Regular syrup;Carmel syrup;Lower Manhattan
7.35;3;2;202301;Jan;Tue;Evening;Low;Coffee;Premium brewed coffee;Jamaican Coffee River Sm;Lower Manhattan
12.00;1;1;202301;Jan;Tue;Evening;Low;Branded;Housewares;I Need My Bean! Diner mug;Astoria
11.25;3;3;202301;Jan;Tue;Evening;Low;Coffee;Barista Espresso;Cappuccino;Astoria
5.00;2;1;202301;Jan;Tue;Evening;Low;Tea;Brewed herbal tea;Lemon Grass Rg;Hell's Kitchen
28.00;1;1;202301;Jan;Tue;Evening;Med;Branded;Clothing;I Need My Bean! T-shirt;Astoria
15.00;5;3;202301;Jan;Tue;Evening;Low;Coffee;Organic brewed coffee;Brazilian Rg;Astoria
12.50;5;3;202301;Jan;Wed;Night;Low;Coffee;Drip coffee;Our Old Time Diner Blend Rg;Lower Manhattan
14.00;4;2;202301;Jan;Wed;Night;Low;Coffee;Gourmet brewed coffee;Ethiopia Lg;Lower Manhattan
4.00;2;1;202301;Jan;Wed;Night;Low;Coffee;Drip coffee;Our Old Time Diner Blend Sm;Lower Manhattan
12.00;3;2;202301;Jan;Wed;Night;Low;Tea;Brewed Chai tea;Morning Sunrise Chai Lg;Lower Manhattan
3.75;1;1;202301;Jan;Wed;Night;Low;Bakery;Scone;Jumbo Savory Scone;Lower Manhattan
7.00;2;2;202301;Jan;Wed;Night;Low;Coffee;Gourmet brewed coffee;Ethiopia Lg;Hell's Kitchen
3.25;1;1;202301;Jan;Wed;Night;Low;Bakery;Scone;Cranberry Scone;Hell's Kitchen
12.00;4;2;202301;Jan;Wed;Night;Low;Coffee;Organic brewed coffee;Brazilian Rg;Lower Manhattan
0.80;1;1;202301;Jan;Wed;Night;Low;Flavours;Sugar free syrup;Sugar Free Vanilla syrup;Hell's Kitchen
3.25;1;1;202301;Jan;Wed;Night;Low;Bakery;Scone;Ginger Scone;Lower Manhattan
12.00;4;2;202301;Jan;Wed;Night;Low;Tea;Brewed herbal tea;Lemon Grass Lg;Lower Manhattan
17.50;5;3;202301;Jan;Wed;Night;Low;Drinking Chocolate;Hot chocolate;Dark chocolate Rg;Lower Manhattan
3.00;1;1;202301;Jan;Wed;Night;Low;Tea;Brewed Black tea;English Breakfast Lg;Lower Manhattan
6.20;2;1;202301;Jan;Wed;Night;Low;Tea;Brewed Chai tea;Spicy Eye Opener Chai Lg;Hell's Kitchen
2.20;1;1;202301;Jan;Wed;Night;Low;Coffee;Organic brewed coffee;Brazilian Sm;Hell's Kitchen
9.00;2;1;202301;Jan;Wed;Night;Low;Drinking Chocolate;Hot chocolate;Dark chocolate Lg;Lower Manhattan
6.00;2;1;202301;Jan;Wed;Night;Low;Tea;Brewed Black tea;Earl Grey Lg;Lower Manhattan
8.00;2;1;202301;Jan;Wed;Night;Low;Tea;Brewed Chai tea;Morning Sunrise Chai Lg;Hell's Kitchen
3.75;1;1;202301;Jan;Wed;Night;Low;Bakery;Scone;Jumbo Savory Scone;Hell's Kitchen
33.75;9;7;202301;Jan;Wed;Morning;Med;Coffee;Barista Espresso;Cappuccino;Astoria
5.60;7;5;202301;Jan;Wed;Morning;Low;Flavours;Regular syrup;Hazelnut syrup;Hell's Kitchen
56.00;2;2;202301;Jan;Wed;Morning;High;Branded;Clothing;I Need My Bean! T-shirt;Astoria
17.15;7;4;202301;Jan;Wed;Morning;Low;Coffee;Premium brewed coffee;Jamaican Coffee River Sm;Lower Manhattan
11.25;3;3;202301;Jan;Wed;Morning;Low;Bakery;Scone;Jumbo Savory Scone;Astoria
12.00;1;1;202301;Jan;Wed;Morning;Low;Branded;Housewares;I Need My Bean! Diner mug;Astoria
22.50;9;5;202301;Jan;Wed;Morning;Med;Coffee;Gourmet brewed coffee;Columbian Medium Roast Rg;Astoria
13.33;1;1;202301;Jan;Wed;Morning;Low;Packaged Chocolate;Drinking Chocolate;Chili Mayan;Lower Manhattan
38.25;9;6;202301;Jan;Wed;Morning;Med;Coffee;Barista Espresso;Cappuccino Lg;Lower Manhattan
9.75;3;3;202301;Jan;Wed;Morning;Low;Bakery;Scone;Cranberry Scone;Astoria
14.00;1;1;202301;Jan;Wed;Morning;Low;Branded;Housewares;I Need My Bean! Latte cup;Lower Manhattan
15.00;1;1;202301;Jan;Wed;Morning;Low;Coffee beans;Gourmet Beans;Columbian Medium Roast;Hell's Kitchen
14.00;1;1;202301;Jan;Wed;Morning;Low;Branded;Housewares;I Need My Bean! Latte cup;Hell's Kitchen
25.50;6;4;202301;Jan;Wed;Morning;Med;Coffee;Barista Espresso;Cappuccino Lg;Astoria
8.95;1;1;202301;Jan;Wed;Morning;Low;Loose Tea;Herbal tea;Lemon Grass;Hell's Kitchen
8.00;4;3;202301;Jan;Wed;Morning;Low;Coffee;Drip coffee;Our Old Time Diner Blend Sm;Astoria
36.00;2;2;202301;Jan;Wed;Morning;Med;Coffee beans;House blend Beans;Our Old Time Diner Blend;Astoria
8.95;1;1;202301;Jan;Wed;Morning;Low;Loose Tea;Herbal tea;Peppermint;Astoria
15.00;5;5;202301;Jan;Wed;Morning;Low;Bakery;Scone;Oatmeal Scone;Lower Manhattan
10.50;3;3;202301;Jan;Wed;Morning;Low;Bakery;Pastry;Croissant;Hell's Kitchen
12.50;5;5;202301;Jan;Wed;Morning;Low;Tea;Brewed Chai tea;Morning Sunrise Chai Rg;Astoria
8.95;1;1;202301;Jan;Wed;Morning;Low;Loose Tea;Black tea;English Breakfast;Hell's Kitchen
20.00;2;2;202301;Jan;Wed;Morning;Low;Coffee beans;Green beans;Guatemalan Sustainably Grown;Hell's Kitchen
9.00;2;2;202301;Jan;Wed;Morning;Low;Bakery;Scone;Scottish Cream Scone ;Lower Manhattan
15.00;6;5;202301;Jan;Wed;Morning;Low;Tea;Brewed Chai tea;Traditional Blend Chai Rg;Astoria
8.95;1;1;202301;Jan;Wed;Morning;Low;Loose Tea;Herbal tea;Lemon Grass;Lower Manhattan
8.95;1;1;202301;Jan;Wed;Morning;Low;Loose Tea;Black tea;English Breakfast;Lower Manhattan
9.25;1;1;202301;Jan;Wed;Morning;Low;Loose Tea;Green tea;Serenity Green Tea;Astoria
45.00;1;1;202301;Jan;Wed;Morning;High;Coffee beans;Premium Beans;Civet Cat;Astoria
8.95;1;1;202301;Jan;Wed;Morning;Low;Loose Tea;Herbal tea;Lemon Grass;Astoria
18.00;1;1;202301;Jan;Wed;Morning;Low;Coffee beans;House blend Beans;Our Old Time Diner Blend;Hell's Kitchen
3.75;1;1;202301;Jan;Wed;Afternoon;Low;Coffee;Barista Espresso;Latte;Lower Manhattan
2.40;3;2;202301;Jan;Wed;Afternoon;Low;Flavours;Regular syrup;Hazelnut syrup;Lower Manhattan
9.75;3;3;202301;Jan;Wed;Afternoon;Low;Bakery;Scone;Cranberry Scone;Lower Manhattan
6.50;2;2;202301;Jan;Wed;Afternoon;Low;Bakery;Scone;Ginger Scone;Astoria
1.60;2;1;202301;Jan;Wed;Afternoon;Low;Flavours;Regular syrup;Chocolate syrup;Hell's Kitchen
16.00;4;2;202301;Jan;Wed;Afternoon;Low;Tea;Brewed Chai tea;Morning Sunrise Chai Lg;Hell's Kitchen
5.00;2;1;202301;Jan;Wed;Afternoon;Low;Tea;Brewed herbal tea;Peppermint Rg;Lower Manhattan
14.00;4;3;202301;Jan;Wed;Afternoon;Low;Drinking Chocolate;Hot chocolate;Dark chocolate Rg;Hell's Kitchen
15.00;1;1;202301;Jan;Wed;Afternoon;Low;Coffee beans;Gourmet Beans;Columbian Medium Roast;Lower Manhattan
13.33;1;1;202301;Jan;Wed;Afternoon;Low;Packaged Chocolate;Drinking Chocolate;Chili Mayan;Astoria
8.00;4;3;202301;Jan;Wed;Afternoon;Low;Coffee;Drip coffee;Our Old Time Diner Blend Sm;Lower Manhattan
1.60;2;1;202301;Jan;Wed;Afternoon;Low;Flavours;Sugar free syrup;Sugar Free Vanilla syrup;Hell's Kitchen
0.80;1;1;202301;Jan;Wed;Afternoon;Low;Flavours;Regular syrup;Chocolate syrup;Astoria
1.60;2;1;202301;Jan;Wed;Afternoon;Low;Flavours;Regular syrup;Hazelnut syrup;Hell's Kitchen
2.50;1;1;202301;Jan;Wed;Afternoon;Low;Tea;Brewed Chai tea;Morning Sunrise Chai Rg;Hell's Kitchen
15.20;2;2;202301;Jan;Wed;Afternoon;Low;Packaged Chocolate;Organic Chocolate;Sustainably Grown Organic;Lower Manhattan
3.20;4;2;202301;Jan;Wed;Afternoon;Low;Flavours;Regular syrup;Chocolate syrup;Lower Manhattan
7.50;2;2;202301;Jan;Wed;Afternoon;Low;Bakery;Scone;Jumbo Savory Scone;Lower Manhattan
10.00;4;3;202301;Jan;Wed;Evening;Low;Coffee;Gourmet brewed coffee;Columbian Medium Roast Rg;Astoria
3.00;1;1;202301;Jan;Wed;Evening;Low;Bakery;Scone;Oatmeal Scone;Lower Manhattan
7.00;2;2;202301;Jan;Wed;Evening;Low;Drinking Chocolate;Hot chocolate;Dark chocolate Rg;Lower Manhattan
9.30;3;2;202301;Jan;Wed;Evening;Low;Coffee;Premium brewed coffee;Jamaican Coffee River Rg;Hell's Kitchen
3.50;1;1;202301;Jan;Wed;Evening;Low;Bakery;Biscotti;Chocolate Chip Biscotti;Astoria
3.00;1;1;202301;Jan;Wed;Evening;Low;Coffee;Barista Espresso;Espresso shot;Lower Manhattan
10.00;4;2;202301;Jan;Wed;Evening;Low;Tea;Brewed herbal tea;Peppermint Rg;Lower Manhattan
6.00;2;1;202301;Jan;Wed;Evening;Low;Coffee;Gourmet brewed coffee;Ethiopia Rg;Lower Manhattan
6.50;2;2;202301;Jan;Wed;Evening;Low;Bakery;Scone;Cranberry Scone;Lower Manhattan
3.75;1;1;202301;Jan;Wed;Evening;Low;Drinking Chocolate;Hot chocolate;Sustainably Grown Organic Rg;Lower Manhattan
21.00;1;1;202301;Jan;Wed;Evening;Med;Coffee beans;Gourmet Beans;Ethiopia;Astoria
15.00;6;4;202301;Jan;Wed;Evening;Low;Tea;Brewed Chai tea;Morning Sunrise Chai Rg;Hell's Kitchen
2.40;3;2;202301;Jan;Wed;Evening;Low;Flavours;Regular syrup;Carmel syrup;Lower Manhattan
7.60;1;1;202301;Jan;Wed;Evening;Low;Packaged Chocolate;Organic Chocolate;Sustainably Grown Organic;Lower Manhattan
15.00;4;4;202301;Jan;Wed;Evening;Low;Bakery;Pastry;Chocolate Croissant;Hell's Kitchen
3.75;1;1;202301;Jan;Wed;Evening;Low;Coffee;Premium brewed coffee;Jamaican Coffee River Lg;Hell's Kitchen
7.00;2;1;202301;Jan;Wed;Evening;Low;Coffee;Gourmet brewed coffee;Ethiopia Lg;Lower Manhattan
2.00;1;1;202301;Jan;Wed;Evening;Low;Coffee;Gourmet brewed coffee;Columbian Medium Roast Sm;Hell's Kitchen
7.50;3;2;202301;Jan;Wed;Evening;Low;Tea;Brewed Black tea;English Breakfast Rg;Astoria
8.95;1;1;202301;Jan;Wed;Evening;Low;Loose Tea;Black tea;Earl Grey;Astoria
1.60;2;1;202301;Jan;Wed;Evening;Low;Flavours;Regular syrup;Chocolate syrup;Hell's Kitchen
8.95;1;1;202301;Jan;Wed;Evening;Low;Loose Tea;Black tea;Earl Grey;Hell's Kitchen
10.00;4;2;202301;Jan;Thu;Night;Low;Tea;Brewed Chai tea;Morning Sunrise Chai Rg;Lower Manhattan
11.25;3;3;202301;Jan;Thu;Night;Low;Bakery;Pastry;Almond Croissant;Lower Manhattan
12.00;4;3;202301;Jan;Thu;Night;Low;Tea;Brewed herbal tea;Lemon Grass Lg;Hell's Kitchen
7.00;2;2;202301;Jan;Thu;Night;Low;Bakery;Biscotti;Ginger Biscotti;Hell's Kitchen
9.00;3;2;202301;Jan;Thu;Night;Low;Coffee;Gourmet brewed coffee;Columbian Medium Roast Lg;Lower Manhattan
2.50;1;1;202301;Jan;Thu;Night;Low;Coffee;Drip coffee;Our Old Time Diner Blend Rg;Hell's Kitchen
3.50;1;1;202301;Jan;Thu;Night;Low;Bakery;Pastry;Croissant;Hell's Kitchen
12.00;4;3;202301;Jan;Thu;Night;Low;Tea;Brewed Black tea;English Breakfast Lg;Hell's Kitchen
12.50;5;2;202301;Jan;Thu;Night;Low;Tea;Brewed herbal tea;Lemon Grass Rg;Lower Manhattan
9.00;3;2;202301;Jan;Thu;Night;Low;Tea;Brewed herbal tea;Peppermint Lg;Lower Manhattan
5.00;2;1;202301;Jan;Thu;Night;Low;Tea;Brewed Green tea;Serenity Green Tea Rg;Hell's Kitchen
2.50;1;1;202301;Jan;Thu;Night;Low;Tea;Brewed Chai tea;Morning Sunrise Chai Rg;Hell's Kitchen
14.25;3;2;202301;Jan;Thu;Night;Low;Drinking Chocolate;Hot chocolate;Sustainably Grown Organic Lg;Lower Manhattan
6.50;2;2;202301;Jan;Thu;Night;Low;Bakery;Scone;Cranberry Scone;Lower Manhattan
15.00;6;3;202301;Jan;Thu;Night;Low;Coffee;Gourmet brewed coffee;Columbian Medium Roast Rg;Lower Manhattan
9.00;2;1;202301;Jan;Thu;Night;Low;Drinking Chocolate;Hot chocolate;Dark chocolate Lg;Hell's Kitchen
7.50;2;1;202301;Jan;Thu;Night;Low;Coffee;Barista Espresso;Latte;Hell's Kitchen
0.80;1;1;202301;Jan;Thu;Night;Low;Flavours;Regular syrup;Hazelnut syrup;Hell's Kitchen
15.00;4;2;202301;Jan;Thu;Night;Low;Coffee;Barista Espresso;Latte;Lower Manhattan
4.00;2;1;202301;Jan;Thu;Night;Low;Coffee;Gourmet brewed coffee;Columbian Medium Roast Sm;Hell's Kitchen
12.00;4;2;202301;Jan;Thu;Night;Low;Coffee;Gourmet brewed coffee;Ethiopia Rg;Lower Manhattan
3.00;1;1;202301;Jan;Thu;Night;Low;Bakery;Scone;Oatmeal Scone;Lower Manhattan
10.00;4;2;202301;Jan;Thu;Night;Low;Tea;Brewed herbal tea;Peppermint Rg;Lower Manhattan
3.20;4;3;202301;Jan;Thu;Morning;Low;Flavours;Sugar free syrup;Sugar Free Vanilla syrup;Astoria
17.50;5;5;202301;Jan;Thu;Morning;Low;Bakery;Biscotti;Ginger Biscotti;Hell's Kitchen
20.00;8;6;202301;Jan;Thu;Morning;Low;Tea;Brewed Black tea;English Breakfast Rg;Astoria
15.00;6;3;202301;Jan;Thu;Morning;Low;Tea;Brewed herbal tea;Peppermint Rg;Astoria
7.60;1;1;202301;Jan;Thu;Morning;Low;Packaged Chocolate;Organic Chocolate;Sustainably Grown Organic;Hell's Kitchen
4.00;5;3;202301;Jan;Thu;Morning;Low;Flavours;Regular syrup;Hazelnut syrup;Astoria
30.00;8;5;202301;Jan;Thu;Morning;Med;Coffee;Barista Espresso;Latte;Astoria
21.00;7;5;202301;Jan;Thu;Morning;Med;Coffee;Barista Espresso;Espresso shot;Astoria
18.00;6;3;202301;Jan;Thu;Morning;Low;Tea;Brewed Chai tea;Traditional Blend Chai Lg;Astoria
28.00;1;1;202301;Jan;Thu;Morning;Med;Branded;Clothing;I Need My Bean! T-shirt;Lower Manhattan
19.00;4;3;202301;Jan;Thu;Morning;Low;Drinking Chocolate;Hot chocolate;Sustainably Grown Organic Lg;Astoria
45.00;1;1;202301;Jan;Thu;Morning;High;Coffee beans;Premium Beans;Civet Cat;Hell's Kitchen
13.00;4;4;202301;Jan;Thu;Morning;Low;Bakery;Biscotti;Hazelnut Biscotti;Hell's Kitchen
29.50;2;2;202301;Jan;Thu;Morning;Med;Coffee beans;Espresso Beans;Espresso Roast;Hell's Kitchen
18.75;5;5;202301;Jan;Thu;Morning;Low;Bakery;Scone;Jumbo Savory Scone;Hell's Kitchen
56.00;2;2;202301;Jan;Thu;Morning;High;Branded;Clothing;I Need My Bean! T-shirt;Astoria
29.50;2;2;202301;Jan;Thu;Morning;Med;Coffee beans;Espresso Beans;Espresso Roast;Astoria
14.00;1;1;202301;Jan;Thu;Morning;Low;Branded;Housewares;I Need My Bean! Latte cup;Astoria
13.33;1;1;202301;Jan;Thu;Morning;Low;Packaged Chocolate;Drinking Chocolate;Chili Mayan;Astoria
24.50;7;4;202301;Jan;Thu;Morning;Med;Coffee;Gourmet brewed coffee;Ethiopia Lg;Astoria
18.00;1;1;202301;Jan;Thu;Morning;Low;Coffee beans;House blend Beans;Our Old Time Diner Blend;Hell's Kitchen
8.00;10;5;202301;Jan;Thu;Morning;Low;Flavours;Sugar free syrup;Sugar Free Vanilla syrup;Lower Manhattan
10.00;1;1;202301;Jan;Thu;Morning;Low;Coffee beans;Green beans;Guatemalan Sustainably Grown;Hell's Kitchen
22.50;1;1;202301;Jan;Thu;Morning;Med;Coffee beans;Organic Beans;Organic Decaf Blend;Hell's Kitchen
9.25;1;1;202301;Jan;Thu;Morning;Low;Loose Tea;Green tea;Serenity Green Tea;Hell's Kitchen
13.50;3;3;202301;Jan;Thu;Morning;Low;Bakery;Scone;Scottish Cream Scone ;Astoria
21.00;1;1;202301;Jan;Thu;Morning;Med;Coffee beans;Gourmet Beans;Ethiopia;Astoria
17.50;7;5;202301;Jan;Thu;Afternoon;Low;Tea;Brewed herbal tea;Lemon Grass Rg;Astoria
8.95;1;1;202301;Jan;Thu;Afternoon;Low;Loose Tea;Black tea;Earl Grey;Hell's Kitchen
1.60;2;2;202301;Jan;Thu;Afternoon;Low;Flavours;Regular syrup;Chocolate syrup;Lower Manhattan
12.00;4;2;202301;Jan;Thu;Afternoon;Low;Coffee;Drip coffee;Our Old Time Diner Blend Lg;Astoria
0.80;1;1;202301;Jan;Thu;Afternoon;Low;Flavours;Sugar free syrup;Sugar Free Vanilla syrup;Hell's Kitchen
10.50;3;2;202301;Jan;Thu;Afternoon;Low;Coffee;Gourmet brewed coffee;Ethiopia Lg;Lower Manhattan
3.25;1;1;202301;Jan;Thu;Afternoon;Low;Bakery;Scone;Cranberry Scone;Lower Manhattan
3.50;1;1;202301;Jan;Thu;Afternoon;Low;Drinking Chocolate;Hot chocolate;Dark chocolate Rg;Lower Manhattan
12.00;1;1;202301;Jan;Thu;Afternoon;Low;Branded;Housewares;I Need My Bean! Diner mug;Lower Manhattan
12.00;4;2;202301;Jan;Thu;Afternoon;Low;Coffee;Organic brewed coffee;Brazilian Rg;Lower Manhattan
4.40;2;2;202301;Jan;Thu;Afternoon;Low;Coffee;Gourmet brewed coffee;Ethiopia Sm;Lower Manhattan
8.00;2;2;202301;Jan;Thu;Afternoon;Low;Tea;Brewed Chai tea;Morning Sunrise Chai Lg;Astoria
9.00;3;2;202301;Jan;Thu;Afternoon;Low;Coffee;Gourmet brewed coffee;Columbian Medium Roast Lg;Astoria
1.60;2;2;202301;Jan;Thu;Afternoon;Low;Flavours;Regular syrup;Hazelnut syrup;Lower Manhattan
2.40;3;2;202301;Jan;Thu;Afternoon;Low;Flavours;Regular syrup;Carmel syrup;Lower Manhattan
16.25;5;4;202301;Jan;Thu;Afternoon;Low;Bakery;Scone;Ginger Scone;Hell's Kitchen
31.50;9;5;202301;Jan;Thu;Afternoon;Med;Coffee;Gourmet brewed coffee;Ethiopia Lg;Astoria
3.50;1;1;202301;Jan;Thu;Afternoon;Low;Bakery;Biscotti;Chocolate Chip Biscotti;Astoria
18.00;1;1;202301;Jan;Thu;Afternoon;Low;Coffee beans;Organic Beans;Brazilian - Organic;Lower Manhattan
20.45;1;1;202301;Jan;Thu;Afternoon;very high;Coffee beans;Espresso Beans;Primo Espresso Roast;Lower Manhattan
1.60;2;1;202301;Jan;Thu;Afternoon;Low;Flavours;Regular syrup;Chocolate syrup;Astoria
3.75;1;1;202301;Jan;Thu;Afternoon;Low;Coffee;Barista Espresso;Latte;Hell's Kitchen
10.00;1;1;202301;Jan;Thu;Evening;Low;Coffee beans;Green beans;Guatemalan Sustainably Grown;Hell's Kitchen
18.00;6;5;202301;Jan;Thu;Evening;Low;Coffee;Organic brewed coffee;Brazilian Rg;Astoria
4.40;2;1;202301;Jan;Thu;Evening;Low;Coffee;Organic brewed coffee;Brazilian Sm;Lower Manhattan
33.00;11;7;202301;Jan;Thu;Evening;Med;Coffee;Barista Espresso;Espresso shot;Hell's Kitchen
0.80;1;1;202301;Jan;Thu;Evening;Low;Flavours;Sugar free syrup;Sugar Free Vanilla syrup;Hell's Kitchen
12.00;1;1;202301;Jan;Thu;Evening;Low;Branded;Housewares;I Need My Bean! Diner mug;Hell's Kitchen
3.75;1;1;202301;Jan;Thu;Evening;Low;Coffee;Barista Espresso;Cappuccino;Lower Manhattan
4.00;5;3;202301;Jan;Thu;Evening;Low;Flavours;Regular syrup;Chocolate syrup;Lower Manhattan
12.75;3;2;202301;Jan;Thu;Evening;Low;Coffee;Barista Espresso;Latte Rg;Lower Manhattan
22.50;1;1;202301;Jan;Thu;Evening;Med;Coffee beans;Organic Beans;Organic Decaf Blend;Hell's Kitchen
6.00;2;2;202301;Jan;Thu;Evening;Low;Coffee;Drip coffee;Our Old Time Diner Blend Lg;Astoria
15.00;4;3;202301;Jan;Thu;Evening;Low;Coffee;Premium brewed coffee;Jamaican Coffee River Lg;Astoria
6.50;2;2;202301;Jan;Thu;Evening;Low;Bakery;Biscotti;Hazelnut Biscotti;Lower Manhattan
17.50;5;3;202301;Jan;Thu;Evening;Low;Drinking Chocolate;Hot chocolate;Dark chocolate Rg;Astoria
7.00;2;2;202301;Jan;Thu;Evening;Low;Bakery;Pastry;Croissant;Astoria
45.00;1;1;202301;Jan;Thu;Evening;High;Coffee beans;Premium Beans;Civet Cat;Astoria
2.40;3;2;202301;Jan;Thu;Evening;Low;Flavours;Regular syrup;Chocolate syrup;Hell's Kitchen
3.75;1;1;202301;Jan;Thu;Evening;Low;Coffee;Barista Espresso;Latte;Astoria
7.00;2;1;202301;Jan;Thu;Evening;Low;Coffee;Gourmet brewed coffee;Ethiopia Lg;Astoria
7.20;9;5;202301;Jan;Fri;Morning;Low;Flavours;Sugar free syrup;Sugar Free Vanilla syrup;Lower Manhattan
15.00;4;4;202301;Jan;Fri;Morning;Low;Bakery;Scone;Jumbo Savory Scone;Astoria
8.95;1;1;202301;Jan;Fri;Morning;Low;Loose Tea;Herbal tea;Peppermint;Astoria
8.95;1;1;202301;Jan;Fri;Morning;Low;Loose Tea;Black tea;Earl Grey;Astoria
38.00;8;6;202301;Jan;Fri;Morning;Med;Drinking Chocolate;Hot chocolate;Sustainably Grown Organic Lg;Astoria
7.60;1;1;202301;Jan;Fri;Morning;Low;Packaged Chocolate;Organic Chocolate;Sustainably Grown Organic;Astoria
27.75;3;3;202301;Jan;Fri;Morning;Med;Loose Tea;Green tea;Serenity Green Tea;Hell's Kitchen
21.00;1;1;202301;Jan;Fri;Morning;Med;Coffee beans;Gourmet Beans;Ethiopia;Hell's Kitchen
9.00;3;3;202301;Jan;Fri;Morning;Low;Bakery;Scone;Oatmeal Scone;Lower Manhattan
7.00;2;2;202301;Jan;Fri;Morning;Low;Bakery;Pastry;Croissant;Hell's Kitchen
22.00;10;7;202301;Jan;Fri;Morning;Med;Coffee;Organic brewed coffee;Brazilian Sm;Astoria
22.50;1;1;202301;Jan;Fri;Morning;Med;Coffee beans;Organic Beans;Organic Decaf Blend;Astoria
8.95;1;1;202301;Jan;Fri;Morning;Low;Loose Tea;Herbal tea;Lemon Grass;Astoria
9.75;3;3;202301;Jan;Fri;Morning;Low;Bakery;Scone;Cranberry Scone;Hell's Kitchen
19.75;1;1;202301;Jan;Fri;Morning;Low;Coffee beans;Premium Beans;Jamacian Coffee River;Astoria
20.45;1;1;202301;Jan;Fri;Morning;very high;Coffee beans;Espresso Beans;Primo Espresso Roast;Astoria
54.00;3;3;202301;Jan;Fri;Morning;High;Coffee beans;House blend Beans;Our Old Time Diner Blend;Lower Manhattan
14.00;1;1;202301;Jan;Fri;Morning;Low;Branded;Housewares;I Need My Bean! Latte cup;Hell's Kitchen
8.95;1;1;202301;Jan;Fri;Morning;Low;Loose Tea;Herbal tea;Lemon Grass;Lower Manhattan
21.30;8;5;202301;Jan;Fri;Afternoon;Med;Coffee;Barista Espresso;Ouro Brasileiro shot;Lower Manhattan
8.95;1;1;202301;Jan;Fri;Afternoon;Low;Loose Tea;Chai tea;Traditional Blend Chai;Astoria
4.80;6;3;202301;Jan;Fri;Afternoon;Low;Flavours;Regular syrup;Carmel syrup;Hell's Kitchen
15.00;4;4;202301;Jan;Fri;Afternoon;Low;Bakery;Pastry;Almond Croissant;Lower Manhattan
17.50;7;3;202301;Jan;Fri;Afternoon;Low;Tea;Brewed Chai tea;Traditional Blend Chai Rg;Lower Manhattan
3.50;1;1;202301;Jan;Fri;Afternoon;Low;Coffee;Gourmet brewed coffee;Ethiopia Lg;Astoria
1.60;2;2;202301;Jan;Fri;Afternoon;Low;Flavours;Regular syrup;Chocolate syrup;Hell's Kitchen
3.00;1;1;202301;Jan;Fri;Afternoon;Low;Tea;Brewed herbal tea;Peppermint Lg;Astoria
12.00;4;3;202301;Jan;Fri;Afternoon;Low;Coffee;Organic brewed coffee;Brazilian Rg;Hell's Kitchen
7.50;3;1;202301;Jan;Fri;Afternoon;Low;Tea;Brewed Green tea;Serenity Green Tea Rg;Lower Manhattan
8.00;2;1;202301;Jan;Fri;Afternoon;Low;Tea;Brewed Chai tea;Morning Sunrise Chai Lg;Hell's Kitchen
12.00;4;4;202301;Jan;Fri;Afternoon;Low;Bakery;Scone;Oatmeal Scone;Astoria
18.00;1;1;202301;Jan;Fri;Afternoon;Low;Coffee beans;Organic Beans;Brazilian - Organic;Astoria
20.45;1;1;202301;Jan;Fri;Afternoon;very high;Coffee beans;Espresso Beans;Primo Espresso Roast;Hell's Kitchen
18.00;6;4;202301;Jan;Fri;Afternoon;Low;Tea;Brewed Chai tea;Traditional Blend Chai Lg;Astoria
45.00;1;1;202301;Jan;Fri;Afternoon;High;Coffee beans;Premium Beans;Civet Cat;Hell's Kitchen
3.75;1;1;202301;Jan;Fri;Evening;Low;Bakery;Scone;Jumbo Savory Scone;Lower Manhattan
3.00;1;1;202301;Jan;Fri;Evening;Low;Tea;Brewed Black tea;English Breakfast Lg;Hell's Kitchen
15.00;4;4;202301;Jan;Fri;Evening;Low;Bakery;Pastry;Almond Croissant;Astoria
18.00;6;3;202301;Jan;Fri;Evening;Low;Tea;Brewed herbal tea;Lemon Grass Lg;Lower Manhattan
5.00;2;2;202301;Jan;Fri;Evening;Low;Tea;Brewed Black tea;English Breakfast Rg;Astoria
1.60;2;1;202301;Jan;Fri;Evening;Low;Flavours;Regular syrup;Hazelnut syrup;Astoria
25.50;6;4;202301;Jan;Fri;Evening;Med;Coffee;Barista Espresso;Latte Rg;Hell's Kitchen
22.50;1;1;202301;Jan;Fri;Evening;Med;Coffee beans;Organic Beans;Organic Decaf Blend;Astoria
3.50;1;1;202301;Jan;Fri;Evening;Low;Bakery;Pastry;Croissant;Hell's Kitchen
90.00;2;2;202301;Jan;Fri;Evening;very high;Coffee beans;Premium Beans;Civet Cat;Astoria
15.00;5;4;202301;Jan;Fri;Evening;Low;Tea;Brewed herbal tea;Peppermint Lg;Astoria
6.00;3;1;202301;Jan;Fri;Evening;Low;Coffee;Drip coffee;Our Old Time Diner Blend Sm;Lower Manhattan
10.00;4;4;202301;Jan;Fri;Evening;Low;Tea;Brewed Black tea;Earl Grey Rg;Astoria
15.00;5;2;202301;Jan;Fri;Evening;Low;Coffee;Drip coffee;Our Old Time Diner Blend Lg;Lower Manhattan
7.00;2;2;202301;Jan;Fri;Evening;Low;Bakery;Pastry;Croissant;Lower Manhattan
23.75;5;3;202301;Jan;Fri;Evening;Med;Drinking Chocolate;Hot chocolate;Sustainably Grown Organic Lg;Lower Manhattan
9.00;3;2;202301;Jan;Fri;Evening;Low;Tea;Brewed Green tea;Serenity Green Tea Lg;Lower Manhattan
7.00;2;2;202301;Jan;Fri;Evening;Low;Bakery;Pastry;Croissant;Astoria
6.50;2;2;202301;Jan;Fri;Evening;Low;Bakery;Scone;Ginger Scone;Astoria
11.25;3;3;202301;Jan;Fri;Evening;Low;Bakery;Pastry;Chocolate Croissant;Astoria
14.25;3;2;202301;Jan;Fri;Evening;Low;Drinking Chocolate;Hot chocolate;Sustainably Grown Organic Lg;Hell's Kitchen
3.25;1;1;202301;Jan;Fri;Evening;Low;Bakery;Scone;Ginger Scone;Hell's Kitchen
13.33;1;1;202301;Jan;Fri;Evening;Low;Packaged Chocolate;Drinking Chocolate;Chili Mayan;Astoria
6.00;2;1;202301;Jan;Fri;Evening;Low;Tea;Brewed Chai tea;Traditional Blend Chai Lg;Hell's Kitchen
2.40;3;2;202301;Jan;Fri;Evening;Low;Flavours;Regular syrup;Chocolate syrup;Hell's Kitchen
3.75;1;1;202301;Jan;Fri;Evening;Low;Bakery;Pastry;Chocolate Croissant;Hell's Kitchen
3.00;1;1;202301;Jan;Fri;Evening;Low;Tea;Brewed herbal tea;Peppermint Lg;Hell's Kitchen
18.00;1;1;202301;Jan;Sat;Morning;Low;Coffee beans;Organic Beans;Brazilian - Organic;Lower Manhattan
9.25;1;1;202301;Jan;Sat;Morning;Low;Loose Tea;Green tea;Serenity Green Tea;Lower Manhattan
3.50;1;1;202301;Jan;Sat;Morning;Low;Bakery;Biscotti;Ginger Biscotti;Astoria
8.95;1;1;202301;Jan;Sat;Morning;Low;Loose Tea;Black tea;English Breakfast;Lower Manhattan
27.50;11;7;202301;Jan;Sat;Morning;Med;Tea;Brewed herbal tea;Lemon Grass Rg;Astoria
21.00;1;1;202301;Jan;Sat;Morning;Med;Coffee beans;Gourmet Beans;Ethiopia;Astoria
28.00;1;1;202301;Jan;Sat;Morning;Med;Branded;Clothing;I Need My Bean! T-shirt;Hell's Kitchen
10.00;1;1;202301;Jan;Sat;Morning;Low;Coffee beans;Green beans;Guatemalan Sustainably Grown;Astoria
35.00;2;2;202301;Jan;Sat;Morning;Med;Branded;Housewares;I Need My Bean! Diner mug;Astoria
10.00;1;1;202301;Jan;Sat;Morning;Low;Coffee beans;Green beans;Guatemalan Sustainably Grown;Hell's Kitchen
14.75;1;1;202301;Jan;Sat;Morning;Low;Coffee beans;Espresso Beans;Espresso Roast;Lower Manhattan
8.95;1;1;202301;Jan;Sat;Morning;Low;Loose Tea;Black tea;Earl Grey;Hell's Kitchen
15.00;1;1;202301;Jan;Sat;Morning;Low;Coffee beans;Gourmet Beans;Columbian Medium Roast;Lower Manhattan
14.00;1;1;202301;Jan;Sat;Morning;Low;Branded;Housewares;I Need My Bean! Latte cup;Hell's Kitchen
9.25;1;1;202301;Jan;Sat;Morning;Low;Loose Tea;Green tea;Serenity Green Tea;Hell's Kitchen
7.50;2;2;202301;Jan;Sat;Afternoon;Low;Bakery;Scone;Jumbo Savory Scone;Hell's Kitchen
21.70;7;6;202301;Jan;Sat;Afternoon;Med;Coffee;Premium brewed coffee;Jamaican Coffee River Rg;Lower Manhattan
4.00;1;1;202301;Jan;Sat;Afternoon;Low;Tea;Brewed Chai tea;Morning Sunrise Chai Lg;Hell's Kitchen
12.75;3;2;202301;Jan;Sat;Afternoon;Low;Coffee;Barista Espresso;Cappuccino Lg;Hell's Kitchen
3.20;4;2;202301;Jan;Sat;Afternoon;Low;Flavours;Regular syrup;Carmel syrup;Hell's Kitchen
7.50;3;2;202301;Jan;Sat;Afternoon;Low;Tea;Brewed Black tea;Earl Grey Rg;Lower Manhattan
9.00;3;2;202301;Jan;Sat;Afternoon;Low;Tea;Brewed Black tea;Earl Grey Lg;Hell's Kitchen
15.00;5;3;202301;Jan;Sat;Afternoon;Low;Coffee;Drip coffee;Our Old Time Diner Blend Lg;Astoria
7.00;2;2;202301;Jan;Sat;Afternoon;Low;Coffee;Organic brewed coffee;Brazilian Lg;Lower Manhattan
12.00;6;3;202301;Jan;Sat;Afternoon;Low;Coffee;Drip coffee;Our Old Time Diner Blend Sm;Lower Manhattan
22.50;1;1;202301;Jan;Sat;Afternoon;Med;Coffee beans;Organic Beans;Organic Decaf Blend;Hell's Kitchen
4.90;2;2;202301;Jan;Sat;Afternoon;Low;Coffee;Premium brewed coffee;Jamaican Coffee River Sm;Lower Manhattan
2.40;3;2;202301;Jan;Sat;Afternoon;Low;Flavours;Sugar free syrup;Sugar Free Vanilla syrup;Hell's Kitchen
19.75;1;1;202301;Jan;Sat;Afternoon;Low;Coffee beans;Premium Beans;Jamacian Coffee River;Lower Manhattan
14.00;4;2;202301;Jan;Sat;Afternoon;Low;Coffee;Organic brewed coffee;Brazilian Lg;Hell's Kitchen
15.00;4;4;202301;Jan;Sat;Afternoon;Low;Bakery;Pastry;Almond Croissant;Hell's Kitchen
3.75;1;1;202301;Jan;Sat;Afternoon;Low;Bakery;Pastry;Chocolate Croissant;Hell's Kitchen
11.25;3;2;202301;Jan;Sat;Afternoon;Low;Coffee;Barista Espresso;Latte;Hell's Kitchen
3.25;1;1;202301;Jan;Sat;Afternoon;Low;Bakery;Scone;Cranberry Scone;Astoria
22.50;1;1;202301;Jan;Sat;Afternoon;Med;Coffee beans;Organic Beans;Organic Decaf Blend;Lower Manhattan
5.00;2;1;202301;Jan;Sat;Afternoon;Low;Coffee;Drip coffee;Our Old Time Diner Blend Rg;Hell's Kitchen
12.50;5;3;202301;Jan;Sat;Afternoon;Low;Tea;Brewed herbal tea;Lemon Grass Rg;Lower Manhattan
3.50;1;1;202301;Jan;Sat;Afternoon;Low;Bakery;Biscotti;Ginger Biscotti;Lower Manhattan
8.80;4;2;202301;Jan;Sat;Afternoon;Low;Coffee;Organic brewed coffee;Brazilian Sm;Hell's Kitchen
7.50;3;2;202301;Jan;Sat;Afternoon;Low;Coffee;Drip coffee;Our Old Time Diner Blend Rg;Lower Manhattan
7.50;3;1;202301;Jan;Sat;Afternoon;Low;Tea;Brewed Chai tea;Traditional Blend Chai Rg;Lower Manhattan
3.50;1;1;202301;Jan;Sat;Afternoon;Low;Bakery;Pastry;Croissant;Astoria
18.00;6;3;202301;Jan;Sat;Afternoon;Low;Tea;Brewed herbal tea;Peppermint Lg;Hell's Kitchen
11.25;3;3;202301;Jan;Sat;Afternoon;Low;Coffee;Barista Espresso;Cappuccino;Hell's Kitchen
2.50;1;1;202301;Jan;Sat;Afternoon;Low;Tea;Brewed Black tea;Earl Grey Rg;Hell's Kitchen
8.95;1;1;202301;Jan;Sat;Afternoon;Low;Loose Tea;Black tea;English Breakfast;Lower Manhattan
12.75;5;4;202301;Jan;Sat;Afternoon;Low;Tea;Brewed Chai tea;Spicy Eye Opener Chai Rg;Hell's Kitchen
18.00;1;1;202301;Jan;Sat;Afternoon;Low;Coffee beans;House blend Beans;Our Old Time Diner Blend;Astoria
6.00;2;1;202301;Jan;Sat;Afternoon;Low;Coffee;Drip coffee;Our Old Time Diner Blend Lg;Lower Manhattan
0.80;1;1;202301;Jan;Sat;Afternoon;Low;Flavours;Regular syrup;Chocolate syrup;Lower Manhattan
12.00;4;2;202301;Jan;Sat;Afternoon;Low;Tea;Brewed Black tea;English Breakfast Lg;Lower Manhattan
9.30;3;1;202301;Jan;Sat;Evening;Low;Coffee;Premium brewed coffee;Jamaican Coffee River Rg;Lower Manhattan
12.50;5;2;202301;Jan;Sat;Evening;Low;Tea;Brewed Green tea;Serenity Green Tea Rg;Lower Manhattan
2.50;1;1;202301;Jan;Sat;Evening;Low;Coffee;Gourmet brewed coffee;Columbian Medium Roast Rg;Lower Manhattan
6.00;2;2;202301;Jan;Sat;Evening;Low;Bakery;Scone;Oatmeal Scone;Lower Manhattan
2.40;3;2;202301;Jan;Sat;Evening;Low;Flavours;Regular syrup;Carmel syrup;Astoria
13.50;3;2;202301;Jan;Sat;Evening;Low;Drinking Chocolate;Hot chocolate;Dark chocolate Lg;Astoria
7.50;3;2;202301;Jan;Sat;Evening;Low;Coffee;Gourmet brewed coffee;Columbian Medium Roast Rg;Hell's Kitchen
6.50;2;2;202301;Jan;Sat;Evening;Low;Bakery;Scone;Ginger Scone;Astoria
8.80;4;3;202301;Jan;Sat;Evening;Low;Coffee;Gourmet brewed coffee;Ethiopia Sm;Astoria
23.00;1;1;202301;Jan;Sat;Evening;Med;Branded;Housewares;I Need My Bean! Latte cup;Astoria
15.00;6;3;202301;Jan;Sat;Evening;Low;Tea;Brewed herbal tea;Lemon Grass Rg;Lower Manhattan
3.50;1;1;202301;Jan;Sat;Evening;Low;Bakery;Pastry;Croissant;Lower Manhattan
1.60;2;1;202301;Jan;Sat;Evening;Low;Flavours;Regular syrup;Carmel syrup;Hell's Kitchen
3.20;4;2;202301;Jan;Sat;Evening;Low;Flavours;Regular syrup;Hazelnut syrup;Astoria
14.75;1;1;202301;Jan;Sat;Evening;Low;Coffee beans;Espresso Beans;Espresso Roast;Astoria
5.10;2;2;202301;Jan;Sat;Evening;Low;Tea;Brewed Chai tea;Spicy Eye Opener Chai Rg;Hell's Kitchen
1.60;2;1;202301;Jan;Sat;Evening;Low;Flavours;Sugar free syrup;Sugar Free Vanilla syrup;Astoria
28.00;1;1;202301;Jan;Sat;Evening;Med;Branded;Clothing;I Need My Bean! T-shirt;Astoria
3.00;1;1;202301;Jan;Sat;Evening;Low;Tea;Brewed Green tea;Serenity Green Tea Lg;Hell's Kitchen
10.50;3;3;202301;Jan;Sat;Evening;Low;Bakery;Pastry;Croissant;Hell's Kitchen
7.50;2;1;202301;Jan;Sun;Night;Low;Coffee;Barista Espresso;Cappuccino;Lower Manhattan
2.20;1;1;202301;Jan;Mon;Night;Low;Coffee;Organic brewed coffee;Brazilian Sm;Lower Manhattan
45.50;13;8;202301;Jan;Mon;Morning;High;Drinking Chocolate;Hot chocolate;Dark chocolate Rg;Astoria
45.00;1;1;202301;Jan;Mon;Morning;High;Coffee beans;Premium Beans;Civet Cat;Lower Manhattan
1.60;2;1;202301;Jan;Mon;Afternoon;Low;Flavours;Regular syrup;Carmel syrup;Astoria
30.00;8;8;202301;Jan;Tue;Morning;Med;Bakery;Scone;Jumbo Savory Scone;Astoria
9.00;3;3;202301;Jan;Wed;Morning;Low;Tea;Brewed herbal tea;Peppermint Lg;Astoria
12.00;4;2;202301;Jan;Wed;Afternoon;Low;Tea;Brewed Chai tea;Traditional Blend Chai Lg;Hell's Kitchen
9.00;2;1;202301;Jan;Wed;Evening;Low;Drinking Chocolate;Hot chocolate;Dark chocolate Lg;Lower Manhattan
14.75;1;1;202301;Jan;Wed;Evening;Low;Coffee beans;Espresso Beans;Espresso Roast;Astoria
10.00;1;1;202301;Jan;Thu;Night;Low;Coffee beans;Green beans;Guatemalan Sustainably Grown;Hell's Kitchen
2.00;1;1;202301;Jan;Thu;Night;Low;Coffee;Drip coffee;Our Old Time Diner Blend Sm;Hell's Kitchen
1.60;2;1;202301;Jan;Thu;Evening;Low;Flavours;Sugar free syrup;Sugar Free Vanilla syrup;Lower Manhattan
8.00;4;2;202301;Jan;Fri;Afternoon;Low;Coffee;Gourmet brewed coffee;Columbian Medium Roast Sm;Hell's Kitchen
8.95;1;1;202301;Jan;Fri;Afternoon;Low;Loose Tea;Herbal tea;Peppermint;Astoria
12.40;4;3;202301;Jan;Fri;Evening;Low;Tea;Brewed Chai tea;Spicy Eye Opener Chai Lg;Astoria
23.75;5;3;202301;Jan;Sat;Morning;Med;Drinking Chocolate;Hot chocolate;Sustainably Grown Organic Lg;Lower Manhattan
12.50;5;3;202301;Jan;Sat;Afternoon;Low;Tea;Brewed herbal tea;Peppermint Rg;Hell's Kitchen
7.00;2;2;202301;Jan;Sat;Afternoon;Low;Bakery;Biscotti;Ginger Biscotti;Hell's Kitchen
6.00;2;2;202301;Jan;Sat;Afternoon;Low;Coffee;Barista Espresso;Ouro Brasileiro shot;Hell's Kitchen
4.40;2;1;202301;Jan;Sun;Night;Low;Coffee;Gourmet brewed coffee;Ethiopia Sm;Lower Manhattan
6.60;3;1;202301;Jan;Sun;Night;Low;Coffee;Organic brewed coffee;Brazilian Sm;Lower Manhattan
3.50;1;1;202301;Jan;Sun;Night;Low;Bakery;Pastry;Croissant;Lower Manhattan
11.25;3;1;202301;Jan;Sun;Night;Low;Coffee;Barista Espresso;Latte;Lower Manhattan
0.80;1;1;202301;Jan;Sun;Night;Low;Flavours;Regular syrup;Carmel syrup;Lower Manhattan
4.50;1;1;202301;Jan;Sun;Night;Low;Drinking Chocolate;Hot chocolate;Dark chocolate Lg;Lower Manhattan
3.50;1;1;202301;Jan;Sun;Night;Low;Bakery;Biscotti;Chocolate Chip Biscotti;Lower Manhattan
3.50;1;1;202301;Jan;Sun;Night;Low;Coffee;Organic brewed coffee;Brazilian Lg;Hell's Kitchen
8.50;2;1;202301;Jan;Sun;Night;Low;Coffee;Barista Espresso;Cappuccino Lg;Hell's Kitchen
1.60;2;1;202301;Jan;Sun;Night;Low;Flavours;Regular syrup;Chocolate syrup;Hell's Kitchen
3.00;1;1;202301;Jan;Sun;Night;Low;Coffee;Gourmet brewed coffee;Ethiopia Rg;Lower Manhattan
9.00;3;2;202301;Jan;Sun;Night;Low;Tea;Brewed Chai tea;Traditional Blend Chai Lg;Lower Manhattan
7.50;2;1;202301;Jan;Sun;Night;Low;Drinking Chocolate;Hot chocolate;Sustainably Grown Organic Rg;Lower Manhattan
9.30;3;2;202301;Jan;Sun;Night;Low;Tea;Brewed Chai tea;Spicy Eye Opener Chai Lg;Hell's Kitchen
13.33;1;1;202301;Jan;Sun;Morning;Low;Packaged Chocolate;Drinking Chocolate;Chili Mayan;Lower Manhattan
28.00;1;1;202301;Jan;Sun;Morning;Med;Branded;Clothing;I Need My Bean! T-shirt;Lower Manhattan
19.75;1;1;202301;Jan;Sun;Morning;Low;Coffee beans;Premium Beans;Jamacian Coffee River;Hell's Kitchen
12.00;1;1;202301;Jan;Sun;Morning;Low;Branded;Housewares;I Need My Bean! Diner mug;Lower Manhattan
10.00;1;1;202301;Jan;Sun;Morning;Low;Coffee beans;Green beans;Guatemalan Sustainably Grown;Hell's Kitchen
3.25;1;1;202301;Jan;Sun;Afternoon;Low;Bakery;Scone;Cranberry Scone;Lower Manhattan
7.00;2;2;202301;Jan;Sun;Afternoon;Low;Coffee;Organic brewed coffee;Brazilian Lg;Astoria
6.50;2;2;202301;Jan;Sun;Afternoon;Low;Bakery;Scone;Cranberry Scone;Hell's Kitchen
16.50;7;6;202301;Jan;Sun;Afternoon;Low;Coffee;Barista Espresso;Ouro Brasileiro shot;Hell's Kitchen
3.75;1;1;202301;Jan;Sun;Afternoon;Low;Bakery;Pastry;Almond Croissant;Astoria
0.80;1;1;202301;Jan;Sun;Afternoon;Low;Flavours;Regular syrup;Hazelnut syrup;Lower Manhattan
15.00;5;3;202301;Jan;Sun;Afternoon;Low;Tea;Brewed Green tea;Serenity Green Tea Lg;Lower Manhattan
16.00;4;2;202301;Jan;Sun;Afternoon;Low;Tea;Brewed Chai tea;Morning Sunrise Chai Lg;Lower Manhattan
3.50;1;1;202301;Jan;Sun;Evening;Low;Coffee;Organic brewed coffee;Brazilian Lg;Lower Manhattan
6.50;2;2;202301;Jan;Sun;Evening;Low;Bakery;Scone;Cranberry Scone;Hell's Kitchen
17.60;8;5;202301;Jan;Sun;Evening;Low;Coffee;Gourmet brewed coffee;Ethiopia Sm;Astoria
2.55;1;1;202301;Jan;Sun;Evening;Low;Tea;Brewed Chai tea;Spicy Eye Opener Chai Rg;Hell's Kitchen
3.75;1;1;202301;Jan;Sun;Evening;Low;Bakery;Pastry;Almond Croissant;Lower Manhattan
3.25;1;1;202301;Jan;Sun;Evening;Low;Bakery;Biscotti;Hazelnut Biscotti;Hell's Kitchen
4.50;1;1;202301;Jan;Sun;Evening;Low;Bakery;Scone;Scottish Cream Scone ;Lower Manhattan
9.00;3;2;202301;Jan;Sun;Evening;Low;Tea;Brewed Chai tea;Traditional Blend Chai Lg;Astoria
7.00;2;1;202301;Jan;Mon;Night;Low;Coffee;Organic brewed coffee;Brazilian Lg;Lower Manhattan
7.50;2;1;202301;Jan;Mon;Night;Low;Drinking Chocolate;Hot chocolate;Sustainably Grown Organic Rg;Lower Manhattan
14.25;3;2;202301;Jan;Mon;Night;Low;Drinking Chocolate;Hot chocolate;Sustainably Grown Organic Lg;Lower Manhattan
15.00;5;2;202301;Jan;Mon;Night;Low;Tea;Brewed herbal tea;Peppermint Lg;Lower Manhattan
3.00;1;1;202301;Jan;Mon;Night;Low;Coffee;Gourmet brewed coffee;Ethiopia Rg;Hell's Kitchen
6.00;2;1;202301;Jan;Mon;Night;Low;Tea;Brewed Black tea;English Breakfast Lg;Lower Manhattan
4.40;2;1;202301;Jan;Mon;Night;Low;Coffee;Gourmet brewed coffee;Ethiopia Sm;Lower Manhattan
3.50;1;1;202301;Jan;Mon;Night;Low;Bakery;Biscotti;Chocolate Chip Biscotti;Lower Manhattan
4.00;2;1;202301;Jan;Mon;Night;Low;Coffee;Drip coffee;Our Old Time Diner Blend Sm;Lower Manhattan
3.50;1;1;202301;Jan;Mon;Night;Low;Bakery;Biscotti;Ginger Biscotti;Lower Manhattan
19.75;1;1;202301;Jan;Mon;Morning;Low;Coffee beans;Premium Beans;Jamacian Coffee River;Hell's Kitchen
8.95;1;1;202301;Jan;Mon;Morning;Low;Loose Tea;Black tea;Earl Grey;Hell's Kitchen
15.20;2;2;202301;Jan;Mon;Morning;Low;Packaged Chocolate;Organic Chocolate;Sustainably Grown Organic;Lower Manhattan
10.00;1;1;202301;Jan;Mon;Morning;Low;Coffee beans;Green beans;Guatemalan Sustainably Grown;Hell's Kitchen
21.00;1;1;202301;Jan;Mon;Morning;Med;Coffee beans;Gourmet Beans;Ethiopia;Lower Manhattan
29.50;2;2;202301;Jan;Mon;Morning;Med;Coffee beans;Espresso Beans;Espresso Roast;Hell's Kitchen
31.50;9;5;202301;Jan;Mon;Afternoon;Med;Coffee;Organic brewed coffee;Brazilian Lg;Hell's Kitchen
18.60;6;4;202301;Jan;Mon;Afternoon;Low;Coffee;Premium brewed coffee;Jamaican Coffee River Rg;Astoria
6.50;2;2;202301;Jan;Mon;Afternoon;Low;Bakery;Biscotti;Hazelnut Biscotti;Astoria
14.00;1;1;202301;Jan;Mon;Afternoon;Low;Branded;Housewares;I Need My Bean! Latte cup;Lower Manhattan
18.00;1;1;202301;Jan;Mon;Afternoon;Low;Coffee beans;House blend Beans;Our Old Time Diner Blend;Hell's Kitchen
7.35;3;2;202301;Jan;Mon;Afternoon;Low;Coffee;Premium brewed coffee;Jamaican Coffee River Sm;Hell's Kitchen
1.60;2;1;202301;Jan;Mon;Evening;Low;Flavours;Regular syrup;Carmel syrup;Hell's Kitchen
0.80;1;1;202301;Jan;Mon;Evening;Low;Flavours;Regular syrup;Chocolate syrup;Hell's Kitchen
20.00;8;5;202301;Jan;Mon;Evening;Low;Tea;Brewed herbal tea;Lemon Grass Rg;Hell's Kitchen
6.00;2;1;202301;Jan;Mon;Evening;Low;Coffee;Barista Espresso;Ouro Brasileiro shot;Lower Manhattan
9.00;3;1;202301;Jan;Mon;Evening;Low;Tea;Brewed herbal tea;Peppermint Lg;Lower Manhattan
3.25;1;1;202301;Jan;Mon;Evening;Low;Bakery;Biscotti;Hazelnut Biscotti;Lower Manhattan
6.00;2;2;202301;Jan;Mon;Evening;Low;Bakery;Scone;Oatmeal Scone;Hell's Kitchen
4.50;1;1;202301;Jan;Mon;Evening;Low;Bakery;Scone;Scottish Cream Scone ;Hell's Kitchen
7.50;2;1;202301;Jan;Tue;Night;Low;Drinking Chocolate;Hot chocolate;Sustainably Grown Organic Rg;Lower Manhattan
7.50;2;1;202301;Jan;Tue;Night;Low;Coffee;Barista Espresso;Cappuccino;Lower Manhattan
9.00;3;2;202301;Jan;Tue;Night;Low;Coffee;Drip coffee;Our Old Time Diner Blend Lg;Lower Manhattan
28.00;1;1;202301;Jan;Tue;Night;Med;Branded;Clothing;I Need My Bean! T-shirt;Lower Manhattan
4.00;2;1;202301;Jan;Tue;Night;Low;Coffee;Gourmet brewed coffee;Columbian Medium Roast Sm;Lower Manhattan
2.50;1;1;202301;Jan;Tue;Night;Low;Tea;Brewed herbal tea;Peppermint Rg;Lower Manhattan
12.00;4;2;202301;Jan;Mon;Night;Low;Tea;Brewed Black tea;English Breakfast Lg;Hell's Kitchen
1.60;2;1;202301;Jan;Mon;Afternoon;Low;Flavours;Regular syrup;Chocolate syrup;Lower Manhattan
6.00;2;1;202301;Jan;Tue;Night;Low;Coffee;Barista Espresso;Ouro Brasileiro shot;Lower Manhattan
3.00;1;1;202301;Jan;Tue;Night;Low;Coffee;Barista Espresso;Espresso shot;Hell's Kitchen
3.00;1;1;202301;Jan;Tue;Night;Low;Tea;Brewed Green tea;Serenity Green Tea Lg;Hell's Kitchen
18.00;4;2;202301;Jan;Tue;Night;Low;Drinking Chocolate;Hot chocolate;Dark chocolate Lg;Hell's Kitchen
3.25;1;1;202301;Jan;Tue;Night;Low;Bakery;Scone;Cranberry Scone;Hell's Kitchen
8.95;1;1;202301;Jan;Tue;Morning;Low;Loose Tea;Herbal tea;Lemon Grass;Hell's Kitchen
61.35;3;3;202301;Jan;Tue;Morning;very high;Coffee beans;Espresso Beans;Primo Espresso Roast;Hell's Kitchen
19.75;1;1;202301;Jan;Tue;Morning;Low;Coffee beans;Premium Beans;Jamacian Coffee River;Hell's Kitchen
56.00;2;2;202301;Jan;Tue;Morning;High;Branded;Clothing;I Need My Bean! T-shirt;Lower Manhattan
20.00;2;2;202301;Jan;Tue;Morning;Low;Coffee beans;Green beans;Guatemalan Sustainably Grown;Hell's Kitchen
21.00;1;1;202301;Jan;Tue;Morning;Med;Coffee beans;Gourmet Beans;Ethiopia;Hell's Kitchen
9.25;1;1;202301;Jan;Tue;Morning;Low;Loose Tea;Green tea;Serenity Green Tea;Hell's Kitchen
14.00;1;1;202301;Jan;Tue;Morning;Low;Branded;Housewares;I Need My Bean! Latte cup;Lower Manhattan
8.95;1;1;202301;Jan;Tue;Morning;Low;Loose Tea;Herbal tea;Peppermint;Lower Manhattan
8.95;1;1;202301;Jan;Tue;Morning;Low;Loose Tea;Black tea;English Breakfast;Lower Manhattan
21.25;5;4;202301;Jan;Tue;Afternoon;Med;Coffee;Barista Espresso;Latte Rg;Lower Manhattan
5.60;7;4;202301;Jan;Tue;Afternoon;Low;Flavours;Regular syrup;Chocolate syrup;Lower Manhattan
10.00;5;3;202301;Jan;Tue;Afternoon;Low;Coffee;Gourmet brewed coffee;Columbian Medium Roast Sm;Astoria
8.95;1;1;202301;Jan;Tue;Afternoon;Low;Loose Tea;Black tea;Earl Grey;Lower Manhattan
1.60;2;2;202301;Jan;Tue;Afternoon;Low;Flavours;Regular syrup;Carmel syrup;Lower Manhattan
3.00;1;1;202301;Jan;Tue;Afternoon;Low;Bakery;Scone;Oatmeal Scone;Astoria
10.00;4;3;202301;Jan;Tue;Afternoon;Low;Tea;Brewed Chai tea;Traditional Blend Chai Rg;Astoria
14.00;4;2;202301;Jan;Tue;Afternoon;Low;Coffee;Gourmet brewed coffee;Ethiopia Lg;Astoria
15.00;5;4;202301;Jan;Tue;Afternoon;Low;Tea;Brewed Green tea;Serenity Green Tea Lg;Hell's Kitchen
11.25;3;2;202301;Jan;Tue;Afternoon;Low;Drinking Chocolate;Hot chocolate;Sustainably Grown Organic Rg;Lower Manhattan
7.50;2;2;202301;Jan;Tue;Afternoon;Low;Bakery;Pastry;Chocolate Croissant;Astoria
3.25;1;1;202301;Jan;Tue;Evening;Low;Bakery;Scone;Ginger Scone;Hell's Kitchen
24.00;8;5;202301;Jan;Tue;Evening;Med;Coffee;Gourmet brewed coffee;Columbian Medium Roast Lg;Hell's Kitchen
6.50;2;2;202301;Jan;Tue;Evening;Low;Bakery;Scone;Cranberry Scone;Lower Manhattan
6.00;2;2;202301;Jan;Tue;Evening;Low;Bakery;Scone;Oatmeal Scone;Astoria
7.00;2;2;202301;Jan;Tue;Evening;Low;Bakery;Biscotti;Ginger Biscotti;Astoria
3.25;1;1;202301;Jan;Tue;Evening;Low;Bakery;Scone;Cranberry Scone;Hell's Kitchen
7.50;3;1;202301;Jan;Tue;Evening;Low;Coffee;Gourmet brewed coffee;Columbian Medium Roast Rg;Lower Manhattan
22.50;1;1;202301;Jan;Tue;Evening;Med;Coffee beans;Organic Beans;Organic Decaf Blend;Hell's Kitchen
8.95;1;1;202301;Jan;Tue;Evening;Low;Loose Tea;Black tea;Earl Grey;Hell's Kitchen
12.00;4;2;202301;Jan;Tue;Evening;Low;Tea;Brewed herbal tea;Peppermint Lg;Hell's Kitchen
9.00;3;1;202301;Jan;Wed;Night;Low;Coffee;Barista Espresso;Ouro Brasileiro shot;Lower Manhattan
7.50;3;1;202301;Jan;Wed;Night;Low;Tea;Brewed Black tea;English Breakfast Rg;Lower Manhattan
6.60;3;1;202301;Jan;Wed;Night;Low;Coffee;Gourmet brewed coffee;Ethiopia Sm;Lower Manhattan
7.50;3;1;202301;Jan;Wed;Night;Low;Tea;Brewed Black tea;Earl Grey Rg;Lower Manhattan
10.00;1;1;202301;Jan;Wed;Night;Low;Coffee beans;Green beans;Guatemalan Sustainably Grown;Lower Manhattan
1.60;2;1;202301;Jan;Wed;Night;Low;Flavours;Sugar free syrup;Sugar Free Vanilla syrup;Lower Manhattan
3.75;1;1;202301;Jan;Wed;Night;Low;Bakery;Pastry;Almond Croissant;Lower Manhattan
3.00;1;1;202301;Jan;Wed;Night;Low;Tea;Brewed Chai tea;Traditional Blend Chai Lg;Hell's Kitchen
3.00;1;1;202301;Jan;Wed;Night;Low;Bakery;Scone;Oatmeal Scone;Lower Manhattan
7.00;2;1;202301;Jan;Wed;Night;Low;Coffee;Organic brewed coffee;Brazilian Lg;Hell's Kitchen
3.75;1;1;202301;Jan;Wed;Night;Low;Drinking Chocolate;Hot chocolate;Sustainably Grown Organic Rg;Hell's Kitchen
3.00;1;1;202301;Jan;Wed;Night;Low;Tea;Brewed herbal tea;Peppermint Lg;Hell's Kitchen
13.20;5;3;202301;Jan;Wed;Morning;Low;Coffee;Barista Espresso;Ouro Brasileiro shot;Lower Manhattan
9.25;1;1;202301;Jan;Wed;Morning;Low;Loose Tea;Green tea;Serenity Green Tea;Lower Manhattan
2.50;1;1;202301;Jan;Wed;Morning;Low;Tea;Brewed Black tea;English Breakfast Rg;Lower Manhattan
36.00;2;2;202301;Jan;Wed;Morning;Med;Coffee beans;House blend Beans;Our Old Time Diner Blend;Lower Manhattan
21.00;1;1;202301;Jan;Wed;Morning;Med;Coffee beans;Gourmet Beans;Ethiopia;Lower Manhattan
8.95;1;1;202301;Jan;Wed;Morning;Low;Loose Tea;Herbal tea;Peppermint;Hell's Kitchen
6.40;1;1;202301;Jan;Wed;Morning;Low;Packaged Chocolate;Drinking Chocolate;Dark chocolate;Hell's Kitchen
0.80;1;1;202301;Jan;Wed;Afternoon;Low;Flavours;Regular syrup;Carmel syrup;Lower Manhattan
7.00;2;1;202301;Jan;Wed;Afternoon;Low;Drinking Chocolate;Hot chocolate;Dark chocolate Rg;Lower Manhattan
13.50;3;3;202301;Jan;Wed;Afternoon;Low;Bakery;Scone;Scottish Cream Scone ;Lower Manhattan
6.00;2;2;202301;Jan;Wed;Afternoon;Low;Bakery;Scone;Oatmeal Scone;Astoria
8.95;1;1;202301;Jan;Wed;Afternoon;Low;Loose Tea;Herbal tea;Peppermint;Hell's Kitchen
3.50;1;1;202301;Jan;Wed;Afternoon;Low;Coffee;Gourmet brewed coffee;Ethiopia Lg;Astoria
4.25;1;1;202301;Jan;Wed;Afternoon;Low;Coffee;Barista Espresso;Latte Rg;Lower Manhattan
6.00;2;1;202301;Jan;Wed;Afternoon;Low;Coffee;Gourmet brewed coffee;Ethiopia Rg;Astoria
3.50;1;1;202301;Jan;Wed;Afternoon;Low;Bakery;Pastry;Croissant;Astoria
6.50;2;1;202301;Jan;Wed;Afternoon;Low;Bakery;Scone;Ginger Scone;Hell's Kitchen
5.00;2;1;202301;Jan;Wed;Afternoon;Low;Tea;Brewed Chai tea;Traditional Blend Chai Rg;Hell's Kitchen
3.50;1;1;202301;Jan;Wed;Afternoon;Low;Bakery;Biscotti;Ginger Biscotti;Astoria
3.00;1;1;202301;Jan;Wed;Night;Low;Tea;Brewed Chai tea;Traditional Blend Chai Lg;Astoria
6.00;2;1;202301;Jan;Wed;Evening;Low;Coffee;Organic brewed coffee;Brazilian Rg;Hell's Kitchen
7.00;2;1;202301;Jan;Wed;Evening;Low;Coffee;Gourmet brewed coffee;Ethiopia Lg;Hell's Kitchen
7.35;3;1;202301;Jan;Wed;Evening;Low;Coffee;Premium brewed coffee;Jamaican Coffee River Sm;Lower Manhattan
4.50;1;1;202301;Jan;Wed;Evening;Low;Bakery;Scone;Scottish Cream Scone ;Hell's Kitchen
6.00;2;1;202301;Jan;Wed;Evening;Low;Tea;Brewed Green tea;Serenity Green Tea Lg;Lower Manhattan
3.10;1;1;202301;Jan;Wed;Evening;Low;Tea;Brewed Chai tea;Spicy Eye Opener Chai Lg;Lower Manhattan
3.75;1;1;202301;Jan;Wed;Evening;Low;Bakery;Scone;Jumbo Savory Scone;Lower Manhattan
10.00;4;2;202301;Jan;Wed;Evening;Low;Tea;Brewed Chai tea;Traditional Blend Chai Rg;Hell's Kitchen
5.00;2;1;202301;Jan;Wed;Evening;Low;Tea;Brewed herbal tea;Lemon Grass Rg;Astoria
8.00;2;1;202301;Jan;Wed;Evening;Low;Tea;Brewed Chai tea;Morning Sunrise Chai Lg;Hell's Kitchen
3.75;1;1;202301;Jan;Wed;Evening;Low;Coffee;Barista Espresso;Latte;Astoria
6.00;2;2;202301;Jan;Thu;Night;Low;Tea;Brewed Chai tea;Traditional Blend Chai Lg;Lower Manhattan
9.00;3;1;202301;Jan;Thu;Night;Low;Coffee;Organic brewed coffee;Brazilian Rg;Lower Manhattan
6.00;2;1;202301;Jan;Thu;Night;Low;Tea;Brewed herbal tea;Lemon Grass Lg;Lower Manhattan
20.45;1;1;202301;Jan;Thu;Night;very high;Coffee beans;Espresso Beans;Primo Espresso Roast;Hell's Kitchen
6.00;2;1;202301;Jan;Thu;Night;Low;Tea;Brewed Black tea;Earl Grey Lg;Hell's Kitchen
6.00;2;2;202301;Jan;Thu;Night;Low;Tea;Brewed Green tea;Serenity Green Tea Lg;Lower Manhattan
2.45;1;1;202301;Jan;Thu;Night;Low;Coffee;Premium brewed coffee;Jamaican Coffee River Sm;Hell's Kitchen
22.50;1;1;202301;Jan;Thu;Night;Med;Coffee beans;Organic Beans;Organic Decaf Blend;Lower Manhattan
6.00;2;1;202301;Jan;Thu;Night;Low;Coffee;Drip coffee;Our Old Time Diner Blend Lg;Lower Manhattan
9.50;1;1;202301;Jan;Thu;Night;Low;Loose Tea;Chai tea;Morning Sunrise Chai;Lower Manhattan
3.00;1;1;202301;Jan;Thu;Night;Low;Coffee;Barista Espresso;Ouro Brasileiro shot;Hell's Kitchen
3.25;1;1;202301;Jan;Thu;Night;Low;Bakery;Scone;Cranberry Scone;Hell's Kitchen
0.80;1;1;202301;Jan;Thu;Night;Low;Flavours;Regular syrup;Chocolate syrup;Lower Manhattan
11.25;3;1;202301;Jan;Thu;Night;Low;Coffee;Premium brewed coffee;Jamaican Coffee River Lg;Lower Manhattan
14.00;1;1;202301;Jan;Thu;Night;Low;Branded;Housewares;I Need My Bean! Latte cup;Lower Manhattan
18.00;1;1;202301;Jan;Thu;Morning;Low;Coffee beans;Organic Beans;Brazilian - Organic;Lower Manhattan
3.00;1;1;202301;Jan;Thu;Morning;Low;Bakery;Scone;Oatmeal Scone;Astoria
28.00;2;2;202301;Jan;Thu;Morning;Med;Branded;Housewares;I Need My Bean! Latte cup;Lower Manhattan
6.00;2;1;202301;Jan;Thu;Morning;Low;Coffee;Gourmet brewed coffee;Columbian Medium Roast Lg;Lower Manhattan
9.50;1;1;202301;Jan;Thu;Morning;Low;Loose Tea;Chai tea;Morning Sunrise Chai;Lower Manhattan
10.95;1;1;202301;Jan;Thu;Morning;Low;Loose Tea;Chai tea;Spicy Eye Opener Chai;Hell's Kitchen
8.95;1;1;202301;Jan;Thu;Morning;Low;Loose Tea;Chai tea;Traditional Blend Chai;Hell's Kitchen
8.95;1;1;202301;Jan;Thu;Morning;Low;Loose Tea;Black tea;Earl Grey;Hell's Kitchen
21.00;1;1;202301;Jan;Thu;Morning;Med;Coffee beans;Gourmet Beans;Ethiopia;Lower Manhattan
12.00;4;2;202301;Jan;Thu;Afternoon;Low;Tea;Brewed herbal tea;Peppermint Lg;Hell's Kitchen
5.00;2;1;202301;Jan;Thu;Afternoon;Low;Tea;Brewed herbal tea;Peppermint Rg;Lower Manhattan
3.75;1;1;202301;Jan;Thu;Afternoon;Low;Bakery;Pastry;Almond Croissant;Hell's Kitchen
3.00;1;1;202301;Jan;Thu;Afternoon;Low;Coffee;Gourmet brewed coffee;Columbian Medium Roast Lg;Hell's Kitchen
5.10;2;1;202301;Jan;Thu;Afternoon;Low;Tea;Brewed Chai tea;Spicy Eye Opener Chai Rg;Astoria
3.50;1;1;202301;Jan;Thu;Afternoon;Low;Bakery;Biscotti;Ginger Biscotti;Astoria
18.00;1;1;202301;Jan;Thu;Afternoon;Low;Coffee beans;House blend Beans;Our Old Time Diner Blend;Hell's Kitchen
1.60;2;1;202301;Jan;Thu;Afternoon;Low;Flavours;Regular syrup;Carmel syrup;Hell's Kitchen
15.00;5;3;202301;Jan;Thu;Evening;Low;Tea;Brewed Black tea;English Breakfast Lg;Hell's Kitchen
3.25;1;1;202301;Jan;Thu;Evening;Low;Bakery;Scone;Cranberry Scone;Lower Manhattan
6.00;2;1;202301;Jan;Thu;Evening;Low;Tea;Brewed Black tea;Earl Grey Lg;Lower Manhattan
9.00;3;1;202301;Jan;Thu;Evening;Low;Tea;Brewed Chai tea;Traditional Blend Chai Lg;Lower Manhattan
3.75;1;1;202301;Jan;Thu;Evening;Low;Bakery;Pastry;Chocolate Croissant;Lower Manhattan
6.00;3;1;202301;Jan;Thu;Evening;Low;Coffee;Drip coffee;Our Old Time Diner Blend Sm;Lower Manhattan
3.75;1;1;202301;Jan;Thu;Evening;Low;Bakery;Pastry;Almond Croissant;Hell's Kitchen
28.00;1;1;202301;Jan;Thu;Evening;Med;Branded;Clothing;I Need My Bean! T-shirt;Lower Manhattan
3.00;1;1;202301;Jan;Thu;Evening;Low;Bakery;Scone;Oatmeal Scone;Lower Manhattan
7.00;2;1;202301;Jan;Thu;Evening;Low;Drinking Chocolate;Hot chocolate;Dark chocolate Rg;Lower Manhattan
5.10;2;1;202301;Jan;Wed;Night;Low;Tea;Brewed Chai tea;Spicy Eye Opener Chai Rg;Lower Manhattan
4.25;1;1;202301;Jan;Thu;Night;Low;Coffee;Barista Espresso;Latte Rg;Hell's Kitchen
7.00;2;1;202301;Jan;Thu;Evening;Low;Coffee;Gourmet brewed coffee;Ethiopia Lg;Hell's Kitchen
13.33;1;1;202301;Jan;Thu;Evening;Low;Packaged Chocolate;Drinking Chocolate;Chili Mayan;Hell's Kitchen
1.60;2;1;202301;Jan;Thu;Evening;Low;Flavours;Regular syrup;Hazelnut syrup;Hell's Kitchen
8.95;1;1;202301;Jan;Thu;Evening;Low;Loose Tea;Black tea;Earl Grey;Hell's Kitchen
3.25;1;1;202301;Jan;Thu;Evening;Low;Bakery;Biscotti;Hazelnut Biscotti;Hell's Kitchen
8.95;1;1;202301;Jan;Fri;Morning;Low;Loose Tea;Herbal tea;Peppermint;Lower Manhattan
12.75;3;3;202301;Jan;Fri;Morning;Low;Coffee;Barista Espresso;Latte Rg;Astoria
8.95;1;1;202301;Jan;Fri;Morning;Low;Loose Tea;Black tea;English Breakfast;Lower Manhattan
15.00;1;1;202301;Jan;Fri;Morning;Low;Coffee beans;Gourmet Beans;Columbian Medium Roast;Hell's Kitchen
21.00;1;1;202301;Jan;Fri;Morning;Med;Coffee beans;Gourmet Beans;Ethiopia;Lower Manhattan
12.00;1;1;202301;Jan;Fri;Morning;Low;Branded;Housewares;I Need My Bean! Diner mug;Lower Manhattan
1.60;2;1;202301;Jan;Fri;Afternoon;Low;Flavours;Sugar free syrup;Sugar Free Vanilla syrup;Hell's Kitchen
2.45;1;1;202301;Jan;Fri;Afternoon;Low;Coffee;Premium brewed coffee;Jamaican Coffee River Sm;Astoria
3.00;1;1;202301;Jan;Fri;Afternoon;Low;Coffee;Barista Espresso;Espresso shot;Astoria
6.20;2;1;202301;Jan;Fri;Afternoon;Low;Coffee;Premium brewed coffee;Jamaican Coffee River Rg;Astoria
3.50;1;1;202301;Jan;Fri;Afternoon;Low;Bakery;Pastry;Croissant;Astoria
3.00;1;1;202301;Jan;Fri;Afternoon;Low;Tea;Brewed herbal tea;Lemon Grass Lg;Hell's Kitchen
3.50;1;1;202301;Jan;Fri;Afternoon;Low;Bakery;Biscotti;Chocolate Chip Biscotti;Astoria
15.00;4;2;202301;Jan;Fri;Afternoon;Low;Coffee;Barista Espresso;Cappuccino;Hell's Kitchen
10.00;4;2;202301;Jan;Fri;Afternoon;Low;Tea;Brewed Black tea;Earl Grey Rg;Lower Manhattan
6.40;1;1;202301;Jan;Fri;Afternoon;Low;Packaged Chocolate;Drinking Chocolate;Dark chocolate;Lower Manhattan
3.75;1;1;202301;Jan;Fri;Afternoon;Low;Coffee;Premium brewed coffee;Jamaican Coffee River Lg;Hell's Kitchen
0.80;1;1;202301;Jan;Fri;Afternoon;Low;Flavours;Sugar free syrup;Sugar Free Vanilla syrup;Lower Manhattan
3.50;1;1;202301;Jan;Fri;Night;Low;Drinking Chocolate;Hot chocolate;Dark chocolate Rg;Hell's Kitchen
9.00;3;1;202301;Jan;Fri;Evening;Low;Coffee;Barista Espresso;Ouro Brasileiro shot;Lower Manhattan
0.80;1;1;202301;Jan;Fri;Evening;Low;Flavours;Regular syrup;Chocolate syrup;Lower Manhattan
6.50;2;2;202301;Jan;Fri;Evening;Low;Bakery;Scone;Cranberry Scone;Lower Manhattan
3.00;1;1;202301;Jan;Fri;Evening;Low;Coffee;Organic brewed coffee;Brazilian Rg;Astoria
6.20;2;1;202301;Jan;Fri;Evening;Low;Coffee;Premium brewed coffee;Jamaican Coffee River Rg;Lower Manhattan
3.00;1;1;202301;Jan;Fri;Evening;Low;Bakery;Scone;Oatmeal Scone;Lower Manhattan
8.50;2;1;202301;Jan;Fri;Evening;Low;Coffee;Barista Espresso;Latte Rg;Lower Manhattan
1.60;2;1;202301;Jan;Fri;Evening;Low;Flavours;Regular syrup;Carmel syrup;Lower Manhattan
6.00;2;2;202301;Jan;Sat;Morning;Low;Bakery;Scone;Oatmeal Scone;Astoria
10.50;3;2;202301;Jan;Sat;Afternoon;Low;Coffee;Gourmet brewed coffee;Ethiopia Lg;Astoria
10.00;4;2;202301;Jan;Sat;Afternoon;Low;Tea;Brewed Green tea;Serenity Green Tea Rg;Astoria
4.25;1;1;202301;Jan;Sat;Afternoon;Low;Coffee;Barista Espresso;Cappuccino Lg;Lower Manhattan
11.25;3;2;202301;Jan;Sat;Afternoon;Low;Coffee;Premium brewed coffee;Jamaican Coffee River Lg;Astoria
3.25;1;1;202301;Jan;Sat;Afternoon;Low;Bakery;Biscotti;Hazelnut Biscotti;Hell's Kitchen
3.50;1;1;202301;Jan;Sat;Afternoon;Low;Bakery;Pastry;Croissant;Lower Manhattan
6.60;3;2;202301;Jan;Sat;Afternoon;Low;Coffee;Organic brewed coffee;Brazilian Sm;Lower Manhattan
17.50;5;3;202301;Jan;Sat;Afternoon;Low;Drinking Chocolate;Hot chocolate;Dark chocolate Rg;Hell's Kitchen
4.50;1;1;202301;Jan;Sat;Afternoon;Low;Drinking Chocolate;Hot chocolate;Dark chocolate Lg;Lower Manhattan
6.00;2;1;202301;Jan;Sat;Afternoon;Low;Coffee;Organic brewed coffee;Brazilian Rg;Lower Manhattan
4.00;1;1;202301;Jan;Sat;Afternoon;Low;Tea;Brewed Chai tea;Morning Sunrise Chai Lg;Lower Manhattan
10.00;4;2;202301;Jan;Sat;Afternoon;Low;Tea;Brewed Chai tea;Traditional Blend Chai Rg;Hell's Kitchen
3.10;1;1;202301;Jan;Sat;Afternoon;Low;Tea;Brewed Chai tea;Spicy Eye Opener Chai Lg;Lower Manhattan
2.50;1;1;202301;Jan;Sat;Afternoon;Low;Tea;Brewed Green tea;Serenity Green Tea Rg;Lower Manhattan
4.50;1;1;202301;Jan;Sat;Afternoon;Low;Bakery;Scone;Scottish Cream Scone ;Hell's Kitchen
7.50;2;2;202301;Jan;Sat;Afternoon;Low;Bakery;Scone;Jumbo Savory Scone;Astoria
2.20;1;1;202301;Jan;Sat;Afternoon;Low;Coffee;Organic brewed coffee;Brazilian Sm;Astoria
4.40;2;1;202301;Jan;Sat;Afternoon;Low;Coffee;Gourmet brewed coffee;Ethiopia Sm;Astoria
5.00;2;1;202301;Jan;Sat;Afternoon;Low;Tea;Brewed Black tea;English Breakfast Rg;Hell's Kitchen
8.50;2;1;202301;Jan;Sat;Afternoon;Low;Coffee;Barista Espresso;Latte Rg;Lower Manhattan
2.50;1;1;202301;Jan;Sat;Night;Low;Tea;Brewed Green tea;Serenity Green Tea Rg;Hell's Kitchen
10.50;3;3;202301;Jan;Sat;Evening;Low;Bakery;Biscotti;Chocolate Chip Biscotti;Hell's Kitchen
9.00;3;2;202301;Jan;Sat;Evening;Low;Tea;Brewed Green tea;Serenity Green Tea Lg;Lower Manhattan
15.00;6;5;202301;Jan;Sat;Evening;Low;Coffee;Gourmet brewed coffee;Columbian Medium Roast Rg;Astoria
6.50;2;2;202301;Jan;Sat;Evening;Low;Bakery;Scone;Cranberry Scone;Astoria
3.00;1;1;202301;Jan;Sat;Evening;Low;Coffee;Organic brewed coffee;Brazilian Rg;Lower Manhattan
11.25;3;2;202301;Jan;Sat;Evening;Low;Coffee;Barista Espresso;Cappuccino;Lower Manhattan
6.00;2;1;202301;Jan;Sat;Evening;Low;Tea;Brewed Black tea;Earl Grey Lg;Lower Manhattan
10.00;4;3;202301;Jan;Sat;Evening;Low;Coffee;Drip coffee;Our Old Time Diner Blend Rg;Astoria
7.50;2;1;202301;Jan;Sat;Evening;Low;Coffee;Barista Espresso;Cappuccino;Hell's Kitchen
7.50;3;2;202301;Jan;Sat;Evening;Low;Tea;Brewed Chai tea;Traditional Blend Chai Rg;Lower Manhattan
7.00;2;1;202301;Jan;Sat;Evening;Low;Coffee;Organic brewed coffee;Brazilian Lg;Lower Manhattan
9.00;3;2;202301;Jan;Sat;Evening;Low;Coffee;Gourmet brewed coffee;Ethiopia Rg;Lower Manhattan
3.50;1;1;202301;Jan;Sat;Evening;Low;Drinking Chocolate;Hot chocolate;Dark chocolate Rg;Lower Manhattan
12.00;4;2;202301;Jan;Sat;Evening;Low;Coffee;Gourmet brewed coffee;Columbian Medium Roast Lg;Astoria
6.00;2;1;202301;Jan;Sat;Evening;Low;Tea;Brewed herbal tea;Lemon Grass Lg;Lower Manhattan
4.00;2;1;202301;Jan;Sat;Evening;Low;Coffee;Gourmet brewed coffee;Columbian Medium Roast Sm;Lower Manhattan
11.25;3;3;202301;Jan;Sat;Evening;Low;Bakery;Pastry;Almond Croissant;Astoria
3.00;1;1;202301;Jan;Sat;Evening;Low;Tea;Brewed Chai tea;Traditional Blend Chai Lg;Lower Manhattan
4.25;1;1;202301;Jan;Sat;Evening;Low;Coffee;Barista Espresso;Cappuccino Lg;Astoria
8.00;2;1;202301;Jan;Sat;Evening;Low;Tea;Brewed Chai tea;Morning Sunrise Chai Lg;Astoria
7.50;2;2;202301;Jan;Sun;Afternoon;Low;Bakery;Scone;Jumbo Savory Scone;Lower Manhattan
12.50;5;2;202301;Jan;Mon;Afternoon;Low;Coffee;Drip coffee;Our Old Time Diner Blend Rg;Lower Manhattan
9.00;3;1;202301;Jan;Thu;Evening;Low;Coffee;Gourmet brewed coffee;Columbian Medium Roast Lg;Lower Manhattan
24.00;2;2;202301;Jan;Fri;Afternoon;Med;Branded;Housewares;I Need My Bean! Diner mug;Lower Manhattan
10.00;4;3;202301;Jan;Sat;Afternoon;Low;Tea;Brewed Black tea;English Breakfast Rg;Lower Manhattan
12.50;5;3;202301;Jan;Sat;Afternoon;Low;Tea;Brewed herbal tea;Lemon Grass Rg;Hell's Kitchen
3.00;1;1;202301;Jan;Sat;Evening;Low;Coffee;Gourmet brewed coffee;Columbian Medium Roast Lg;Hell's Kitchen
9.00;2;2;202301;Jan;Sun;Afternoon;Low;Bakery;Scone;Scottish Cream Scone ;Astoria
3.25;1;1;202301;Jan;Sun;Afternoon;Low;Bakery;Scone;Ginger Scone;Astoria
7.00;2;1;202301;Jan;Sun;Afternoon;Low;Drinking Chocolate;Hot chocolate;Dark chocolate Rg;Lower Manhattan
7.00;2;2;202301;Jan;Sun;Afternoon;Low;Bakery;Biscotti;Ginger Biscotti;Hell's Kitchen
6.50;2;2;202301;Jan;Sun;Evening;Low;Bakery;Scone;Cranberry Scone;Astoria
12.00;4;3;202301;Jan;Sun;Evening;Low;Coffee;Drip coffee;Our Old Time Diner Blend Lg;Lower Manhattan
7.00;2;1;202301;Jan;Sun;Evening;Low;Drinking Chocolate;Hot chocolate;Dark chocolate Rg;Lower Manhattan
3.75;1;1;202301;Jan;Sun;Evening;Low;Bakery;Pastry;Almond Croissant;Astoria
8.50;2;1;202301;Jan;Mon;Night;Low;Coffee;Barista Espresso;Latte Rg;Lower Manhattan
4.50;1;1;202301;Jan;Mon;Night;Low;Bakery;Scone;Scottish Cream Scone ;Lower Manhattan
4.50;1;1;202301;Jan;Mon;Night;Low;Drinking Chocolate;Hot chocolate;Dark chocolate Lg;Lower Manhattan
3.25;1;1;202301;Jan;Mon;Night;Low;Bakery;Scone;Ginger Scone;Lower Manhattan
3.75;1;1;202301;Jan;Mon;Night;Low;Bakery;Pastry;Almond Croissant;Hell's Kitchen
3.00;1;1;202301;Jan;Mon;Night;Low;Coffee;Gourmet brewed coffee;Columbian Medium Roast Lg;Lower Manhattan
14.75;1;1;202301;Jan;Mon;Morning;Low;Coffee beans;Espresso Beans;Espresso Roast;Astoria
19.75;1;1;202301;Jan;Mon;Morning;Low;Coffee beans;Premium Beans;Jamacian Coffee River;Astoria
23.00;1;1;202301;Jan;Mon;Morning;Med;Coffee beans;Organic Beans;Organic Decaf Blend;Lower Manhattan
12.00;1;1;202301;Jan;Mon;Morning;Low;Branded;Housewares;I Need My Bean! Diner mug;Lower Manhattan
18.00;1;1;202301;Jan;Mon;Morning;Low;Coffee beans;Organic Beans;Brazilian - Organic;Hell's Kitchen
18.00;1;1;202301;Jan;Mon;Morning;Low;Coffee beans;House blend Beans;Our Old Time Diner Blend;Astoria
8.95;1;1;202301;Jan;Mon;Afternoon;Low;Loose Tea;Herbal tea;Peppermint;Lower Manhattan
22.50;1;1;202301;Jan;Mon;Afternoon;Med;Coffee beans;Organic Beans;Organic Decaf Blend;Astoria
13.33;1;1;202301;Jan;Mon;Afternoon;Low;Packaged Chocolate;Drinking Chocolate;Chili Mayan;Lower Manhattan
8.95;1;1;202301;Jan;Mon;Afternoon;Low;Loose Tea;Herbal tea;Peppermint;Astoria
12.00;1;1;202301;Jan;Mon;Afternoon;Low;Branded;Housewares;I Need My Bean! Diner mug;Astoria
8.95;1;1;202301;Jan;Mon;Afternoon;Low;Loose Tea;Herbal tea;Lemon Grass;Hell's Kitchen
4.40;2;1;202301;Jan;Mon;Evening;Low;Coffee;Organic brewed coffee;Brazilian Sm;Lower Manhattan
3.00;1;1;202301;Jan;Mon;Evening;Low;Tea;Brewed Black tea;Earl Grey Lg;Lower Manhattan
45.00;1;1;202301;Jan;Mon;Evening;High;Coffee beans;Premium Beans;Civet Cat;Hell's Kitchen
3.25;1;1;202301;Jan;Mon;Evening;Low;Bakery;Scone;Cranberry Scone;Lower Manhattan
22.50;1;1;202301;Jan;Mon;Evening;Med;Coffee beans;Organic Beans;Organic Decaf Blend;Astoria
2.50;1;1;202301;Jan;Mon;Evening;Low;Tea;Brewed Black tea;English Breakfast Rg;Lower Manhattan
1.60;2;1;202301;Jan;Mon;Evening;Low;Flavours;Regular syrup;Chocolate syrup;Astoria
9.00;3;1;202301;Jan;Tue;Night;Low;Tea;Brewed Black tea;Earl Grey Lg;Lower Manhattan
9.25;1;1;202301;Jan;Tue;Night;Low;Loose Tea;Green tea;Serenity Green Tea;Lower Manhattan
5.10;2;1;202301;Jan;Tue;Night;Low;Tea;Brewed Chai tea;Spicy Eye Opener Chai Rg;Hell's Kitchen
3.25;1;1;202301;Jan;Tue;Night;Low;Bakery;Biscotti;Hazelnut Biscotti;Hell's Kitchen
2.50;1;1;202301;Jan;Tue;Night;Low;Tea;Brewed Green tea;Serenity Green Tea Rg;Hell's Kitchen
3.75;1;1;202301;Jan;Tue;Night;Low;Coffee;Premium brewed coffee;Jamaican Coffee River Lg;Hell's Kitchen
4.25;1;1;202301;Jan;Tue;Night;Low;Coffee;Barista Espresso;Cappuccino Lg;Hell's Kitchen
3.50;1;1;202301;Jan;Sun;Night;Low;Bakery;Biscotti;Ginger Biscotti;Lower Manhattan
0.80;1;1;202301;Jan;Mon;Evening;Low;Flavours;Regular syrup;Carmel syrup;Astoria
6.00;2;1;202301;Jan;Tue;Night;Low;Coffee;Drip coffee;Our Old Time Diner Blend Lg;Hell's Kitchen
17.90;2;2;202301;Jan;Tue;Morning;Low;Loose Tea;Black tea;Earl Grey;Hell's Kitchen
17.90;2;2;202301;Jan;Tue;Morning;Low;Loose Tea;Chai tea;Traditional Blend Chai;Astoria
8.95;1;1;202301;Jan;Tue;Morning;Low;Loose Tea;Herbal tea;Peppermint;Astoria
17.90;2;2;202301;Jan;Tue;Morning;Low;Loose Tea;Black tea;Earl Grey;Astoria
14.75;1;1;202301;Jan;Tue;Morning;Low;Coffee beans;Espresso Beans;Espresso Roast;Astoria
36.00;2;2;202301;Jan;Tue;Morning;Med;Coffee beans;Organic Beans;Brazilian - Organic;Lower Manhattan
4.25;1;1;202301;Jan;Tue;Night;Low;Coffee;Barista Espresso;Latte Rg;Lower Manhattan
6.00;2;2;202301;Jan;Tue;Afternoon;Low;Coffee;Organic brewed coffee;Brazilian Rg;Hell's Kitchen
8.95;1;1;202301;Jan;Tue;Afternoon;Low;Loose Tea;Black tea;English Breakfast;Hell's Kitchen
3.75;1;1;202301;Jan;Tue;Afternoon;Low;Coffee;Barista Espresso;Cappuccino;Lower Manhattan
7.00;2;1;202301;Jan;Tue;Afternoon;Low;Coffee;Organic brewed coffee;Brazilian Lg;Lower Manhattan
2.20;1;1;202301;Jan;Tue;Afternoon;Low;Coffee;Gourmet brewed coffee;Ethiopia Sm;Astoria
3.75;1;1;202301;Jan;Tue;Afternoon;Low;Bakery;Scone;Jumbo Savory Scone;Hell's Kitchen
4.75;1;1;202301;Jan;Tue;Afternoon;Low;Drinking Chocolate;Hot chocolate;Sustainably Grown Organic Lg;Lower Manhattan
8.95;1;1;202301;Jan;Tue;Afternoon;Low;Loose Tea;Herbal tea;Lemon Grass;Hell's Kitchen
19.75;1;1;202301;Jan;Tue;Afternoon;Low;Coffee beans;Premium Beans;Jamacian Coffee River;Lower Manhattan
12.40;4;2;202301;Jan;Tue;Evening;Low;Coffee;Premium brewed coffee;Jamaican Coffee River Rg;Lower Manhattan
8.95;1;1;202301;Jan;Tue;Evening;Low;Loose Tea;Herbal tea;Peppermint;Astoria
21.00;1;1;202301;Jan;Tue;Evening;Med;Coffee beans;Gourmet Beans;Ethiopia;Lower Manhattan
3.25;1;1;202301;Jan;Tue;Evening;Low;Bakery;Biscotti;Hazelnut Biscotti;Lower Manhattan
3.50;1;1;202301;Jan;Tue;Evening;Low;Bakery;Pastry;Croissant;Astoria
9.50;1;1;202301;Jan;Tue;Evening;Low;Loose Tea;Chai tea;Morning Sunrise Chai;Hell's Kitchen
10.00;1;1;202301;Jan;Tue;Evening;Low;Coffee beans;Green beans;Guatemalan Sustainably Grown;Astoria
3.00;1;1;202301;Jan;Tue;Evening;Low;Coffee;Drip coffee;Our Old Time Diner Blend Lg;Astoria
63.00;14;10;202302;Feb;Wed;Morning;very high;Drinking Chocolate;Hot chocolate;Dark chocolate Lg;Lower Manhattan
42.00;14;10;202302;Feb;Wed;Morning;High;Tea;Brewed Black tea;English Breakfast Lg;Lower Manhattan
29.40;12;8;202302;Feb;Wed;Morning;Med;Coffee;Premium brewed coffee;Jamaican Coffee River Sm;Lower Manhattan
27.50;11;8;202302;Feb;Wed;Morning;Med;Tea;Brewed herbal tea;Peppermint Rg;Lower Manhattan
7.50;2;2;202302;Feb;Wed;Morning;Low;Coffee;Barista Espresso;Cappuccino;Lower Manhattan
42.00;14;8;202302;Feb;Wed;Morning;High;Tea;Brewed Chai tea;Traditional Blend Chai Lg;Lower Manhattan
27.00;9;6;202302;Feb;Wed;Morning;Med;Tea;Brewed Green tea;Serenity Green Tea Lg;Lower Manhattan
57.00;12;7;202302;Feb;Wed;Morning;High;Drinking Chocolate;Hot chocolate;Sustainably Grown Organic Lg;Lower Manhattan
69.00;23;13;202302;Feb;Wed;Morning;very high;Tea;Brewed Black tea;Earl Grey Lg;Lower Manhattan
54.00;18;12;202302;Feb;Wed;Morning;High;Coffee;Drip coffee;Our Old Time Diner Blend Lg;Lower Manhattan
43.70;14;13;202302;Feb;Wed;Morning;High;Bakery;Scone;Ginger Scone;Lower Manhattan
35.00;14;9;202302;Feb;Wed;Morning;Med;Tea;Brewed Black tea;Earl Grey Rg;Lower Manhattan
33.00;15;9;202302;Feb;Wed;Morning;Med;Coffee;Organic brewed coffee;Brazilian Sm;Lower Manhattan
33.75;9;7;202302;Feb;Wed;Morning;Med;Coffee;Premium brewed coffee;Jamaican Coffee River Lg;Lower Manhattan
24.00;8;8;202302;Feb;Wed;Morning;Med;Bakery;Scone;Oatmeal Scone;Lower Manhattan
25.00;10;6;202302;Feb;Wed;Morning;Med;Tea;Brewed Chai tea;Morning Sunrise Chai Rg;Lower Manhattan
33.15;13;6;202302;Feb;Wed;Morning;Med;Tea;Brewed Chai tea;Spicy Eye Opener Chai Rg;Lower Manhattan
19.50;6;6;202302;Feb;Wed;Morning;Low;Bakery;Biscotti;Hazelnut Biscotti;Lower Manhattan
20.00;8;6;202302;Feb;Wed;Morning;Low;Tea;Brewed herbal tea;Peppermint Rg;Hell's Kitchen
28.00;8;8;202302;Feb;Wed;Morning;Med;Bakery;Biscotti;Ginger Biscotti;Hell's Kitchen
30.60;12;7;202302;Feb;Wed;Morning;Med;Tea;Brewed Chai tea;Spicy Eye Opener Chai Rg;Hell's Kitchen
39.00;13;7;202302;Feb;Wed;Morning;Med;Coffee;Gourmet brewed coffee;Ethiopia Rg;Lower Manhattan
34.10;11;8;202302;Feb;Wed;Morning;Med;Tea;Brewed Chai tea;Spicy Eye Opener Chai Lg;Hell's Kitchen
57.00;12;8;202302;Feb;Wed;Morning;High;Drinking Chocolate;Hot chocolate;Sustainably Grown Organic Lg;Hell's Kitchen
36.00;12;8;202302;Feb;Wed;Morning;Med;Tea;Brewed herbal tea;Lemon Grass Lg;Lower Manhattan
17.50;5;5;202302;Feb;Wed;Morning;Low;Bakery;Biscotti;Chocolate Chip Biscotti;Lower Manhattan
33.00;11;6;202302;Feb;Wed;Morning;Med;Tea;Brewed herbal tea;Peppermint Lg;Lower Manhattan
48.75;13;13;202302;Feb;Wed;Morning;High;Bakery;Pastry;Chocolate Croissant;Lower Manhattan
51.00;12;7;202302;Feb;Wed;Morning;High;Coffee;Barista Espresso;Latte Rg;Hell's Kitchen
28.00;8;8;202302;Feb;Wed;Morning;Med;Bakery;Pastry;Croissant;Hell's Kitchen
25.00;10;7;202302;Feb;Wed;Morning;Med;Tea;Brewed Chai tea;Morning Sunrise Chai Rg;Hell's Kitchen
15.00;5;4;202302;Feb;Wed;Morning;Low;Coffee;Drip coffee;Our Old Time Diner Blend Lg;Hell's Kitchen
21.70;7;5;202302;Feb;Wed;Morning;Med;Tea;Brewed Chai tea;Spicy Eye Opener Chai Lg;Lower Manhattan
27.00;9;6;202302;Feb;Wed;Morning;Med;Coffee;Organic brewed coffee;Brazilian Rg;Lower Manhattan
28.00;8;4;202302;Feb;Wed;Morning;Med;Coffee;Organic brewed coffee;Brazilian Lg;Lower Manhattan
39.00;13;7;202302;Feb;Wed;Morning;Med;Tea;Brewed Green tea;Serenity Green Tea Lg;Hell's Kitchen
30.00;12;6;202302;Feb;Wed;Morning;Med;Tea;Brewed Black tea;English Breakfast Rg;Lower Manhattan
37.50;15;9;202302;Feb;Wed;Morning;Med;Tea;Brewed Green tea;Serenity Green Tea Rg;Hell's Kitchen
36.00;12;8;202302;Feb;Wed;Morning;Med;Coffee;Gourmet brewed coffee;Ethiopia Rg;Hell's Kitchen
54.00;12;8;202302;Feb;Wed;Morning;High;Drinking Chocolate;Hot chocolate;Dark chocolate Lg;Hell's Kitchen
48.00;16;11;202302;Feb;Wed;Morning;High;Coffee;Barista Espresso;Espresso shot;Lower Manhattan
60.00;16;11;202302;Feb;Wed;Morning;High;Drinking Chocolate;Hot chocolate;Sustainably Grown Organic Rg;Lower Manhattan
26.95;11;6;202302;Feb;Wed;Morning;Med;Coffee;Premium brewed coffee;Jamaican Coffee River Sm;Hell's Kitchen
28.00;7;5;202302;Feb;Wed;Morning;Med;Tea;Brewed Chai tea;Morning Sunrise Chai Lg;Lower Manhattan
60.00;16;10;202302;Feb;Wed;Morning;High;Coffee;Barista Espresso;Cappuccino;Hell's Kitchen
12.00;4;4;202302;Feb;Wed;Morning;Low;Coffee;Gourmet brewed coffee;Columbian Medium Roast Lg;Hell's Kitchen
26.00;8;8;202302;Feb;Wed;Morning;Med;Bakery;Scone;Ginger Scone;Hell's Kitchen
40.30;13;11;202302;Feb;Wed;Morning;very high;Coffee;Premium brewed coffee;Jamaican Coffee River Rg;Hell's Kitchen
54.00;18;13;202302;Feb;Wed;Morning;High;Tea;Brewed Black tea;English Breakfast Lg;Hell's Kitchen
67.50;18;11;202302;Feb;Wed;Morning;very high;Coffee;Premium brewed coffee;Jamaican Coffee River Lg;Hell's Kitchen
52.50;15;11;202302;Feb;Wed;Morning;High;Coffee;Organic brewed coffee;Brazilian Lg;Hell's Kitchen
33.75;9;9;202302;Feb;Wed;Morning;Med;Bakery;Pastry;Chocolate Croissant;Hell's Kitchen
46.75;11;6;202302;Feb;Wed;Morning;High;Coffee;Barista Espresso;Cappuccino Lg;Hell's Kitchen
66.50;19;11;202302;Feb;Wed;Morning;very high;Coffee;Gourmet brewed coffee;Ethiopia Lg;Hell's Kitchen
45.00;18;9;202302;Feb;Wed;Morning;High;Coffee;Drip coffee;Our Old Time Diner Blend Rg;Lower Manhattan
25.00;10;7;202302;Feb;Wed;Morning;Med;Tea;Brewed Black tea;English Breakfast Rg;Hell's Kitchen
48.00;12;8;202302;Feb;Wed;Morning;High;Tea;Brewed Chai tea;Morning Sunrise Chai Lg;Hell's Kitchen
63.75;15;11;202302;Feb;Wed;Morning;very high;Coffee;Barista Espresso;Latte Rg;Lower Manhattan
25.00;10;7;202302;Feb;Wed;Morning;Med;Tea;Brewed Chai tea;Traditional Blend Chai Rg;Hell's Kitchen
21.00;6;6;202302;Feb;Wed;Morning;Med;Bakery;Pastry;Croissant;Lower Manhattan
24.00;8;7;202302;Feb;Wed;Morning;Med;Coffee;Organic brewed coffee;Brazilian Rg;Astoria
56.25;15;9;202302;Feb;Wed;Morning;High;Coffee;Barista Espresso;Cappuccino;Astoria
27.00;9;5;202302;Feb;Wed;Morning;Med;Tea;Brewed herbal tea;Peppermint Lg;Astoria
26.25;7;4;202302;Feb;Wed;Morning;Med;Drinking Chocolate;Hot chocolate;Sustainably Grown Organic Rg;Hell's Kitchen
18.75;5;5;202302;Feb;Wed;Morning;Low;Bakery;Pastry;Almond Croissant;Hell's Kitchen
18.75;5;4;202302;Feb;Wed;Morning;Low;Drinking Chocolate;Hot chocolate;Sustainably Grown Organic Rg;Astoria
45.00;12;8;202302;Feb;Wed;Morning;High;Coffee;Barista Espresso;Latte;Hell's Kitchen
30.00;10;6;202302;Feb;Wed;Morning;Med;Tea;Brewed Black tea;English Breakfast Lg;Astoria
22.00;10;5;202302;Feb;Wed;Morning;Med;Coffee;Gourmet brewed coffee;Ethiopia Sm;Astoria
40.00;16;12;202302;Feb;Wed;Morning;Med;Tea;Brewed Black tea;Earl Grey Rg;Hell's Kitchen
47.50;19;10;202302;Feb;Wed;Morning;High;Tea;Brewed Chai tea;Traditional Blend Chai Rg;Astoria
30.00;10;7;202302;Feb;Wed;Morning;Med;Tea;Brewed Green tea;Serenity Green Tea Lg;Astoria
28.50;6;5;202302;Feb;Wed;Morning;Med;Drinking Chocolate;Hot chocolate;Sustainably Grown Organic Lg;Astoria
42.00;14;9;202302;Feb;Wed;Morning;High;Tea;Brewed Black tea;Earl Grey Lg;Astoria
15.00;6;4;202302;Feb;Wed;Morning;Low;Coffee;Drip coffee;Our Old Time Diner Blend Rg;Astoria
3.25;1;1;202302;Feb;Wed;Morning;Low;Bakery;Biscotti;Hazelnut Biscotti;Astoria
52.50;14;11;202302;Feb;Wed;Morning;High;Coffee;Barista Espresso;Latte;Astoria
22.50;9;5;202302;Feb;Wed;Morning;Med;Tea;Brewed Chai tea;Traditional Blend Chai Rg;Lower Manhattan
20.00;8;5;202302;Feb;Wed;Afternoon;Low;Coffee;Gourmet brewed coffee;Columbian Medium Roast Rg;Lower Manhattan
12.00;4;3;202302;Feb;Wed;Afternoon;Low;Coffee;Gourmet brewed coffee;Columbian Medium Roast Lg;Lower Manhattan
24.00;8;5;202302;Feb;Wed;Afternoon;Med;Tea;Brewed Green tea;Serenity Green Tea Lg;Hell's Kitchen
35.00;14;9;202302;Feb;Wed;Afternoon;Med;Tea;Brewed herbal tea;Peppermint Rg;Astoria
15.00;5;4;202302;Feb;Wed;Afternoon;Low;Tea;Brewed herbal tea;Lemon Grass Lg;Hell's Kitchen
13.00;4;4;202302;Feb;Wed;Afternoon;Low;Bakery;Scone;Cranberry Scone;Lower Manhattan
25.00;10;7;202302;Feb;Wed;Afternoon;Med;Tea;Brewed Chai tea;Traditional Blend Chai Rg;Astoria
32.50;13;8;202302;Feb;Wed;Afternoon;Med;Tea;Brewed Black tea;English Breakfast Rg;Astoria
14.00;4;3;202302;Feb;Wed;Afternoon;Low;Coffee;Organic brewed coffee;Brazilian Lg;Hell's Kitchen
21.70;7;5;202302;Feb;Wed;Afternoon;Med;Coffee;Premium brewed coffee;Jamaican Coffee River Rg;Hell's Kitchen
30.00;10;6;202302;Feb;Wed;Afternoon;Med;Coffee;Organic brewed coffee;Brazilian Rg;Astoria
17.60;8;5;202302;Feb;Wed;Afternoon;Low;Coffee;Organic brewed coffee;Brazilian Sm;Hell's Kitchen
26.95;11;7;202302;Feb;Wed;Afternoon;Med;Coffee;Premium brewed coffee;Jamaican Coffee River Sm;Astoria
30.00;8;8;202302;Feb;Wed;Afternoon;Med;Bakery;Pastry;Chocolate Croissant;Astoria
30.00;8;5;202302;Feb;Wed;Afternoon;Med;Coffee;Barista Espresso;Latte;Lower Manhattan
21.00;7;6;202302;Feb;Wed;Afternoon;Med;Coffee;Drip coffee;Our Old Time Diner Blend Lg;Hell's Kitchen
17.60;8;5;202302;Feb;Wed;Afternoon;Low;Coffee;Organic brewed coffee;Brazilian Sm;Lower Manhattan
13.00;4;4;202302;Feb;Wed;Morning;Low;Bakery;Scone;Cranberry Scone;Lower Manhattan
16.25;5;4;202302;Feb;Wed;Afternoon;Low;Bakery;Biscotti;Hazelnut Biscotti;Astoria
37.50;10;5;202302;Feb;Wed;Afternoon;Med;Drinking Chocolate;Hot chocolate;Sustainably Grown Organic Rg;Astoria
28.00;8;6;202302;Feb;Wed;Afternoon;Med;Coffee;Gourmet brewed coffee;Ethiopia Lg;Astoria
16.00;8;6;202302;Feb;Wed;Afternoon;Low;Coffee;Gourmet brewed coffee;Columbian Medium Roast Sm;Astoria
20.00;8;6;202302;Feb;Wed;Afternoon;Low;Tea;Brewed Chai tea;Morning Sunrise Chai Rg;Astoria
35.00;14;8;202302;Feb;Wed;Afternoon;Med;Coffee;Gourmet brewed coffee;Columbian Medium Roast Rg;Astoria
26.25;7;5;202302;Feb;Wed;Afternoon;Med;Coffee;Barista Espresso;Cappuccino;Astoria
12.00;4;3;202302;Feb;Wed;Afternoon;Low;Tea;Brewed Black tea;English Breakfast Lg;Hell's Kitchen
24.00;8;5;202302;Feb;Wed;Afternoon;Med;Coffee;Barista Espresso;Espresso shot;Astoria
19.50;6;5;202302;Feb;Wed;Afternoon;Low;Bakery;Scone;Cranberry Scone;Astoria
16.00;8;5;202302;Feb;Wed;Afternoon;Low;Coffee;Drip coffee;Our Old Time Diner Blend Sm;Astoria
18.75;5;3;202302;Feb;Wed;Afternoon;Low;Drinking Chocolate;Hot chocolate;Sustainably Grown Organic Rg;Hell's Kitchen
52.50;15;6;202302;Feb;Wed;Afternoon;High;Coffee;Organic brewed coffee;Brazilian Lg;Lower Manhattan
14.00;4;3;202302;Feb;Wed;Afternoon;Low;Drinking Chocolate;Hot chocolate;Dark chocolate Rg;Hell's Kitchen
12.00;4;2;202302;Feb;Wed;Afternoon;Low;Coffee;Organic brewed coffee;Brazilian Rg;Hell's Kitchen
38.50;11;9;202302;Feb;Wed;Afternoon;Med;Coffee;Gourmet brewed coffee;Ethiopia Lg;Hell's Kitchen
32.50;13;9;202302;Feb;Wed;Afternoon;Med;Coffee;Drip coffee;Our Old Time Diner Blend Rg;Astoria
7.00;2;2;202302;Feb;Wed;Afternoon;Low;Bakery;Pastry;Croissant;Astoria
12.75;3;2;202302;Feb;Wed;Afternoon;Low;Coffee;Barista Espresso;Cappuccino Lg;Lower Manhattan
9.75;3;3;202302;Feb;Wed;Afternoon;Low;Bakery;Biscotti;Hazelnut Biscotti;Lower Manhattan
7.65;3;3;202302;Feb;Wed;Afternoon;Low;Tea;Brewed Chai tea;Spicy Eye Opener Chai Rg;Lower Manhattan
7.00;2;2;202302;Feb;Wed;Afternoon;Low;Bakery;Pastry;Croissant;Lower Manhattan
33.00;11;7;202302;Feb;Wed;Afternoon;Med;Coffee;Barista Espresso;Espresso shot;Hell's Kitchen
7.00;2;2;202302;Feb;Wed;Afternoon;Low;Coffee;Organic brewed coffee;Brazilian Lg;Astoria
61.75;13;8;202302;Feb;Wed;Afternoon;very high;Drinking Chocolate;Hot chocolate;Sustainably Grown Organic Lg;Astoria
36.00;12;7;202302;Feb;Wed;Afternoon;Med;Tea;Brewed herbal tea;Lemon Grass Lg;Astoria
51.00;12;8;202302;Feb;Wed;Afternoon;High;Coffee;Barista Espresso;Cappuccino Lg;Astoria
11.25;3;2;202302;Feb;Wed;Afternoon;Low;Coffee;Premium brewed coffee;Jamaican Coffee River Lg;Hell's Kitchen
24.00;8;5;202302;Feb;Wed;Afternoon;Med;Tea;Brewed herbal tea;Peppermint Lg;Lower Manhattan
24.00;8;6;202302;Feb;Wed;Afternoon;Med;Tea;Brewed Black tea;English Breakfast Lg;Astoria
6.50;2;2;202302;Feb;Wed;Afternoon;Low;Bakery;Scone;Ginger Scone;Hell's Kitchen
17.50;7;3;202302;Feb;Wed;Afternoon;Low;Tea;Brewed Chai tea;Traditional Blend Chai Rg;Lower Manhattan
45.00;10;7;202302;Feb;Wed;Afternoon;High;Drinking Chocolate;Hot chocolate;Dark chocolate Lg;Hell's Kitchen
21.70;7;5;202302;Feb;Wed;Afternoon;Med;Coffee;Premium brewed coffee;Jamaican Coffee River Rg;Astoria
6.00;2;1;202302;Feb;Wed;Afternoon;Low;Tea;Brewed Green tea;Serenity Green Tea Lg;Lower Manhattan
9.00;2;2;202302;Feb;Wed;Afternoon;Low;Bakery;Scone;Scottish Cream Scone ;Lower Manhattan
15.00;6;4;202302;Feb;Wed;Afternoon;Low;Tea;Brewed Chai tea;Morning Sunrise Chai Rg;Lower Manhattan
22.50;5;4;202302;Feb;Wed;Afternoon;Med;Drinking Chocolate;Hot chocolate;Dark chocolate Lg;Lower Manhattan
40.50;9;6;202302;Feb;Wed;Afternoon;very high;Drinking Chocolate;Hot chocolate;Dark chocolate Lg;Astoria
21.00;7;5;202302;Feb;Wed;Afternoon;Med;Tea;Brewed Chai tea;Traditional Blend Chai Lg;Lower Manhattan
3.75;1;1;202302;Feb;Wed;Afternoon;Low;Bakery;Pastry;Almond Croissant;Lower Manhattan
10.20;4;3;202302;Feb;Wed;Afternoon;Low;Tea;Brewed Chai tea;Spicy Eye Opener Chai Rg;Hell's Kitchen
11.25;3;2;202302;Feb;Wed;Afternoon;Low;Coffee;Barista Espresso;Latte;Astoria
42.50;10;5;202302;Feb;Wed;Afternoon;High;Coffee;Barista Espresso;Latte Rg;Lower Manhattan
4.00;1;1;202302;Feb;Wed;Afternoon;Low;Tea;Brewed Chai tea;Morning Sunrise Chai Lg;Hell's Kitchen
25.00;10;7;202302;Feb;Wed;Afternoon;Med;Tea;Brewed Green tea;Serenity Green Tea Rg;Astoria
45.50;13;7;202302;Feb;Wed;Afternoon;High;Drinking Chocolate;Hot chocolate;Dark chocolate Rg;Astoria
11.00;5;3;202302;Feb;Wed;Afternoon;Low;Coffee;Gourmet brewed coffee;Ethiopia Sm;Lower Manhattan
26.25;7;6;202302;Feb;Wed;Afternoon;Med;Drinking Chocolate;Hot chocolate;Sustainably Grown Organic Rg;Lower Manhattan
21.00;7;4;202302;Feb;Wed;Afternoon;Med;Coffee;Gourmet brewed coffee;Ethiopia Rg;Hell's Kitchen
10.00;4;2;202302;Feb;Wed;Afternoon;Low;Tea;Brewed herbal tea;Peppermint Rg;Hell's Kitchen
37.20;12;8;202302;Feb;Wed;Afternoon;Med;Tea;Brewed Chai tea;Spicy Eye Opener Chai Lg;Astoria
10.00;5;3;202302;Feb;Wed;Afternoon;Low;Coffee;Drip coffee;Our Old Time Diner Blend Sm;Hell's Kitchen
20.00;8;4;202302;Feb;Wed;Afternoon;Low;Tea;Brewed Chai tea;Morning Sunrise Chai Rg;Hell's Kitchen
22.95;9;6;202302;Feb;Wed;Afternoon;Med;Tea;Brewed Chai tea;Spicy Eye Opener Chai Rg;Astoria
12.50;5;3;202302;Feb;Wed;Afternoon;Low;Tea;Brewed Black tea;English Breakfast Rg;Hell's Kitchen
11.25;3;3;202302;Feb;Wed;Afternoon;Low;Bakery;Pastry;Chocolate Croissant;Lower Manhattan
3.75;1;1;202302;Feb;Wed;Afternoon;Low;Bakery;Pastry;Chocolate Croissant;Hell's Kitchen
14.70;6;4;202302;Feb;Wed;Afternoon;Low;Coffee;Premium brewed coffee;Jamaican Coffee River Sm;Lower Manhattan
9.00;3;3;202302;Feb;Wed;Afternoon;Low;Coffee;Organic brewed coffee;Brazilian Rg;Lower Manhattan
9.00;2;2;202302;Feb;Wed;Afternoon;Low;Bakery;Scone;Scottish Cream Scone ;Hell's Kitchen
12.00;4;4;202302;Feb;Wed;Afternoon;Low;Bakery;Scone;Oatmeal Scone;Astoria
15.00;6;4;202302;Feb;Wed;Afternoon;Low;Tea;Brewed herbal tea;Lemon Grass Rg;Astoria
15.00;5;3;202302;Feb;Wed;Afternoon;Low;Coffee;Drip coffee;Our Old Time Diner Blend Lg;Lower Manhattan
3.10;1;1;202302;Feb;Wed;Afternoon;Low;Tea;Brewed Chai tea;Spicy Eye Opener Chai Lg;Lower Manhattan
7.50;3;3;202302;Feb;Wed;Afternoon;Low;Coffee;Gourmet brewed coffee;Columbian Medium Roast Rg;Hell's Kitchen
12.00;4;2;202302;Feb;Wed;Afternoon;Low;Coffee;Gourmet brewed coffee;Columbian Medium Roast Lg;Hell's Kitchen
36.00;12;6;202302;Feb;Wed;Afternoon;Med;Tea;Brewed Chai tea;Traditional Blend Chai Lg;Astoria
14.25;3;2;202302;Feb;Wed;Afternoon;Low;Drinking Chocolate;Hot chocolate;Sustainably Grown Organic Lg;Lower Manhattan
15.00;6;4;202302;Feb;Wed;Afternoon;Low;Tea;Brewed herbal tea;Peppermint Rg;Lower Manhattan
18.00;6;5;202302;Feb;Wed;Afternoon;Low;Tea;Brewed Green tea;Serenity Green Tea Lg;Astoria
24.80;8;5;202302;Feb;Wed;Afternoon;Med;Coffee;Premium brewed coffee;Jamaican Coffee River Rg;Lower Manhattan
7.50;2;2;202302;Feb;Wed;Afternoon;Low;Bakery;Scone;Jumbo Savory Scone;Lower Manhattan
9.75;3;3;202302;Feb;Wed;Afternoon;Low;Bakery;Scone;Ginger Scone;Astoria
27.00;9;5;202302;Feb;Wed;Afternoon;Med;Coffee;Drip coffee;Our Old Time Diner Blend Lg;Astoria
17.50;7;5;202302;Feb;Wed;Afternoon;Low;Coffee;Drip coffee;Our Old Time Diner Blend Rg;Lower Manhattan
22.50;6;4;202302;Feb;Wed;Afternoon;Med;Coffee;Barista Espresso;Cappuccino;Lower Manhattan
28.50;6;3;202302;Feb;Wed;Afternoon;Med;Drinking Chocolate;Hot chocolate;Sustainably Grown Organic Lg;Hell's Kitchen
17.50;5;3;202302;Feb;Wed;Afternoon;Low;Drinking Chocolate;Hot chocolate;Dark chocolate Rg;Lower Manhattan
39.00;13;8;202302;Feb;Wed;Afternoon;Med;Tea;Brewed Black tea;Earl Grey Lg;Hell's Kitchen
33.75;9;7;202302;Feb;Wed;Afternoon;Med;Bakery;Scone;Jumbo Savory Scone;Astoria
14.00;4;2;202302;Feb;Wed;Afternoon;Low;Coffee;Gourmet brewed coffee;Ethiopia Lg;Lower Manhattan
3.00;1;1;202302;Feb;Wed;Afternoon;Low;Tea;Brewed Chai tea;Traditional Blend Chai Lg;Hell's Kitchen
12.00;3;2;202302;Feb;Wed;Afternoon;Low;Tea;Brewed Chai tea;Morning Sunrise Chai Lg;Lower Manhattan
17.50;7;4;202302;Feb;Wed;Afternoon;Low;Tea;Brewed Green tea;Serenity Green Tea Rg;Lower Manhattan
15.00;4;4;202302;Feb;Wed;Afternoon;Low;Coffee;Premium brewed coffee;Jamaican Coffee River Lg;Astoria
24.00;8;5;202302;Feb;Wed;Afternoon;Med;Tea;Brewed herbal tea;Lemon Grass Lg;Lower Manhattan
14.10;5;4;202302;Feb;Wed;Afternoon;Low;Coffee;Barista Espresso;Ouro Brasileiro shot;Hell's Kitchen
15.40;7;5;202302;Feb;Wed;Afternoon;Low;Coffee;Gourmet brewed coffee;Ethiopia Sm;Astoria
6.00;2;1;202302;Feb;Wed;Afternoon;Low;Coffee;Gourmet brewed coffee;Ethiopia Rg;Lower Manhattan
6.00;3;2;202302;Feb;Wed;Afternoon;Low;Coffee;Gourmet brewed coffee;Columbian Medium Roast Sm;Lower Manhattan
7.00;2;2;202302;Feb;Wed;Afternoon;Low;Bakery;Biscotti;Ginger Biscotti;Lower Manhattan
7.50;2;2;202302;Feb;Wed;Afternoon;Low;Coffee;Premium brewed coffee;Jamaican Coffee River Lg;Lower Manhattan
17.00;4;3;202302;Feb;Wed;Afternoon;Low;Coffee;Barista Espresso;Latte Rg;Astoria
9.75;3;3;202302;Feb;Wed;Afternoon;Low;Bakery;Scone;Cranberry Scone;Hell's Kitchen
15.00;5;4;202302;Feb;Wed;Afternoon;Low;Tea;Brewed Black tea;English Breakfast Lg;Lower Manhattan
6.00;2;2;202302;Feb;Wed;Afternoon;Low;Bakery;Scone;Oatmeal Scone;Lower Manhattan
4.40;2;1;202302;Feb;Wed;Afternoon;Low;Coffee;Gourmet brewed coffee;Ethiopia Sm;Hell's Kitchen
5.00;2;1;202302;Feb;Wed;Night;Low;Tea;Brewed Black tea;Earl Grey Rg;Astoria
10.00;5;4;202302;Feb;Wed;Evening;Low;Coffee;Drip coffee;Our Old Time Diner Blend Sm;Hell's Kitchen
10.20;4;3;202302;Feb;Wed;Evening;Low;Tea;Brewed Chai tea;Spicy Eye Opener Chai Rg;Lower Manhattan
27.50;11;6;202302;Feb;Wed;Evening;Med;Tea;Brewed Chai tea;Morning Sunrise Chai Rg;Astoria
5.00;2;1;202302;Feb;Wed;Evening;Low;Tea;Brewed Black tea;English Breakfast Rg;Hell's Kitchen
3.75;1;1;202302;Feb;Wed;Evening;Low;Bakery;Pastry;Almond Croissant;Hell's Kitchen
5.00;2;1;202302;Feb;Wed;Evening;Low;Coffee;Drip coffee;Our Old Time Diner Blend Rg;Astoria
12.00;4;2;202302;Feb;Wed;Evening;Low;Coffee;Gourmet brewed coffee;Ethiopia Rg;Lower Manhattan
15.00;4;3;202302;Feb;Wed;Evening;Low;Drinking Chocolate;Hot chocolate;Sustainably Grown Organic Rg;Hell's Kitchen
27.50;11;7;202302;Feb;Wed;Evening;Med;Coffee;Gourmet brewed coffee;Columbian Medium Roast Rg;Hell's Kitchen
10.00;4;3;202302;Feb;Wed;Evening;Low;Tea;Brewed Chai tea;Morning Sunrise Chai Rg;Lower Manhattan
24.50;7;5;202302;Feb;Wed;Evening;Med;Drinking Chocolate;Hot chocolate;Dark chocolate Rg;Hell's Kitchen
24.00;8;6;202302;Feb;Wed;Evening;Med;Tea;Brewed herbal tea;Lemon Grass Lg;Astoria
35.00;14;9;202302;Feb;Wed;Evening;Med;Coffee;Gourmet brewed coffee;Columbian Medium Roast Rg;Astoria
27.00;9;7;202302;Feb;Wed;Evening;Med;Coffee;Drip coffee;Our Old Time Diner Blend Lg;Astoria
14.70;6;4;202302;Feb;Wed;Evening;Low;Coffee;Premium brewed coffee;Jamaican Coffee River Sm;Lower Manhattan
45.00;12;8;202302;Feb;Wed;Evening;High;Coffee;Premium brewed coffee;Jamaican Coffee River Lg;Astoria
25.50;6;5;202302;Feb;Wed;Evening;Med;Coffee;Barista Espresso;Cappuccino Lg;Astoria
6.00;3;2;202302;Feb;Wed;Evening;Low;Coffee;Drip coffee;Our Old Time Diner Blend Sm;Lower Manhattan
7.50;3;2;202302;Feb;Wed;Evening;Low;Coffee;Drip coffee;Our Old Time Diner Blend Rg;Lower Manhattan
22.50;6;4;202302;Feb;Wed;Evening;Med;Coffee;Barista Espresso;Cappuccino;Hell's Kitchen
46.50;15;10;202302;Feb;Wed;Evening;High;Coffee;Premium brewed coffee;Jamaican Coffee River Rg;Astoria
6.50;2;2;202302;Feb;Wed;Evening;Low;Bakery;Scone;Ginger Scone;Astoria
6.00;2;2;202302;Feb;Wed;Evening;Low;Coffee;Barista Espresso;Ouro Brasileiro shot;Lower Manhattan
17.50;5;3;202302;Feb;Wed;Evening;Low;Coffee;Organic brewed coffee;Brazilian Lg;Astoria
11.00;5;3;202302;Feb;Wed;Evening;Low;Coffee;Organic brewed coffee;Brazilian Sm;Lower Manhattan
35.00;10;7;202302;Feb;Wed;Evening;Med;Coffee;Gourmet brewed coffee;Ethiopia Lg;Astoria
30.00;10;6;202302;Feb;Wed;Evening;Med;Tea;Brewed Black tea;Earl Grey Lg;Astoria
28.00;7;5;202302;Feb;Wed;Evening;Med;Tea;Brewed Chai tea;Morning Sunrise Chai Lg;Hell's Kitchen
7.00;2;2;202302;Feb;Wed;Evening;Low;Bakery;Biscotti;Chocolate Chip Biscotti;Hell's Kitchen
17.50;7;5;202302;Feb;Wed;Evening;Low;Coffee;Drip coffee;Our Old Time Diner Blend Rg;Hell's Kitchen
10.00;4;3;202302;Feb;Wed;Evening;Low;Tea;Brewed Green tea;Serenity Green Tea Rg;Lower Manhattan
18.00;6;3;202302;Feb;Wed;Evening;Low;Coffee;Barista Espresso;Espresso shot;Astoria
10.00;4;4;202302;Feb;Wed;Evening;Low;Tea;Brewed herbal tea;Peppermint Rg;Lower Manhattan
3.25;1;1;202302;Feb;Wed;Evening;Low;Bakery;Scone;Ginger Scone;Lower Manhattan
20.00;8;4;202302;Feb;Wed;Evening;Low;Tea;Brewed Green tea;Serenity Green Tea Rg;Hell's Kitchen
10.50;3;3;202302;Feb;Wed;Evening;Low;Bakery;Biscotti;Ginger Biscotti;Hell's Kitchen
15.00;6;4;202302;Feb;Wed;Evening;Low;Tea;Brewed Black tea;Earl Grey Rg;Astoria
29.10;10;6;202302;Feb;Wed;Evening;Med;Coffee;Barista Espresso;Ouro Brasileiro shot;Hell's Kitchen
24.00;8;5;202302;Feb;Wed;Evening;Med;Tea;Brewed herbal tea;Peppermint Lg;Astoria
6.50;2;2;202302;Feb;Wed;Evening;Low;Bakery;Scone;Cranberry Scone;Astoria
52.50;15;9;202302;Feb;Wed;Evening;High;Drinking Chocolate;Hot chocolate;Dark chocolate Rg;Astoria
19.50;6;6;202302;Feb;Wed;Evening;Low;Bakery;Biscotti;Hazelnut Biscotti;Astoria
22.50;6;4;202302;Feb;Wed;Evening;Med;Coffee;Premium brewed coffee;Jamaican Coffee River Lg;Lower Manhattan
15.00;4;2;202302;Feb;Wed;Evening;Low;Coffee;Barista Espresso;Latte;Lower Manhattan
12.00;4;3;202302;Feb;Wed;Evening;Low;Tea;Brewed Black tea;English Breakfast Lg;Hell's Kitchen
20.00;8;5;202302;Feb;Wed;Evening;Low;Tea;Brewed Chai tea;Morning Sunrise Chai Rg;Hell's Kitchen
15.00;6;4;202302;Feb;Wed;Evening;Low;Tea;Brewed Chai tea;Traditional Blend Chai Rg;Lower Manhattan
4.40;2;1;202302;Feb;Wed;Evening;Low;Coffee;Gourmet brewed coffee;Ethiopia Sm;Lower Manhattan
40.50;9;6;202302;Feb;Wed;Evening;very high;Drinking Chocolate;Hot chocolate;Dark chocolate Lg;Astoria
15.50;5;4;202302;Feb;Wed;Evening;Low;Tea;Brewed Chai tea;Spicy Eye Opener Chai Lg;Lower Manhattan
11.25;3;3;202302;Feb;Wed;Evening;Low;Bakery;Pastry;Almond Croissant;Lower Manhattan
10.50;3;3;202302;Feb;Wed;Evening;Low;Bakery;Pastry;Croissant;Lower Manhattan
29.75;7;4;202302;Feb;Wed;Evening;Med;Coffee;Barista Espresso;Latte Rg;Hell's Kitchen
18.00;9;5;202302;Feb;Wed;Evening;Low;Coffee;Gourmet brewed coffee;Columbian Medium Roast Sm;Hell's Kitchen
6.00;2;2;202302;Feb;Wed;Evening;Low;Bakery;Scone;Oatmeal Scone;Hell's Kitchen
27.00;6;4;202302;Feb;Wed;Evening;Med;Bakery;Scone;Scottish Cream Scone ;Astoria
15.50;5;3;202302;Feb;Wed;Evening;Low;Tea;Brewed Chai tea;Spicy Eye Opener Chai Lg;Hell's Kitchen
18.00;6;4;202302;Feb;Wed;Evening;Low;Coffee;Gourmet brewed coffee;Columbian Medium Roast Lg;Lower Manhattan
9.00;3;3;202302;Feb;Wed;Evening;Low;Coffee;Barista Espresso;Espresso shot;Lower Manhattan
6.50;2;2;202302;Feb;Wed;Evening;Low;Bakery;Scone;Cranberry Scone;Lower Manhattan
17.50;7;4;202302;Feb;Wed;Evening;Low;Tea;Brewed herbal tea;Lemon Grass Rg;Lower Manhattan
42.00;14;11;202302;Feb;Wed;Evening;High;Tea;Brewed Green tea;Serenity Green Tea Lg;Astoria
15.40;7;5;202302;Feb;Wed;Evening;Low;Coffee;Organic brewed coffee;Brazilian Sm;Astoria
9.00;3;3;202302;Feb;Wed;Evening;Low;Bakery;Scone;Oatmeal Scone;Astoria
6.00;2;2;202302;Feb;Wed;Evening;Low;Coffee;Organic brewed coffee;Brazilian Rg;Lower Manhattan
31.50;9;8;202302;Feb;Wed;Evening;Med;Bakery;Biscotti;Ginger Biscotti;Astoria
28.50;6;4;202302;Feb;Wed;Evening;Med;Drinking Chocolate;Hot chocolate;Sustainably Grown Organic Lg;Hell's Kitchen
3.00;1;1;202302;Feb;Wed;Evening;Low;Tea;Brewed herbal tea;Peppermint Lg;Lower Manhattan
41.25;11;6;202302;Feb;Wed;Evening;High;Drinking Chocolate;Hot chocolate;Sustainably Grown Organic Rg;Astoria
18.00;6;4;202302;Feb;Wed;Evening;Low;Tea;Brewed Chai tea;Traditional Blend Chai Lg;Astoria
6.00;2;1;202302;Feb;Wed;Evening;Low;Tea;Brewed Green tea;Serenity Green Tea Lg;Hell's Kitchen
18.00;6;5;202302;Feb;Wed;Evening;Low;Coffee;Gourmet brewed coffee;Columbian Medium Roast Lg;Hell's Kitchen
10.00;4;3;202302;Feb;Wed;Evening;Low;Tea;Brewed Black tea;Earl Grey Rg;Lower Manhattan
25.50;6;4;202302;Feb;Wed;Evening;Med;Coffee;Barista Espresso;Latte Rg;Lower Manhattan
12.50;5;4;202302;Feb;Wed;Evening;Low;Tea;Brewed Black tea;English Breakfast Rg;Astoria
18.00;6;5;202302;Feb;Wed;Evening;Low;Tea;Brewed herbal tea;Peppermint Lg;Hell's Kitchen
7.50;3;2;202302;Feb;Wed;Evening;Low;Tea;Brewed Chai tea;Traditional Blend Chai Rg;Astoria
9.00;3;2;202302;Feb;Wed;Evening;Low;Coffee;Drip coffee;Our Old Time Diner Blend Lg;Hell's Kitchen
21.25;5;4;202302;Feb;Wed;Evening;Med;Coffee;Barista Espresso;Cappuccino Lg;Hell's Kitchen
27.00;9;6;202302;Feb;Wed;Evening;Med;Coffee;Organic brewed coffee;Brazilian Rg;Astoria
45.00;10;6;202302;Feb;Wed;Evening;High;Drinking Chocolate;Hot chocolate;Dark chocolate Lg;Hell's Kitchen
12.00;4;2;202302;Feb;Wed;Evening;Low;Coffee;Organic brewed coffee;Brazilian Rg;Hell's Kitchen
28.50;6;4;202302;Feb;Wed;Evening;Med;Drinking Chocolate;Hot chocolate;Sustainably Grown Organic Lg;Astoria
7.00;2;1;202302;Feb;Wed;Evening;Low;Coffee;Gourmet brewed coffee;Ethiopia Lg;Lower Manhattan
10.50;3;2;202302;Feb;Wed;Evening;Low;Coffee;Organic brewed coffee;Brazilian Lg;Lower Manhattan
22.95;9;6;202302;Feb;Wed;Evening;Med;Tea;Brewed Chai tea;Spicy Eye Opener Chai Rg;Astoria
30.00;8;5;202302;Feb;Wed;Evening;Med;Coffee;Premium brewed coffee;Jamaican Coffee River Lg;Hell's Kitchen
15.00;5;4;202302;Feb;Wed;Evening;Low;Coffee;Gourmet brewed coffee;Ethiopia Rg;Astoria
18.00;6;4;202302;Feb;Wed;Evening;Low;Tea;Brewed herbal tea;Lemon Grass Lg;Hell's Kitchen
19.60;8;4;202302;Feb;Wed;Evening;Low;Coffee;Premium brewed coffee;Jamaican Coffee River Sm;Hell's Kitchen
30.00;8;6;202302;Feb;Wed;Evening;Med;Coffee;Barista Espresso;Latte;Hell's Kitchen
14.00;7;6;202302;Feb;Wed;Evening;Low;Coffee;Gourmet brewed coffee;Columbian Medium Roast Sm;Astoria
7.00;2;1;202302;Feb;Wed;Evening;Low;Coffee;Organic brewed coffee;Brazilian Lg;Hell's Kitchen
12.40;4;3;202302;Feb;Wed;Evening;Low;Coffee;Premium brewed coffee;Jamaican Coffee River Rg;Hell's Kitchen
18.00;9;6;202302;Feb;Wed;Evening;Low;Coffee;Drip coffee;Our Old Time Diner Blend Sm;Astoria
11.25;3;2;202302;Feb;Wed;Evening;Low;Coffee;Barista Espresso;Cappuccino;Astoria
15.00;5;3;202302;Feb;Wed;Evening;Low;Coffee;Barista Espresso;Espresso shot;Hell's Kitchen
21.00;7;4;202302;Feb;Wed;Evening;Med;Tea;Brewed Black tea;Earl Grey Lg;Hell's Kitchen
21.25;5;4;202302;Feb;Wed;Evening;Med;Coffee;Barista Espresso;Latte Rg;Astoria
32.00;8;6;202302;Feb;Wed;Evening;Med;Tea;Brewed Chai tea;Morning Sunrise Chai Lg;Astoria
2.50;1;1;202302;Feb;Wed;Evening;Low;Tea;Brewed herbal tea;Peppermint Rg;Hell's Kitchen
22.50;9;6;202302;Feb;Wed;Evening;Med;Tea;Brewed herbal tea;Peppermint Rg;Astoria
18.75;5;3;202302;Feb;Wed;Evening;Low;Coffee;Barista Espresso;Latte;Astoria
19.80;9;5;202302;Feb;Thu;Morning;Low;Coffee;Gourmet brewed coffee;Ethiopia Sm;Lower Manhattan
60.00;16;10;202302;Feb;Thu;Morning;High;Drinking Chocolate;Hot chocolate;Sustainably Grown Organic Rg;Lower Manhattan
28.00;14;8;202302;Feb;Thu;Morning;Med;Coffee;Gourmet brewed coffee;Columbian Medium Roast Sm;Lower Manhattan
37.20;12;8;202302;Feb;Thu;Morning;Med;Tea;Brewed Chai tea;Spicy Eye Opener Chai Lg;Lower Manhattan
26.81;8;8;202302;Feb;Thu;Morning;Med;Bakery;Scone;Cranberry Scone;Lower Manhattan
25.00;10;6;202302;Feb;Thu;Morning;Med;Tea;Brewed herbal tea;Lemon Grass Rg;Lower Manhattan
18.00;6;4;202302;Feb;Thu;Morning;Low;Coffee;Drip coffee;Our Old Time Diner Blend Lg;Lower Manhattan
36.00;12;8;202302;Feb;Thu;Morning;Med;Coffee;Organic brewed coffee;Brazilian Rg;Lower Manhattan
21.00;6;3;202302;Feb;Thu;Morning;Med;Coffee;Organic brewed coffee;Brazilian Lg;Lower Manhattan
30.00;10;6;202302;Feb;Thu;Morning;Med;Tea;Brewed herbal tea;Peppermint Lg;Lower Manhattan
25.00;10;8;202302;Feb;Thu;Morning;Med;Tea;Brewed Black tea;English Breakfast Rg;Lower Manhattan
38.52;10;10;202302;Feb;Thu;Morning;Med;Bakery;Pastry;Croissant;Lower Manhattan
30.80;14;9;202302;Feb;Thu;Morning;Med;Coffee;Gourmet brewed coffee;Ethiopia Sm;Hell's Kitchen
28.60;13;8;202302;Feb;Thu;Morning;Med;Coffee;Organic brewed coffee;Brazilian Sm;Hell's Kitchen
34.30;14;10;202302;Feb;Thu;Morning;Med;Coffee;Premium brewed coffee;Jamaican Coffee River Sm;Lower Manhattan
61.75;13;10;202302;Feb;Thu;Morning;very high;Drinking Chocolate;Hot chocolate;Sustainably Grown Organic Lg;Hell's Kitchen
35.00;14;8;202302;Feb;Thu;Morning;Med;Tea;Brewed Black tea;English Breakfast Rg;Hell's Kitchen
52.00;13;8;202302;Feb;Thu;Morning;High;Tea;Brewed Chai tea;Morning Sunrise Chai Lg;Lower Manhattan
52.50;21;13;202302;Feb;Thu;Morning;High;Tea;Brewed herbal tea;Peppermint Rg;Lower Manhattan
85.00;20;13;202302;Feb;Thu;Morning;very high;Coffee;Barista Espresso;Latte Rg;Hell's Kitchen
21.00;6;6;202302;Feb;Thu;Morning;Med;Bakery;Biscotti;Chocolate Chip Biscotti;Hell's Kitchen
39.00;13;10;202302;Feb;Thu;Morning;Med;Coffee;Organic brewed coffee;Brazilian Rg;Hell's Kitchen
80.75;17;10;202302;Feb;Thu;Morning;very high;Drinking Chocolate;Hot chocolate;Sustainably Grown Organic Lg;Lower Manhattan
17.50;7;6;202302;Feb;Thu;Morning;Low;Coffee;Gourmet brewed coffee;Columbian Medium Roast Rg;Lower Manhattan
45.00;18;12;202302;Feb;Thu;Morning;High;Tea;Brewed Chai tea;Morning Sunrise Chai Rg;Hell's Kitchen
34.12;10;10;202302;Feb;Thu;Morning;Med;Bakery;Biscotti;Hazelnut Biscotti;Lower Manhattan
22.50;9;6;202302;Feb;Thu;Morning;Med;Tea;Brewed herbal tea;Lemon Grass Rg;Hell's Kitchen
54.00;18;10;202302;Feb;Thu;Morning;High;Tea;Brewed herbal tea;Lemon Grass Lg;Lower Manhattan
16.00;8;5;202302;Feb;Thu;Morning;Low;Coffee;Gourmet brewed coffee;Columbian Medium Roast Sm;Hell's Kitchen
38.25;15;11;202302;Feb;Thu;Morning;Med;Tea;Brewed Chai tea;Spicy Eye Opener Chai Rg;Lower Manhattan
45.00;15;11;202302;Feb;Thu;Morning;High;Coffee;Gourmet brewed coffee;Ethiopia Rg;Hell's Kitchen
32.50;13;8;202302;Feb;Thu;Morning;Med;Tea;Brewed herbal tea;Peppermint Rg;Hell's Kitchen
48.00;16;9;202302;Feb;Thu;Morning;High;Coffee;Gourmet brewed coffee;Ethiopia Rg;Lower Manhattan
56.00;16;10;202302;Feb;Thu;Morning;High;Coffee;Gourmet brewed coffee;Ethiopia Lg;Hell's Kitchen
18.00;9;6;202302;Feb;Thu;Morning;Low;Coffee;Drip coffee;Our Old Time Diner Blend Sm;Lower Manhattan
30.00;10;6;202302;Feb;Thu;Morning;Med;Tea;Brewed Chai tea;Traditional Blend Chai Lg;Hell's Kitchen
42.50;17;9;202302;Feb;Thu;Morning;High;Coffee;Drip coffee;Our Old Time Diner Blend Rg;Hell's Kitchen
35.00;14;9;202302;Feb;Thu;Morning;Med;Tea;Brewed Green tea;Serenity Green Tea Rg;Lower Manhattan
45.00;18;12;202302;Feb;Thu;Morning;High;Tea;Brewed Chai tea;Morning Sunrise Chai Rg;Lower Manhattan
30.00;10;6;202302;Feb;Thu;Morning;Med;Tea;Brewed Black tea;Earl Grey Lg;Lower Manhattan
15.76;4;4;202302;Feb;Thu;Morning;Low;Bakery;Biscotti;Chocolate Chip Biscotti;Lower Manhattan
51.00;12;9;202302;Feb;Thu;Morning;High;Coffee;Barista Espresso;Cappuccino Lg;Hell's Kitchen
85.50;19;10;202302;Feb;Thu;Morning;very high;Drinking Chocolate;Hot chocolate;Dark chocolate Lg;Lower Manhattan
40.00;16;11;202302;Feb;Thu;Morning;Med;Tea;Brewed Green tea;Serenity Green Tea Rg;Hell's Kitchen
48.75;13;10;202302;Feb;Thu;Morning;High;Coffee;Barista Espresso;Latte;Hell's Kitchen
22.50;9;7;202302;Feb;Thu;Morning;Med;Coffee;Gourmet brewed coffee;Columbian Medium Roast Rg;Hell's Kitchen
45.00;18;10;202302;Feb;Thu;Morning;High;Tea;Brewed Black tea;Earl Grey Rg;Hell's Kitchen
67.50;15;9;202302;Feb;Thu;Morning;very high;Drinking Chocolate;Hot chocolate;Dark chocolate Lg;Hell's Kitchen
67.80;25;19;202302;Feb;Thu;Morning;very high;Coffee;Barista Espresso;Ouro Brasileiro shot;Hell's Kitchen
15.00;5;5;202302;Feb;Thu;Morning;Low;Tea;Brewed Green tea;Serenity Green Tea Lg;Hell's Kitchen
21.00;7;5;202302;Feb;Thu;Morning;Med;Coffee;Gourmet brewed coffee;Columbian Medium Roast Lg;Lower Manhattan
14.70;6;4;202302;Feb;Thu;Morning;Low;Coffee;Premium brewed coffee;Jamaican Coffee River Sm;Hell's Kitchen
31.50;9;6;202302;Feb;Thu;Morning;Med;Drinking Chocolate;Hot chocolate;Dark chocolate Rg;Hell's Kitchen
33.75;9;9;202302;Feb;Thu;Morning;Med;Bakery;Scone;Jumbo Savory Scone;Hell's Kitchen
7.50;2;2;202302;Feb;Thu;Morning;Low;Bakery;Scone;Jumbo Savory Scone;Lower Manhattan
15.00;4;4;202302;Feb;Thu;Morning;Low;Bakery;Pastry;Almond Croissant;Hell's Kitchen
20.40;8;6;202302;Feb;Thu;Morning;very high;Tea;Brewed Chai tea;Spicy Eye Opener Chai Rg;Hell's Kitchen
15.00;5;5;202302;Feb;Thu;Morning;Low;Tea;Brewed Black tea;English Breakfast Lg;Hell's Kitchen
6.60;3;2;202302;Feb;Thu;Morning;Low;Coffee;Organic brewed coffee;Brazilian Sm;Lower Manhattan
31.00;10;7;202302;Feb;Thu;Morning;Med;Coffee;Premium brewed coffee;Jamaican Coffee River Rg;Lower Manhattan
33.00;11;8;202302;Feb;Thu;Morning;Med;Coffee;Drip coffee;Our Old Time Diner Blend Lg;Hell's Kitchen
48.00;16;10;202302;Feb;Thu;Morning;High;Tea;Brewed Black tea;Earl Grey Lg;Hell's Kitchen
52.50;14;8;202302;Feb;Thu;Morning;High;Coffee;Barista Espresso;Cappuccino;Hell's Kitchen
22.75;7;7;202302;Feb;Thu;Morning;Med;Bakery;Biscotti;Hazelnut Biscotti;Hell's Kitchen
51.00;12;8;202302;Feb;Thu;Morning;High;Coffee;Barista Espresso;Cappuccino Lg;Astoria
54.00;18;12;202302;Feb;Thu;Morning;High;Tea;Brewed Chai tea;Traditional Blend Chai Lg;Astoria
36.00;12;8;202302;Feb;Thu;Morning;Med;Coffee;Organic brewed coffee;Brazilian Rg;Astoria
45.00;12;9;202302;Feb;Thu;Morning;High;Coffee;Barista Espresso;Cappuccino;Astoria
24.00;8;5;202302;Feb;Thu;Morning;Med;Coffee;Gourmet brewed coffee;Columbian Medium Roast Lg;Astoria
48.75;13;9;202302;Feb;Thu;Morning;High;Coffee;Barista Espresso;Latte;Lower Manhattan
35.00;14;9;202302;Feb;Thu;Morning;Med;Tea;Brewed Chai tea;Traditional Blend Chai Rg;Astoria
12.50;5;4;202302;Feb;Thu;Morning;Low;Tea;Brewed herbal tea;Lemon Grass Rg;Astoria
36.00;12;9;202302;Feb;Thu;Morning;Med;Tea;Brewed Black tea;English Breakfast Lg;Astoria
33.75;9;9;202302;Feb;Thu;Morning;Med;Bakery;Scone;Jumbo Savory Scone;Astoria
30.80;14;8;202302;Feb;Thu;Morning;Med;Coffee;Organic brewed coffee;Brazilian Sm;Astoria
13.00;4;4;202302;Feb;Thu;Morning;Low;Bakery;Biscotti;Hazelnut Biscotti;Astoria
57.00;12;9;202302;Feb;Thu;Morning;High;Drinking Chocolate;Hot chocolate;Sustainably Grown Organic Lg;Astoria
27.00;9;5;202302;Feb;Thu;Morning;Med;Tea;Brewed herbal tea;Peppermint Lg;Hell's Kitchen
37.50;10;6;202302;Feb;Thu;Morning;Med;Drinking Chocolate;Hot chocolate;Sustainably Grown Organic Rg;Hell's Kitchen
56.25;15;15;202302;Feb;Thu;Morning;High;Bakery;Pastry;Chocolate Croissant;Hell's Kitchen
25.00;10;7;202302;Feb;Thu;Morning;Med;Tea;Brewed Black tea;English Breakfast Rg;Astoria
41.25;11;9;202302;Feb;Thu;Morning;High;Coffee;Premium brewed coffee;Jamaican Coffee River Lg;Lower Manhattan
18.00;6;5;202302;Feb;Thu;Afternoon;Low;Coffee;Drip coffee;Our Old Time Diner Blend Lg;Lower Manhattan
56.00;14;8;202302;Feb;Thu;Afternoon;High;Tea;Brewed Chai tea;Morning Sunrise Chai Lg;Astoria
16.00;4;2;202302;Feb;Thu;Afternoon;Low;Tea;Brewed Chai tea;Morning Sunrise Chai Lg;Lower Manhattan
15.00;5;5;202302;Feb;Thu;Afternoon;Low;Tea;Brewed herbal tea;Peppermint Lg;Astoria
36.00;12;7;202302;Feb;Thu;Afternoon;Med;Coffee;Gourmet brewed coffee;Ethiopia Rg;Lower Manhattan
45.00;15;10;202302;Feb;Thu;Afternoon;High;Tea;Brewed herbal tea;Lemon Grass Lg;Astoria
48.00;16;9;202302;Feb;Thu;Afternoon;High;Tea;Brewed Green tea;Serenity Green Tea Lg;Astoria
25.00;10;7;202302;Feb;Thu;Afternoon;Med;Coffee;Drip coffee;Our Old Time Diner Blend Rg;Astoria
17.50;7;5;202302;Feb;Thu;Afternoon;Low;Tea;Brewed herbal tea;Lemon Grass Rg;Astoria
16.25;5;5;202302;Feb;Thu;Afternoon;Low;Bakery;Biscotti;Hazelnut Biscotti;Astoria
15.00;6;4;202302;Feb;Thu;Afternoon;Low;Tea;Brewed Chai tea;Traditional Blend Chai Rg;Lower Manhattan
18.75;5;5;202302;Feb;Thu;Afternoon;Low;Drinking Chocolate;Hot chocolate;Sustainably Grown Organic Rg;Astoria
12.50;5;5;202302;Feb;Thu;Afternoon;Low;Tea;Brewed Black tea;English Breakfast Rg;Hell's Kitchen
14.00;4;2;202302;Feb;Thu;Afternoon;Low;Coffee;Organic brewed coffee;Brazilian Lg;Hell's Kitchen
9.00;3;3;202302;Feb;Thu;Afternoon;Low;Bakery;Scone;Oatmeal Scone;Hell's Kitchen
9.00;3;3;202302;Feb;Thu;Afternoon;Low;Bakery;Scone;Oatmeal Scone;Astoria
12.50;5;3;202302;Feb;Thu;Afternoon;Low;Tea;Brewed Chai tea;Morning Sunrise Chai Rg;Lower Manhattan
28.00;8;4;202302;Feb;Thu;Afternoon;Med;Coffee;Gourmet brewed coffee;Ethiopia Lg;Lower Manhattan
6.50;2;2;202302;Feb;Thu;Afternoon;Low;Bakery;Biscotti;Hazelnut Biscotti;Lower Manhattan
45.00;10;6;202302;Feb;Thu;Afternoon;High;Drinking Chocolate;Hot chocolate;Dark chocolate Lg;Astoria
15.30;6;3;202302;Feb;Thu;Afternoon;Low;Tea;Brewed Chai tea;Spicy Eye Opener Chai Rg;Lower Manhattan
13.20;6;4;202302;Feb;Thu;Afternoon;Low;Coffee;Organic brewed coffee;Brazilian Sm;Lower Manhattan
9.00;2;2;202302;Feb;Thu;Afternoon;Low;Bakery;Scone;Scottish Cream Scone ;Lower Manhattan
24.00;8;5;202302;Feb;Thu;Afternoon;Med;Tea;Brewed Black tea;Earl Grey Lg;Astoria
21.70;7;4;202302;Feb;Thu;Afternoon;Med;Coffee;Premium brewed coffee;Jamaican Coffee River Rg;Hell's Kitchen
24.00;8;7;202302;Feb;Thu;Afternoon;Med;Coffee;Drip coffee;Our Old Time Diner Blend Lg;Astoria
27.50;11;6;202302;Feb;Thu;Afternoon;Med;Tea;Brewed Black tea;Earl Grey Rg;Astoria
28.00;8;6;202302;Feb;Thu;Afternoon;Med;Drinking Chocolate;Hot chocolate;Dark chocolate Rg;Astoria
18.00;6;4;202302;Feb;Thu;Afternoon;Low;Coffee;Gourmet brewed coffee;Ethiopia Rg;Astoria
18.75;5;3;202302;Feb;Thu;Afternoon;Low;Coffee;Barista Espresso;Cappuccino;Lower Manhattan
14.10;5;3;202302;Feb;Thu;Afternoon;Low;Coffee;Barista Espresso;Ouro Brasileiro shot;Hell's Kitchen
7.65;3;2;202302;Feb;Thu;Afternoon;Low;Tea;Brewed Chai tea;Spicy Eye Opener Chai Rg;Astoria
26.10;9;5;202302;Feb;Thu;Afternoon;Med;Coffee;Barista Espresso;Ouro Brasileiro shot;Lower Manhattan
37.50;10;8;202302;Feb;Thu;Afternoon;Med;Coffee;Barista Espresso;Cappuccino;Astoria
7.50;2;2;202302;Feb;Thu;Afternoon;Low;Bakery;Pastry;Almond Croissant;Astoria
22.50;9;6;202302;Feb;Thu;Afternoon;Med;Coffee;Drip coffee;Our Old Time Diner Blend Rg;Lower Manhattan
27.50;11;6;202302;Feb;Thu;Afternoon;Med;Tea;Brewed Green tea;Serenity Green Tea Rg;Astoria
13.20;6;4;202302;Feb;Thu;Afternoon;Low;Coffee;Gourmet brewed coffee;Ethiopia Sm;Hell's Kitchen
7.00;2;2;202302;Feb;Thu;Afternoon;Low;Drinking Chocolate;Hot chocolate;Dark chocolate Rg;Lower Manhattan
12.00;4;4;202302;Feb;Thu;Afternoon;Low;Bakery;Scone;Oatmeal Scone;Lower Manhattan
12.40;4;3;202302;Feb;Thu;Afternoon;Low;Tea;Brewed Chai tea;Spicy Eye Opener Chai Lg;Astoria
21.00;7;5;202302;Feb;Thu;Afternoon;Med;Coffee;Organic brewed coffee;Brazilian Rg;Hell's Kitchen
15.50;5;4;202302;Feb;Thu;Afternoon;Low;Tea;Brewed Chai tea;Spicy Eye Opener Chai Lg;Hell's Kitchen
24.00;8;4;202302;Feb;Thu;Afternoon;Med;Tea;Brewed Green tea;Serenity Green Tea Lg;Hell's Kitchen
29.75;7;5;202302;Feb;Thu;Afternoon;Med;Coffee;Barista Espresso;Cappuccino Lg;Hell's Kitchen
12.50;5;4;202302;Feb;Thu;Afternoon;Low;Tea;Brewed Chai tea;Traditional Blend Chai Rg;Hell's Kitchen
27.00;6;6;202302;Feb;Thu;Afternoon;Med;Bakery;Scone;Scottish Cream Scone ;Hell's Kitchen
18.00;6;4;202302;Feb;Thu;Afternoon;Low;Tea;Brewed Black tea;English Breakfast Lg;Lower Manhattan
7.00;2;2;202302;Feb;Thu;Afternoon;Low;Bakery;Biscotti;Ginger Biscotti;Lower Manhattan
36.00;12;6;202302;Feb;Thu;Afternoon;Med;Tea;Brewed Black tea;Earl Grey Lg;Lower Manhattan
12.00;4;3;202302;Feb;Thu;Afternoon;Low;Tea;Brewed Green tea;Serenity Green Tea Lg;Lower Manhattan
15.00;5;4;202302;Feb;Thu;Afternoon;Low;Tea;Brewed herbal tea;Lemon Grass Lg;Hell's Kitchen
12.50;5;4;202302;Feb;Thu;Afternoon;Low;Tea;Brewed Chai tea;Traditional Blend Chai Rg;Astoria
12.00;4;3;202302;Feb;Thu;Afternoon;Low;Coffee;Barista Espresso;Espresso shot;Hell's Kitchen
12.00;4;3;202302;Feb;Thu;Afternoon;Low;Coffee;Gourmet brewed coffee;Columbian Medium Roast Lg;Astoria
37.50;10;7;202302;Feb;Thu;Afternoon;Med;Coffee;Premium brewed coffee;Jamaican Coffee River Lg;Astoria
7.50;2;2;202302;Feb;Thu;Afternoon;Low;Bakery;Pastry;Chocolate Croissant;Astoria
17.50;7;5;202302;Feb;Thu;Afternoon;Low;Tea;Brewed Black tea;Earl Grey Rg;Hell's Kitchen
25.00;10;8;202302;Feb;Thu;Afternoon;Med;Tea;Brewed herbal tea;Peppermint Rg;Astoria
10.00;4;3;202302;Feb;Thu;Afternoon;Low;Tea;Brewed herbal tea;Peppermint Rg;Hell's Kitchen
22.50;6;5;202302;Feb;Thu;Afternoon;Med;Coffee;Barista Espresso;Latte;Astoria
31.50;9;5;202302;Feb;Thu;Afternoon;Med;Coffee;Organic brewed coffee;Brazilian Lg;Astoria
10.50;3;3;202302;Feb;Thu;Afternoon;Low;Bakery;Biscotti;Chocolate Chip Biscotti;Astoria
20.00;8;7;202302;Feb;Thu;Afternoon;Low;Coffee;Drip coffee;Our Old Time Diner Blend Rg;Hell's Kitchen
4.90;2;2;202302;Feb;Thu;Afternoon;Low;Coffee;Premium brewed coffee;Jamaican Coffee River Sm;Astoria
27.50;11;7;202302;Feb;Thu;Afternoon;Med;Tea;Brewed Chai tea;Morning Sunrise Chai Rg;Hell's Kitchen
25.50;6;4;202302;Feb;Thu;Afternoon;Med;Coffee;Barista Espresso;Latte Rg;Astoria
8.00;4;2;202302;Feb;Thu;Afternoon;Low;Coffee;Gourmet brewed coffee;Columbian Medium Roast Sm;Lower Manhattan
7.50;2;2;202302;Feb;Thu;Afternoon;Low;Bakery;Pastry;Almond Croissant;Hell's Kitchen
5.00;2;2;202302;Feb;Thu;Afternoon;Low;Tea;Brewed Black tea;English Breakfast Rg;Lower Manhattan
13.00;4;4;202302;Feb;Thu;Afternoon;Low;Bakery;Scone;Cranberry Scone;Astoria
3.75;1;1;202302;Feb;Thu;Afternoon;Low;Bakery;Scone;Jumbo Savory Scone;Hell's Kitchen
3.75;1;1;202302;Feb;Thu;Afternoon;Low;Bakery;Pastry;Chocolate Croissant;Hell's Kitchen
4.25;1;1;202302;Feb;Thu;Afternoon;Low;Coffee;Barista Espresso;Latte Rg;Lower Manhattan
17.15;7;4;202302;Feb;Thu;Afternoon;Low;Coffee;Premium brewed coffee;Jamaican Coffee River Sm;Lower Manhattan
15.00;5;3;202302;Feb;Thu;Afternoon;Low;Coffee;Organic brewed coffee;Brazilian Rg;Astoria
37.50;10;6;202302;Feb;Thu;Afternoon;Med;Drinking Chocolate;Hot chocolate;Sustainably Grown Organic Rg;Lower Manhattan
24.00;8;5;202302;Feb;Thu;Afternoon;Med;Coffee;Barista Espresso;Espresso shot;Astoria
12.75;5;4;202302;Feb;Thu;Afternoon;Low;Tea;Brewed Chai tea;Spicy Eye Opener Chai Rg;Hell's Kitchen
28.50;6;4;202302;Feb;Thu;Afternoon;Med;Drinking Chocolate;Hot chocolate;Sustainably Grown Organic Lg;Hell's Kitchen
19.00;4;3;202302;Feb;Thu;Afternoon;Low;Drinking Chocolate;Hot chocolate;Sustainably Grown Organic Lg;Astoria
22.50;6;3;202302;Feb;Thu;Afternoon;Med;Drinking Chocolate;Hot chocolate;Sustainably Grown Organic Rg;Hell's Kitchen
17.00;4;4;202302;Feb;Thu;Afternoon;Low;Coffee;Barista Espresso;Latte Rg;Hell's Kitchen
9.75;3;3;202302;Feb;Thu;Afternoon;Low;Bakery;Scone;Ginger Scone;Astoria
9.30;3;2;202302;Feb;Thu;Afternoon;Low;Coffee;Premium brewed coffee;Jamaican Coffee River Rg;Astoria
15.00;5;3;202302;Feb;Thu;Afternoon;Low;Tea;Brewed Chai tea;Traditional Blend Chai Lg;Lower Manhattan
3.00;1;1;202302;Feb;Thu;Afternoon;Low;Coffee;Drip coffee;Our Old Time Diner Blend Lg;Hell's Kitchen
15.00;6;4;202302;Feb;Thu;Afternoon;Low;Coffee;Gourmet brewed coffee;Columbian Medium Roast Rg;Astoria
12.00;4;3;202302;Feb;Thu;Afternoon;Low;Coffee;Gourmet brewed coffee;Ethiopia Rg;Hell's Kitchen
36.00;12;7;202302;Feb;Thu;Afternoon;Med;Coffee;Organic brewed coffee;Brazilian Rg;Lower Manhattan
13.21;4;4;202302;Feb;Thu;Afternoon;Low;Bakery;Scone;Ginger Scone;Lower Manhattan
8.00;4;2;202302;Feb;Thu;Afternoon;Low;Coffee;Drip coffee;Our Old Time Diner Blend Sm;Hell's Kitchen
9.30;3;2;202302;Feb;Thu;Afternoon;Low;Tea;Brewed Chai tea;Spicy Eye Opener Chai Lg;Lower Manhattan
8.44;2;2;202302;Feb;Thu;Afternoon;Low;Bakery;Scone;Jumbo Savory Scone;Lower Manhattan
9.00;3;3;202302;Feb;Thu;Afternoon;Low;Tea;Brewed Chai tea;Traditional Blend Chai Lg;Hell's Kitchen
24.00;8;5;202302;Feb;Thu;Afternoon;Med;Tea;Brewed herbal tea;Peppermint Lg;Hell's Kitchen
63.75;17;9;202302;Feb;Thu;Afternoon;very high;Coffee;Barista Espresso;Latte;Lower Manhattan
17.50;7;3;202302;Feb;Thu;Afternoon;Low;Tea;Brewed herbal tea;Peppermint Rg;Lower Manhattan
6.50;2;2;202302;Feb;Thu;Afternoon;Low;Bakery;Biscotti;Hazelnut Biscotti;Hell's Kitchen
12.50;5;4;202302;Feb;Thu;Afternoon;Low;Tea;Brewed Green tea;Serenity Green Tea Rg;Hell's Kitchen
6.50;2;2;202302;Feb;Thu;Afternoon;Low;Bakery;Scone;Cranberry Scone;Hell's Kitchen
4.00;2;2;202302;Feb;Thu;Afternoon;Low;Coffee;Drip coffee;Our Old Time Diner Blend Sm;Lower Manhattan
12.50;5;5;202302;Feb;Thu;Afternoon;Low;Tea;Brewed Green tea;Serenity Green Tea Rg;Lower Manhattan
11.25;3;3;202302;Feb;Thu;Afternoon;Low;Bakery;Pastry;Almond Croissant;Lower Manhattan
7.00;2;2;202302;Feb;Thu;Afternoon;Low;Bakery;Biscotti;Ginger Biscotti;Hell's Kitchen
3.00;1;1;202302;Feb;Thu;Night;Low;Tea;Brewed Black tea;Earl Grey Lg;Astoria
3.50;1;1;202302;Feb;Thu;Night;Low;Drinking Chocolate;Hot chocolate;Dark chocolate Rg;Astoria
19.60;8;6;202302;Feb;Thu;Evening;Low;Coffee;Premium brewed coffee;Jamaican Coffee River Sm;Lower Manhattan
6.00;2;2;202302;Feb;Thu;Evening;Low;Coffee;Barista Espresso;Ouro Brasileiro shot;Lower Manhattan
12.00;4;4;202302;Feb;Thu;Evening;Low;Coffee;Gourmet brewed coffee;Columbian Medium Roast Lg;Lower Manhattan
10.50;3;2;202302;Feb;Thu;Evening;Low;Drinking Chocolate;Hot chocolate;Dark chocolate Rg;Hell's Kitchen
7.50;3;2;202302;Feb;Thu;Evening;Low;Tea;Brewed Chai tea;Morning Sunrise Chai Rg;Lower Manhattan
28.00;8;6;202302;Feb;Thu;Evening;Med;Coffee;Gourmet brewed coffee;Ethiopia Lg;Hell's Kitchen
16.00;8;5;202302;Feb;Thu;Evening;Low;Coffee;Drip coffee;Our Old Time Diner Blend Sm;Hell's Kitchen
36.00;12;8;202302;Feb;Thu;Evening;Med;Coffee;Gourmet brewed coffee;Ethiopia Rg;Astoria
25.00;10;6;202302;Feb;Thu;Evening;Med;Tea;Brewed Black tea;Earl Grey Rg;Hell's Kitchen
24.00;6;3;202302;Feb;Thu;Evening;Med;Tea;Brewed Chai tea;Morning Sunrise Chai Lg;Lower Manhattan
10.50;3;3;202302;Feb;Thu;Evening;Low;Bakery;Biscotti;Ginger Biscotti;Lower Manhattan
7.50;3;2;202302;Feb;Thu;Evening;Low;Tea;Brewed herbal tea;Lemon Grass Rg;Hell's Kitchen
21.00;7;5;202302;Feb;Thu;Evening;Med;Coffee;Gourmet brewed coffee;Columbian Medium Roast Lg;Astoria
32.50;13;8;202302;Feb;Thu;Evening;Med;Tea;Brewed Chai tea;Morning Sunrise Chai Rg;Hell's Kitchen
21.70;7;5;202302;Feb;Thu;Evening;Med;Tea;Brewed Chai tea;Spicy Eye Opener Chai Lg;Lower Manhattan
22.50;6;4;202302;Feb;Thu;Evening;Med;Coffee;Premium brewed coffee;Jamaican Coffee River Lg;Hell's Kitchen
27.50;11;6;202302;Feb;Thu;Evening;Med;Tea;Brewed Black tea;Earl Grey Rg;Astoria
2.50;1;1;202302;Feb;Thu;Evening;Low;Tea;Brewed Green tea;Serenity Green Tea Rg;Lower Manhattan
24.00;8;4;202302;Feb;Thu;Evening;Med;Tea;Brewed Chai tea;Traditional Blend Chai Lg;Hell's Kitchen
45.00;12;8;202302;Feb;Thu;Evening;High;Coffee;Premium brewed coffee;Jamaican Coffee River Lg;Astoria
25.00;10;5;202302;Feb;Thu;Evening;Med;Tea;Brewed Black tea;Earl Grey Rg;Lower Manhattan
8.80;4;3;202302;Feb;Thu;Evening;Low;Coffee;Gourmet brewed coffee;Ethiopia Sm;Hell's Kitchen
7.00;2;2;202302;Feb;Thu;Evening;Low;Bakery;Pastry;Croissant;Lower Manhattan
12.50;5;4;202302;Feb;Thu;Evening;Low;Tea;Brewed Chai tea;Morning Sunrise Chai Rg;Astoria
18.00;6;3;202302;Feb;Thu;Evening;Low;Coffee;Gourmet brewed coffee;Ethiopia Rg;Lower Manhattan
25.00;10;5;202302;Feb;Thu;Evening;Med;Tea;Brewed Chai tea;Traditional Blend Chai Rg;Lower Manhattan
3.25;1;1;202302;Feb;Thu;Evening;Low;Bakery;Biscotti;Hazelnut Biscotti;Lower Manhattan
18.60;6;4;202302;Feb;Thu;Evening;Low;Tea;Brewed Chai tea;Spicy Eye Opener Chai Lg;Hell's Kitchen
26.25;7;7;202302;Feb;Thu;Evening;Med;Bakery;Scone;Jumbo Savory Scone;Astoria
12.00;6;3;202302;Feb;Thu;Evening;Low;Coffee;Drip coffee;Our Old Time Diner Blend Sm;Lower Manhattan
30.00;10;7;202302;Feb;Thu;Evening;Med;Tea;Brewed Black tea;Earl Grey Lg;Astoria
19.60;8;5;202302;Feb;Thu;Evening;Low;Coffee;Premium brewed coffee;Jamaican Coffee River Sm;Astoria
76.00;16;11;202302;Feb;Thu;Evening;very high;Drinking Chocolate;Hot chocolate;Sustainably Grown Organic Lg;Astoria
36.00;8;5;202302;Feb;Thu;Evening;Med;Drinking Chocolate;Hot chocolate;Dark chocolate Lg;Astoria
10.56;3;3;202302;Feb;Thu;Evening;Low;Bakery;Scone;Ginger Scone;Lower Manhattan
9.00;3;2;202302;Feb;Thu;Evening;Low;Tea;Brewed Green tea;Serenity Green Tea Lg;Lower Manhattan
18.00;6;4;202302;Feb;Thu;Evening;Low;Tea;Brewed Black tea;English Breakfast Lg;Astoria
4.40;2;2;202302;Feb;Thu;Evening;Low;Coffee;Organic brewed coffee;Brazilian Sm;Lower Manhattan
32.50;13;8;202302;Feb;Thu;Evening;Med;Coffee;Gourmet brewed coffee;Columbian Medium Roast Rg;Astoria
10.50;3;3;202302;Feb;Thu;Evening;Low;Bakery;Biscotti;Ginger Biscotti;Astoria
28.50;6;4;202302;Feb;Thu;Evening;Med;Drinking Chocolate;Hot chocolate;Sustainably Grown Organic Lg;Hell's Kitchen
15.00;4;4;202302;Feb;Thu;Evening;Low;Bakery;Scone;Jumbo Savory Scone;Hell's Kitchen
10.00;4;3;202302;Feb;Thu;Evening;Low;Coffee;Drip coffee;Our Old Time Diner Blend Rg;Astoria
2.20;1;1;202302;Feb;Thu;Evening;Low;Coffee;Organic brewed coffee;Brazilian Sm;Hell's Kitchen
12.00;4;2;202302;Feb;Thu;Evening;Low;Tea;Brewed Black tea;Earl Grey Lg;Lower Manhattan
28.00;7;4;202302;Feb;Thu;Evening;Med;Tea;Brewed Chai tea;Morning Sunrise Chai Lg;Hell's Kitchen
8.50;2;1;202302;Feb;Thu;Evening;Low;Coffee;Barista Espresso;Cappuccino Lg;Hell's Kitchen
18.00;9;7;202302;Feb;Thu;Evening;Low;Coffee;Gourmet brewed coffee;Columbian Medium Roast Sm;Astoria
14.00;4;4;202302;Feb;Thu;Evening;Low;Bakery;Pastry;Croissant;Astoria
22.50;6;4;202302;Feb;Thu;Evening;Med;Coffee;Barista Espresso;Cappuccino;Lower Manhattan
16.25;5;5;202302;Feb;Thu;Evening;Low;Bakery;Scone;Cranberry Scone;Astoria
27.90;9;7;202302;Feb;Thu;Evening;Med;Tea;Brewed Chai tea;Spicy Eye Opener Chai Lg;Astoria
7.35;3;2;202302;Feb;Thu;Evening;Low;Coffee;Premium brewed coffee;Jamaican Coffee River Sm;Hell's Kitchen
10.00;4;2;202302;Feb;Thu;Evening;Low;Tea;Brewed Green tea;Serenity Green Tea Rg;Hell's Kitchen
9.00;3;2;202302;Feb;Thu;Evening;Low;Coffee;Drip coffee;Our Old Time Diner Blend Lg;Hell's Kitchen
15.00;5;4;202302;Feb;Thu;Evening;Low;Tea;Brewed Green tea;Serenity Green Tea Lg;Hell's Kitchen
22.50;5;4;202302;Feb;Thu;Evening;Med;Drinking Chocolate;Hot chocolate;Dark chocolate Lg;Lower Manhattan
25.00;10;5;202302;Feb;Thu;Evening;Med;Tea;Brewed Green tea;Serenity Green Tea Rg;Astoria
3.00;1;1;202302;Feb;Thu;Evening;Low;Tea;Brewed Black tea;English Breakfast Lg;Lower Manhattan
41.25;11;7;202302;Feb;Thu;Evening;High;Coffee;Barista Espresso;Cappuccino;Astoria
13.20;6;4;202302;Feb;Thu;Evening;Low;Coffee;Gourmet brewed coffee;Ethiopia Sm;Lower Manhattan
28.60;13;8;202302;Feb;Thu;Evening;Med;Coffee;Gourmet brewed coffee;Ethiopia Sm;Astoria
5.10;2;1;202302;Feb;Thu;Evening;Low;Tea;Brewed Chai tea;Spicy Eye Opener Chai Rg;Astoria
22.50;6;4;202302;Feb;Thu;Evening;Med;Drinking Chocolate;Hot chocolate;Sustainably Grown Organic Rg;Lower Manhattan
4.50;1;1;202302;Feb;Thu;Evening;Low;Bakery;Scone;Scottish Cream Scone ;Hell's Kitchen
7.50;3;2;202302;Feb;Thu;Evening;Low;Tea;Brewed herbal tea;Lemon Grass Rg;Lower Manhattan
17.60;8;5;202302;Feb;Thu;Evening;Low;Coffee;Organic brewed coffee;Brazilian Sm;Astoria
15.00;6;4;202302;Feb;Thu;Evening;Low;Tea;Brewed Chai tea;Traditional Blend Chai Rg;Hell's Kitchen
12.75;3;2;202302;Feb;Thu;Evening;Low;Coffee;Barista Espresso;Cappuccino Lg;Lower Manhattan
18.00;6;5;202302;Feb;Thu;Evening;Low;Coffee;Gourmet brewed coffee;Columbian Medium Roast Lg;Hell's Kitchen
7.50;2;2;202302;Feb;Thu;Evening;Low;Bakery;Pastry;Almond Croissant;Astoria
37.50;10;8;202302;Feb;Thu;Evening;Med;Drinking Chocolate;Hot chocolate;Sustainably Grown Organic Rg;Astoria
2.50;1;1;202302;Feb;Thu;Evening;Low;Tea;Brewed herbal tea;Peppermint Rg;Hell's Kitchen
3.50;1;1;202302;Feb;Thu;Evening;Low;Bakery;Biscotti;Chocolate Chip Biscotti;Lower Manhattan
9.00;2;2;202302;Feb;Thu;Evening;Low;Bakery;Scone;Scottish Cream Scone ;Astoria
4.50;1;1;202302;Feb;Thu;Evening;Low;Bakery;Scone;Scottish Cream Scone ;Lower Manhattan
8.10;3;2;202302;Feb;Thu;Evening;Low;Coffee;Barista Espresso;Ouro Brasileiro shot;Hell's Kitchen
21.00;7;4;202302;Feb;Thu;Evening;Med;Coffee;Organic brewed coffee;Brazilian Rg;Astoria
9.00;3;2;202302;Feb;Thu;Evening;Low;Coffee;Barista Espresso;Espresso shot;Hell's Kitchen
10.00;4;3;202302;Feb;Thu;Evening;Low;Tea;Brewed herbal tea;Peppermint Rg;Astoria
21.00;7;5;202302;Feb;Thu;Evening;Med;Coffee;Drip coffee;Our Old Time Diner Blend Lg;Astoria
15.00;4;4;202302;Feb;Thu;Evening;Low;Bakery;Pastry;Chocolate Croissant;Astoria
20.00;5;4;202302;Feb;Thu;Evening;Low;Tea;Brewed Chai tea;Morning Sunrise Chai Lg;Astoria
7.00;2;2;202302;Feb;Thu;Evening;Low;Drinking Chocolate;Hot chocolate;Dark chocolate Rg;Astoria
24.00;8;5;202302;Feb;Thu;Evening;Med;Coffee;Gourmet brewed coffee;Ethiopia Rg;Hell's Kitchen
21.00;7;7;202302;Feb;Thu;Evening;Med;Bakery;Scone;Oatmeal Scone;Astoria
7.50;3;3;202302;Feb;Thu;Evening;Low;Tea;Brewed Black tea;English Breakfast Rg;Astoria
27.00;9;6;202302;Feb;Thu;Evening;Med;Tea;Brewed herbal tea;Peppermint Lg;Astoria
8.50;2;1;202302;Feb;Thu;Evening;Low;Coffee;Barista Espresso;Latte Rg;Hell's Kitchen
6.50;2;2;202302;Feb;Thu;Evening;Low;Bakery;Scone;Cranberry Scone;Hell's Kitchen
33.00;11;7;202302;Feb;Thu;Evening;Med;Tea;Brewed Green tea;Serenity Green Tea Lg;Astoria
9.00;3;2;202302;Feb;Thu;Evening;Low;Tea;Brewed Black tea;English Breakfast Lg;Hell's Kitchen
3.10;1;1;202302;Feb;Thu;Evening;Low;Coffee;Premium brewed coffee;Jamaican Coffee River Rg;Hell's Kitchen
24.00;8;5;202302;Feb;Thu;Evening;Med;Tea;Brewed herbal tea;Lemon Grass Lg;Astoria
7.50;3;2;202302;Feb;Thu;Evening;Low;Tea;Brewed Black tea;English Breakfast Rg;Hell's Kitchen
15.00;5;3;202302;Feb;Thu;Evening;Low;Coffee;Barista Espresso;Espresso shot;Astoria
18.75;5;4;202302;Feb;Thu;Evening;Low;Coffee;Barista Espresso;Latte;Astoria
47.50;10;7;202302;Feb;Fri;Morning;High;Drinking Chocolate;Hot chocolate;Sustainably Grown Organic Lg;Lower Manhattan
45.00;15;9;202302;Feb;Fri;Morning;High;Tea;Brewed herbal tea;Lemon Grass Lg;Lower Manhattan
36.00;8;8;202302;Feb;Fri;Morning;Med;Bakery;Scone;Scottish Cream Scone ;Lower Manhattan
27.00;9;6;202302;Feb;Fri;Morning;Med;Coffee;Drip coffee;Our Old Time Diner Blend Lg;Lower Manhattan
56.25;15;15;202302;Feb;Fri;Morning;High;Bakery;Pastry;Chocolate Croissant;Lower Manhattan
15.00;6;4;202302;Feb;Fri;Morning;Low;Coffee;Drip coffee;Our Old Time Diner Blend Rg;Lower Manhattan
30.00;12;10;202302;Feb;Fri;Morning;Med;Tea;Brewed Green tea;Serenity Green Tea Rg;Lower Manhattan
63.00;21;13;202302;Feb;Fri;Morning;very high;Tea;Brewed herbal tea;Peppermint Lg;Lower Manhattan
25.00;10;8;202302;Feb;Fri;Morning;Med;Tea;Brewed Chai tea;Traditional Blend Chai Rg;Lower Manhattan
17.50;7;4;202302;Feb;Fri;Morning;Low;Tea;Brewed herbal tea;Lemon Grass Rg;Lower Manhattan
31.00;10;5;202302;Feb;Fri;Morning;Med;Tea;Brewed Chai tea;Spicy Eye Opener Chai Lg;Lower Manhattan
48.45;19;12;202302;Feb;Fri;Morning;High;Tea;Brewed Chai tea;Spicy Eye Opener Chai Rg;Lower Manhattan
45.50;13;10;202302;Feb;Fri;Morning;High;Drinking Chocolate;Hot chocolate;Dark chocolate Rg;Lower Manhattan
45.00;18;11;202302;Feb;Fri;Morning;High;Tea;Brewed Green tea;Serenity Green Tea Rg;Hell's Kitchen
55.00;22;13;202302;Feb;Fri;Morning;High;Tea;Brewed herbal tea;Peppermint Rg;Hell's Kitchen
34.00;8;6;202302;Feb;Fri;Morning;Med;Coffee;Barista Espresso;Cappuccino Lg;Hell's Kitchen
20.00;8;5;202302;Feb;Fri;Morning;Low;Coffee;Drip coffee;Our Old Time Diner Blend Rg;Hell's Kitchen
22.50;9;7;202302;Feb;Fri;Morning;Med;Tea;Brewed Chai tea;Traditional Blend Chai Rg;Hell's Kitchen
47.50;10;7;202302;Feb;Fri;Morning;High;Drinking Chocolate;Hot chocolate;Sustainably Grown Organic Lg;Hell's Kitchen
21.00;7;4;202302;Feb;Fri;Morning;Med;Coffee;Barista Espresso;Espresso shot;Hell's Kitchen
20.00;8;5;202302;Feb;Fri;Morning;Low;Tea;Brewed Black tea;English Breakfast Rg;Lower Manhattan
48.75;13;7;202302;Feb;Fri;Morning;High;Coffee;Barista Espresso;Latte;Lower Manhattan
25.00;10;7;202302;Feb;Fri;Morning;Med;Tea;Brewed Black tea;English Breakfast Rg;Hell's Kitchen
12.00;4;2;202302;Feb;Fri;Morning;Low;Coffee;Gourmet brewed coffee;Columbian Medium Roast Lg;Lower Manhattan
56.25;15;8;202302;Feb;Fri;Morning;High;Drinking Chocolate;Hot chocolate;Sustainably Grown Organic Rg;Hell's Kitchen
38.25;15;10;202302;Feb;Fri;Morning;Med;Tea;Brewed Chai tea;Spicy Eye Opener Chai Rg;Hell's Kitchen
31.50;7;7;202302;Feb;Fri;Morning;Med;Bakery;Scone;Scottish Cream Scone ;Hell's Kitchen
42.50;10;6;202302;Feb;Fri;Morning;High;Coffee;Barista Espresso;Cappuccino Lg;Lower Manhattan
21.00;6;6;202302;Feb;Fri;Morning;Med;Bakery;Biscotti;Ginger Biscotti;Lower Manhattan
72.00;27;20;202302;Feb;Fri;Morning;very high;Coffee;Barista Espresso;Ouro Brasileiro shot;Hell's Kitchen
37.50;15;9;202302;Feb;Fri;Morning;Med;Coffee;Gourmet brewed coffee;Columbian Medium Roast Rg;Lower Manhattan
27.50;11;9;202302;Feb;Fri;Morning;Med;Tea;Brewed herbal tea;Lemon Grass Rg;Hell's Kitchen
18.75;5;5;202302;Feb;Fri;Morning;Low;Bakery;Pastry;Almond Croissant;Hell's Kitchen
24.80;8;6;202302;Feb;Fri;Morning;Med;Coffee;Premium brewed coffee;Jamaican Coffee River Rg;Hell's Kitchen
15.30;6;3;202302;Feb;Fri;Morning;Low;Coffee;Barista Espresso;Ouro Brasileiro shot;Lower Manhattan
13.00;4;4;202302;Feb;Fri;Morning;Low;Bakery;Scone;Cranberry Scone;Lower Manhattan
42.00;14;9;202302;Feb;Fri;Morning;High;Coffee;Barista Espresso;Espresso shot;Lower Manhattan
29.40;12;7;202302;Feb;Fri;Morning;Med;Coffee;Premium brewed coffee;Jamaican Coffee River Sm;Hell's Kitchen
24.00;8;7;202302;Feb;Fri;Morning;Med;Coffee;Drip coffee;Our Old Time Diner Blend Lg;Hell's Kitchen
32.50;13;9;202302;Feb;Fri;Morning;Med;Tea;Brewed Black tea;Earl Grey Rg;Lower Manhattan
51.00;17;9;202302;Feb;Fri;Morning;High;Coffee;Gourmet brewed coffee;Ethiopia Rg;Lower Manhattan
31.85;13;8;202302;Feb;Fri;Morning;Med;Coffee;Premium brewed coffee;Jamaican Coffee River Sm;Lower Manhattan
33.00;11;6;202302;Feb;Fri;Morning;Med;Tea;Brewed Green tea;Serenity Green Tea Lg;Lower Manhattan
12.00;4;3;202302;Feb;Fri;Morning;Low;Tea;Brewed herbal tea;Peppermint Lg;Hell's Kitchen
30.00;12;9;202302;Feb;Fri;Morning;Med;Tea;Brewed Chai tea;Morning Sunrise Chai Rg;Lower Manhattan
25.00;10;6;202302;Feb;Fri;Morning;Med;Tea;Brewed Black tea;Earl Grey Rg;Hell's Kitchen
33.00;11;7;202302;Feb;Fri;Morning;Med;Tea;Brewed Black tea;Earl Grey Lg;Hell's Kitchen
18.60;6;4;202302;Feb;Fri;Morning;Low;Tea;Brewed Chai tea;Spicy Eye Opener Chai Lg;Hell's Kitchen
40.00;10;8;202302;Feb;Fri;Morning;Med;Tea;Brewed Chai tea;Morning Sunrise Chai Lg;Hell's Kitchen
17.60;8;4;202302;Feb;Fri;Morning;Low;Coffee;Organic brewed coffee;Brazilian Sm;Lower Manhattan
10.00;5;4;202302;Feb;Fri;Morning;Low;Coffee;Gourmet brewed coffee;Columbian Medium Roast Sm;Lower Manhattan
21.00;6;6;202302;Feb;Fri;Morning;Med;Bakery;Pastry;Croissant;Hell's Kitchen
15.40;7;5;202302;Feb;Fri;Morning;Low;Coffee;Gourmet brewed coffee;Ethiopia Sm;Lower Manhattan
17.70;6;4;202302;Feb;Fri;Morning;Low;Bakery;Scone;Ginger Scone;Lower Manhattan
17.50;5;5;202302;Feb;Fri;Morning;Low;Bakery;Biscotti;Ginger Biscotti;Hell's Kitchen
45.00;15;8;202302;Feb;Fri;Morning;High;Tea;Brewed herbal tea;Lemon Grass Lg;Hell's Kitchen
30.00;8;8;202302;Feb;Fri;Morning;Med;Bakery;Scone;Jumbo Savory Scone;Hell's Kitchen
16.25;5;5;202302;Feb;Fri;Morning;Low;Bakery;Biscotti;Hazelnut Biscotti;Lower Manhattan
28.00;14;10;202302;Feb;Fri;Morning;Med;Coffee;Drip coffee;Our Old Time Diner Blend Sm;Hell's Kitchen
33.00;11;8;202302;Feb;Fri;Morning;Med;Coffee;Organic brewed coffee;Brazilian Rg;Hell's Kitchen
37.50;15;9;202302;Feb;Fri;Morning;Med;Tea;Brewed Chai tea;Morning Sunrise Chai Rg;Hell's Kitchen
39.00;13;8;202302;Feb;Fri;Morning;Med;Tea;Brewed Black tea;English Breakfast Lg;Hell's Kitchen
40.00;10;5;202302;Feb;Fri;Morning;Med;Tea;Brewed Chai tea;Morning Sunrise Chai Lg;Astoria
36.00;8;6;202302;Feb;Fri;Morning;Med;Drinking Chocolate;Hot chocolate;Dark chocolate Lg;Hell's Kitchen
22.75;7;7;202302;Feb;Fri;Morning;Med;Bakery;Scone;Cranberry Scone;Hell's Kitchen
38.00;19;11;202302;Feb;Fri;Morning;Med;Coffee;Gourmet brewed coffee;Columbian Medium Roast Sm;Astoria
69.00;23;14;202302;Feb;Fri;Morning;very high;Coffee;Organic brewed coffee;Brazilian Rg;Lower Manhattan
22.50;9;7;202302;Feb;Fri;Morning;Med;Tea;Brewed herbal tea;Lemon Grass Rg;Astoria
30.00;10;5;202302;Feb;Fri;Morning;Med;Coffee;Gourmet brewed coffee;Columbian Medium Roast Lg;Hell's Kitchen
24.00;8;4;202302;Feb;Fri;Morning;Med;Tea;Brewed Black tea;Earl Grey Lg;Astoria
22.50;6;4;202302;Feb;Fri;Morning;Med;Coffee;Premium brewed coffee;Jamaican Coffee River Lg;Hell's Kitchen
15.00;6;5;202302;Feb;Fri;Morning;Low;Tea;Brewed Black tea;Earl Grey Rg;Astoria
24.00;8;5;202302;Feb;Fri;Morning;Med;Coffee;Drip coffee;Our Old Time Diner Blend Lg;Astoria
31.50;9;5;202302;Feb;Fri;Morning;Med;Coffee;Gourmet brewed coffee;Ethiopia Lg;Lower Manhattan
81.00;18;13;202302;Feb;Fri;Morning;very high;Drinking Chocolate;Hot chocolate;Dark chocolate Lg;Astoria
30.00;10;7;202302;Feb;Fri;Morning;Med;Tea;Brewed herbal tea;Lemon Grass Lg;Astoria
14.00;4;4;202302;Feb;Fri;Morning;Low;Bakery;Pastry;Croissant;Lower Manhattan
21.00;7;4;202302;Feb;Fri;Morning;Med;Coffee;Gourmet brewed coffee;Columbian Medium Roast Lg;Astoria
27.00;9;7;202302;Feb;Fri;Morning;Med;Coffee;Barista Espresso;Espresso shot;Astoria
24.00;12;6;202302;Feb;Fri;Morning;Med;Coffee;Drip coffee;Our Old Time Diner Blend Sm;Lower Manhattan
68.00;16;10;202302;Feb;Fri;Morning;very high;Coffee;Barista Espresso;Cappuccino Lg;Astoria
11.25;3;3;202302;Feb;Fri;Morning;Low;Coffee;Barista Espresso;Latte;Hell's Kitchen
45.00;18;11;202302;Feb;Fri;Morning;High;Tea;Brewed herbal tea;Peppermint Rg;Lower Manhattan
28.00;8;5;202302;Feb;Fri;Morning;Med;Drinking Chocolate;Hot chocolate;Dark chocolate Rg;Astoria
10.00;5;4;202302;Feb;Fri;Morning;Low;Coffee;Drip coffee;Our Old Time Diner Blend Sm;Astoria
6.00;2;1;202302;Feb;Fri;Night;Low;Coffee;Barista Espresso;Espresso shot;Lower Manhattan
42.50;17;10;202302;Feb;Fri;Afternoon;High;Coffee;Drip coffee;Our Old Time Diner Blend Rg;Astoria
30.00;10;7;202302;Feb;Fri;Afternoon;Med;Tea;Brewed Black tea;Earl Grey Lg;Lower Manhattan
24.00;8;5;202302;Feb;Fri;Afternoon;Med;Tea;Brewed Black tea;English Breakfast Lg;Hell's Kitchen
30.95;11;7;202302;Feb;Fri;Afternoon;Med;Bakery;Scone;Ginger Scone;Lower Manhattan
48.75;13;7;202302;Feb;Fri;Afternoon;High;Coffee;Barista Espresso;Latte;Lower Manhattan
18.75;5;4;202302;Feb;Fri;Afternoon;Low;Coffee;Barista Espresso;Latte;Hell's Kitchen
15.00;4;3;202302;Feb;Fri;Afternoon;Low;Coffee;Barista Espresso;Cappuccino;Hell's Kitchen
21.00;6;5;202302;Feb;Fri;Afternoon;Med;Coffee;Gourmet brewed coffee;Ethiopia Lg;Hell's Kitchen
24.00;8;4;202302;Feb;Fri;Afternoon;Med;Coffee;Gourmet brewed coffee;Ethiopia Rg;Hell's Kitchen
10.20;4;3;202302;Feb;Fri;Afternoon;Low;Tea;Brewed Chai tea;Spicy Eye Opener Chai Rg;Lower Manhattan
24.00;8;6;202302;Feb;Fri;Afternoon;Med;Coffee;Organic brewed coffee;Brazilian Rg;Astoria
11.25;3;3;202302;Feb;Fri;Afternoon;Low;Bakery;Scone;Jumbo Savory Scone;Astoria
27.50;11;7;202302;Feb;Fri;Afternoon;Med;Tea;Brewed herbal tea;Peppermint Rg;Hell's Kitchen
17.50;5;5;202302;Feb;Fri;Afternoon;Low;Bakery;Biscotti;Chocolate Chip Biscotti;Hell's Kitchen
6.60;3;2;202302;Feb;Fri;Afternoon;Low;Coffee;Organic brewed coffee;Brazilian Sm;Lower Manhattan
14.00;4;4;202302;Feb;Fri;Afternoon;Low;Drinking Chocolate;Hot chocolate;Dark chocolate Rg;Astoria
10.50;3;3;202302;Feb;Fri;Afternoon;Low;Bakery;Pastry;Croissant;Lower Manhattan
24.00;8;5;202302;Feb;Fri;Afternoon;Med;Tea;Brewed Green tea;Serenity Green Tea Lg;Hell's Kitchen
31.00;10;7;202302;Feb;Fri;Afternoon;Med;Coffee;Premium brewed coffee;Jamaican Coffee River Rg;Hell's Kitchen
10.00;5;3;202302;Feb;Fri;Afternoon;Low;Coffee;Drip coffee;Our Old Time Diner Blend Sm;Hell's Kitchen
3.75;1;1;202302;Feb;Fri;Afternoon;Low;Coffee;Premium brewed coffee;Jamaican Coffee River Lg;Hell's Kitchen
22.50;9;4;202302;Feb;Fri;Afternoon;Med;Tea;Brewed Green tea;Serenity Green Tea Rg;Lower Manhattan
45.00;10;6;202302;Feb;Fri;Afternoon;High;Drinking Chocolate;Hot chocolate;Dark chocolate Lg;Astoria
18.00;6;4;202302;Feb;Fri;Afternoon;Low;Tea;Brewed Black tea;Earl Grey Lg;Hell's Kitchen
40.00;20;11;202302;Feb;Fri;Afternoon;Med;Coffee;Drip coffee;Our Old Time Diner Blend Sm;Astoria
24.00;8;5;202302;Feb;Fri;Afternoon;Med;Coffee;Drip coffee;Our Old Time Diner Blend Lg;Astoria
40.00;10;8;202302;Feb;Fri;Afternoon;Med;Tea;Brewed Chai tea;Morning Sunrise Chai Lg;Astoria
34.10;11;7;202302;Feb;Fri;Afternoon;Med;Tea;Brewed Chai tea;Spicy Eye Opener Chai Lg;Astoria
12.00;4;2;202302;Feb;Fri;Afternoon;Low;Tea;Brewed Green tea;Serenity Green Tea Lg;Lower Manhattan
10.00;5;4;202302;Feb;Fri;Afternoon;Low;Coffee;Gourmet brewed coffee;Columbian Medium Roast Sm;Hell's Kitchen
9.00;3;2;202302;Feb;Fri;Afternoon;Low;Tea;Brewed herbal tea;Peppermint Lg;Astoria
24.00;8;5;202302;Feb;Fri;Afternoon;Med;Tea;Brewed Black tea;English Breakfast Lg;Astoria
18.75;5;5;202302;Feb;Fri;Afternoon;Low;Bakery;Pastry;Almond Croissant;Astoria
31.50;9;5;202302;Feb;Fri;Afternoon;Med;Coffee;Organic brewed coffee;Brazilian Lg;Astoria
29.75;7;4;202302;Feb;Fri;Afternoon;Med;Coffee;Barista Espresso;Latte Rg;Lower Manhattan
27.50;11;6;202302;Feb;Fri;Afternoon;Med;Tea;Brewed herbal tea;Lemon Grass Rg;Astoria
10.00;4;3;202302;Feb;Fri;Afternoon;Low;Tea;Brewed Black tea;Earl Grey Rg;Hell's Kitchen
15.00;4;3;202302;Feb;Fri;Afternoon;Low;Coffee;Premium brewed coffee;Jamaican Coffee River Lg;Lower Manhattan
3.25;1;1;202302;Feb;Fri;Afternoon;Low;Bakery;Scone;Ginger Scone;Astoria
32.50;13;8;202302;Feb;Fri;Afternoon;Med;Tea;Brewed Chai tea;Morning Sunrise Chai Rg;Lower Manhattan
14.00;4;4;202302;Feb;Fri;Afternoon;Low;Bakery;Biscotti;Ginger Biscotti;Lower Manhattan
20.00;8;4;202302;Feb;Fri;Afternoon;Low;Tea;Brewed Black tea;English Breakfast Rg;Hell's Kitchen
14.00;4;4;202302;Feb;Fri;Afternoon;Low;Bakery;Biscotti;Ginger Biscotti;Hell's Kitchen
72.25;17;11;202302;Feb;Fri;Afternoon;very high;Coffee;Barista Espresso;Latte Rg;Astoria
9.00;2;2;202302;Feb;Fri;Afternoon;Low;Bakery;Scone;Scottish Cream Scone ;Hell's Kitchen
12.50;5;3;202302;Feb;Fri;Afternoon;Low;Tea;Brewed Chai tea;Traditional Blend Chai Rg;Astoria
10.50;3;3;202302;Feb;Fri;Afternoon;Low;Bakery;Biscotti;Ginger Biscotti;Astoria
17.00;4;3;202302;Feb;Fri;Afternoon;Low;Coffee;Barista Espresso;Cappuccino Lg;Hell's Kitchen
41.25;11;6;202302;Feb;Fri;Afternoon;High;Drinking Chocolate;Hot chocolate;Sustainably Grown Organic Rg;Astoria
10.20;4;4;202302;Feb;Fri;Afternoon;Low;Tea;Brewed Chai tea;Spicy Eye Opener Chai Rg;Astoria
22.50;6;6;202302;Feb;Fri;Afternoon;Med;Bakery;Pastry;Almond Croissant;Lower Manhattan
11.00;5;4;202302;Feb;Fri;Afternoon;Low;Coffee;Gourmet brewed coffee;Ethiopia Sm;Hell's Kitchen
30.00;12;6;202302;Feb;Fri;Afternoon;Med;Tea;Brewed herbal tea;Lemon Grass Rg;Lower Manhattan
12.50;5;3;202302;Feb;Fri;Afternoon;Low;Tea;Brewed Chai tea;Traditional Blend Chai Rg;Hell's Kitchen
7.00;2;2;202302;Feb;Fri;Afternoon;Low;Bakery;Biscotti;Chocolate Chip Biscotti;Astoria
15.00;5;3;202302;Feb;Fri;Afternoon;Low;Tea;Brewed herbal tea;Lemon Grass Lg;Astoria
24.00;8;6;202302;Feb;Fri;Afternoon;Med;Tea;Brewed herbal tea;Peppermint Lg;Hell's Kitchen
21.00;7;4;202302;Feb;Fri;Afternoon;Med;Coffee;Barista Espresso;Espresso shot;Astoria
10.00;4;3;202302;Feb;Fri;Afternoon;Low;Coffee;Drip coffee;Our Old Time Diner Blend Rg;Hell's Kitchen
17.15;7;6;202302;Feb;Fri;Afternoon;Low;Coffee;Premium brewed coffee;Jamaican Coffee River Sm;Astoria
64.00;16;9;202302;Feb;Fri;Afternoon;very high;Tea;Brewed Chai tea;Morning Sunrise Chai Lg;Lower Manhattan
3.75;1;1;202302;Feb;Fri;Afternoon;Low;Coffee;Barista Espresso;Cappuccino;Lower Manhattan
35.00;10;6;202302;Feb;Fri;Afternoon;Med;Coffee;Gourmet brewed coffee;Ethiopia Lg;Astoria
17.50;5;5;202302;Feb;Fri;Afternoon;Low;Bakery;Pastry;Croissant;Astoria
12.75;3;2;202302;Feb;Fri;Afternoon;Low;Coffee;Barista Espresso;Cappuccino Lg;Astoria
19.80;9;6;202302;Feb;Fri;Afternoon;Low;Coffee;Gourmet brewed coffee;Ethiopia Sm;Astoria
14.25;3;2;202302;Feb;Fri;Afternoon;Low;Drinking Chocolate;Hot chocolate;Sustainably Grown Organic Lg;Hell's Kitchen
24.80;8;4;202302;Feb;Fri;Afternoon;Med;Tea;Brewed Chai tea;Spicy Eye Opener Chai Lg;Hell's Kitchen
3.50;1;1;202302;Feb;Fri;Afternoon;Low;Bakery;Pastry;Croissant;Hell's Kitchen
10.00;4;3;202302;Feb;Fri;Afternoon;Low;Coffee;Drip coffee;Our Old Time Diner Blend Rg;Lower Manhattan
12.00;4;2;202302;Feb;Fri;Afternoon;Low;Tea;Brewed herbal tea;Lemon Grass Lg;Hell's Kitchen
6.00;2;2;202302;Feb;Fri;Afternoon;Low;Coffee;Gourmet brewed coffee;Columbian Medium Roast Lg;Hell's Kitchen
18.75;5;3;202302;Feb;Fri;Afternoon;Low;Drinking Chocolate;Hot chocolate;Sustainably Grown Organic Rg;Hell's Kitchen
21.00;7;5;202302;Feb;Fri;Afternoon;Med;Coffee;Gourmet brewed coffee;Ethiopia Rg;Lower Manhattan
33.75;9;6;202302;Feb;Fri;Afternoon;Med;Coffee;Barista Espresso;Latte;Astoria
12.50;5;2;202302;Feb;Fri;Afternoon;Low;Tea;Brewed Black tea;English Breakfast Rg;Lower Manhattan
9.75;3;3;202302;Feb;Fri;Afternoon;Low;Bakery;Scone;Cranberry Scone;Astoria
33.75;9;5;202302;Feb;Fri;Afternoon;Med;Coffee;Premium brewed coffee;Jamaican Coffee River Lg;Astoria
18.00;6;3;202302;Feb;Fri;Afternoon;Low;Coffee;Gourmet brewed coffee;Columbian Medium Roast Lg;Lower Manhattan
24.50;7;4;202302;Feb;Fri;Afternoon;Med;Coffee;Organic brewed coffee;Brazilian Lg;Hell's Kitchen
5.90;2;2;202302;Feb;Fri;Afternoon;Low;Bakery;Scone;Ginger Scone;Hell's Kitchen
15.00;6;4;202302;Feb;Fri;Afternoon;Low;Tea;Brewed herbal tea;Peppermint Rg;Astoria
25.20;9;6;202302;Feb;Fri;Afternoon;Med;Coffee;Barista Espresso;Ouro Brasileiro shot;Hell's Kitchen
17.50;7;4;202302;Feb;Fri;Afternoon;Low;Tea;Brewed Chai tea;Traditional Blend Chai Rg;Lower Manhattan
7.50;2;2;202302;Feb;Fri;Afternoon;Low;Bakery;Pastry;Chocolate Croissant;Lower Manhattan
18.75;5;3;202302;Feb;Fri;Afternoon;Low;Drinking Chocolate;Hot chocolate;Sustainably Grown Organic Rg;Lower Manhattan
6.20;2;1;202302;Feb;Fri;Afternoon;Low;Coffee;Premium brewed coffee;Jamaican Coffee River Rg;Lower Manhattan
28.00;7;5;202302;Feb;Fri;Afternoon;Med;Tea;Brewed Chai tea;Morning Sunrise Chai Lg;Hell's Kitchen
6.00;2;2;202302;Feb;Fri;Afternoon;Low;Bakery;Scone;Oatmeal Scone;Lower Manhattan
9.75;3;3;202302;Feb;Fri;Afternoon;Low;Bakery;Biscotti;Hazelnut Biscotti;Astoria
3.00;1;1;202302;Feb;Fri;Afternoon;Low;Bakery;Scone;Oatmeal Scone;Hell's Kitchen
6.00;3;2;202302;Feb;Fri;Afternoon;Low;Coffee;Gourmet brewed coffee;Columbian Medium Roast Sm;Astoria
17.50;7;5;202302;Feb;Fri;Afternoon;Low;Tea;Brewed Black tea;English Breakfast Rg;Astoria
18.00;6;4;202302;Feb;Fri;Afternoon;Low;Coffee;Barista Espresso;Espresso shot;Lower Manhattan
22.50;9;5;202302;Feb;Fri;Afternoon;Med;Tea;Brewed Black tea;Earl Grey Rg;Astoria
15.00;5;3;202302;Feb;Fri;Afternoon;Low;Tea;Brewed Chai tea;Traditional Blend Chai Lg;Lower Manhattan
29.75;7;4;202302;Feb;Fri;Afternoon;Med;Coffee;Barista Espresso;Cappuccino Lg;Lower Manhattan
22.50;9;6;202302;Feb;Fri;Afternoon;Med;Tea;Brewed herbal tea;Lemon Grass Rg;Hell's Kitchen
11.00;5;4;202302;Feb;Fri;Afternoon;Low;Coffee;Gourmet brewed coffee;Ethiopia Sm;Lower Manhattan
5.10;2;2;202302;Feb;Fri;Afternoon;Low;Tea;Brewed Chai tea;Spicy Eye Opener Chai Rg;Hell's Kitchen
3.75;1;1;202302;Feb;Fri;Afternoon;Low;Bakery;Scone;Jumbo Savory Scone;Hell's Kitchen
10.50;3;3;202302;Feb;Fri;Afternoon;Low;Bakery;Biscotti;Chocolate Chip Biscotti;Lower Manhattan
11.25;3;3;202302;Feb;Fri;Afternoon;Low;Bakery;Pastry;Chocolate Croissant;Astoria
17.50;5;4;202302;Feb;Fri;Afternoon;Low;Drinking Chocolate;Hot chocolate;Dark chocolate Rg;Lower Manhattan
22.80;10;5;202302;Feb;Fri;Afternoon;Med;Coffee;Barista Espresso;Ouro Brasileiro shot;Lower Manhattan
18.75;5;3;202302;Feb;Fri;Afternoon;Low;Coffee;Barista Espresso;Cappuccino;Astoria
3.00;1;1;202302;Feb;Fri;Night;Low;Tea;Brewed Chai tea;Traditional Blend Chai Lg;Hell's Kitchen
2.50;1;1;202302;Feb;Fri;Evening;Low;Tea;Brewed herbal tea;Lemon Grass Rg;Astoria
37.40;17;11;202302;Feb;Fri;Evening;Med;Coffee;Organic brewed coffee;Brazilian Sm;Astoria
20.40;8;5;202302;Feb;Fri;Evening;very high;Tea;Brewed Chai tea;Spicy Eye Opener Chai Rg;Astoria
11.25;3;2;202302;Feb;Fri;Evening;Low;Coffee;Barista Espresso;Cappuccino;Lower Manhattan
21.00;7;5;202302;Feb;Fri;Evening;Med;Tea;Brewed Green tea;Serenity Green Tea Lg;Hell's Kitchen
12.25;5;3;202302;Feb;Fri;Evening;Low;Coffee;Premium brewed coffee;Jamaican Coffee River Sm;Astoria
20.00;10;6;202302;Feb;Fri;Evening;Low;Coffee;Drip coffee;Our Old Time Diner Blend Sm;Astoria
12.00;4;3;202302;Feb;Fri;Evening;Low;Tea;Brewed Green tea;Serenity Green Tea Lg;Astoria
26.25;7;4;202302;Feb;Fri;Evening;Med;Coffee;Barista Espresso;Latte;Hell's Kitchen
31.50;9;7;202302;Feb;Fri;Evening;Med;Drinking Chocolate;Hot chocolate;Dark chocolate Rg;Astoria
11.25;3;3;202302;Feb;Fri;Evening;Low;Drinking Chocolate;Hot chocolate;Sustainably Grown Organic Rg;Hell's Kitchen
7.00;2;2;202302;Feb;Fri;Evening;Low;Bakery;Biscotti;Chocolate Chip Biscotti;Hell's Kitchen
17.50;7;4;202302;Feb;Fri;Evening;Low;Tea;Brewed Chai tea;Traditional Blend Chai Rg;Astoria
27.50;11;6;202302;Feb;Fri;Evening;Med;Tea;Brewed Chai tea;Morning Sunrise Chai Rg;Hell's Kitchen
21.25;5;3;202302;Feb;Fri;Evening;Med;Coffee;Barista Espresso;Latte Rg;Lower Manhattan
10.50;3;3;202302;Feb;Fri;Evening;Low;Bakery;Pastry;Croissant;Lower Manhattan
6.00;2;2;202302;Feb;Fri;Evening;Low;Bakery;Scone;Oatmeal Scone;Lower Manhattan
30.00;10;6;202302;Feb;Fri;Evening;Med;Tea;Brewed Black tea;English Breakfast Lg;Astoria
47.50;10;7;202302;Feb;Fri;Evening;High;Drinking Chocolate;Hot chocolate;Sustainably Grown Organic Lg;Astoria
13.00;4;4;202302;Feb;Fri;Evening;Low;Bakery;Scone;Cranberry Scone;Astoria
22.50;6;6;202302;Feb;Fri;Evening;Med;Bakery;Pastry;Almond Croissant;Astoria
17.50;7;5;202302;Feb;Fri;Evening;Low;Coffee;Gourmet brewed coffee;Columbian Medium Roast Rg;Hell's Kitchen
15.00;5;3;202302;Feb;Fri;Evening;Low;Coffee;Barista Espresso;Ouro Brasileiro shot;Lower Manhattan
9.00;3;2;202302;Feb;Fri;Evening;Low;Coffee;Gourmet brewed coffee;Columbian Medium Roast Lg;Lower Manhattan
6.00;2;2;202302;Feb;Fri;Evening;Low;Tea;Brewed Black tea;Earl Grey Lg;Astoria
18.00;4;4;202302;Feb;Fri;Evening;Low;Bakery;Scone;Scottish Cream Scone ;Astoria
30.00;8;5;202302;Feb;Fri;Evening;Med;Drinking Chocolate;Hot chocolate;Sustainably Grown Organic Rg;Astoria
4.75;1;1;202302;Feb;Fri;Evening;Low;Drinking Chocolate;Hot chocolate;Sustainably Grown Organic Lg;Lower Manhattan
7.50;3;2;202302;Feb;Fri;Evening;Low;Tea;Brewed Black tea;English Breakfast Rg;Hell's Kitchen
9.00;3;2;202302;Feb;Fri;Evening;Low;Coffee;Gourmet brewed coffee;Ethiopia Rg;Astoria
54.00;12;7;202302;Feb;Fri;Evening;High;Drinking Chocolate;Hot chocolate;Dark chocolate Lg;Astoria
21.00;6;5;202302;Feb;Fri;Evening;Med;Coffee;Gourmet brewed coffee;Ethiopia Lg;Astoria
17.60;8;5;202302;Feb;Fri;Evening;Low;Coffee;Gourmet brewed coffee;Ethiopia Sm;Hell's Kitchen
9.00;2;1;202302;Feb;Fri;Evening;Low;Drinking Chocolate;Hot chocolate;Dark chocolate Lg;Lower Manhattan
12.00;4;4;202302;Feb;Fri;Evening;Low;Tea;Brewed Black tea;Earl Grey Lg;Lower Manhattan
42.00;14;10;202302;Feb;Fri;Evening;High;Coffee;Gourmet brewed coffee;Columbian Medium Roast Lg;Astoria
22.50;9;5;202302;Feb;Fri;Evening;Med;Tea;Brewed Black tea;English Breakfast Rg;Astoria
25.50;6;4;202302;Feb;Fri;Evening;Med;Coffee;Barista Espresso;Cappuccino Lg;Astoria
15.00;4;4;202302;Feb;Fri;Evening;Low;Bakery;Pastry;Chocolate Croissant;Astoria
14.25;3;2;202302;Feb;Fri;Evening;Low;Drinking Chocolate;Hot chocolate;Sustainably Grown Organic Lg;Hell's Kitchen
7.50;2;2;202302;Feb;Fri;Evening;Low;Bakery;Scone;Jumbo Savory Scone;Lower Manhattan
3.50;1;1;202302;Feb;Fri;Evening;Low;Drinking Chocolate;Hot chocolate;Dark chocolate Rg;Lower Manhattan
14.00;7;5;202302;Feb;Fri;Evening;Low;Coffee;Drip coffee;Our Old Time Diner Blend Sm;Hell's Kitchen
14.00;4;3;202302;Feb;Fri;Evening;Low;Drinking Chocolate;Hot chocolate;Dark chocolate Rg;Hell's Kitchen
9.00;2;2;202302;Feb;Fri;Evening;Low;Bakery;Scone;Scottish Cream Scone ;Hell's Kitchen
9.30;3;2;202302;Feb;Fri;Evening;Low;Tea;Brewed Chai tea;Spicy Eye Opener Chai Lg;Lower Manhattan
18.75;5;3;202302;Feb;Fri;Evening;Low;Coffee;Barista Espresso;Cappuccino;Hell's Kitchen
2.55;1;1;202302;Feb;Fri;Evening;Low;Tea;Brewed Chai tea;Spicy Eye Opener Chai Rg;Lower Manhattan
7.50;2;2;202302;Feb;Fri;Evening;Low;Coffee;Premium brewed coffee;Jamaican Coffee River Lg;Lower Manhattan
12.50;5;4;202302;Feb;Fri;Evening;Low;Coffee;Drip coffee;Our Old Time Diner Blend Rg;Hell's Kitchen
33.75;9;7;202302;Feb;Fri;Evening;Med;Coffee;Barista Espresso;Latte;Astoria
15.30;6;5;202302;Feb;Fri;Evening;Low;Tea;Brewed Chai tea;Spicy Eye Opener Chai Rg;Hell's Kitchen
22.50;9;6;202302;Feb;Fri;Evening;Med;Tea;Brewed Black tea;Earl Grey Rg;Hell's Kitchen
9.75;3;3;202302;Feb;Fri;Evening;Low;Bakery;Biscotti;Hazelnut Biscotti;Hell's Kitchen
12.00;4;2;202302;Feb;Fri;Evening;Low;Coffee;Gourmet brewed coffee;Ethiopia Rg;Hell's Kitchen
22.50;5;3;202302;Feb;Fri;Evening;Med;Drinking Chocolate;Hot chocolate;Dark chocolate Lg;Hell's Kitchen
13.20;6;3;202302;Feb;Fri;Evening;Low;Coffee;Organic brewed coffee;Brazilian Sm;Hell's Kitchen
24.00;6;4;202302;Feb;Fri;Evening;Med;Tea;Brewed Chai tea;Morning Sunrise Chai Lg;Astoria
21.00;7;5;202302;Feb;Fri;Evening;Med;Tea;Brewed herbal tea;Peppermint Lg;Astoria
3.10;1;1;202302;Feb;Fri;Evening;Low;Coffee;Premium brewed coffee;Jamaican Coffee River Rg;Astoria
12.00;4;3;202302;Feb;Fri;Evening;Low;Coffee;Barista Espresso;Espresso shot;Lower Manhattan
7.50;2;1;202302;Feb;Fri;Evening;Low;Coffee;Barista Espresso;Latte;Lower Manhattan
20.00;10;5;202302;Feb;Fri;Evening;Low;Coffee;Drip coffee;Our Old Time Diner Blend Sm;Lower Manhattan
15.00;5;3;202302;Feb;Fri;Evening;Low;Tea;Brewed Black tea;English Breakfast Lg;Lower Manhattan
18.75;5;5;202302;Feb;Fri;Evening;Low;Bakery;Pastry;Almond Croissant;Hell's Kitchen
30.00;10;6;202302;Feb;Fri;Evening;Med;Coffee;Barista Espresso;Espresso shot;Astoria
35.00;10;6;202302;Feb;Fri;Evening;Med;Coffee;Organic brewed coffee;Brazilian Lg;Hell's Kitchen
3.25;1;1;202302;Feb;Fri;Evening;Low;Bakery;Scone;Ginger Scone;Hell's Kitchen
12.40;4;2;202302;Feb;Fri;Evening;Low;Coffee;Premium brewed coffee;Jamaican Coffee River Rg;Lower Manhattan
27.00;9;5;202302;Feb;Fri;Evening;Med;Tea;Brewed herbal tea;Peppermint Lg;Hell's Kitchen
18.00;6;5;202302;Feb;Fri;Evening;Low;Coffee;Drip coffee;Our Old Time Diner Blend Lg;Hell's Kitchen
7.50;3;3;202302;Feb;Fri;Evening;Low;Tea;Brewed herbal tea;Lemon Grass Rg;Hell's Kitchen
24.00;6;4;202302;Feb;Fri;Evening;Med;Tea;Brewed Chai tea;Morning Sunrise Chai Lg;Hell's Kitchen
10.50;3;3;202302;Feb;Fri;Evening;Low;Bakery;Biscotti;Ginger Biscotti;Hell's Kitchen
18.00;6;4;202302;Feb;Fri;Evening;Low;Tea;Brewed herbal tea;Lemon Grass Lg;Hell's Kitchen
18.00;6;4;202302;Feb;Fri;Evening;Low;Coffee;Barista Espresso;Ouro Brasileiro shot;Hell's Kitchen
8.50;2;2;202302;Feb;Fri;Evening;Low;Coffee;Barista Espresso;Cappuccino Lg;Hell's Kitchen
3.50;1;1;202302;Feb;Fri;Evening;Low;Bakery;Pastry;Croissant;Hell's Kitchen
30.00;10;7;202302;Feb;Fri;Evening;Med;Tea;Brewed Chai tea;Traditional Blend Chai Lg;Astoria
15.00;5;3;202302;Feb;Fri;Evening;Low;Coffee;Drip coffee;Our Old Time Diner Blend Lg;Astoria
13.00;4;4;202302;Feb;Fri;Evening;Low;Bakery;Biscotti;Hazelnut Biscotti;Astoria
9.00;3;3;202302;Feb;Fri;Evening;Low;Tea;Brewed herbal tea;Lemon Grass Lg;Astoria
27.50;11;7;202302;Feb;Fri;Evening;Med;Tea;Brewed Black tea;Earl Grey Rg;Astoria
7.00;2;2;202302;Feb;Fri;Evening;Low;Bakery;Pastry;Croissant;Astoria
7.35;3;2;202302;Feb;Fri;Evening;Low;Coffee;Premium brewed coffee;Jamaican Coffee River Sm;Hell's Kitchen
7.50;3;3;202302;Feb;Fri;Evening;Low;Coffee;Gourmet brewed coffee;Columbian Medium Roast Rg;Astoria
7.50;3;2;202302;Feb;Fri;Evening;Low;Tea;Brewed herbal tea;Peppermint Rg;Hell's Kitchen
18.75;5;3;202302;Feb;Fri;Evening;Low;Coffee;Premium brewed coffee;Jamaican Coffee River Lg;Hell's Kitchen
20.00;8;4;202302;Feb;Fri;Evening;Low;Tea;Brewed Chai tea;Morning Sunrise Chai Rg;Astoria
15.00;5;4;202302;Feb;Fri;Evening;Low;Coffee;Organic brewed coffee;Brazilian Rg;Astoria
7.50;3;2;202302;Feb;Fri;Evening;Low;Tea;Brewed Green tea;Serenity Green Tea Rg;Hell's Kitchen
4.00;2;2;202302;Feb;Fri;Evening;Low;Coffee;Gourmet brewed coffee;Columbian Medium Roast Sm;Astoria
6.20;2;2;202302;Feb;Fri;Evening;Low;Coffee;Premium brewed coffee;Jamaican Coffee River Rg;Hell's Kitchen
7.50;3;2;202302;Feb;Fri;Evening;Low;Tea;Brewed Chai tea;Traditional Blend Chai Rg;Hell's Kitchen
42.50;17;12;202302;Feb;Sat;Morning;High;Tea;Brewed herbal tea;Lemon Grass Rg;Lower Manhattan
30.60;12;7;202302;Feb;Sat;Morning;Med;Tea;Brewed Chai tea;Spicy Eye Opener Chai Rg;Lower Manhattan
27.90;9;4;202302;Feb;Sat;Morning;Med;Tea;Brewed Chai tea;Spicy Eye Opener Chai Lg;Lower Manhattan
51.00;17;10;202302;Feb;Sat;Morning;High;Tea;Brewed Chai tea;Traditional Blend Chai Lg;Lower Manhattan
48.00;16;9;202302;Feb;Sat;Morning;High;Tea;Brewed herbal tea;Peppermint Lg;Lower Manhattan
15.00;4;4;202302;Feb;Sat;Morning;Low;Bakery;Pastry;Almond Croissant;Lower Manhattan
15.00;6;4;202302;Feb;Sat;Morning;Low;Tea;Brewed Black tea;English Breakfast Rg;Lower Manhattan
17.50;5;5;202302;Feb;Sat;Morning;Low;Bakery;Pastry;Croissant;Lower Manhattan
24.50;7;5;202302;Feb;Sat;Morning;Med;Drinking Chocolate;Hot chocolate;Dark chocolate Rg;Lower Manhattan
30.80;14;8;202302;Feb;Sat;Morning;Med;Coffee;Gourmet brewed coffee;Ethiopia Sm;Lower Manhattan
24.50;7;5;202302;Feb;Sat;Morning;Med;Coffee;Gourmet brewed coffee;Ethiopia Lg;Lower Manhattan
68.00;16;11;202302;Feb;Sat;Morning;very high;Coffee;Barista Espresso;Latte Rg;Hell's Kitchen
85.50;18;13;202302;Feb;Sat;Morning;very high;Drinking Chocolate;Hot chocolate;Sustainably Grown Organic Lg;Hell's Kitchen
22.75;7;7;202302;Feb;Sat;Morning;Med;Bakery;Scone;Ginger Scone;Hell's Kitchen
46.75;11;8;202302;Feb;Sat;Morning;High;Coffee;Barista Espresso;Cappuccino Lg;Lower Manhattan
27.50;11;8;202302;Feb;Sat;Morning;Med;Tea;Brewed Black tea;Earl Grey Rg;Hell's Kitchen
22.00;11;8;202302;Feb;Sat;Morning;Med;Coffee;Drip coffee;Our Old Time Diner Blend Sm;Lower Manhattan
51.00;17;11;202302;Feb;Sat;Morning;High;Tea;Brewed Black tea;English Breakfast Lg;Hell's Kitchen
42.50;17;13;202302;Feb;Sat;Morning;High;Tea;Brewed Green tea;Serenity Green Tea Rg;Hell's Kitchen
18.75;5;5;202302;Feb;Sat;Morning;Low;Bakery;Scone;Jumbo Savory Scone;Hell's Kitchen
39.00;13;8;202302;Feb;Sat;Morning;Med;Coffee;Barista Espresso;Espresso shot;Lower Manhattan
30.00;12;8;202302;Feb;Sat;Morning;Med;Coffee;Gourmet brewed coffee;Columbian Medium Roast Rg;Hell's Kitchen
37.50;15;9;202302;Feb;Sat;Morning;Med;Coffee;Drip coffee;Our Old Time Diner Blend Rg;Lower Manhattan
26.40;12;8;202302;Feb;Sat;Morning;Med;Coffee;Gourmet brewed coffee;Ethiopia Sm;Hell's Kitchen
32.50;13;7;202302;Feb;Sat;Morning;Med;Tea;Brewed Chai tea;Morning Sunrise Chai Rg;Lower Manhattan
52.50;14;14;202302;Feb;Sat;Morning;High;Bakery;Pastry;Chocolate Croissant;Lower Manhattan
48.00;16;10;202302;Feb;Sat;Morning;High;Tea;Brewed Green tea;Serenity Green Tea Lg;Hell's Kitchen
58.90;19;11;202302;Feb;Sat;Morning;High;Coffee;Premium brewed coffee;Jamaican Coffee River Rg;Hell's Kitchen
28.00;14;7;202302;Feb;Sat;Morning;Med;Coffee;Gourmet brewed coffee;Columbian Medium Roast Sm;Lower Manhattan
30.00;12;9;202302;Feb;Sat;Morning;Med;Tea;Brewed herbal tea;Peppermint Rg;Hell's Kitchen
39.00;12;12;202302;Feb;Sat;Morning;Med;Bakery;Biscotti;Hazelnut Biscotti;Lower Manhattan
22.05;9;5;202302;Feb;Sat;Morning;Med;Coffee;Premium brewed coffee;Jamaican Coffee River Sm;Lower Manhattan
76.00;19;9;202302;Feb;Sat;Morning;very high;Tea;Brewed Chai tea;Morning Sunrise Chai Lg;Lower Manhattan
35.40;13;10;202302;Feb;Sat;Morning;Med;Coffee;Barista Espresso;Ouro Brasileiro shot;Hell's Kitchen
15.00;4;4;202302;Feb;Sat;Morning;Low;Coffee;Premium brewed coffee;Jamaican Coffee River Lg;Lower Manhattan
21.00;7;6;202302;Feb;Sat;Morning;Med;Coffee;Drip coffee;Our Old Time Diner Blend Lg;Hell's Kitchen
56.00;16;11;202302;Feb;Sat;Morning;High;Coffee;Gourmet brewed coffee;Ethiopia Lg;Hell's Kitchen
45.00;18;11;202302;Feb;Sat;Morning;High;Tea;Brewed herbal tea;Peppermint Rg;Lower Manhattan
54.00;18;9;202302;Feb;Sat;Morning;High;Coffee;Gourmet brewed coffee;Ethiopia Rg;Lower Manhattan
13.00;4;4;202302;Feb;Sat;Morning;Low;Bakery;Scone;Cranberry Scone;Lower Manhattan
22.50;6;3;202302;Feb;Sat;Morning;Med;Coffee;Barista Espresso;Cappuccino;Lower Manhattan
60.00;15;10;202302;Feb;Sat;Morning;High;Tea;Brewed Chai tea;Morning Sunrise Chai Lg;Hell's Kitchen
7.00;2;2;202302;Feb;Sat;Morning;Low;Bakery;Biscotti;Chocolate Chip Biscotti;Lower Manhattan
11.00;5;5;202302;Feb;Sat;Morning;Low;Coffee;Organic brewed coffee;Brazilian Sm;Hell's Kitchen
41.65;17;11;202302;Feb;Sat;Morning;High;Coffee;Premium brewed coffee;Jamaican Coffee River Sm;Hell's Kitchen
66.50;19;10;202302;Feb;Sat;Morning;very high;Coffee;Organic brewed coffee;Brazilian Lg;Lower Manhattan
30.00;12;8;202302;Feb;Sat;Morning;Med;Tea;Brewed Black tea;English Breakfast Rg;Hell's Kitchen
15.50;5;3;202302;Feb;Sat;Morning;Low;Coffee;Premium brewed coffee;Jamaican Coffee River Rg;Lower Manhattan
22.50;6;6;202302;Feb;Sat;Morning;Med;Bakery;Pastry;Almond Croissant;Hell's Kitchen
36.00;12;8;202302;Feb;Sat;Morning;Med;Coffee;Organic brewed coffee;Brazilian Rg;Hell's Kitchen
51.00;12;9;202302;Feb;Sat;Morning;High;Coffee;Barista Espresso;Cappuccino Lg;Hell's Kitchen
60.00;16;9;202302;Feb;Sat;Morning;High;Coffee;Barista Espresso;Cappuccino;Hell's Kitchen
41.25;11;9;202302;Feb;Sat;Morning;High;Coffee;Barista Espresso;Latte;Lower Manhattan
35.00;10;6;202302;Feb;Sat;Morning;Med;Coffee;Organic brewed coffee;Brazilian Lg;Hell's Kitchen
35.00;14;10;202302;Feb;Sat;Morning;Med;Tea;Brewed Black tea;Earl Grey Rg;Lower Manhattan
33.00;11;7;202302;Feb;Sat;Morning;Med;Tea;Brewed Black tea;English Breakfast Lg;Lower Manhattan
28.00;14;9;202302;Feb;Sat;Morning;Med;Coffee;Drip coffee;Our Old Time Diner Blend Sm;Hell's Kitchen
27.00;9;6;202302;Feb;Sat;Morning;Med;Tea;Brewed Black tea;Earl Grey Lg;Lower Manhattan
40.00;16;9;202302;Feb;Sat;Morning;Med;Tea;Brewed Green tea;Serenity Green Tea Rg;Lower Manhattan
71.25;19;13;202302;Feb;Sat;Morning;very high;Coffee;Barista Espresso;Latte;Hell's Kitchen
22.50;5;5;202302;Feb;Sat;Morning;Med;Bakery;Scone;Scottish Cream Scone ;Hell's Kitchen
44.00;20;12;202302;Feb;Sat;Morning;High;Coffee;Gourmet brewed coffee;Ethiopia Sm;Astoria
16.00;8;5;202302;Feb;Sat;Morning;Low;Coffee;Gourmet brewed coffee;Columbian Medium Roast Sm;Hell's Kitchen
25.50;10;7;202302;Feb;Sat;Morning;Med;Coffee;Barista Espresso;Ouro Brasileiro shot;Lower Manhattan
31.50;9;7;202302;Feb;Sat;Morning;Med;Drinking Chocolate;Hot chocolate;Dark chocolate Rg;Astoria
26.00;8;8;202302;Feb;Sat;Morning;Med;Bakery;Biscotti;Hazelnut Biscotti;Hell's Kitchen
42.50;10;6;202302;Feb;Sat;Morning;High;Coffee;Barista Espresso;Latte Rg;Astoria
42.00;14;9;202302;Feb;Sat;Morning;High;Tea;Brewed Chai tea;Traditional Blend Chai Lg;Hell's Kitchen
24.50;7;5;202302;Feb;Sat;Morning;Med;Coffee;Gourmet brewed coffee;Ethiopia Lg;Astoria
22.50;9;7;202302;Feb;Sat;Morning;Med;Coffee;Drip coffee;Our Old Time Diner Blend Rg;Hell's Kitchen
48.00;16;8;202302;Feb;Sat;Morning;High;Coffee;Gourmet brewed coffee;Columbian Medium Roast Lg;Lower Manhattan
32.50;13;9;202302;Feb;Sat;Morning;Med;Tea;Brewed herbal tea;Peppermint Rg;Astoria
45.90;18;10;202302;Feb;Sat;Morning;High;Tea;Brewed Chai tea;Spicy Eye Opener Chai Rg;Hell's Kitchen
38.50;11;8;202302;Feb;Sat;Morning;Med;Drinking Chocolate;Hot chocolate;Dark chocolate Rg;Hell's Kitchen
48.75;13;8;202302;Feb;Sat;Morning;High;Coffee;Barista Espresso;Cappuccino;Astoria
14.00;4;4;202302;Feb;Sat;Morning;Low;Bakery;Biscotti;Ginger Biscotti;Astoria
52.50;14;9;202302;Feb;Sat;Morning;High;Drinking Chocolate;Hot chocolate;Sustainably Grown Organic Rg;Astoria
18.00;6;4;202302;Feb;Sat;Morning;Low;Tea;Brewed herbal tea;Lemon Grass Lg;Lower Manhattan
17.50;7;5;202302;Feb;Sat;Morning;Low;Coffee;Gourmet brewed coffee;Columbian Medium Roast Rg;Astoria
36.00;12;8;202302;Feb;Sat;Morning;Med;Coffee;Barista Espresso;Espresso shot;Astoria
85.50;19;12;202302;Feb;Sat;Morning;very high;Drinking Chocolate;Hot chocolate;Dark chocolate Lg;Astoria
37.50;10;7;202302;Feb;Sat;Morning;Med;Drinking Chocolate;Hot chocolate;Sustainably Grown Organic Rg;Hell's Kitchen
39.00;13;9;202302;Feb;Sat;Morning;Med;Coffee;Barista Espresso;Espresso shot;Hell's Kitchen
37.50;15;10;202302;Feb;Sat;Morning;Med;Tea;Brewed Chai tea;Traditional Blend Chai Rg;Hell's Kitchen
36.00;12;7;202302;Feb;Sat;Morning;Med;Coffee;Organic brewed coffee;Brazilian Rg;Astoria
66.50;19;12;202302;Feb;Sat;Morning;very high;Coffee;Organic brewed coffee;Brazilian Lg;Astoria
27.00;9;5;202302;Feb;Sat;Morning;Med;Tea;Brewed Green tea;Serenity Green Tea Lg;Lower Manhattan
3.00;1;1;202302;Feb;Sat;Night;Low;Tea;Brewed herbal tea;Peppermint Lg;Astoria
29.40;12;8;202302;Feb;Sat;Afternoon;Med;Coffee;Premium brewed coffee;Jamaican Coffee River Sm;Astoria
28.00;7;5;202302;Feb;Sat;Afternoon;Med;Tea;Brewed Chai tea;Morning Sunrise Chai Lg;Astoria
24.00;8;6;202302;Feb;Sat;Afternoon;Med;Tea;Brewed herbal tea;Peppermint Lg;Lower Manhattan
10.00;5;3;202302;Feb;Sat;Afternoon;Low;Coffee;Drip coffee;Our Old Time Diner Blend Sm;Lower Manhattan
22.50;9;5;202302;Feb;Sat;Afternoon;Med;Tea;Brewed Chai tea;Traditional Blend Chai Rg;Astoria
20.10;7;5;202302;Feb;Sat;Afternoon;very high;Coffee;Barista Espresso;Ouro Brasileiro shot;Hell's Kitchen
25.00;10;7;202302;Feb;Sat;Afternoon;Med;Coffee;Gourmet brewed coffee;Columbian Medium Roast Rg;Astoria
30.00;8;5;202302;Feb;Sat;Afternoon;Med;Coffee;Premium brewed coffee;Jamaican Coffee River Lg;Astoria
21.00;7;5;202302;Feb;Sat;Afternoon;Med;Coffee;Drip coffee;Our Old Time Diner Blend Lg;Hell's Kitchen
15.00;5;4;202302;Feb;Sat;Afternoon;Low;Tea;Brewed Chai tea;Traditional Blend Chai Lg;Lower Manhattan
25.00;10;5;202302;Feb;Sat;Afternoon;Med;Tea;Brewed Chai tea;Morning Sunrise Chai Rg;Lower Manhattan
27.00;6;6;202302;Feb;Sat;Afternoon;Med;Bakery;Scone;Scottish Cream Scone ;Lower Manhattan
18.00;6;4;202302;Feb;Sat;Afternoon;Low;Coffee;Drip coffee;Our Old Time Diner Blend Lg;Astoria
58.50;13;7;202302;Feb;Sat;Afternoon;High;Drinking Chocolate;Hot chocolate;Dark chocolate Lg;Astoria
11.25;3;3;202302;Feb;Sat;Afternoon;Low;Bakery;Pastry;Chocolate Croissant;Astoria
22.50;9;7;202302;Feb;Sat;Afternoon;Med;Tea;Brewed Black tea;English Breakfast Rg;Astoria
18.00;6;4;202302;Feb;Sat;Afternoon;Low;Tea;Brewed herbal tea;Lemon Grass Lg;Astoria
9.00;3;3;202302;Feb;Sat;Afternoon;Low;Tea;Brewed Green tea;Serenity Green Tea Lg;Hell's Kitchen
24.50;7;4;202302;Feb;Sat;Afternoon;Med;Drinking Chocolate;Hot chocolate;Dark chocolate Rg;Astoria
57.00;19;11;202302;Feb;Sat;Afternoon;High;Tea;Brewed Black tea;English Breakfast Lg;Lower Manhattan
15.00;4;3;202302;Feb;Sat;Afternoon;Low;Coffee;Barista Espresso;Latte;Astoria
34.00;8;6;202302;Feb;Sat;Afternoon;Med;Coffee;Barista Espresso;Cappuccino Lg;Lower Manhattan
33.75;9;5;202302;Feb;Sat;Afternoon;Med;Coffee;Premium brewed coffee;Jamaican Coffee River Lg;Lower Manhattan
16.25;5;5;202302;Feb;Sat;Afternoon;Low;Bakery;Biscotti;Hazelnut Biscotti;Astoria
7.50;2;1;202302;Feb;Sat;Afternoon;Low;Drinking Chocolate;Hot chocolate;Sustainably Grown Organic Rg;Astoria
30.00;10;7;202302;Feb;Sat;Afternoon;Med;Coffee;Gourmet brewed coffee;Columbian Medium Roast Lg;Astoria
30.00;8;6;202302;Feb;Sat;Afternoon;Med;Drinking Chocolate;Hot chocolate;Sustainably Grown Organic Rg;Hell's Kitchen
6.00;3;2;202302;Feb;Sat;Afternoon;Low;Coffee;Gourmet brewed coffee;Columbian Medium Roast Sm;Astoria
10.00;4;3;202302;Feb;Sat;Afternoon;Low;Tea;Brewed Black tea;English Breakfast Rg;Lower Manhattan
25.50;10;6;202302;Feb;Sat;Afternoon;Med;Tea;Brewed Chai tea;Spicy Eye Opener Chai Rg;Astoria
15.00;6;5;202302;Feb;Sat;Afternoon;Low;Tea;Brewed Green tea;Serenity Green Tea Rg;Hell's Kitchen
9.00;3;2;202302;Feb;Sat;Afternoon;Low;Coffee;Gourmet brewed coffee;Ethiopia Rg;Hell's Kitchen
11.00;5;4;202302;Feb;Sat;Afternoon;Low;Coffee;Gourmet brewed coffee;Ethiopia Sm;Astoria
16.00;8;5;202302;Feb;Sat;Afternoon;Low;Coffee;Gourmet brewed coffee;Columbian Medium Roast Sm;Hell's Kitchen
9.00;3;2;202302;Feb;Sat;Afternoon;Low;Coffee;Organic brewed coffee;Brazilian Rg;Hell's Kitchen
13.50;3;3;202302;Feb;Sat;Afternoon;Low;Bakery;Scone;Scottish Cream Scone ;Hell's Kitchen
27.00;9;6;202302;Feb;Sat;Afternoon;Med;Tea;Brewed Chai tea;Traditional Blend Chai Lg;Astoria
17.00;4;3;202302;Feb;Sat;Afternoon;Low;Coffee;Barista Espresso;Cappuccino Lg;Astoria
14.00;4;4;202302;Feb;Sat;Afternoon;Low;Bakery;Pastry;Croissant;Astoria
31.50;9;6;202302;Feb;Sat;Afternoon;Med;Coffee;Gourmet brewed coffee;Ethiopia Lg;Hell's Kitchen
4.40;2;2;202302;Feb;Sat;Afternoon;Low;Coffee;Organic brewed coffee;Brazilian Sm;Lower Manhattan
19.80;9;6;202302;Feb;Sat;Afternoon;Low;Coffee;Organic brewed coffee;Brazilian Sm;Hell's Kitchen
15.00;5;4;202302;Feb;Sat;Afternoon;Low;Tea;Brewed Black tea;English Breakfast Lg;Astoria
24.00;8;5;202302;Feb;Sat;Afternoon;Med;Coffee;Organic brewed coffee;Brazilian Rg;Astoria
18.75;5;3;202302;Feb;Sat;Afternoon;Low;Coffee;Barista Espresso;Latte;Hell's Kitchen
10.50;3;2;202302;Feb;Sat;Afternoon;Low;Coffee;Gourmet brewed coffee;Ethiopia Lg;Lower Manhattan
10.00;4;4;202302;Feb;Sat;Afternoon;Low;Tea;Brewed herbal tea;Peppermint Rg;Lower Manhattan
25.00;10;7;202302;Feb;Sat;Afternoon;Med;Tea;Brewed Chai tea;Morning Sunrise Chai Rg;Hell's Kitchen
17.15;7;5;202302;Feb;Sat;Afternoon;Low;Coffee;Premium brewed coffee;Jamaican Coffee River Sm;Hell's Kitchen
24.00;8;5;202302;Feb;Sat;Afternoon;Med;Tea;Brewed herbal tea;Peppermint Lg;Astoria
16.25;5;5;202302;Feb;Sat;Afternoon;Low;Bakery;Scone;Cranberry Scone;Astoria
46.75;11;7;202302;Feb;Sat;Afternoon;High;Coffee;Barista Espresso;Latte Rg;Astoria
12.40;4;3;202302;Feb;Sat;Afternoon;Low;Tea;Brewed Chai tea;Spicy Eye Opener Chai Lg;Hell's Kitchen
18.60;6;3;202302;Feb;Sat;Afternoon;Low;Tea;Brewed Chai tea;Spicy Eye Opener Chai Lg;Lower Manhattan
35.00;14;9;202302;Feb;Sat;Afternoon;Med;Tea;Brewed Chai tea;Morning Sunrise Chai Rg;Astoria
17.50;5;3;202302;Feb;Sat;Afternoon;Low;Coffee;Organic brewed coffee;Brazilian Lg;Hell's Kitchen
18.75;5;3;202302;Feb;Sat;Afternoon;Low;Coffee;Barista Espresso;Cappuccino;Hell's Kitchen
3.25;1;1;202302;Feb;Sat;Afternoon;Low;Bakery;Biscotti;Hazelnut Biscotti;Hell's Kitchen
15.00;5;4;202302;Feb;Sat;Afternoon;Low;Tea;Brewed Black tea;Earl Grey Lg;Astoria
35.70;14;8;202302;Feb;Sat;Afternoon;Med;Tea;Brewed Chai tea;Spicy Eye Opener Chai Rg;Lower Manhattan
12.00;4;3;202302;Feb;Sat;Afternoon;Low;Tea;Brewed herbal tea;Lemon Grass Lg;Lower Manhattan
6.20;2;1;202302;Feb;Sat;Afternoon;Low;Coffee;Premium brewed coffee;Jamaican Coffee River Rg;Hell's Kitchen
6.00;2;1;202302;Feb;Sat;Afternoon;Low;Tea;Brewed herbal tea;Peppermint Lg;Hell's Kitchen
17.50;5;3;202302;Feb;Sat;Afternoon;Low;Coffee;Gourmet brewed coffee;Ethiopia Lg;Astoria
18.00;9;5;202302;Feb;Sat;Afternoon;Low;Coffee;Gourmet brewed coffee;Columbian Medium Roast Sm;Lower Manhattan
7.50;3;2;202302;Feb;Sat;Afternoon;Low;Coffee;Drip coffee;Our Old Time Diner Blend Rg;Hell's Kitchen
18.75;5;5;202302;Feb;Sat;Afternoon;Low;Bakery;Pastry;Chocolate Croissant;Lower Manhattan
18.00;6;4;202302;Feb;Sat;Afternoon;Low;Tea;Brewed Black tea;Earl Grey Lg;Hell's Kitchen
5.00;2;1;202302;Feb;Sat;Afternoon;Low;Tea;Brewed herbal tea;Lemon Grass Rg;Lower Manhattan
12.50;5;3;202302;Feb;Sat;Afternoon;Low;Tea;Brewed Black tea;Earl Grey Rg;Astoria
15.00;6;4;202302;Feb;Sat;Afternoon;Low;Coffee;Gourmet brewed coffee;Columbian Medium Roast Rg;Hell's Kitchen
12.00;4;3;202302;Feb;Sat;Afternoon;Low;Coffee;Gourmet brewed coffee;Ethiopia Rg;Lower Manhattan
6.50;2;2;202302;Feb;Sat;Afternoon;Low;Bakery;Scone;Cranberry Scone;Hell's Kitchen
12.00;4;2;202302;Feb;Sat;Afternoon;Low;Coffee;Barista Espresso;Espresso shot;Lower Manhattan
17.50;7;5;202302;Feb;Sat;Afternoon;Low;Tea;Brewed Black tea;Earl Grey Rg;Hell's Kitchen
36.00;8;5;202302;Feb;Sat;Afternoon;Med;Drinking Chocolate;Hot chocolate;Dark chocolate Lg;Lower Manhattan
18.00;6;4;202302;Feb;Sat;Afternoon;Low;Coffee;Gourmet brewed coffee;Columbian Medium Roast Lg;Hell's Kitchen
6.50;2;2;202302;Feb;Sat;Afternoon;Low;Bakery;Scone;Ginger Scone;Lower Manhattan
9.00;3;3;202302;Feb;Sat;Afternoon;Low;Bakery;Scone;Oatmeal Scone;Astoria
3.50;1;1;202302;Feb;Sat;Afternoon;Low;Bakery;Biscotti;Ginger Biscotti;Hell's Kitchen
9.00;3;3;202302;Feb;Sat;Afternoon;Low;Tea;Brewed Black tea;English Breakfast Lg;Hell's Kitchen
15.00;5;3;202302;Feb;Sat;Afternoon;Low;Coffee;Gourmet brewed coffee;Ethiopia Rg;Astoria
20.00;8;3;202302;Feb;Sat;Afternoon;Low;Tea;Brewed Black tea;Earl Grey Rg;Lower Manhattan
26.25;7;6;202302;Feb;Sat;Afternoon;Med;Drinking Chocolate;Hot chocolate;Sustainably Grown Organic Rg;Lower Manhattan
6.00;3;2;202302;Feb;Sat;Afternoon;Low;Coffee;Drip coffee;Our Old Time Diner Blend Sm;Hell's Kitchen
10.00;4;3;202302;Feb;Sat;Afternoon;Low;Tea;Brewed Chai tea;Traditional Blend Chai Rg;Hell's Kitchen
6.50;2;2;202302;Feb;Sat;Afternoon;Low;Bakery;Scone;Ginger Scone;Astoria
20.00;5;3;202302;Feb;Sat;Afternoon;Low;Tea;Brewed Chai tea;Morning Sunrise Chai Lg;Lower Manhattan
28.50;6;5;202302;Feb;Sat;Afternoon;Med;Drinking Chocolate;Hot chocolate;Sustainably Grown Organic Lg;Lower Manhattan
31.50;7;4;202302;Feb;Sat;Afternoon;Med;Drinking Chocolate;Hot chocolate;Dark chocolate Lg;Hell's Kitchen
17.50;5;5;202302;Feb;Sat;Afternoon;Low;Bakery;Biscotti;Chocolate Chip Biscotti;Lower Manhattan
5.00;2;2;202302;Feb;Sat;Afternoon;Low;Coffee;Drip coffee;Our Old Time Diner Blend Rg;Astoria
4.00;2;1;202302;Feb;Sat;Night;Low;Coffee;Gourmet brewed coffee;Columbian Medium Roast Sm;Astoria
3.00;1;1;202302;Feb;Sat;Night;Low;Bakery;Scone;Oatmeal Scone;Astoria
16.00;8;5;202302;Feb;Sat;Evening;Low;Coffee;Drip coffee;Our Old Time Diner Blend Sm;Astoria
9.75;3;3;202302;Feb;Sat;Evening;Low;Bakery;Scone;Ginger Scone;Astoria
15.50;5;3;202302;Feb;Sat;Evening;Low;Coffee;Premium brewed coffee;Jamaican Coffee River Rg;Lower Manhattan
33.75;9;5;202302;Feb;Sat;Evening;Med;Coffee;Barista Espresso;Latte;Lower Manhattan
25.00;10;6;202302;Feb;Sat;Evening;Med;Coffee;Drip coffee;Our Old Time Diner Blend Rg;Astoria
35.00;10;7;202302;Feb;Sat;Evening;Med;Coffee;Gourmet brewed coffee;Ethiopia Lg;Astoria
17.50;5;3;202302;Feb;Sat;Evening;Low;Drinking Chocolate;Hot chocolate;Dark chocolate Rg;Hell's Kitchen
12.75;3;2;202302;Feb;Sat;Evening;Low;Coffee;Barista Espresso;Latte Rg;Lower Manhattan
19.80;9;7;202302;Feb;Sat;Evening;Low;Coffee;Gourmet brewed coffee;Ethiopia Sm;Hell's Kitchen
9.75;3;2;202302;Feb;Sat;Evening;Low;Bakery;Scone;Ginger Scone;Hell's Kitchen
36.00;8;6;202302;Feb;Sat;Evening;Med;Drinking Chocolate;Hot chocolate;Dark chocolate Lg;Hell's Kitchen
39.00;13;8;202302;Feb;Sat;Evening;Med;Coffee;Barista Espresso;Espresso shot;Astoria
19.20;7;5;202302;Feb;Sat;Evening;Low;Coffee;Barista Espresso;Ouro Brasileiro shot;Hell's Kitchen
5.00;2;2;202302;Feb;Sat;Evening;Low;Tea;Brewed Chai tea;Morning Sunrise Chai Rg;Astoria
18.75;5;5;202302;Feb;Sat;Evening;Low;Bakery;Pastry;Chocolate Croissant;Astoria
12.00;4;3;202302;Feb;Sat;Evening;Low;Coffee;Gourmet brewed coffee;Ethiopia Rg;Astoria
12.40;4;4;202302;Feb;Sat;Evening;Low;Tea;Brewed Chai tea;Spicy Eye Opener Chai Lg;Hell's Kitchen
19.00;4;3;202302;Feb;Sat;Evening;Low;Drinking Chocolate;Hot chocolate;Sustainably Grown Organic Lg;Lower Manhattan
22.00;10;6;202302;Feb;Sat;Evening;Med;Coffee;Organic brewed coffee;Brazilian Sm;Hell's Kitchen
6.50;2;2;202302;Feb;Sat;Evening;Low;Bakery;Scone;Cranberry Scone;Hell's Kitchen
14.00;4;4;202302;Feb;Sat;Evening;Low;Bakery;Biscotti;Chocolate Chip Biscotti;Hell's Kitchen
10.00;4;2;202302;Feb;Sat;Evening;Low;Tea;Brewed herbal tea;Lemon Grass Rg;Astoria
9.80;4;2;202302;Feb;Sat;Evening;Low;Coffee;Premium brewed coffee;Jamaican Coffee River Sm;Astoria
22.50;5;4;202302;Feb;Sat;Evening;Med;Drinking Chocolate;Hot chocolate;Dark chocolate Lg;Astoria
30.00;12;8;202302;Feb;Sat;Evening;Med;Tea;Brewed Green tea;Serenity Green Tea Rg;Astoria
14.70;6;4;202302;Feb;Sat;Evening;Low;Coffee;Premium brewed coffee;Jamaican Coffee River Sm;Lower Manhattan
37.50;10;5;202302;Feb;Sat;Evening;Med;Coffee;Barista Espresso;Cappuccino;Astoria
10.20;4;3;202302;Feb;Sat;Evening;Low;Tea;Brewed Chai tea;Spicy Eye Opener Chai Rg;Astoria
14.00;4;3;202302;Feb;Sat;Evening;Low;Coffee;Organic brewed coffee;Brazilian Lg;Hell's Kitchen
42.00;12;8;202302;Feb;Sat;Evening;High;Drinking Chocolate;Hot chocolate;Dark chocolate Rg;Astoria
38.00;8;6;202302;Feb;Sat;Evening;Med;Drinking Chocolate;Hot chocolate;Sustainably Grown Organic Lg;Hell's Kitchen
30.00;10;6;202302;Feb;Sat;Evening;Med;Coffee;Gourmet brewed coffee;Ethiopia Rg;Lower Manhattan
3.50;1;1;202302;Feb;Sat;Evening;Low;Drinking Chocolate;Hot chocolate;Dark chocolate Rg;Lower Manhattan
24.00;12;9;202302;Feb;Sat;Evening;Med;Coffee;Gourmet brewed coffee;Columbian Medium Roast Sm;Astoria
16.00;8;5;202302;Feb;Sat;Evening;Low;Coffee;Gourmet brewed coffee;Columbian Medium Roast Sm;Hell's Kitchen
8.80;4;2;202302;Feb;Sat;Evening;Low;Coffee;Gourmet brewed coffee;Ethiopia Sm;Lower Manhattan
32.00;8;6;202302;Feb;Sat;Evening;Med;Tea;Brewed Chai tea;Morning Sunrise Chai Lg;Astoria
18.00;6;5;202302;Feb;Sat;Evening;Low;Coffee;Drip coffee;Our Old Time Diner Blend Lg;Astoria
11.25;3;2;202302;Feb;Sat;Evening;Low;Coffee;Premium brewed coffee;Jamaican Coffee River Lg;Astoria
18.00;4;2;202302;Feb;Sat;Evening;Low;Drinking Chocolate;Hot chocolate;Dark chocolate Lg;Lower Manhattan
9.00;3;3;202302;Feb;Sat;Evening;Low;Bakery;Scone;Oatmeal Scone;Lower Manhattan
11.25;3;3;202302;Feb;Sat;Evening;Low;Bakery;Pastry;Almond Croissant;Lower Manhattan
12.75;3;2;202302;Feb;Sat;Evening;Low;Coffee;Barista Espresso;Cappuccino Lg;Astoria
15.30;6;4;202302;Feb;Sat;Evening;Low;Tea;Brewed Chai tea;Spicy Eye Opener Chai Rg;Hell's Kitchen
12.00;4;2;202302;Feb;Sat;Evening;Low;Tea;Brewed herbal tea;Peppermint Lg;Lower Manhattan
12.00;4;2;202302;Feb;Sat;Evening;Low;Coffee;Organic brewed coffee;Brazilian Rg;Lower Manhattan
17.50;5;5;202302;Feb;Sat;Evening;Low;Bakery;Pastry;Croissant;Lower Manhattan
12.00;4;3;202302;Feb;Sat;Evening;Low;Coffee;Drip coffee;Our Old Time Diner Blend Lg;Hell's Kitchen
15.00;5;3;202302;Feb;Sat;Evening;Low;Tea;Brewed Green tea;Serenity Green Tea Lg;Hell's Kitchen
13.20;6;6;202302;Feb;Sat;Evening;Low;Coffee;Organic brewed coffee;Brazilian Sm;Astoria
12.50;5;3;202302;Feb;Sat;Evening;Low;Tea;Brewed Chai tea;Traditional Blend Chai Rg;Hell's Kitchen
10.50;3;2;202302;Feb;Sat;Evening;Low;Coffee;Organic brewed coffee;Brazilian Lg;Lower Manhattan
8.80;4;4;202302;Feb;Sat;Evening;Low;Coffee;Gourmet brewed coffee;Ethiopia Sm;Astoria
8.00;4;3;202302;Feb;Sat;Evening;Low;Coffee;Drip coffee;Our Old Time Diner Blend Sm;Hell's Kitchen
17.50;7;4;202302;Feb;Sat;Evening;Low;Tea;Brewed Black tea;Earl Grey Rg;Hell's Kitchen
24.00;8;5;202302;Feb;Sat;Evening;Med;Tea;Brewed herbal tea;Lemon Grass Lg;Astoria
4.25;1;1;202302;Feb;Sat;Evening;Low;Coffee;Barista Espresso;Cappuccino Lg;Lower Manhattan
15.00;6;5;202302;Feb;Sat;Evening;Low;Tea;Brewed Black tea;Earl Grey Rg;Astoria
7.50;2;2;202302;Feb;Sat;Evening;Low;Bakery;Pastry;Almond Croissant;Astoria
21.00;7;6;202302;Feb;Sat;Evening;Med;Coffee;Organic brewed coffee;Brazilian Rg;Astoria
10.00;4;3;202302;Feb;Sat;Evening;Low;Tea;Brewed Green tea;Serenity Green Tea Rg;Hell's Kitchen
12.50;5;4;202302;Feb;Sat;Evening;Low;Coffee;Gourmet brewed coffee;Columbian Medium Roast Rg;Hell's Kitchen
12.30;5;2;202302;Feb;Sat;Evening;Low;Coffee;Barista Espresso;Ouro Brasileiro shot;Lower Manhattan
5.00;2;1;202302;Feb;Sat;Evening;Low;Tea;Brewed Green tea;Serenity Green Tea Rg;Lower Manhattan
5.00;2;2;202302;Feb;Sat;Evening;Low;Coffee;Gourmet brewed coffee;Columbian Medium Roast Rg;Lower Manhattan
10.50;3;3;202302;Feb;Sat;Evening;Low;Bakery;Biscotti;Chocolate Chip Biscotti;Lower Manhattan
15.00;4;3;202302;Feb;Sat;Evening;Low;Coffee;Premium brewed coffee;Jamaican Coffee River Lg;Lower Manhattan
3.50;1;1;202302;Feb;Sat;Evening;Low;Bakery;Biscotti;Ginger Biscotti;Lower Manhattan
12.50;5;3;202302;Feb;Sat;Evening;Low;Tea;Brewed herbal tea;Lemon Grass Rg;Hell's Kitchen
6.00;2;2;202302;Feb;Sat;Evening;Low;Coffee;Barista Espresso;Espresso shot;Lower Manhattan
9.30;3;2;202302;Feb;Sat;Evening;Low;Tea;Brewed Chai tea;Spicy Eye Opener Chai Lg;Lower Manhattan
9.75;3;3;202302;Feb;Sat;Evening;Low;Bakery;Scone;Cranberry Scone;Astoria
15.00;6;4;202302;Feb;Sat;Evening;Low;Tea;Brewed Black tea;English Breakfast Rg;Astoria
15.00;5;3;202302;Feb;Sat;Evening;Low;Coffee;Gourmet brewed coffee;Columbian Medium Roast Lg;Astoria
3.00;1;1;202302;Feb;Sat;Evening;Low;Tea;Brewed Chai tea;Traditional Blend Chai Lg;Astoria
5.00;2;2;202302;Feb;Sat;Evening;Low;Coffee;Gourmet brewed coffee;Columbian Medium Roast Rg;Astoria
7.00;2;2;202302;Feb;Sat;Evening;Low;Coffee;Organic brewed coffee;Brazilian Lg;Astoria
27.00;9;5;202302;Feb;Sat;Evening;Med;Tea;Brewed Black tea;Earl Grey Lg;Hell's Kitchen
12.75;3;2;202302;Feb;Sat;Evening;Low;Coffee;Barista Espresso;Latte Rg;Hell's Kitchen
12.50;5;3;202302;Feb;Sat;Evening;Low;Tea;Brewed Chai tea;Morning Sunrise Chai Rg;Hell's Kitchen
18.00;4;4;202302;Feb;Sat;Evening;Low;Bakery;Scone;Scottish Cream Scone ;Hell's Kitchen
27.90;9;5;202302;Feb;Sat;Evening;Med;Tea;Brewed Chai tea;Spicy Eye Opener Chai Lg;Astoria
3.10;1;1;202302;Feb;Sat;Evening;Low;Coffee;Premium brewed coffee;Jamaican Coffee River Rg;Astoria
15.00;4;3;202302;Feb;Sat;Evening;Low;Coffee;Barista Espresso;Latte;Astoria
5.00;2;1;202302;Feb;Sat;Evening;Low;Tea;Brewed herbal tea;Peppermint Rg;Hell's Kitchen
7.50;2;2;202302;Feb;Sat;Evening;Low;Bakery;Pastry;Almond Croissant;Hell's Kitchen
21.00;7;5;202302;Feb;Sat;Evening;Med;Tea;Brewed Black tea;English Breakfast Lg;Astoria
9.00;3;3;202302;Feb;Sat;Evening;Low;Coffee;Barista Espresso;Espresso shot;Hell's Kitchen
48.00;16;9;202302;Feb;Sun;Morning;High;Coffee;Barista Espresso;Espresso shot;Lower Manhattan
47.50;19;13;202302;Feb;Sun;Morning;High;Tea;Brewed Black tea;English Breakfast Rg;Lower Manhattan
30.80;14;9;202302;Feb;Sun;Morning;Med;Coffee;Organic brewed coffee;Brazilian Sm;Lower Manhattan
75.00;25;17;202302;Feb;Sun;Morning;very high;Tea;Brewed herbal tea;Peppermint Lg;Lower Manhattan
33.00;11;7;202302;Feb;Sun;Morning;Med;Coffee;Gourmet brewed coffee;Columbian Medium Roast Lg;Lower Manhattan
42.00;14;8;202302;Feb;Sun;Morning;High;Tea;Brewed Black tea;Earl Grey Lg;Lower Manhattan
36.00;12;7;202302;Feb;Sun;Morning;Med;Tea;Brewed Chai tea;Traditional Blend Chai Lg;Lower Manhattan
18.75;5;5;202302;Feb;Sun;Morning;Low;Bakery;Scone;Jumbo Savory Scone;Lower Manhattan
63.00;21;13;202302;Feb;Sun;Morning;very high;Tea;Brewed Black tea;English Breakfast Lg;Lower Manhattan
34.10;11;7;202302;Feb;Sun;Morning;Med;Coffee;Premium brewed coffee;Jamaican Coffee River Rg;Lower Manhattan
21.00;6;3;202302;Feb;Sun;Morning;Med;Coffee;Gourmet brewed coffee;Ethiopia Lg;Lower Manhattan
45.00;12;7;202302;Feb;Sun;Morning;High;Coffee;Premium brewed coffee;Jamaican Coffee River Lg;Lower Manhattan
14.00;4;4;202302;Feb;Sun;Morning;Low;Bakery;Pastry;Croissant;Lower Manhattan
45.00;15;9;202302;Feb;Sun;Morning;High;Coffee;Barista Espresso;Espresso shot;Hell's Kitchen
22.75;7;7;202302;Feb;Sun;Morning;Med;Bakery;Scone;Cranberry Scone;Hell's Kitchen
63.75;15;8;202302;Feb;Sun;Morning;very high;Coffee;Barista Espresso;Latte Rg;Lower Manhattan
32.50;13;10;202302;Feb;Sun;Morning;Med;Coffee;Gourmet brewed coffee;Columbian Medium Roast Rg;Hell's Kitchen
39.00;13;8;202302;Feb;Sun;Morning;Med;Coffee;Organic brewed coffee;Brazilian Rg;Lower Manhattan
31.50;9;9;202302;Feb;Sun;Morning;Med;Bakery;Biscotti;Chocolate Chip Biscotti;Lower Manhattan
24.00;8;4;202302;Feb;Sun;Morning;Med;Tea;Brewed Green tea;Serenity Green Tea Lg;Lower Manhattan
51.00;17;10;202302;Feb;Sun;Morning;High;Tea;Brewed Black tea;English Breakfast Lg;Hell's Kitchen
39.00;13;10;202302;Feb;Sun;Morning;Med;Tea;Brewed Green tea;Serenity Green Tea Lg;Hell's Kitchen
85.50;19;13;202302;Feb;Sun;Morning;very high;Drinking Chocolate;Hot chocolate;Dark chocolate Lg;Hell's Kitchen
27.00;9;7;202302;Feb;Sun;Morning;Med;Tea;Brewed Chai tea;Traditional Blend Chai Lg;Hell's Kitchen
22.50;9;6;202302;Feb;Sun;Morning;Med;Tea;Brewed Chai tea;Traditional Blend Chai Rg;Hell's Kitchen
12.25;5;3;202302;Feb;Sun;Morning;Low;Coffee;Premium brewed coffee;Jamaican Coffee River Sm;Hell's Kitchen
20.00;8;5;202302;Feb;Sun;Morning;Low;Tea;Brewed Black tea;Earl Grey Rg;Lower Manhattan
22.50;9;6;202302;Feb;Sun;Morning;Med;Coffee;Drip coffee;Our Old Time Diner Blend Rg;Lower Manhattan
70.00;20;12;202302;Feb;Sun;Morning;very high;Coffee;Organic brewed coffee;Brazilian Lg;Lower Manhattan
25.00;10;7;202302;Feb;Sun;Morning;Med;Tea;Brewed Black tea;Earl Grey Rg;Hell's Kitchen
32.50;13;8;202302;Feb;Sun;Morning;Med;Coffee;Drip coffee;Our Old Time Diner Blend Rg;Hell's Kitchen
20.40;8;6;202302;Feb;Sun;Morning;very high;Tea;Brewed Chai tea;Spicy Eye Opener Chai Rg;Hell's Kitchen
27.50;11;8;202302;Feb;Sun;Morning;Med;Tea;Brewed Chai tea;Traditional Blend Chai Rg;Lower Manhattan
22.50;6;6;202302;Feb;Sun;Morning;Med;Bakery;Pastry;Almond Croissant;Lower Manhattan
26.25;7;7;202302;Feb;Sun;Morning;Med;Bakery;Pastry;Chocolate Croissant;Lower Manhattan
38.50;11;8;202302;Feb;Sun;Morning;Med;Coffee;Organic brewed coffee;Brazilian Lg;Hell's Kitchen
22.75;7;7;202302;Feb;Sun;Morning;Med;Bakery;Biscotti;Hazelnut Biscotti;Lower Manhattan
38.50;11;7;202302;Feb;Sun;Morning;Med;Drinking Chocolate;Hot chocolate;Dark chocolate Rg;Hell's Kitchen
37.40;17;10;202302;Feb;Sun;Morning;Med;Coffee;Gourmet brewed coffee;Ethiopia Sm;Lower Manhattan
29.25;9;9;202302;Feb;Sun;Morning;Med;Bakery;Scone;Ginger Scone;Lower Manhattan
33.00;11;7;202302;Feb;Sun;Morning;Med;Tea;Brewed herbal tea;Peppermint Lg;Hell's Kitchen
9.00;3;3;202302;Feb;Sun;Morning;Low;Coffee;Drip coffee;Our Old Time Diner Blend Lg;Hell's Kitchen
49.50;11;6;202302;Feb;Sun;Morning;High;Drinking Chocolate;Hot chocolate;Dark chocolate Lg;Lower Manhattan
48.75;13;13;202302;Feb;Sun;Morning;High;Bakery;Pastry;Chocolate Croissant;Hell's Kitchen
35.00;14;9;202302;Feb;Sun;Morning;Med;Tea;Brewed Green tea;Serenity Green Tea Rg;Hell's Kitchen
27.00;9;5;202302;Feb;Sun;Morning;Med;Coffee;Barista Espresso;Ouro Brasileiro shot;Lower Manhattan
49.00;14;8;202302;Feb;Sun;Morning;High;Drinking Chocolate;Hot chocolate;Dark chocolate Rg;Lower Manhattan
21.00;6;6;202302;Feb;Sun;Morning;Med;Bakery;Biscotti;Ginger Biscotti;Lower Manhattan
25.00;10;8;202302;Feb;Sun;Morning;Med;Tea;Brewed herbal tea;Peppermint Rg;Hell's Kitchen
40.00;16;9;202302;Feb;Sun;Morning;Med;Coffee;Gourmet brewed coffee;Columbian Medium Roast Rg;Lower Manhattan
18.00;6;4;202302;Feb;Sun;Morning;Low;Coffee;Drip coffee;Our Old Time Diner Blend Lg;Lower Manhattan
40.30;13;9;202302;Feb;Sun;Morning;very high;Tea;Brewed Chai tea;Spicy Eye Opener Chai Lg;Lower Manhattan
33.15;13;7;202302;Feb;Sun;Morning;Med;Tea;Brewed Chai tea;Spicy Eye Opener Chai Rg;Lower Manhattan
19.80;9;6;202302;Feb;Sun;Morning;Low;Coffee;Gourmet brewed coffee;Ethiopia Sm;Hell's Kitchen
18.00;6;5;202302;Feb;Sun;Morning;Low;Tea;Brewed herbal tea;Lemon Grass Lg;Lower Manhattan
19.50;6;6;202302;Feb;Sun;Morning;Low;Bakery;Scone;Cranberry Scone;Lower Manhattan
48.75;13;9;202302;Feb;Sun;Morning;High;Coffee;Barista Espresso;Cappuccino;Lower Manhattan
45.00;12;7;202302;Feb;Sun;Morning;High;Drinking Chocolate;Hot chocolate;Sustainably Grown Organic Rg;Hell's Kitchen
37.50;10;6;202302;Feb;Sun;Morning;Med;Coffee;Premium brewed coffee;Jamaican Coffee River Lg;Hell's Kitchen
45.00;12;7;202302;Feb;Sun;Morning;High;Coffee;Barista Espresso;Cappuccino;Hell's Kitchen
3.00;1;1;202302;Feb;Sun;Morning;Low;Bakery;Scone;Oatmeal Scone;Lower Manhattan
21.00;6;6;202302;Feb;Sun;Morning;Med;Bakery;Biscotti;Ginger Biscotti;Hell's Kitchen
32.50;13;6;202302;Feb;Sun;Morning;Med;Tea;Brewed Green tea;Serenity Green Tea Rg;Lower Manhattan
9.80;4;3;202302;Feb;Sun;Morning;Low;Coffee;Premium brewed coffee;Jamaican Coffee River Sm;Lower Manhattan
27.50;11;7;202302;Feb;Sun;Morning;Med;Tea;Brewed Black tea;English Breakfast Rg;Hell's Kitchen
18.00;4;4;202302;Feb;Sun;Morning;Low;Bakery;Scone;Scottish Cream Scone ;Lower Manhattan
26.40;12;8;202302;Feb;Sun;Morning;Med;Coffee;Organic brewed coffee;Brazilian Sm;Hell's Kitchen
51.00;12;7;202302;Feb;Sun;Morning;High;Coffee;Barista Espresso;Cappuccino Lg;Astoria
19.60;8;5;202302;Feb;Sun;Morning;Low;Coffee;Premium brewed coffee;Jamaican Coffee River Sm;Astoria
49.60;16;11;202302;Feb;Sun;Morning;High;Coffee;Premium brewed coffee;Jamaican Coffee River Rg;Astoria
67.50;18;11;202302;Feb;Sun;Morning;very high;Coffee;Premium brewed coffee;Jamaican Coffee River Lg;Astoria
7.50;3;2;202302;Feb;Sun;Morning;Low;Tea;Brewed Black tea;English Breakfast Rg;Astoria
48.75;13;8;202302;Feb;Sun;Morning;High;Coffee;Barista Espresso;Cappuccino;Astoria
28.05;11;8;202302;Feb;Sun;Morning;Med;Tea;Brewed Chai tea;Spicy Eye Opener Chai Rg;Astoria
30.00;8;8;202302;Feb;Sun;Morning;Med;Bakery;Pastry;Chocolate Croissant;Astoria
20.00;8;5;202302;Feb;Sun;Morning;Low;Tea;Brewed Chai tea;Traditional Blend Chai Rg;Astoria
22.00;11;7;202302;Feb;Sun;Morning;Med;Coffee;Drip coffee;Our Old Time Diner Blend Sm;Astoria
39.60;18;12;202302;Feb;Sun;Morning;Med;Coffee;Gourmet brewed coffee;Ethiopia Sm;Astoria
35.00;14;9;202302;Feb;Sun;Morning;Med;Coffee;Gourmet brewed coffee;Columbian Medium Roast Rg;Astoria
13.00;4;4;202302;Feb;Sun;Morning;Low;Bakery;Scone;Ginger Scone;Astoria
43.40;14;9;202302;Feb;Sun;Morning;High;Tea;Brewed Chai tea;Spicy Eye Opener Chai Lg;Astoria
45.00;15;10;202302;Feb;Sun;Morning;High;Coffee;Gourmet brewed coffee;Ethiopia Rg;Astoria
56.25;15;10;202302;Feb;Sun;Morning;High;Drinking Chocolate;Hot chocolate;Sustainably Grown Organic Rg;Astoria
7.00;2;2;202302;Feb;Sun;Morning;Low;Bakery;Biscotti;Ginger Biscotti;Astoria
38.50;11;8;202302;Feb;Sun;Morning;Med;Drinking Chocolate;Hot chocolate;Dark chocolate Rg;Astoria
19.50;6;6;202302;Feb;Sun;Morning;Low;Bakery;Biscotti;Hazelnut Biscotti;Astoria
24.50;7;7;202302;Feb;Sun;Morning;Med;Bakery;Biscotti;Chocolate Chip Biscotti;Astoria
15.00;5;5;202302;Feb;Sun;Afternoon;Low;Tea;Brewed herbal tea;Peppermint Lg;Astoria
28.50;6;3;202302;Feb;Sun;Afternoon;Med;Drinking Chocolate;Hot chocolate;Sustainably Grown Organic Lg;Hell's Kitchen
2.45;1;1;202302;Feb;Sun;Afternoon;Low;Coffee;Premium brewed coffee;Jamaican Coffee River Sm;Hell's Kitchen
7.50;3;2;202302;Feb;Sun;Afternoon;Low;Tea;Brewed herbal tea;Peppermint Rg;Lower Manhattan
30.00;10;7;202302;Feb;Sun;Afternoon;Med;Coffee;Barista Espresso;Espresso shot;Astoria
27.90;9;5;202302;Feb;Sun;Afternoon;Med;Coffee;Premium brewed coffee;Jamaican Coffee River Rg;Lower Manhattan
10.00;4;3;202302;Feb;Sun;Afternoon;Low;Tea;Brewed Chai tea;Traditional Blend Chai Rg;Astoria
37.50;10;8;202302;Feb;Sun;Afternoon;Med;Coffee;Premium brewed coffee;Jamaican Coffee River Lg;Astoria
25.00;10;7;202302;Feb;Sun;Afternoon;Med;Tea;Brewed Green tea;Serenity Green Tea Rg;Astoria
22.50;9;6;202302;Feb;Sun;Afternoon;Med;Coffee;Gourmet brewed coffee;Columbian Medium Roast Rg;Astoria
28.50;6;4;202302;Feb;Sun;Afternoon;Med;Drinking Chocolate;Hot chocolate;Sustainably Grown Organic Lg;Lower Manhattan
22.50;5;4;202302;Feb;Sun;Afternoon;Med;Drinking Chocolate;Hot chocolate;Dark chocolate Lg;Astoria
14.00;7;4;202302;Feb;Sun;Afternoon;Low;Coffee;Drip coffee;Our Old Time Diner Blend Sm;Hell's Kitchen
15.00;6;4;202302;Feb;Sun;Afternoon;Low;Tea;Brewed herbal tea;Lemon Grass Rg;Hell's Kitchen
17.50;7;4;202302;Feb;Sun;Afternoon;Low;Tea;Brewed Chai tea;Traditional Blend Chai Rg;Lower Manhattan
22.50;9;6;202302;Feb;Sun;Afternoon;Med;Tea;Brewed Black tea;Earl Grey Rg;Astoria
13.00;4;4;202302;Feb;Sun;Afternoon;Low;Bakery;Scone;Cranberry Scone;Astoria
42.50;10;7;202302;Feb;Sun;Afternoon;High;Coffee;Barista Espresso;Cappuccino Lg;Lower Manhattan
14.00;4;4;202302;Feb;Sun;Afternoon;Low;Bakery;Biscotti;Chocolate Chip Biscotti;Lower Manhattan
18.00;6;3;202302;Feb;Sun;Afternoon;Low;Coffee;Gourmet brewed coffee;Ethiopia Rg;Hell's Kitchen
30.00;10;6;202302;Feb;Sun;Afternoon;Med;Tea;Brewed Black tea;Earl Grey Lg;Astoria
11.00;5;3;202302;Feb;Sun;Afternoon;Low;Coffee;Organic brewed coffee;Brazilian Sm;Lower Manhattan
49.00;14;8;202302;Feb;Sun;Afternoon;High;Drinking Chocolate;Hot chocolate;Dark chocolate Rg;Astoria
27.00;9;6;202302;Feb;Sun;Afternoon;Med;Tea;Brewed Green tea;Serenity Green Tea Lg;Astoria
27.00;9;7;202302;Feb;Sun;Afternoon;Med;Tea;Brewed Black tea;English Breakfast Lg;Astoria
10.00;4;3;202302;Feb;Sun;Afternoon;Low;Tea;Brewed Black tea;Earl Grey Rg;Lower Manhattan
10.50;3;2;202302;Feb;Sun;Afternoon;Low;Drinking Chocolate;Hot chocolate;Dark chocolate Rg;Hell's Kitchen
21.00;7;3;202302;Feb;Sun;Afternoon;Med;Tea;Brewed herbal tea;Peppermint Lg;Lower Manhattan
13.50;3;3;202302;Feb;Sun;Afternoon;Low;Bakery;Scone;Scottish Cream Scone ;Lower Manhattan
30.00;8;5;202302;Feb;Sun;Afternoon;Med;Drinking Chocolate;Hot chocolate;Sustainably Grown Organic Rg;Lower Manhattan
13.00;4;4;202302;Feb;Sun;Afternoon;Low;Bakery;Biscotti;Hazelnut Biscotti;Lower Manhattan
18.00;6;4;202302;Feb;Sun;Afternoon;Low;Coffee;Organic brewed coffee;Brazilian Rg;Astoria
24.00;12;9;202302;Feb;Sun;Afternoon;Med;Coffee;Drip coffee;Our Old Time Diner Blend Sm;Astoria
18.00;6;6;202302;Feb;Sun;Afternoon;Low;Bakery;Scone;Oatmeal Scone;Astoria
9.75;3;3;202302;Feb;Sun;Afternoon;Low;Bakery;Scone;Ginger Scone;Lower Manhattan
22.50;9;6;202302;Feb;Sun;Afternoon;Med;Tea;Brewed Chai tea;Morning Sunrise Chai Rg;Hell's Kitchen
33.00;11;8;202302;Feb;Sun;Afternoon;Med;Coffee;Gourmet brewed coffee;Ethiopia Rg;Lower Manhattan
12.00;4;3;202302;Feb;Sun;Afternoon;Low;Tea;Brewed Chai tea;Traditional Blend Chai Lg;Hell's Kitchen
31.00;10;7;202302;Feb;Sun;Afternoon;Med;Tea;Brewed Chai tea;Spicy Eye Opener Chai Lg;Hell's Kitchen
33.25;7;5;202302;Feb;Sun;Afternoon;Med;Drinking Chocolate;Hot chocolate;Sustainably Grown Organic Lg;Astoria
21.00;7;5;202302;Feb;Sun;Afternoon;Med;Tea;Brewed Green tea;Serenity Green Tea Lg;Hell's Kitchen
11.00;5;3;202302;Feb;Sun;Afternoon;Low;Coffee;Gourmet brewed coffee;Ethiopia Sm;Astoria
9.75;3;3;202302;Feb;Sun;Afternoon;Low;Bakery;Biscotti;Hazelnut Biscotti;Astoria
25.00;10;7;202302;Feb;Sun;Afternoon;Med;Coffee;Drip coffee;Our Old Time Diner Blend Rg;Astoria
12.75;5;3;202302;Feb;Sun;Afternoon;Low;Tea;Brewed Chai tea;Spicy Eye Opener Chai Rg;Lower Manhattan
12.00;4;3;202302;Feb;Sun;Afternoon;Low;Coffee;Barista Espresso;Espresso shot;Lower Manhattan
18.75;5;5;202302;Feb;Sun;Afternoon;Low;Bakery;Scone;Jumbo Savory Scone;Lower Manhattan
15.00;4;4;202302;Feb;Sun;Afternoon;Low;Bakery;Scone;Jumbo Savory Scone;Astoria
30.00;8;6;202302;Feb;Sun;Afternoon;Med;Drinking Chocolate;Hot chocolate;Sustainably Grown Organic Rg;Astoria
15.00;5;3;202302;Feb;Sun;Afternoon;Low;Coffee;Drip coffee;Our Old Time Diner Blend Lg;Astoria
10.00;4;4;202302;Feb;Sun;Afternoon;Low;Tea;Brewed Green tea;Serenity Green Tea Rg;Hell's Kitchen
12.50;5;4;202302;Feb;Sun;Afternoon;Low;Coffee;Gourmet brewed coffee;Columbian Medium Roast Rg;Lower Manhattan
41.25;11;7;202302;Feb;Sun;Afternoon;High;Coffee;Barista Espresso;Latte;Astoria
15.00;5;3;202302;Feb;Sun;Afternoon;Low;Tea;Brewed Black tea;Earl Grey Lg;Hell's Kitchen
24.50;7;4;202302;Feb;Sun;Afternoon;Med;Coffee;Gourmet brewed coffee;Ethiopia Lg;Astoria
30.00;10;6;202302;Feb;Sun;Afternoon;Med;Coffee;Barista Espresso;Espresso shot;Hell's Kitchen
6.00;3;2;202302;Feb;Sun;Afternoon;Low;Coffee;Gourmet brewed coffee;Columbian Medium Roast Sm;Astoria
18.75;5;5;202302;Feb;Sun;Afternoon;Low;Bakery;Pastry;Chocolate Croissant;Lower Manhattan
52.50;15;9;202302;Feb;Sun;Afternoon;High;Coffee;Organic brewed coffee;Brazilian Lg;Astoria
30.00;12;9;202302;Feb;Sun;Afternoon;Med;Tea;Brewed herbal tea;Peppermint Rg;Astoria
17.50;5;5;202302;Feb;Sun;Afternoon;Low;Bakery;Biscotti;Chocolate Chip Biscotti;Astoria
3.00;1;1;202302;Feb;Sun;Afternoon;Low;Tea;Brewed herbal tea;Peppermint Lg;Hell's Kitchen
6.50;2;2;202302;Feb;Sun;Afternoon;Low;Bakery;Scone;Ginger Scone;Astoria
18.75;5;3;202302;Feb;Sun;Afternoon;Low;Coffee;Barista Espresso;Latte;Hell's Kitchen
30.60;12;8;202302;Feb;Sun;Afternoon;Med;Tea;Brewed Chai tea;Spicy Eye Opener Chai Rg;Hell's Kitchen
8.00;4;3;202302;Feb;Sun;Afternoon;Low;Coffee;Gourmet brewed coffee;Columbian Medium Roast Sm;Hell's Kitchen
30.00;10;5;202302;Feb;Sun;Afternoon;Med;Tea;Brewed Black tea;English Breakfast Lg;Lower Manhattan
34.00;8;6;202302;Feb;Sun;Afternoon;Med;Coffee;Barista Espresso;Latte Rg;Astoria
21.00;7;4;202302;Feb;Sun;Afternoon;Med;Coffee;Drip coffee;Our Old Time Diner Blend Lg;Hell's Kitchen
12.50;5;3;202302;Feb;Sun;Afternoon;Low;Tea;Brewed herbal tea;Lemon Grass Rg;Lower Manhattan
3.50;1;1;202302;Feb;Sun;Afternoon;Low;Bakery;Biscotti;Ginger Biscotti;Lower Manhattan
15.00;4;4;202302;Feb;Sun;Afternoon;Low;Bakery;Pastry;Chocolate Croissant;Astoria
4.50;1;1;202302;Feb;Sun;Afternoon;Low;Bakery;Scone;Scottish Cream Scone ;Astoria
40.30;13;8;202302;Feb;Sun;Afternoon;very high;Coffee;Premium brewed coffee;Jamaican Coffee River Rg;Astoria
15.00;6;3;202302;Feb;Sun;Afternoon;Low;Tea;Brewed Chai tea;Morning Sunrise Chai Rg;Lower Manhattan
12.00;6;3;202302;Feb;Sun;Afternoon;Low;Coffee;Drip coffee;Our Old Time Diner Blend Sm;Lower Manhattan
17.50;5;4;202302;Feb;Sun;Afternoon;Low;Drinking Chocolate;Hot chocolate;Dark chocolate Rg;Lower Manhattan
17.00;4;2;202302;Feb;Sun;Afternoon;Low;Coffee;Barista Espresso;Latte Rg;Lower Manhattan
6.50;2;2;202302;Feb;Sun;Afternoon;Low;Bakery;Biscotti;Hazelnut Biscotti;Hell's Kitchen
34.10;11;8;202302;Feb;Sun;Afternoon;Med;Tea;Brewed Chai tea;Spicy Eye Opener Chai Lg;Astoria
7.50;2;2;202302;Feb;Sun;Afternoon;Low;Bakery;Pastry;Almond Croissant;Astoria
17.50;5;3;202302;Feb;Sun;Afternoon;Low;Coffee;Gourmet brewed coffee;Ethiopia Lg;Hell's Kitchen
11.25;3;3;202302;Feb;Sun;Afternoon;Low;Bakery;Pastry;Almond Croissant;Lower Manhattan
9.30;3;2;202302;Feb;Sun;Afternoon;Low;Tea;Brewed Chai tea;Spicy Eye Opener Chai Lg;Lower Manhattan
6.50;2;2;202302;Feb;Sun;Afternoon;Low;Bakery;Scone;Cranberry Scone;Hell's Kitchen
18.00;6;3;202302;Feb;Sun;Afternoon;Low;Tea;Brewed Black tea;English Breakfast Lg;Hell's Kitchen
15.00;5;4;202302;Feb;Sun;Afternoon;Low;Coffee;Gourmet brewed coffee;Columbian Medium Roast Lg;Hell's Kitchen
22.50;5;3;202302;Feb;Sun;Night;Med;Drinking Chocolate;Hot chocolate;Dark chocolate Lg;Lower Manhattan
18.00;6;4;202302;Feb;Sun;Evening;Low;Tea;Brewed herbal tea;Lemon Grass Lg;Astoria
15.00;5;4;202302;Feb;Sun;Evening;Low;Tea;Brewed Black tea;English Breakfast Lg;Astoria
28.00;7;4;202302;Feb;Sun;Evening;Med;Tea;Brewed Chai tea;Morning Sunrise Chai Lg;Astoria
22.50;6;4;202302;Feb;Sun;Evening;Med;Drinking Chocolate;Hot chocolate;Sustainably Grown Organic Rg;Hell's Kitchen
11.25;3;3;202302;Feb;Sun;Evening;Low;Bakery;Pastry;Chocolate Croissant;Hell's Kitchen
27.00;9;6;202302;Feb;Sun;Evening;Med;Coffee;Drip coffee;Our Old Time Diner Blend Lg;Hell's Kitchen
13.20;6;4;202302;Feb;Sun;Evening;Low;Coffee;Gourmet brewed coffee;Ethiopia Sm;Hell's Kitchen
35.00;10;6;202302;Feb;Sun;Evening;Med;Coffee;Gourmet brewed coffee;Ethiopia Lg;Hell's Kitchen
30.00;15;9;202302;Feb;Sun;Evening;Med;Coffee;Gourmet brewed coffee;Columbian Medium Roast Sm;Hell's Kitchen
7.50;3;3;202302;Feb;Sun;Evening;Low;Tea;Brewed Chai tea;Traditional Blend Chai Rg;Astoria
18.00;9;6;202302;Feb;Sun;Evening;Low;Coffee;Drip coffee;Our Old Time Diner Blend Sm;Hell's Kitchen
18.00;4;4;202302;Feb;Sun;Evening;Low;Bakery;Scone;Scottish Cream Scone ;Hell's Kitchen
25.50;6;4;202302;Feb;Sun;Evening;Med;Coffee;Barista Espresso;Cappuccino Lg;Hell's Kitchen
12.00;4;3;202302;Feb;Sun;Evening;Low;Coffee;Organic brewed coffee;Brazilian Rg;Hell's Kitchen
12.50;5;3;202302;Feb;Sun;Evening;Low;Tea;Brewed Black tea;Earl Grey Rg;Astoria
12.50;5;4;202302;Feb;Sun;Evening;Low;Tea;Brewed herbal tea;Peppermint Rg;Astoria
15.00;4;2;202302;Feb;Sun;Evening;Low;Drinking Chocolate;Hot chocolate;Sustainably Grown Organic Rg;Lower Manhattan
33.00;11;9;202302;Feb;Sun;Evening;Med;Coffee;Gourmet brewed coffee;Ethiopia Rg;Astoria
14.00;4;4;202302;Feb;Sun;Evening;Low;Bakery;Pastry;Croissant;Astoria
15.00;4;4;202302;Feb;Sun;Evening;Low;Coffee;Barista Espresso;Cappuccino;Hell's Kitchen
20.00;8;5;202302;Feb;Sun;Evening;Low;Tea;Brewed Chai tea;Morning Sunrise Chai Rg;Astoria
15.00;4;4;202302;Feb;Sun;Evening;Low;Bakery;Pastry;Almond Croissant;Astoria
15.00;5;3;202302;Feb;Sun;Evening;Low;Coffee;Drip coffee;Our Old Time Diner Blend Lg;Astoria
12.50;5;3;202302;Feb;Sun;Evening;Low;Tea;Brewed herbal tea;Lemon Grass Rg;Lower Manhattan
9.00;3;3;202302;Feb;Sun;Evening;Low;Coffee;Gourmet brewed coffee;Columbian Medium Roast Lg;Astoria
6.00;2;2;202302;Feb;Sun;Evening;Low;Tea;Brewed herbal tea;Peppermint Lg;Lower Manhattan
6.50;2;2;202302;Feb;Sun;Evening;Low;Bakery;Biscotti;Hazelnut Biscotti;Lower Manhattan
24.80;8;5;202302;Feb;Sun;Evening;Med;Coffee;Premium brewed coffee;Jamaican Coffee River Rg;Astoria
42.50;10;7;202302;Feb;Sun;Evening;High;Coffee;Barista Espresso;Latte Rg;Astoria
24.20;11;8;202302;Feb;Sun;Evening;Med;Coffee;Organic brewed coffee;Brazilian Sm;Astoria
52.25;11;6;202302;Feb;Sun;Evening;High;Drinking Chocolate;Hot chocolate;Sustainably Grown Organic Lg;Hell's Kitchen
18.75;5;3;202302;Feb;Sun;Evening;Low;Coffee;Barista Espresso;Cappuccino;Astoria
18.00;6;5;202302;Feb;Sun;Evening;Low;Tea;Brewed Green tea;Serenity Green Tea Lg;Astoria
33.25;7;6;202302;Feb;Sun;Evening;Med;Drinking Chocolate;Hot chocolate;Sustainably Grown Organic Lg;Astoria
21.00;7;4;202302;Feb;Sun;Evening;Med;Tea;Brewed herbal tea;Peppermint Lg;Astoria
17.50;5;5;202302;Feb;Sun;Evening;Low;Drinking Chocolate;Hot chocolate;Dark chocolate Rg;Hell's Kitchen
25.00;10;7;202302;Feb;Sun;Evening;Med;Coffee;Gourmet brewed coffee;Columbian Medium Roast Rg;Astoria
21.00;7;4;202302;Feb;Sun;Evening;Med;Tea;Brewed Green tea;Serenity Green Tea Lg;Hell's Kitchen
18.00;6;4;202302;Feb;Sun;Evening;Low;Tea;Brewed herbal tea;Peppermint Lg;Hell's Kitchen
18.75;5;3;202302;Feb;Sun;Evening;Low;Coffee;Premium brewed coffee;Jamaican Coffee River Lg;Lower Manhattan
15.50;5;3;202302;Feb;Sun;Evening;Low;Tea;Brewed Chai tea;Spicy Eye Opener Chai Lg;Hell's Kitchen
11.25;3;3;202302;Feb;Sun;Evening;Low;Coffee;Barista Espresso;Latte;Hell's Kitchen
10.20;4;3;202302;Feb;Sun;Evening;Low;Tea;Brewed Chai tea;Spicy Eye Opener Chai Rg;Lower Manhattan
12.50;5;4;202302;Feb;Sun;Evening;Low;Tea;Brewed herbal tea;Lemon Grass Rg;Hell's Kitchen
12.50;5;3;202302;Feb;Sun;Evening;Low;Tea;Brewed Black tea;English Breakfast Rg;Hell's Kitchen
39.00;13;10;202302;Feb;Sun;Evening;Med;Tea;Brewed Black tea;English Breakfast Lg;Hell's Kitchen
20.40;8;6;202302;Feb;Sun;Evening;very high;Tea;Brewed Chai tea;Spicy Eye Opener Chai Rg;Astoria
9.75;3;3;202302;Feb;Sun;Evening;Low;Bakery;Scone;Ginger Scone;Astoria
15.00;5;3;202302;Feb;Sun;Evening;Low;Coffee;Gourmet brewed coffee;Columbian Medium Roast Lg;Hell's Kitchen
30.00;10;7;202302;Feb;Sun;Evening;Med;Coffee;Gourmet brewed coffee;Ethiopia Rg;Hell's Kitchen
14.00;4;3;202302;Feb;Sun;Evening;Low;Coffee;Organic brewed coffee;Brazilian Lg;Lower Manhattan
17.50;7;5;202302;Feb;Sun;Evening;Low;Tea;Brewed Chai tea;Traditional Blend Chai Rg;Hell's Kitchen
20.00;5;3;202302;Feb;Sun;Evening;Low;Tea;Brewed Chai tea;Morning Sunrise Chai Lg;Lower Manhattan
11.25;3;3;202302;Feb;Sun;Evening;Low;Bakery;Scone;Jumbo Savory Scone;Lower Manhattan
5.00;2;1;202302;Feb;Sun;Evening;Low;Tea;Brewed Chai tea;Morning Sunrise Chai Rg;Lower Manhattan
21.25;5;3;202302;Feb;Sun;Evening;Med;Coffee;Barista Espresso;Cappuccino Lg;Lower Manhattan
7.50;3;2;202302;Feb;Sun;Evening;Low;Coffee;Drip coffee;Our Old Time Diner Blend Rg;Astoria
15.00;5;4;202302;Feb;Sun;Evening;Low;Tea;Brewed Black tea;Earl Grey Lg;Astoria
25.00;10;7;202302;Feb;Sun;Evening;Med;Coffee;Drip coffee;Our Old Time Diner Blend Rg;Hell's Kitchen
29.75;7;5;202302;Feb;Sun;Evening;Med;Coffee;Barista Espresso;Cappuccino Lg;Astoria
24.00;8;5;202302;Feb;Sun;Evening;Med;Tea;Brewed Chai tea;Traditional Blend Chai Lg;Astoria
25.00;10;6;202302;Feb;Sun;Evening;Med;Tea;Brewed Black tea;English Breakfast Rg;Astoria
18.75;5;3;202302;Feb;Sun;Evening;Low;Coffee;Barista Espresso;Latte;Lower Manhattan
22.50;6;3;202302;Feb;Sun;Evening;Med;Coffee;Barista Espresso;Latte;Astoria
18.00;6;6;202302;Feb;Sun;Evening;Low;Bakery;Scone;Oatmeal Scone;Astoria
18.00;6;4;202302;Feb;Sun;Evening;Low;Coffee;Barista Espresso;Espresso shot;Astoria
30.00;10;8;202302;Feb;Sun;Evening;Med;Coffee;Organic brewed coffee;Brazilian Rg;Astoria
21.00;7;3;202302;Feb;Sun;Evening;Med;Coffee;Gourmet brewed coffee;Columbian Medium Roast Lg;Lower Manhattan
3.75;1;1;202302;Feb;Sun;Evening;Low;Bakery;Pastry;Chocolate Croissant;Lower Manhattan
21.00;7;5;202302;Feb;Sun;Evening;Med;Tea;Brewed Chai tea;Traditional Blend Chai Lg;Hell's Kitchen
21.00;7;5;202302;Feb;Sun;Evening;Med;Coffee;Barista Espresso;Espresso shot;Hell's Kitchen
23.10;8;6;202302;Feb;Sun;Evening;Med;Coffee;Barista Espresso;Ouro Brasileiro shot;Hell's Kitchen
2.20;1;1;202302;Feb;Sun;Evening;Low;Coffee;Gourmet brewed coffee;Ethiopia Sm;Astoria
10.00;4;3;202302;Feb;Sun;Evening;Low;Coffee;Gourmet brewed coffee;Columbian Medium Roast Rg;Hell's Kitchen
11.25;3;3;202302;Feb;Sun;Evening;Low;Bakery;Scone;Jumbo Savory Scone;Astoria
20.00;8;6;202302;Feb;Sun;Evening;Low;Tea;Brewed Black tea;Earl Grey Rg;Hell's Kitchen
25.50;6;4;202302;Feb;Sun;Evening;Med;Coffee;Barista Espresso;Latte Rg;Hell's Kitchen
3.50;1;1;202302;Feb;Sun;Evening;Low;Bakery;Biscotti;Ginger Biscotti;Hell's Kitchen
3.50;1;1;202302;Feb;Sun;Evening;Low;Bakery;Biscotti;Chocolate Chip Biscotti;Hell's Kitchen
3.75;1;1;202302;Feb;Sun;Evening;Low;Bakery;Pastry;Almond Croissant;Hell's Kitchen
37.20;12;7;202302;Feb;Mon;Morning;Med;Tea;Brewed Chai tea;Spicy Eye Opener Chai Lg;Lower Manhattan
22.50;6;6;202302;Feb;Mon;Morning;Med;Bakery;Scone;Jumbo Savory Scone;Lower Manhattan
42.50;17;10;202302;Feb;Mon;Morning;High;Coffee;Gourmet brewed coffee;Columbian Medium Roast Rg;Lower Manhattan
30.00;10;10;202302;Feb;Mon;Morning;Med;Bakery;Scone;Oatmeal Scone;Lower Manhattan
52.50;14;14;202302;Feb;Mon;Morning;High;Bakery;Pastry;Chocolate Croissant;Lower Manhattan
80.00;20;11;202302;Feb;Mon;Morning;very high;Tea;Brewed Chai tea;Morning Sunrise Chai Lg;Lower Manhattan
41.80;19;9;202302;Feb;Mon;Morning;High;Coffee;Organic brewed coffee;Brazilian Sm;Lower Manhattan
51.00;17;8;202302;Feb;Mon;Morning;High;Tea;Brewed Black tea;English Breakfast Lg;Lower Manhattan
37.50;15;8;202302;Feb;Mon;Morning;Med;Tea;Brewed Green tea;Serenity Green Tea Rg;Lower Manhattan
57.50;23;13;202302;Feb;Mon;Morning;High;Tea;Brewed herbal tea;Lemon Grass Rg;Lower Manhattan
14.00;7;5;202302;Feb;Mon;Morning;Low;Coffee;Gourmet brewed coffee;Columbian Medium Roast Sm;Lower Manhattan
31.50;9;5;202302;Feb;Mon;Morning;Med;Coffee;Organic brewed coffee;Brazilian Lg;Lower Manhattan
56.25;15;10;202302;Feb;Mon;Morning;High;Coffee;Premium brewed coffee;Jamaican Coffee River Lg;Lower Manhattan
66.50;19;10;202302;Feb;Mon;Morning;very high;Coffee;Gourmet brewed coffee;Ethiopia Lg;Lower Manhattan
47.10;19;15;202302;Feb;Mon;Morning;High;Coffee;Barista Espresso;Ouro Brasileiro shot;Lower Manhattan
50.00;20;11;202302;Feb;Mon;Morning;High;Coffee;Drip coffee;Our Old Time Diner Blend Rg;Lower Manhattan
42.00;12;8;202302;Feb;Mon;Morning;High;Coffee;Gourmet brewed coffee;Ethiopia Lg;Hell's Kitchen
60.00;16;10;202302;Feb;Mon;Morning;High;Coffee;Barista Espresso;Latte;Hell's Kitchen
60.00;20;11;202302;Feb;Mon;Morning;High;Coffee;Organic brewed coffee;Brazilian Rg;Lower Manhattan
37.50;15;11;202302;Feb;Mon;Morning;Med;Tea;Brewed herbal tea;Lemon Grass Rg;Hell's Kitchen
42.00;12;12;202302;Feb;Mon;Morning;High;Bakery;Biscotti;Ginger Biscotti;Lower Manhattan
72.25;17;12;202302;Feb;Mon;Morning;very high;Coffee;Barista Espresso;Latte Rg;Hell's Kitchen
48.75;13;7;202302;Feb;Mon;Morning;High;Drinking Chocolate;Hot chocolate;Sustainably Grown Organic Rg;Hell's Kitchen
28.60;13;7;202302;Feb;Mon;Morning;Med;Coffee;Gourmet brewed coffee;Ethiopia Sm;Lower Manhattan
29.40;12;8;202302;Feb;Mon;Morning;Med;Coffee;Premium brewed coffee;Jamaican Coffee River Sm;Hell's Kitchen
34.00;8;5;202302;Feb;Mon;Morning;Med;Coffee;Barista Espresso;Latte Rg;Lower Manhattan
42.00;14;11;202302;Feb;Mon;Morning;High;Coffee;Organic brewed coffee;Brazilian Rg;Hell's Kitchen
49.00;20;12;202302;Feb;Mon;Morning;High;Coffee;Premium brewed coffee;Jamaican Coffee River Sm;Lower Manhattan
56.00;28;16;202302;Feb;Mon;Morning;High;Coffee;Gourmet brewed coffee;Columbian Medium Roast Sm;Hell's Kitchen
42.75;9;7;202302;Feb;Mon;Morning;High;Drinking Chocolate;Hot chocolate;Sustainably Grown Organic Lg;Lower Manhattan
37.40;17;12;202302;Feb;Mon;Morning;Med;Coffee;Organic brewed coffee;Brazilian Sm;Hell's Kitchen
30.00;10;7;202302;Feb;Mon;Morning;Med;Coffee;Gourmet brewed coffee;Ethiopia Rg;Lower Manhattan
42.50;17;11;202302;Feb;Mon;Morning;High;Coffee;Gourmet brewed coffee;Columbian Medium Roast Rg;Hell's Kitchen
45.00;15;11;202302;Feb;Mon;Morning;High;Tea;Brewed Green tea;Serenity Green Tea Lg;Hell's Kitchen
19.50;6;6;202302;Feb;Mon;Morning;Low;Bakery;Scone;Ginger Scone;Hell's Kitchen
42.00;14;9;202302;Feb;Mon;Morning;High;Coffee;Gourmet brewed coffee;Columbian Medium Roast Lg;Hell's Kitchen
12.00;4;4;202302;Feb;Mon;Morning;Low;Bakery;Scone;Oatmeal Scone;Hell's Kitchen
42.00;12;12;202302;Feb;Mon;Morning;High;Bakery;Biscotti;Chocolate Chip Biscotti;Lower Manhattan
37.50;15;11;202302;Feb;Mon;Morning;Med;Tea;Brewed Black tea;English Breakfast Rg;Hell's Kitchen
52.50;14;7;202302;Feb;Mon;Morning;High;Coffee;Barista Espresso;Latte;Lower Manhattan
15.50;5;4;202302;Feb;Mon;Morning;Low;Coffee;Premium brewed coffee;Jamaican Coffee River Rg;Hell's Kitchen
27.00;9;6;202302;Feb;Mon;Morning;Med;Tea;Brewed Chai tea;Traditional Blend Chai Lg;Hell's Kitchen
25.00;10;6;202302;Feb;Mon;Morning;Med;Tea;Brewed herbal tea;Peppermint Rg;Hell's Kitchen
102.00;24;11;202302;Feb;Mon;Morning;very high;Coffee;Barista Espresso;Cappuccino Lg;Lower Manhattan
63.30;22;15;202302;Feb;Mon;Morning;very high;Coffee;Barista Espresso;Ouro Brasileiro shot;Hell's Kitchen
17.60;8;4;202302;Feb;Mon;Morning;Low;Coffee;Gourmet brewed coffee;Ethiopia Sm;Hell's Kitchen
84.00;28;16;202302;Feb;Mon;Morning;very high;Coffee;Gourmet brewed coffee;Columbian Medium Roast Lg;Lower Manhattan
24.00;12;6;202302;Feb;Mon;Morning;Med;Coffee;Drip coffee;Our Old Time Diner Blend Sm;Hell's Kitchen
33.00;11;8;202302;Feb;Mon;Morning;Med;Coffee;Gourmet brewed coffee;Ethiopia Rg;Hell's Kitchen
37.50;15;9;202302;Feb;Mon;Morning;Med;Tea;Brewed Black tea;Earl Grey Rg;Hell's Kitchen
21.30;8;6;202302;Feb;Wed;Morning;Med;Coffee;Barista Espresso;Ouro Brasileiro shot;Lower Manhattan
32.00;16;10;202302;Feb;Wed;Morning;Med;Coffee;Drip coffee;Our Old Time Diner Blend Sm;Lower Manhattan
24.00;8;6;202302;Feb;Wed;Morning;Med;Tea;Brewed Black tea;Earl Grey Lg;Hell's Kitchen
17.50;7;4;202302;Feb;Wed;Afternoon;Low;Tea;Brewed herbal tea;Lemon Grass Rg;Hell's Kitchen
14.00;4;4;202302;Feb;Wed;Afternoon;Low;Bakery;Pastry;Croissant;Hell's Kitchen
9.00;3;3;202302;Feb;Wed;Evening;Low;Bakery;Scone;Oatmeal Scone;Lower Manhattan
17.50;7;4;202302;Feb;Wed;Evening;Low;Tea;Brewed Black tea;Earl Grey Rg;Hell's Kitchen
36.00;12;9;202302;Feb;Thu;Morning;Med;Tea;Brewed Green tea;Serenity Green Tea Lg;Lower Manhattan
24.00;8;6;202302;Feb;Thu;Morning;Med;Tea;Brewed Chai tea;Traditional Blend Chai Lg;Lower Manhattan
14.00;4;4;202302;Feb;Thu;Morning;Low;Bakery;Biscotti;Ginger Biscotti;Hell's Kitchen
21.70;7;6;202302;Feb;Thu;Morning;Med;Coffee;Premium brewed coffee;Jamaican Coffee River Rg;Hell's Kitchen
22.76;6;6;202302;Feb;Thu;Afternoon;Med;Bakery;Pastry;Croissant;Lower Manhattan
14.00;7;5;202302;Feb;Thu;Afternoon;Low;Coffee;Gourmet brewed coffee;Columbian Medium Roast Sm;Hell's Kitchen
24.00;8;6;202302;Feb;Thu;Afternoon;Med;Tea;Brewed Chai tea;Traditional Blend Chai Lg;Astoria
6.50;2;2;202302;Feb;Thu;Afternoon;Low;Bakery;Scone;Cranberry Scone;Lower Manhattan
11.00;5;4;202302;Feb;Thu;Afternoon;Low;Coffee;Organic brewed coffee;Brazilian Sm;Hell's Kitchen
7.00;2;2;202302;Feb;Thu;Afternoon;Low;Bakery;Pastry;Croissant;Astoria
10.00;4;3;202302;Feb;Thu;Afternoon;Low;Tea;Brewed Chai tea;Morning Sunrise Chai Rg;Astoria
16.00;8;5;202302;Feb;Thu;Evening;Low;Coffee;Drip coffee;Our Old Time Diner Blend Sm;Astoria
27.00;9;6;202302;Feb;Thu;Evening;Med;Tea;Brewed Chai tea;Traditional Blend Chai Lg;Astoria
12.00;6;4;202302;Feb;Thu;Evening;Low;Coffee;Gourmet brewed coffee;Columbian Medium Roast Sm;Hell's Kitchen
31.50;9;5;202302;Feb;Thu;Evening;Med;Coffee;Gourmet brewed coffee;Ethiopia Lg;Astoria
67.50;18;12;202302;Feb;Fri;Morning;very high;Coffee;Premium brewed coffee;Jamaican Coffee River Lg;Lower Manhattan
30.00;10;8;202302;Feb;Fri;Morning;Med;Tea;Brewed Black tea;English Breakfast Lg;Lower Manhattan
63.00;18;12;202302;Feb;Fri;Morning;very high;Coffee;Organic brewed coffee;Brazilian Lg;Lower Manhattan
13.00;4;4;202302;Feb;Fri;Morning;Low;Bakery;Scone;Ginger Scone;Astoria
45.00;15;8;202302;Feb;Fri;Morning;High;Coffee;Organic brewed coffee;Brazilian Rg;Astoria
31.00;10;5;202302;Feb;Fri;Morning;Med;Coffee;Premium brewed coffee;Jamaican Coffee River Rg;Lower Manhattan
47.50;10;8;202302;Feb;Fri;Afternoon;High;Drinking Chocolate;Hot chocolate;Sustainably Grown Organic Lg;Astoria
30.00;10;5;202302;Feb;Fri;Afternoon;Med;Coffee;Organic brewed coffee;Brazilian Rg;Lower Manhattan
17.50;7;6;202302;Feb;Fri;Afternoon;Low;Tea;Brewed Chai tea;Morning Sunrise Chai Rg;Astoria
34.00;8;5;202302;Feb;Fri;Afternoon;Med;Coffee;Barista Espresso;Latte Rg;Hell's Kitchen
7.50;3;2;202302;Feb;Fri;Afternoon;Low;Tea;Brewed Chai tea;Morning Sunrise Chai Rg;Hell's Kitchen
20.00;8;6;202302;Feb;Fri;Afternoon;Low;Tea;Brewed Green tea;Serenity Green Tea Rg;Astoria
8.80;4;4;202302;Feb;Fri;Afternoon;Low;Coffee;Organic brewed coffee;Brazilian Sm;Astoria
15.00;6;5;202302;Feb;Fri;Afternoon;Low;Coffee;Gourmet brewed coffee;Columbian Medium Roast Rg;Lower Manhattan
12.00;4;4;202302;Feb;Fri;Evening;Low;Bakery;Scone;Oatmeal Scone;Astoria
10.50;3;3;202302;Feb;Fri;Evening;Low;Bakery;Biscotti;Chocolate Chip Biscotti;Astoria
12.00;4;3;202302;Feb;Fri;Evening;Low;Tea;Brewed herbal tea;Peppermint Lg;Lower Manhattan
9.00;3;2;202302;Feb;Fri;Evening;Low;Coffee;Gourmet brewed coffee;Ethiopia Rg;Lower Manhattan
7.50;2;2;202302;Feb;Fri;Evening;Low;Bakery;Pastry;Almond Croissant;Lower Manhattan
25.50;6;3;202302;Feb;Fri;Evening;Med;Coffee;Barista Espresso;Cappuccino Lg;Lower Manhattan
5.00;2;1;202302;Feb;Fri;Evening;Low;Tea;Brewed Black tea;Earl Grey Rg;Lower Manhattan
18.60;6;5;202302;Feb;Fri;Evening;Low;Tea;Brewed Chai tea;Spicy Eye Opener Chai Lg;Astoria
11.25;3;3;202302;Feb;Fri;Evening;Low;Coffee;Barista Espresso;Cappuccino;Astoria
7.50;2;2;202302;Feb;Fri;Evening;Low;Bakery;Pastry;Chocolate Croissant;Lower Manhattan
11.00;5;5;202302;Feb;Fri;Evening;Low;Coffee;Gourmet brewed coffee;Ethiopia Sm;Astoria
24.00;8;4;202302;Feb;Fri;Evening;Med;Tea;Brewed herbal tea;Lemon Grass Lg;Lower Manhattan
21.00;7;5;202302;Feb;Fri;Evening;Med;Coffee;Organic brewed coffee;Brazilian Rg;Hell's Kitchen
34.00;8;7;202302;Feb;Fri;Evening;Med;Coffee;Barista Espresso;Latte Rg;Astoria
24.80;8;5;202302;Feb;Fri;Evening;Med;Tea;Brewed Chai tea;Spicy Eye Opener Chai Lg;Hell's Kitchen
9.75;3;3;202302;Feb;Fri;Evening;Low;Bakery;Scone;Ginger Scone;Astoria
36.00;12;11;202302;Feb;Sat;Morning;Med;Bakery;Scone;Ginger Scone;Lower Manhattan
24.00;8;7;202302;Feb;Sat;Morning;Med;Coffee;Gourmet brewed coffee;Ethiopia Rg;Hell's Kitchen
17.50;5;5;202302;Feb;Sat;Morning;Low;Bakery;Biscotti;Ginger Biscotti;Hell's Kitchen
31.50;7;7;202302;Feb;Sat;Morning;Med;Bakery;Scone;Scottish Cream Scone ;Lower Manhattan
63.75;17;17;202302;Feb;Sat;Morning;very high;Bakery;Pastry;Chocolate Croissant;Astoria
24.00;8;6;202302;Feb;Sat;Morning;Med;Coffee;Organic brewed coffee;Brazilian Rg;Lower Manhattan
15.00;5;3;202302;Feb;Sat;Morning;Low;Tea;Brewed Black tea;Earl Grey Lg;Astoria
18.00;6;4;202302;Feb;Sat;Morning;Low;Tea;Brewed Black tea;English Breakfast Lg;Astoria
27.50;11;7;202302;Feb;Sat;Morning;Med;Tea;Brewed Green tea;Serenity Green Tea Rg;Astoria
18.75;5;4;202302;Feb;Sat;Afternoon;Low;Coffee;Barista Espresso;Cappuccino;Lower Manhattan
3.75;1;1;202302;Feb;Sat;Afternoon;Low;Bakery;Scone;Jumbo Savory Scone;Lower Manhattan
25.50;6;3;202302;Feb;Sat;Afternoon;Med;Coffee;Barista Espresso;Latte Rg;Hell's Kitchen
27.50;11;6;202302;Feb;Sat;Afternoon;Med;Tea;Brewed herbal tea;Peppermint Rg;Hell's Kitchen
11.25;3;3;202302;Feb;Sat;Afternoon;Low;Bakery;Pastry;Chocolate Croissant;Hell's Kitchen
20.00;8;4;202302;Feb;Sat;Afternoon;Low;Tea;Brewed Chai tea;Traditional Blend Chai Rg;Lower Manhattan
24.50;10;6;202302;Feb;Sat;Afternoon;Med;Coffee;Premium brewed coffee;Jamaican Coffee River Sm;Lower Manhattan
25.00;10;6;202302;Feb;Sat;Afternoon;Med;Tea;Brewed Green tea;Serenity Green Tea Rg;Lower Manhattan
17.50;5;4;202302;Feb;Sat;Afternoon;Low;Coffee;Organic brewed coffee;Brazilian Lg;Lower Manhattan
7.50;2;2;202302;Feb;Sat;Afternoon;Low;Bakery;Pastry;Almond Croissant;Lower Manhattan
15.00;6;4;202302;Feb;Sat;Afternoon;Low;Tea;Brewed Green tea;Serenity Green Tea Rg;Astoria
9.00;3;3;202302;Feb;Sat;Afternoon;Low;Bakery;Scone;Oatmeal Scone;Lower Manhattan
7.50;3;2;202302;Feb;Sat;Afternoon;Low;Tea;Brewed Black tea;English Breakfast Rg;Hell's Kitchen
10.50;3;3;202302;Feb;Sat;Afternoon;Low;Bakery;Biscotti;Chocolate Chip Biscotti;Astoria
11.25;3;2;202302;Feb;Sat;Afternoon;Low;Coffee;Premium brewed coffee;Jamaican Coffee River Lg;Hell's Kitchen
19.80;9;6;202302;Feb;Sat;Afternoon;Low;Coffee;Gourmet brewed coffee;Ethiopia Sm;Hell's Kitchen
18.00;6;4;202302;Feb;Sat;Afternoon;Low;Tea;Brewed Black tea;Earl Grey Lg;Lower Manhattan
6.00;2;1;202302;Feb;Sat;Afternoon;Low;Coffee;Barista Espresso;Ouro Brasileiro shot;Lower Manhattan
10.50;3;3;202302;Feb;Sat;Afternoon;Low;Bakery;Biscotti;Ginger Biscotti;Lower Manhattan
4.50;1;1;202302;Feb;Sat;Evening;Low;Bakery;Scone;Scottish Cream Scone ;Lower Manhattan
8.00;4;3;202302;Feb;Sat;Evening;Low;Coffee;Drip coffee;Our Old Time Diner Blend Sm;Lower Manhattan
37.50;10;6;202302;Feb;Sat;Evening;Med;Drinking Chocolate;Hot chocolate;Sustainably Grown Organic Rg;Hell's Kitchen
12.25;5;3;202302;Feb;Sat;Evening;Low;Coffee;Premium brewed coffee;Jamaican Coffee River Sm;Hell's Kitchen
5.00;2;2;202302;Feb;Sat;Evening;Low;Tea;Brewed herbal tea;Lemon Grass Rg;Lower Manhattan
30.00;8;5;202302;Feb;Sat;Evening;Med;Coffee;Barista Espresso;Cappuccino;Lower Manhattan
3.25;1;1;202302;Feb;Sat;Evening;Low;Bakery;Scone;Cranberry Scone;Lower Manhattan
18.75;5;5;202302;Feb;Sat;Evening;Low;Coffee;Premium brewed coffee;Jamaican Coffee River Lg;Hell's Kitchen
20.00;5;3;202302;Feb;Sat;Evening;Low;Tea;Brewed Chai tea;Morning Sunrise Chai Lg;Hell's Kitchen
11.25;3;2;202302;Feb;Sat;Evening;Low;Coffee;Barista Espresso;Latte;Hell's Kitchen
15.00;6;3;202302;Feb;Sat;Evening;Low;Coffee;Drip coffee;Our Old Time Diner Blend Rg;Hell's Kitchen
40.00;16;9;202302;Feb;Sun;Morning;Med;Tea;Brewed Chai tea;Morning Sunrise Chai Rg;Lower Manhattan
30.00;15;10;202302;Feb;Sun;Morning;Med;Coffee;Drip coffee;Our Old Time Diner Blend Sm;Hell's Kitchen
51.00;17;10;202302;Feb;Sun;Morning;High;Tea;Brewed herbal tea;Lemon Grass Lg;Hell's Kitchen
52.00;13;9;202302;Feb;Sun;Morning;High;Tea;Brewed Chai tea;Morning Sunrise Chai Lg;Hell's Kitchen
42.50;17;9;202302;Feb;Sun;Morning;High;Tea;Brewed herbal tea;Peppermint Rg;Lower Manhattan
35.00;10;10;202302;Feb;Sun;Morning;Med;Bakery;Pastry;Croissant;Hell's Kitchen
30.00;15;11;202302;Feb;Sun;Morning;Med;Coffee;Drip coffee;Our Old Time Diner Blend Sm;Lower Manhattan
25.00;10;6;202302;Feb;Sun;Afternoon;Med;Tea;Brewed Black tea;English Breakfast Rg;Lower Manhattan
22.50;9;6;202302;Feb;Sun;Afternoon;Med;Tea;Brewed Black tea;English Breakfast Rg;Astoria
30.00;10;6;202302;Feb;Sun;Afternoon;Med;Coffee;Barista Espresso;Ouro Brasileiro shot;Lower Manhattan
15.00;5;3;202302;Feb;Sun;Afternoon;Low;Tea;Brewed herbal tea;Lemon Grass Lg;Hell's Kitchen
20.00;8;6;202302;Feb;Sun;Afternoon;Low;Tea;Brewed Chai tea;Morning Sunrise Chai Rg;Astoria
25.00;10;6;202302;Feb;Sun;Afternoon;Med;Tea;Brewed herbal tea;Peppermint Rg;Hell's Kitchen
24.00;8;6;202302;Feb;Sun;Afternoon;Med;Coffee;Gourmet brewed coffee;Ethiopia Rg;Astoria
2.50;1;1;202302;Feb;Sun;Afternoon;Low;Tea;Brewed Black tea;English Breakfast Rg;Hell's Kitchen
10.00;4;3;202302;Feb;Sun;Afternoon;Low;Coffee;Drip coffee;Our Old Time Diner Blend Rg;Lower Manhattan
8.80;4;3;202302;Feb;Sun;Afternoon;Low;Coffee;Organic brewed coffee;Brazilian Sm;Astoria
15.00;4;3;202302;Feb;Sun;Afternoon;Low;Coffee;Barista Espresso;Cappuccino;Hell's Kitchen
7.50;2;2;202302;Feb;Sun;Afternoon;Low;Bakery;Pastry;Chocolate Croissant;Hell's Kitchen
21.00;7;5;202302;Feb;Sun;Afternoon;Med;Tea;Brewed Green tea;Serenity Green Tea Lg;Lower Manhattan
17.50;5;5;202302;Feb;Sun;Afternoon;Low;Bakery;Pastry;Croissant;Lower Manhattan
9.80;4;4;202302;Feb;Sun;Afternoon;Low;Coffee;Premium brewed coffee;Jamaican Coffee River Sm;Astoria
11.25;3;2;202302;Feb;Sun;Afternoon;Low;Coffee;Barista Espresso;Cappuccino;Astoria
12.00;4;3;202302;Feb;Sun;Evening;Low;Coffee;Barista Espresso;Espresso shot;Lower Manhattan
15.00;6;5;202302;Feb;Sun;Evening;Low;Tea;Brewed Green tea;Serenity Green Tea Rg;Astoria
15.40;7;6;202302;Feb;Sun;Evening;Low;Coffee;Organic brewed coffee;Brazilian Sm;Hell's Kitchen
20.00;8;5;202302;Feb;Sun;Evening;Low;Tea;Brewed herbal tea;Peppermint Rg;Hell's Kitchen
18.00;6;3;202302;Feb;Sun;Evening;Low;Tea;Brewed Black tea;Earl Grey Lg;Hell's Kitchen
7.00;2;2;202302;Feb;Sun;Evening;Low;Bakery;Biscotti;Chocolate Chip Biscotti;Astoria
33.75;9;6;202302;Feb;Sun;Evening;Med;Drinking Chocolate;Hot chocolate;Sustainably Grown Organic Rg;Astoria
15.00;5;3;202302;Feb;Sun;Evening;Low;Tea;Brewed Green tea;Serenity Green Tea Lg;Lower Manhattan
6.50;2;2;202302;Feb;Sun;Evening;Low;Bakery;Scone;Cranberry Scone;Astoria
45.00;18;11;202302;Feb;Sun;Evening;High;Tea;Brewed herbal tea;Lemon Grass Rg;Astoria
17.50;7;4;202302;Feb;Sun;Evening;Low;Tea;Brewed Chai tea;Morning Sunrise Chai Rg;Hell's Kitchen
14.00;4;3;202302;Feb;Sun;Evening;Low;Coffee;Organic brewed coffee;Brazilian Lg;Astoria
28.00;14;9;202302;Feb;Sun;Evening;Med;Coffee;Drip coffee;Our Old Time Diner Blend Sm;Astoria
7.50;2;2;202302;Feb;Sun;Evening;Low;Bakery;Pastry;Chocolate Croissant;Astoria
66.00;22;12;202302;Feb;Mon;Morning;very high;Tea;Brewed herbal tea;Peppermint Lg;Lower Manhattan
56.00;16;8;202302;Feb;Mon;Morning;High;Drinking Chocolate;Hot chocolate;Dark chocolate Rg;Lower Manhattan
63.00;21;12;202302;Feb;Mon;Morning;very high;Coffee;Barista Espresso;Espresso shot;Hell's Kitchen
10.50;3;3;202302;Feb;Mon;Morning;Low;Bakery;Biscotti;Ginger Biscotti;Hell's Kitchen
48.00;16;10;202302;Feb;Mon;Morning;High;Tea;Brewed herbal tea;Lemon Grass Lg;Hell's Kitchen
66.00;22;13;202302;Feb;Mon;Morning;very high;Tea;Brewed Chai tea;Traditional Blend Chai Lg;Lower Manhattan
90.25;19;15;202302;Feb;Mon;Morning;very high;Drinking Chocolate;Hot chocolate;Sustainably Grown Organic Lg;Hell's Kitchen
57.50;23;12;202302;Feb;Mon;Morning;High;Tea;Brewed Black tea;English Breakfast Rg;Lower Manhattan
24.00;12;7;202302;Feb;Mon;Morning;Med;Coffee;Drip coffee;Our Old Time Diner Blend Sm;Lower Manhattan
37.50;15;9;202302;Feb;Mon;Morning;Med;Tea;Brewed Chai tea;Traditional Blend Chai Rg;Lower Manhattan
12.00;6;4;202302;Feb;Thu;Afternoon;Low;Coffee;Drip coffee;Our Old Time Diner Blend Sm;Astoria
3.00;1;1;202302;Feb;Thu;Evening;Low;Tea;Brewed herbal tea;Lemon Grass Lg;Hell's Kitchen
21.00;6;4;202302;Feb;Sat;Afternoon;Med;Drinking Chocolate;Hot chocolate;Dark chocolate Rg;Lower Manhattan
15.00;5;3;202302;Feb;Sat;Afternoon;Low;Coffee;Gourmet brewed coffee;Columbian Medium Roast Lg;Lower Manhattan
6.00;2;2;202302;Feb;Sat;Afternoon;Low;Tea;Brewed Green tea;Serenity Green Tea Lg;Astoria
6.20;2;1;202302;Feb;Sat;Night;Low;Tea;Brewed Chai tea;Spicy Eye Opener Chai Lg;Astoria
12.00;4;3;202302;Feb;Sat;Evening;Low;Tea;Brewed Chai tea;Traditional Blend Chai Lg;Hell's Kitchen
7.00;2;2;202302;Feb;Sat;Evening;Low;Bakery;Biscotti;Ginger Biscotti;Astoria
14.00;4;4;202302;Feb;Sun;Afternoon;Low;Bakery;Pastry;Croissant;Astoria
27.50;11;6;202302;Feb;Sun;Afternoon;Med;Tea;Brewed Black tea;Earl Grey Rg;Hell's Kitchen
27.00;9;6;202302;Feb;Mon;Morning;Med;Coffee;Barista Espresso;Espresso shot;Lower Manhattan
30.00;10;8;202302;Feb;Mon;Morning;Med;Tea;Brewed herbal tea;Peppermint Lg;Hell's Kitchen
28.60;13;10;202302;Feb;Mon;Morning;Med;Coffee;Gourmet brewed coffee;Ethiopia Sm;Astoria
28.00;7;5;202302;Feb;Mon;Morning;Med;Tea;Brewed Chai tea;Morning Sunrise Chai Lg;Astoria
40.50;9;7;202302;Feb;Mon;Morning;very high;Drinking Chocolate;Hot chocolate;Dark chocolate Lg;Astoria
27.00;6;6;202302;Feb;Mon;Morning;Med;Bakery;Scone;Scottish Cream Scone ;Hell's Kitchen
24.00;8;6;202302;Feb;Mon;Morning;Med;Coffee;Gourmet brewed coffee;Columbian Medium Roast Lg;Astoria
38.50;11;11;202302;Feb;Mon;Morning;Med;Bakery;Biscotti;Ginger Biscotti;Astoria
56.00;16;13;202302;Feb;Mon;Morning;High;Drinking Chocolate;Hot chocolate;Dark chocolate Rg;Astoria
35.00;10;6;202302;Feb;Mon;Morning;Med;Drinking Chocolate;Hot chocolate;Dark chocolate Rg;Hell's Kitchen
17.50;5;5;202302;Feb;Mon;Morning;Low;Bakery;Biscotti;Chocolate Chip Biscotti;Hell's Kitchen
82.50;22;12;202302;Feb;Mon;Morning;very high;Drinking Chocolate;Hot chocolate;Sustainably Grown Organic Rg;Lower Manhattan
27.50;11;8;202302;Feb;Mon;Morning;Med;Tea;Brewed Black tea;English Breakfast Rg;Astoria
99.75;21;13;202302;Feb;Mon;Morning;very high;Drinking Chocolate;Hot chocolate;Sustainably Grown Organic Lg;Astoria
52.50;14;14;202302;Feb;Mon;Morning;High;Bakery;Pastry;Almond Croissant;Lower Manhattan
18.00;6;4;202302;Feb;Mon;Morning;Low;Tea;Brewed herbal tea;Lemon Grass Lg;Astoria
22.50;6;6;202302;Feb;Mon;Morning;Med;Bakery;Pastry;Chocolate Croissant;Astoria
32.50;13;10;202302;Feb;Mon;Morning;Med;Tea;Brewed Chai tea;Morning Sunrise Chai Rg;Astoria
37.50;10;10;202302;Feb;Mon;Morning;Med;Bakery;Pastry;Almond Croissant;Hell's Kitchen
42.25;13;13;202302;Feb;Mon;Morning;High;Bakery;Scone;Cranberry Scone;Lower Manhattan
27.00;9;7;202302;Feb;Mon;Morning;Med;Coffee;Gourmet brewed coffee;Ethiopia Rg;Astoria
4.25;1;1;202302;Feb;Mon;Night;Low;Coffee;Barista Espresso;Latte Rg;Lower Manhattan
24.50;7;5;202302;Feb;Mon;Afternoon;Med;Drinking Chocolate;Hot chocolate;Dark chocolate Rg;Astoria
32.50;13;6;202302;Feb;Mon;Afternoon;Med;Tea;Brewed Black tea;English Breakfast Rg;Lower Manhattan
27.00;9;5;202302;Feb;Mon;Afternoon;Med;Coffee;Gourmet brewed coffee;Ethiopia Rg;Hell's Kitchen
6.00;3;2;202302;Feb;Mon;Afternoon;Low;Coffee;Drip coffee;Our Old Time Diner Blend Sm;Astoria
16.25;5;5;202302;Feb;Mon;Afternoon;Low;Bakery;Scone;Cranberry Scone;Astoria
33.75;9;6;202302;Feb;Mon;Afternoon;Med;Coffee;Premium brewed coffee;Jamaican Coffee River Lg;Astoria
7.50;3;2;202302;Feb;Mon;Afternoon;Low;Coffee;Drip coffee;Our Old Time Diner Blend Rg;Astoria
21.25;5;3;202302;Feb;Mon;Afternoon;Med;Coffee;Barista Espresso;Cappuccino Lg;Hell's Kitchen
17.50;7;5;202302;Feb;Mon;Afternoon;Low;Coffee;Gourmet brewed coffee;Columbian Medium Roast Rg;Astoria
10.50;3;3;202302;Feb;Mon;Afternoon;Low;Bakery;Biscotti;Ginger Biscotti;Astoria
18.60;6;4;202302;Feb;Mon;Afternoon;Low;Coffee;Premium brewed coffee;Jamaican Coffee River Rg;Hell's Kitchen
7.00;2;1;202302;Feb;Mon;Afternoon;Low;Coffee;Organic brewed coffee;Brazilian Lg;Hell's Kitchen
10.00;4;2;202302;Feb;Mon;Afternoon;Low;Tea;Brewed herbal tea;Lemon Grass Rg;Lower Manhattan
29.75;7;4;202302;Feb;Mon;Afternoon;Med;Coffee;Barista Espresso;Latte Rg;Lower Manhattan
17.50;7;5;202302;Feb;Mon;Afternoon;Low;Tea;Brewed Black tea;Earl Grey Rg;Lower Manhattan
6.00;2;1;202302;Feb;Mon;Afternoon;Low;Tea;Brewed Green tea;Serenity Green Tea Lg;Hell's Kitchen
51.00;17;11;202302;Feb;Mon;Afternoon;High;Tea;Brewed Black tea;Earl Grey Lg;Astoria
7.50;2;2;202302;Feb;Mon;Afternoon;Low;Coffee;Barista Espresso;Cappuccino;Astoria
44.00;11;6;202302;Feb;Mon;Afternoon;High;Tea;Brewed Chai tea;Morning Sunrise Chai Lg;Lower Manhattan
11.00;5;3;202302;Feb;Mon;Afternoon;Low;Coffee;Gourmet brewed coffee;Ethiopia Sm;Hell's Kitchen
11.00;5;4;202302;Feb;Mon;Afternoon;Low;Coffee;Organic brewed coffee;Brazilian Sm;Hell's Kitchen
7.50;2;2;202302;Feb;Mon;Afternoon;Low;Bakery;Pastry;Almond Croissant;Hell's Kitchen
22.50;9;5;202302;Feb;Mon;Afternoon;Med;Tea;Brewed herbal tea;Peppermint Rg;Astoria
18.75;5;3;202302;Feb;Mon;Afternoon;Low;Drinking Chocolate;Hot chocolate;Sustainably Grown Organic Rg;Lower Manhattan
27.00;9;6;202302;Feb;Mon;Afternoon;Med;Tea;Brewed Black tea;English Breakfast Lg;Astoria
30.00;10;5;202302;Feb;Mon;Afternoon;Med;Coffee;Drip coffee;Our Old Time Diner Blend Lg;Hell's Kitchen
45.00;10;6;202302;Feb;Mon;Afternoon;High;Drinking Chocolate;Hot chocolate;Dark chocolate Lg;Lower Manhattan
24.00;8;5;202302;Feb;Mon;Afternoon;Med;Tea;Brewed Black tea;English Breakfast Lg;Lower Manhattan
12.00;4;3;202302;Feb;Mon;Afternoon;Low;Coffee;Gourmet brewed coffee;Columbian Medium Roast Lg;Astoria
37.50;10;6;202302;Feb;Mon;Afternoon;Med;Coffee;Barista Espresso;Latte;Astoria
24.50;10;7;202302;Feb;Mon;Afternoon;Med;Coffee;Premium brewed coffee;Jamaican Coffee River Sm;Lower Manhattan
12.40;4;3;202302;Feb;Mon;Afternoon;Low;Coffee;Premium brewed coffee;Jamaican Coffee River Rg;Astoria
15.00;4;4;202302;Feb;Mon;Afternoon;Low;Bakery;Scone;Jumbo Savory Scone;Astoria
6.00;2;1;202302;Feb;Mon;Afternoon;Low;Tea;Brewed Black tea;English Breakfast Lg;Hell's Kitchen
22.50;9;4;202302;Feb;Mon;Afternoon;Med;Tea;Brewed Green tea;Serenity Green Tea Rg;Lower Manhattan
18.00;6;3;202302;Feb;Mon;Afternoon;Low;Tea;Brewed Green tea;Serenity Green Tea Lg;Astoria
42.00;14;7;202302;Feb;Mon;Afternoon;High;Tea;Brewed herbal tea;Lemon Grass Lg;Lower Manhattan
42.50;10;5;202302;Feb;Mon;Afternoon;High;Coffee;Barista Espresso;Cappuccino Lg;Astoria
21.00;7;4;202302;Feb;Mon;Afternoon;Med;Coffee;Gourmet brewed coffee;Columbian Medium Roast Lg;Lower Manhattan
21.00;6;4;202302;Feb;Mon;Afternoon;Med;Drinking Chocolate;Hot chocolate;Dark chocolate Rg;Lower Manhattan
15.00;5;3;202302;Feb;Mon;Afternoon;Low;Coffee;Barista Espresso;Espresso shot;Lower Manhattan
15.50;5;4;202302;Feb;Mon;Afternoon;Low;Tea;Brewed Chai tea;Spicy Eye Opener Chai Lg;Hell's Kitchen
20.00;8;4;202302;Feb;Mon;Afternoon;Low;Tea;Brewed Chai tea;Traditional Blend Chai Rg;Hell's Kitchen
3.25;1;1;202302;Feb;Mon;Afternoon;Low;Bakery;Scone;Ginger Scone;Hell's Kitchen
15.00;5;4;202302;Feb;Mon;Afternoon;Low;Coffee;Organic brewed coffee;Brazilian Rg;Astoria
15.00;5;5;202302;Feb;Mon;Afternoon;Low;Bakery;Scone;Oatmeal Scone;Astoria
22.00;11;6;202302;Feb;Mon;Afternoon;Med;Coffee;Gourmet brewed coffee;Columbian Medium Roast Sm;Lower Manhattan
11.25;3;2;202302;Feb;Mon;Afternoon;Low;Coffee;Barista Espresso;Cappuccino;Lower Manhattan
14.00;4;4;202302;Feb;Mon;Afternoon;Low;Bakery;Pastry;Croissant;Lower Manhattan
10.50;3;3;202302;Feb;Mon;Afternoon;Low;Bakery;Biscotti;Chocolate Chip Biscotti;Hell's Kitchen
21.00;6;4;202302;Feb;Mon;Afternoon;Med;Coffee;Organic brewed coffee;Brazilian Lg;Astoria
13.50;3;3;202302;Feb;Mon;Afternoon;Low;Bakery;Scone;Scottish Cream Scone ;Astoria
25.00;10;4;202302;Feb;Mon;Afternoon;Med;Tea;Brewed herbal tea;Peppermint Rg;Lower Manhattan
14.00;7;4;202302;Feb;Mon;Afternoon;Low;Coffee;Drip coffee;Our Old Time Diner Blend Sm;Lower Manhattan
20.40;8;5;202302;Feb;Mon;Afternoon;very high;Tea;Brewed Chai tea;Spicy Eye Opener Chai Rg;Hell's Kitchen
2.50;1;1;202302;Feb;Mon;Afternoon;Low;Coffee;Drip coffee;Our Old Time Diner Blend Rg;Lower Manhattan
18.00;6;3;202302;Feb;Mon;Afternoon;Low;Coffee;Barista Espresso;Ouro Brasileiro shot;Hell's Kitchen
20.00;8;5;202302;Feb;Mon;Afternoon;Low;Tea;Brewed herbal tea;Peppermint Rg;Hell's Kitchen
30.00;10;7;202302;Feb;Mon;Afternoon;Med;Coffee;Gourmet brewed coffee;Columbian Medium Roast Lg;Hell's Kitchen
10.00;4;2;202302;Feb;Mon;Afternoon;Low;Tea;Brewed Chai tea;Traditional Blend Chai Rg;Lower Manhattan
25.50;6;3;202302;Feb;Mon;Afternoon;Med;Coffee;Barista Espresso;Cappuccino Lg;Lower Manhattan
21.00;7;4;202302;Feb;Mon;Afternoon;Med;Tea;Brewed herbal tea;Peppermint Lg;Hell's Kitchen
42.00;12;7;202302;Feb;Mon;Afternoon;High;Coffee;Gourmet brewed coffee;Ethiopia Lg;Lower Manhattan
12.50;5;3;202302;Feb;Mon;Afternoon;Low;Coffee;Drip coffee;Our Old Time Diner Blend Rg;Hell's Kitchen
17.00;4;2;202302;Feb;Mon;Afternoon;Low;Coffee;Barista Espresso;Latte Rg;Astoria
15.50;5;4;202302;Feb;Mon;Afternoon;Low;Tea;Brewed Chai tea;Spicy Eye Opener Chai Lg;Astoria
9.00;3;2;202302;Feb;Mon;Afternoon;Low;Coffee;Gourmet brewed coffee;Ethiopia Rg;Astoria
30.00;10;5;202302;Feb;Mon;Afternoon;Med;Tea;Brewed Black tea;Earl Grey Lg;Lower Manhattan
15.00;4;3;202302;Feb;Mon;Afternoon;Low;Coffee;Premium brewed coffee;Jamaican Coffee River Lg;Hell's Kitchen
21.70;7;6;202302;Feb;Mon;Afternoon;Med;Tea;Brewed Chai tea;Spicy Eye Opener Chai Lg;Lower Manhattan
6.50;2;2;202302;Feb;Mon;Afternoon;Low;Bakery;Scone;Cranberry Scone;Hell's Kitchen
9.75;3;3;202302;Feb;Mon;Afternoon;Low;Bakery;Biscotti;Hazelnut Biscotti;Astoria
7.50;2;2;202302;Feb;Mon;Afternoon;Low;Bakery;Pastry;Almond Croissant;Astoria
19.00;4;3;202302;Feb;Mon;Afternoon;Low;Drinking Chocolate;Hot chocolate;Sustainably Grown Organic Lg;Hell's Kitchen
8.00;4;3;202302;Feb;Mon;Afternoon;Low;Coffee;Gourmet brewed coffee;Columbian Medium Roast Sm;Hell's Kitchen
22.75;7;7;202302;Feb;Mon;Afternoon;Med;Bakery;Scone;Ginger Scone;Astoria
9.00;3;3;202302;Feb;Mon;Afternoon;Low;Bakery;Scone;Oatmeal Scone;Lower Manhattan
18.00;6;4;202302;Feb;Mon;Afternoon;Low;Coffee;Barista Espresso;Espresso shot;Astoria
6.50;2;2;202302;Feb;Mon;Afternoon;Low;Bakery;Biscotti;Hazelnut Biscotti;Lower Manhattan
6.00;2;2;202302;Feb;Mon;Afternoon;Low;Tea;Brewed Black tea;Earl Grey Lg;Hell's Kitchen
45.00;10;6;202302;Feb;Mon;Afternoon;High;Drinking Chocolate;Hot chocolate;Dark chocolate Lg;Hell's Kitchen
15.00;6;4;202302;Feb;Mon;Afternoon;Low;Tea;Brewed Green tea;Serenity Green Tea Rg;Hell's Kitchen
10.20;4;2;202302;Feb;Mon;Afternoon;Low;Tea;Brewed Chai tea;Spicy Eye Opener Chai Rg;Astoria
15.40;7;4;202302;Feb;Mon;Afternoon;Low;Coffee;Organic brewed coffee;Brazilian Sm;Lower Manhattan
6.00;2;2;202302;Feb;Mon;Afternoon;Low;Coffee;Barista Espresso;Espresso shot;Hell's Kitchen
22.50;9;5;202302;Feb;Mon;Afternoon;Med;Coffee;Gourmet brewed coffee;Columbian Medium Roast Rg;Hell's Kitchen
7.35;3;3;202302;Feb;Mon;Afternoon;Low;Coffee;Premium brewed coffee;Jamaican Coffee River Sm;Astoria
18.00;4;4;202302;Feb;Mon;Afternoon;Low;Bakery;Scone;Scottish Cream Scone ;Hell's Kitchen
17.50;7;4;202302;Feb;Mon;Afternoon;Low;Tea;Brewed Chai tea;Traditional Blend Chai Rg;Astoria
18.60;6;4;202302;Feb;Mon;Afternoon;Low;Coffee;Premium brewed coffee;Jamaican Coffee River Rg;Lower Manhattan
7.50;3;3;202302;Feb;Mon;Afternoon;Low;Tea;Brewed Black tea;Earl Grey Rg;Astoria
4.40;2;1;202302;Feb;Mon;Afternoon;Low;Coffee;Organic brewed coffee;Brazilian Sm;Astoria
10.00;5;3;202302;Feb;Mon;Afternoon;Low;Coffee;Drip coffee;Our Old Time Diner Blend Sm;Hell's Kitchen
40.50;9;6;202302;Feb;Mon;Afternoon;very high;Drinking Chocolate;Hot chocolate;Dark chocolate Lg;Astoria
10.00;4;3;202302;Feb;Mon;Afternoon;Low;Tea;Brewed herbal tea;Lemon Grass Rg;Hell's Kitchen
13.20;6;3;202302;Feb;Mon;Afternoon;Low;Coffee;Gourmet brewed coffee;Ethiopia Sm;Lower Manhattan
21.00;6;4;202302;Feb;Mon;Afternoon;Med;Coffee;Gourmet brewed coffee;Ethiopia Lg;Hell's Kitchen
3.25;1;1;202302;Feb;Mon;Afternoon;Low;Bakery;Biscotti;Hazelnut Biscotti;Hell's Kitchen
7.50;2;2;202302;Feb;Mon;Afternoon;Low;Bakery;Pastry;Chocolate Croissant;Lower Manhattan
12.25;5;3;202302;Feb;Mon;Afternoon;Low;Coffee;Premium brewed coffee;Jamaican Coffee River Sm;Hell's Kitchen
11.25;3;3;202302;Feb;Mon;Afternoon;Low;Bakery;Pastry;Chocolate Croissant;Astoria
30.00;12;7;202302;Feb;Mon;Evening;Med;Tea;Brewed Chai tea;Traditional Blend Chai Rg;Astoria
23.75;5;3;202302;Feb;Mon;Evening;Med;Drinking Chocolate;Hot chocolate;Sustainably Grown Organic Lg;Astoria
14.25;3;3;202302;Feb;Mon;Evening;Low;Drinking Chocolate;Hot chocolate;Sustainably Grown Organic Lg;Lower Manhattan
15.00;5;4;202302;Feb;Mon;Evening;Low;Tea;Brewed Green tea;Serenity Green Tea Lg;Astoria
10.50;3;3;202302;Feb;Mon;Evening;Low;Bakery;Biscotti;Chocolate Chip Biscotti;Astoria
17.50;7;6;202302;Feb;Mon;Evening;Low;Tea;Brewed herbal tea;Lemon Grass Rg;Hell's Kitchen
13.00;4;4;202302;Feb;Mon;Evening;Low;Bakery;Scone;Ginger Scone;Hell's Kitchen
12.00;6;4;202302;Feb;Mon;Evening;Low;Coffee;Drip coffee;Our Old Time Diner Blend Sm;Hell's Kitchen
25.00;10;6;202302;Feb;Mon;Evening;Med;Tea;Brewed Green tea;Serenity Green Tea Rg;Hell's Kitchen
9.30;3;2;202302;Feb;Mon;Evening;Low;Coffee;Premium brewed coffee;Jamaican Coffee River Rg;Hell's Kitchen
21.00;7;4;202302;Feb;Mon;Evening;Med;Tea;Brewed Chai tea;Traditional Blend Chai Lg;Hell's Kitchen
24.50;7;6;202302;Feb;Mon;Evening;Med;Coffee;Organic brewed coffee;Brazilian Lg;Hell's Kitchen
15.50;5;3;202302;Feb;Mon;Evening;Low;Coffee;Premium brewed coffee;Jamaican Coffee River Rg;Lower Manhattan
15.00;4;3;202302;Feb;Mon;Evening;Low;Coffee;Barista Espresso;Latte;Lower Manhattan
9.15;3;3;202302;Feb;Mon;Evening;Low;Bakery;Scone;Ginger Scone;Lower Manhattan
6.00;2;1;202302;Feb;Mon;Evening;Low;Tea;Brewed Black tea;Earl Grey Lg;Hell's Kitchen
16.00;8;5;202302;Feb;Mon;Evening;Low;Coffee;Gourmet brewed coffee;Columbian Medium Roast Sm;Hell's Kitchen
14.00;4;3;202302;Feb;Mon;Evening;Low;Drinking Chocolate;Hot chocolate;Dark chocolate Rg;Lower Manhattan
15.00;5;3;202302;Feb;Mon;Evening;Low;Coffee;Gourmet brewed coffee;Ethiopia Rg;Lower Manhattan
14.70;6;4;202302;Feb;Mon;Evening;Low;Coffee;Premium brewed coffee;Jamaican Coffee River Sm;Hell's Kitchen
10.50;3;3;202302;Feb;Mon;Evening;Low;Bakery;Biscotti;Ginger Biscotti;Hell's Kitchen
27.00;9;6;202302;Feb;Mon;Evening;Med;Coffee;Drip coffee;Our Old Time Diner Blend Lg;Hell's Kitchen
33.00;11;7;202302;Feb;Mon;Evening;Med;Coffee;Gourmet brewed coffee;Columbian Medium Roast Lg;Astoria
27.00;6;6;202302;Feb;Mon;Evening;Med;Bakery;Scone;Scottish Cream Scone ;Astoria
15.00;6;4;202302;Feb;Mon;Evening;Low;Tea;Brewed Black tea;English Breakfast Rg;Astoria
19.80;9;5;202302;Feb;Mon;Evening;Low;Coffee;Gourmet brewed coffee;Ethiopia Sm;Lower Manhattan
14.00;4;2;202302;Feb;Mon;Evening;Low;Coffee;Gourmet brewed coffee;Ethiopia Lg;Lower Manhattan
26.25;7;3;202302;Feb;Mon;Evening;Med;Coffee;Premium brewed coffee;Jamaican Coffee River Lg;Lower Manhattan
10.00;4;3;202302;Feb;Mon;Evening;Low;Tea;Brewed Chai tea;Traditional Blend Chai Rg;Lower Manhattan
12.50;5;3;202302;Feb;Mon;Evening;Low;Tea;Brewed Chai tea;Morning Sunrise Chai Rg;Hell's Kitchen
30.00;8;5;202302;Feb;Mon;Evening;Med;Coffee;Premium brewed coffee;Jamaican Coffee River Lg;Hell's Kitchen
15.00;6;4;202302;Feb;Mon;Evening;Low;Coffee;Gourmet brewed coffee;Columbian Medium Roast Rg;Astoria
6.00;2;2;202302;Feb;Mon;Evening;Low;Tea;Brewed Black tea;English Breakfast Lg;Lower Manhattan
49.50;11;5;202302;Feb;Mon;Evening;High;Drinking Chocolate;Hot chocolate;Dark chocolate Lg;Lower Manhattan
3.00;1;1;202302;Feb;Mon;Evening;Low;Bakery;Scone;Oatmeal Scone;Lower Manhattan
15.00;5;4;202302;Feb;Mon;Evening;Low;Coffee;Barista Espresso;Espresso shot;Lower Manhattan
17.50;7;4;202302;Feb;Mon;Evening;Low;Tea;Brewed herbal tea;Peppermint Rg;Astoria
34.00;8;5;202302;Feb;Mon;Evening;Med;Coffee;Barista Espresso;Latte Rg;Hell's Kitchen
42.00;12;8;202302;Feb;Mon;Evening;High;Drinking Chocolate;Hot chocolate;Dark chocolate Rg;Hell's Kitchen
20.00;5;5;202302;Feb;Mon;Evening;Low;Tea;Brewed Chai tea;Morning Sunrise Chai Lg;Hell's Kitchen
31.50;7;6;202302;Feb;Mon;Evening;Med;Drinking Chocolate;Hot chocolate;Dark chocolate Lg;Astoria
10.00;4;2;202302;Feb;Mon;Evening;Low;Coffee;Drip coffee;Our Old Time Diner Blend Rg;Astoria
11.00;5;3;202302;Feb;Mon;Evening;Low;Coffee;Gourmet brewed coffee;Ethiopia Sm;Hell's Kitchen
15.00;4;4;202302;Feb;Mon;Evening;Low;Bakery;Pastry;Chocolate Croissant;Astoria
12.75;3;2;202302;Feb;Mon;Evening;Low;Coffee;Barista Espresso;Cappuccino Lg;Lower Manhattan
12.50;5;2;202302;Feb;Mon;Evening;Low;Tea;Brewed herbal tea;Lemon Grass Rg;Lower Manhattan
15.00;5;3;202302;Feb;Mon;Evening;Low;Tea;Brewed Green tea;Serenity Green Tea Lg;Hell's Kitchen
6.50;2;2;202302;Feb;Mon;Evening;Low;Bakery;Scone;Cranberry Scone;Hell's Kitchen
7.65;3;2;202302;Feb;Mon;Evening;Low;Tea;Brewed Chai tea;Spicy Eye Opener Chai Rg;Lower Manhattan
7.50;3;2;202302;Feb;Mon;Evening;Low;Tea;Brewed Chai tea;Traditional Blend Chai Rg;Hell's Kitchen
21.00;6;4;202302;Feb;Mon;Evening;Med;Coffee;Gourmet brewed coffee;Ethiopia Lg;Hell's Kitchen
17.50;5;3;202302;Feb;Mon;Evening;Low;Coffee;Gourmet brewed coffee;Ethiopia Lg;Astoria
38.50;11;7;202302;Feb;Mon;Evening;Med;Drinking Chocolate;Hot chocolate;Dark chocolate Rg;Astoria
27.00;9;4;202302;Feb;Mon;Evening;Med;Tea;Brewed Black tea;Earl Grey Lg;Lower Manhattan
26.25;7;6;202302;Feb;Mon;Evening;Med;Coffee;Premium brewed coffee;Jamaican Coffee River Lg;Astoria
6.20;2;2;202302;Feb;Mon;Evening;Low;Tea;Brewed Chai tea;Spicy Eye Opener Chai Lg;Lower Manhattan
18.00;6;4;202302;Feb;Mon;Evening;Low;Tea;Brewed herbal tea;Lemon Grass Lg;Hell's Kitchen
15.00;6;4;202302;Feb;Mon;Evening;Low;Tea;Brewed Black tea;Earl Grey Rg;Lower Manhattan
10.50;3;3;202302;Feb;Mon;Evening;Low;Bakery;Biscotti;Chocolate Chip Biscotti;Lower Manhattan
22.50;6;4;202302;Feb;Mon;Evening;Med;Coffee;Barista Espresso;Cappuccino;Lower Manhattan
26.25;7;5;202302;Feb;Mon;Evening;Med;Coffee;Barista Espresso;Cappuccino;Astoria
20.10;7;4;202302;Feb;Mon;Evening;very high;Coffee;Barista Espresso;Ouro Brasileiro shot;Hell's Kitchen
21.00;6;4;202302;Feb;Mon;Evening;Med;Coffee;Organic brewed coffee;Brazilian Lg;Lower Manhattan
5.10;2;2;202302;Feb;Mon;Evening;Low;Coffee;Barista Espresso;Ouro Brasileiro shot;Lower Manhattan
15.50;5;4;202302;Feb;Mon;Evening;Low;Tea;Brewed Chai tea;Spicy Eye Opener Chai Lg;Hell's Kitchen
17.85;7;5;202302;Feb;Mon;Evening;Low;Tea;Brewed Chai tea;Spicy Eye Opener Chai Rg;Astoria
16.25;5;5;202302;Feb;Mon;Evening;Low;Bakery;Biscotti;Hazelnut Biscotti;Astoria
18.00;6;4;202302;Feb;Mon;Evening;Low;Tea;Brewed herbal tea;Peppermint Lg;Lower Manhattan
27.50;11;6;202302;Feb;Mon;Evening;Med;Coffee;Gourmet brewed coffee;Columbian Medium Roast Rg;Lower Manhattan
15.00;5;3;202302;Feb;Mon;Evening;Low;Coffee;Drip coffee;Our Old Time Diner Blend Lg;Astoria
21.70;7;4;202302;Feb;Mon;Evening;Med;Tea;Brewed Chai tea;Spicy Eye Opener Chai Lg;Astoria
12.50;5;2;202302;Feb;Mon;Evening;Low;Coffee;Drip coffee;Our Old Time Diner Blend Rg;Lower Manhattan
18.00;6;4;202302;Feb;Mon;Evening;Low;Coffee;Gourmet brewed coffee;Ethiopia Rg;Astoria
15.00;4;4;202302;Feb;Mon;Evening;Low;Bakery;Pastry;Almond Croissant;Astoria
12.00;4;3;202302;Feb;Mon;Evening;Low;Tea;Brewed Chai tea;Traditional Blend Chai Lg;Astoria
13.20;6;4;202302;Feb;Mon;Evening;Low;Coffee;Organic brewed coffee;Brazilian Sm;Astoria
27.00;9;5;202302;Feb;Mon;Evening;Med;Coffee;Barista Espresso;Espresso shot;Hell's Kitchen
2.00;1;1;202302;Feb;Mon;Evening;Low;Coffee;Drip coffee;Our Old Time Diner Blend Sm;Lower Manhattan
9.75;3;3;202302;Feb;Mon;Evening;Low;Bakery;Scone;Cranberry Scone;Lower Manhattan
32.00;8;5;202302;Feb;Mon;Evening;Med;Tea;Brewed Chai tea;Morning Sunrise Chai Lg;Astoria
12.00;3;2;202302;Feb;Mon;Evening;Low;Tea;Brewed Chai tea;Morning Sunrise Chai Lg;Lower Manhattan
24.00;8;4;202302;Feb;Mon;Evening;Med;Tea;Brewed Black tea;English Breakfast Lg;Hell's Kitchen
14.00;7;4;202302;Feb;Mon;Evening;Low;Coffee;Drip coffee;Our Old Time Diner Blend Sm;Astoria
14.70;6;4;202302;Feb;Mon;Evening;Low;Coffee;Premium brewed coffee;Jamaican Coffee River Sm;Astoria
19.00;4;2;202302;Feb;Mon;Evening;Low;Drinking Chocolate;Hot chocolate;Sustainably Grown Organic Lg;Hell's Kitchen
11.25;3;3;202302;Feb;Mon;Evening;Low;Drinking Chocolate;Hot chocolate;Sustainably Grown Organic Rg;Astoria
12.50;5;3;202302;Feb;Mon;Evening;Low;Tea;Brewed herbal tea;Peppermint Rg;Hell's Kitchen
24.00;8;5;202302;Feb;Mon;Evening;Med;Tea;Brewed herbal tea;Lemon Grass Lg;Astoria
24.00;8;5;202302;Feb;Mon;Evening;Med;Coffee;Gourmet brewed coffee;Columbian Medium Roast Lg;Hell's Kitchen
20.00;8;6;202302;Feb;Mon;Evening;Low;Tea;Brewed Black tea;Earl Grey Rg;Astoria
12.00;4;2;202302;Feb;Mon;Evening;Low;Coffee;Organic brewed coffee;Brazilian Rg;Hell's Kitchen
25.00;10;7;202302;Feb;Mon;Evening;Med;Tea;Brewed Chai tea;Morning Sunrise Chai Rg;Astoria
12.50;5;4;202302;Feb;Mon;Evening;Low;Tea;Brewed Green tea;Serenity Green Tea Rg;Astoria
12.00;4;4;202302;Feb;Mon;Evening;Low;Tea;Brewed Black tea;English Breakfast Lg;Astoria
15.00;6;4;202302;Feb;Mon;Evening;Low;Tea;Brewed herbal tea;Lemon Grass Rg;Astoria
9.30;3;2;202302;Feb;Mon;Evening;Low;Coffee;Premium brewed coffee;Jamaican Coffee River Rg;Astoria
5.00;2;1;202302;Feb;Mon;Evening;Low;Coffee;Drip coffee;Our Old Time Diner Blend Rg;Hell's Kitchen
7.50;2;2;202302;Feb;Mon;Evening;Low;Bakery;Pastry;Chocolate Croissant;Hell's Kitchen
5.00;2;2;202302;Feb;Mon;Evening;Low;Tea;Brewed Black tea;English Breakfast Rg;Hell's Kitchen
20.00;8;4;202302;Feb;Mon;Evening;Low;Tea;Brewed Black tea;Earl Grey Rg;Hell's Kitchen
4.50;1;1;202302;Feb;Mon;Evening;Low;Drinking Chocolate;Hot chocolate;Dark chocolate Lg;Hell's Kitchen
17.60;8;4;202302;Feb;Mon;Evening;Low;Coffee;Organic brewed coffee;Brazilian Sm;Hell's Kitchen
9.00;2;2;202302;Feb;Mon;Evening;Low;Bakery;Scone;Scottish Cream Scone ;Hell's Kitchen
9.00;2;1;202302;Feb;Tue;Night;Low;Drinking Chocolate;Hot chocolate;Dark chocolate Lg;Lower Manhattan
9.50;2;1;202302;Feb;Tue;Night;Low;Drinking Chocolate;Hot chocolate;Sustainably Grown Organic Lg;Lower Manhattan
7.50;2;1;202302;Feb;Tue;Night;Low;Coffee;Premium brewed coffee;Jamaican Coffee River Lg;Lower Manhattan
4.40;2;1;202302;Feb;Tue;Night;Low;Coffee;Gourmet brewed coffee;Ethiopia Sm;Lower Manhattan
60.00;16;12;202302;Feb;Tue;Morning;High;Coffee;Barista Espresso;Cappuccino;Lower Manhattan
60.00;20;11;202302;Feb;Tue;Morning;High;Tea;Brewed Green tea;Serenity Green Tea Lg;Lower Manhattan
15.00;5;5;202302;Feb;Tue;Morning;Low;Bakery;Scone;Oatmeal Scone;Lower Manhattan
35.00;14;10;202302;Feb;Tue;Morning;Med;Tea;Brewed Black tea;Earl Grey Rg;Astoria
42.50;17;13;202302;Feb;Tue;Morning;High;Tea;Brewed Green tea;Serenity Green Tea Rg;Lower Manhattan
17.90;2;2;202302;Feb;Tue;Morning;Low;Loose Tea;Herbal tea;Peppermint;Lower Manhattan
24.50;7;5;202302;Feb;Tue;Morning;Med;Drinking Chocolate;Hot chocolate;Dark chocolate Rg;Astoria
45.00;15;11;202302;Feb;Tue;Morning;High;Coffee;Barista Espresso;Espresso shot;Lower Manhattan
22.50;6;5;202302;Feb;Tue;Morning;Med;Coffee;Premium brewed coffee;Jamaican Coffee River Lg;Astoria
11.25;3;3;202302;Feb;Tue;Morning;Low;Bakery;Pastry;Almond Croissant;Astoria
45.00;12;12;202302;Feb;Tue;Morning;High;Bakery;Pastry;Chocolate Croissant;Lower Manhattan
19.80;9;6;202302;Feb;Tue;Morning;Low;Coffee;Gourmet brewed coffee;Ethiopia Sm;Lower Manhattan
66.00;22;14;202302;Feb;Tue;Morning;very high;Tea;Brewed herbal tea;Lemon Grass Lg;Lower Manhattan
33.35;11;9;202302;Feb;Tue;Morning;Med;Bakery;Scone;Ginger Scone;Lower Manhattan
59.50;14;10;202302;Feb;Tue;Morning;High;Coffee;Barista Espresso;Cappuccino Lg;Astoria
71.25;19;11;202302;Feb;Tue;Morning;very high;Coffee;Barista Espresso;Latte;Astoria
41.25;11;11;202302;Feb;Tue;Morning;High;Bakery;Pastry;Chocolate Croissant;Astoria
35.00;14;9;202302;Feb;Tue;Morning;Med;Coffee;Drip coffee;Our Old Time Diner Blend Rg;Astoria
45.00;15;10;202302;Feb;Tue;Morning;High;Coffee;Gourmet brewed coffee;Columbian Medium Roast Lg;Astoria
9.60;12;9;202302;Feb;Tue;Morning;Low;Flavours;Sugar free syrup;Sugar Free Vanilla syrup;Lower Manhattan
18.75;5;5;202302;Feb;Tue;Morning;Low;Bakery;Pastry;Almond Croissant;Lower Manhattan
28.00;8;4;202302;Feb;Tue;Morning;Med;Coffee;Gourmet brewed coffee;Ethiopia Lg;Lower Manhattan
33.00;15;11;202302;Feb;Tue;Morning;Med;Coffee;Organic brewed coffee;Brazilian Sm;Astoria
7.50;2;2;202302;Feb;Tue;Morning;Low;Bakery;Scone;Jumbo Savory Scone;Astoria
35.00;14;10;202302;Feb;Tue;Morning;Med;Tea;Brewed herbal tea;Lemon Grass Rg;Lower Manhattan
50.00;20;12;202302;Feb;Tue;Morning;High;Tea;Brewed Black tea;English Breakfast Rg;Lower Manhattan
26.00;8;8;202302;Feb;Tue;Morning;Med;Bakery;Scone;Cranberry Scone;Lower Manhattan
12.50;5;4;202302;Feb;Tue;Morning;Low;Tea;Brewed Chai tea;Morning Sunrise Chai Rg;Lower Manhattan
37.50;10;10;202302;Feb;Tue;Morning;Med;Bakery;Scone;Jumbo Savory Scone;Lower Manhattan
18.60;6;3;202302;Feb;Tue;Morning;Low;Coffee;Premium brewed coffee;Jamaican Coffee River Rg;Lower Manhattan
59.50;14;10;202302;Feb;Tue;Morning;High;Coffee;Barista Espresso;Cappuccino Lg;Lower Manhattan
9.60;12;8;202302;Feb;Tue;Morning;Low;Flavours;Regular syrup;Carmel syrup;Lower Manhattan
63.00;3;3;202302;Feb;Tue;Morning;very high;Coffee beans;Gourmet Beans;Ethiopia;Lower Manhattan
42.00;14;9;202302;Feb;Tue;Morning;High;Tea;Brewed Black tea;Earl Grey Lg;Lower Manhattan
27.00;6;6;202302;Feb;Tue;Morning;Med;Drinking Chocolate;Hot chocolate;Dark chocolate Lg;Astoria
33.00;15;10;202302;Feb;Tue;Morning;Med;Coffee;Organic brewed coffee;Brazilian Sm;Lower Manhattan
25.00;10;9;202302;Feb;Tue;Morning;Med;Tea;Brewed Chai tea;Morning Sunrise Chai Rg;Astoria
48.00;16;10;202302;Feb;Tue;Morning;High;Coffee;Gourmet brewed coffee;Columbian Medium Roast Lg;Lower Manhattan
38.50;11;11;202302;Feb;Tue;Morning;Med;Bakery;Biscotti;Chocolate Chip Biscotti;Lower Manhattan
7.60;1;1;202302;Feb;Tue;Morning;Low;Packaged Chocolate;Organic Chocolate;Sustainably Grown Organic;Lower Manhattan
42.00;14;8;202302;Feb;Tue;Morning;High;Tea;Brewed Chai tea;Traditional Blend Chai Lg;Astoria
32.50;13;7;202302;Feb;Tue;Morning;Med;Coffee;Drip coffee;Our Old Time Diner Blend Rg;Lower Manhattan
33.00;11;8;202302;Feb;Tue;Morning;Med;Tea;Brewed Black tea;English Breakfast Lg;Hell's Kitchen
36.00;8;8;202302;Feb;Tue;Morning;Med;Bakery;Scone;Scottish Cream Scone ;Hell's Kitchen
19.60;8;6;202302;Feb;Tue;Morning;Low;Coffee;Premium brewed coffee;Jamaican Coffee River Sm;Astoria
55.25;13;9;202302;Feb;Tue;Morning;High;Coffee;Barista Espresso;Latte Rg;Lower Manhattan
27.50;11;8;202302;Feb;Tue;Morning;Med;Tea;Brewed Black tea;English Breakfast Rg;Astoria
30.00;12;5;202302;Feb;Tue;Morning;Med;Tea;Brewed Black tea;Earl Grey Rg;Lower Manhattan
37.50;15;11;202302;Feb;Tue;Morning;Med;Tea;Brewed Chai tea;Morning Sunrise Chai Rg;Hell's Kitchen
40.30;13;10;202302;Feb;Tue;Morning;very high;Coffee;Premium brewed coffee;Jamaican Coffee River Rg;Astoria
48.75;13;8;202302;Feb;Tue;Morning;High;Coffee;Premium brewed coffee;Jamaican Coffee River Lg;Hell's Kitchen
35.00;10;10;202302;Feb;Tue;Morning;Med;Bakery;Pastry;Croissant;Hell's Kitchen
25.50;10;5;202302;Feb;Tue;Morning;Med;Tea;Brewed Chai tea;Spicy Eye Opener Chai Rg;Astoria
48.75;13;9;202302;Feb;Tue;Morning;High;Coffee;Barista Espresso;Latte;Hell's Kitchen
18.40;23;13;202302;Feb;Tue;Morning;Low;Flavours;Regular syrup;Hazelnut syrup;Hell's Kitchen
27.00;9;6;202302;Feb;Tue;Morning;Med;Coffee;Organic brewed coffee;Brazilian Rg;Lower Manhattan
30.00;12;9;202302;Feb;Tue;Morning;Med;Tea;Brewed Black tea;Earl Grey Rg;Hell's Kitchen
42.00;14;8;202302;Feb;Tue;Morning;High;Coffee;Organic brewed coffee;Brazilian Rg;Astoria
36.00;12;10;202302;Feb;Tue;Morning;Med;Tea;Brewed Green tea;Serenity Green Tea Lg;Hell's Kitchen
42.00;14;9;202302;Feb;Tue;Morning;High;Tea;Brewed herbal tea;Peppermint Lg;Lower Manhattan
45.00;15;10;202302;Feb;Tue;Morning;High;Coffee;Drip coffee;Our Old Time Diner Blend Lg;Hell's Kitchen
10.40;13;9;202302;Feb;Tue;Morning;Low;Flavours;Regular syrup;Hazelnut syrup;Lower Manhattan
17.90;2;2;202302;Feb;Tue;Morning;Low;Loose Tea;Black tea;English Breakfast;Lower Manhattan
35.00;14;9;202302;Feb;Tue;Morning;Med;Tea;Brewed Green tea;Serenity Green Tea Rg;Astoria
9.00;2;2;202302;Feb;Tue;Morning;Low;Bakery;Scone;Scottish Cream Scone ;Astoria
45.00;15;11;202302;Feb;Tue;Morning;High;Tea;Brewed Chai tea;Traditional Blend Chai Lg;Hell's Kitchen
6.40;1;1;202302;Feb;Tue;Morning;Low;Packaged Chocolate;Drinking Chocolate;Dark chocolate;Hell's Kitchen
26.00;13;8;202302;Feb;Tue;Morning;Med;Coffee;Drip coffee;Our Old Time Diner Blend Sm;Lower Manhattan
38.25;9;6;202302;Feb;Tue;Morning;Med;Coffee;Barista Espresso;Latte Rg;Astoria
60.00;15;8;202302;Feb;Tue;Morning;High;Tea;Brewed Chai tea;Morning Sunrise Chai Lg;Lower Manhattan
45.00;12;12;202302;Feb;Tue;Morning;High;Bakery;Pastry;Chocolate Croissant;Hell's Kitchen
39.00;13;8;202302;Feb;Tue;Morning;Med;Tea;Brewed herbal tea;Lemon Grass Lg;Astoria
32.50;13;8;202302;Feb;Tue;Morning;Med;Tea;Brewed Chai tea;Traditional Blend Chai Rg;Lower Manhattan
27.00;9;6;202302;Feb;Tue;Morning;Med;Tea;Brewed Chai tea;Traditional Blend Chai Lg;Lower Manhattan
22.00;10;7;202302;Feb;Tue;Morning;Med;Coffee;Organic brewed coffee;Brazilian Sm;Hell's Kitchen
48.00;16;11;202302;Feb;Tue;Morning;High;Tea;Brewed herbal tea;Peppermint Lg;Hell's Kitchen
76.50;18;11;202302;Feb;Tue;Morning;very high;Coffee;Barista Espresso;Cappuccino Lg;Hell's Kitchen
17.60;22;13;202302;Feb;Tue;Morning;Low;Flavours;Regular syrup;Chocolate syrup;Hell's Kitchen
20.00;5;4;202302;Feb;Tue;Morning;Low;Tea;Brewed Chai tea;Morning Sunrise Chai Lg;Hell's Kitchen
24.80;8;6;202302;Feb;Tue;Morning;Med;Coffee;Premium brewed coffee;Jamaican Coffee River Rg;Hell's Kitchen
36.00;18;13;202302;Feb;Tue;Morning;Med;Coffee;Drip coffee;Our Old Time Diner Blend Sm;Hell's Kitchen
44.10;18;13;202302;Feb;Tue;Morning;High;Coffee;Premium brewed coffee;Jamaican Coffee River Sm;Hell's Kitchen
26.00;8;8;202302;Feb;Tue;Morning;Med;Bakery;Scone;Cranberry Scone;Hell's Kitchen
66.50;14;10;202302;Feb;Tue;Morning;very high;Drinking Chocolate;Hot chocolate;Sustainably Grown Organic Lg;Astoria
55.25;13;7;202302;Feb;Tue;Morning;High;Coffee;Barista Espresso;Latte Rg;Hell's Kitchen
14.40;18;12;202302;Feb;Tue;Morning;Low;Flavours;Sugar free syrup;Sugar Free Vanilla syrup;Hell's Kitchen
60.00;16;11;202302;Feb;Tue;Morning;High;Coffee;Premium brewed coffee;Jamaican Coffee River Lg;Lower Manhattan
20.00;8;5;202302;Feb;Tue;Morning;Low;Coffee;Drip coffee;Our Old Time Diner Blend Rg;Hell's Kitchen
32.50;10;10;202302;Feb;Tue;Morning;Med;Bakery;Biscotti;Hazelnut Biscotti;Hell's Kitchen
20.00;8;4;202302;Feb;Tue;Morning;Low;Tea;Brewed herbal tea;Peppermint Rg;Lower Manhattan
24.00;12;9;202302;Feb;Tue;Morning;Med;Coffee;Gourmet brewed coffee;Columbian Medium Roast Sm;Hell's Kitchen
52.25;11;8;202302;Feb;Tue;Morning;High;Drinking Chocolate;Hot chocolate;Sustainably Grown Organic Lg;Hell's Kitchen
22.75;7;7;202302;Feb;Tue;Morning;Med;Bakery;Biscotti;Hazelnut Biscotti;Lower Manhattan
17.50;7;6;202302;Feb;Tue;Morning;Low;Tea;Brewed Chai tea;Traditional Blend Chai Rg;Astoria
63.75;17;12;202302;Feb;Tue;Morning;very high;Drinking Chocolate;Hot chocolate;Sustainably Grown Organic Rg;Hell's Kitchen
20.40;8;4;202302;Feb;Tue;Morning;very high;Tea;Brewed Chai tea;Spicy Eye Opener Chai Rg;Lower Manhattan
15.50;5;5;202302;Feb;Tue;Morning;Low;Tea;Brewed Chai tea;Spicy Eye Opener Chai Lg;Astoria
22.00;11;7;202302;Feb;Tue;Morning;Med;Coffee;Gourmet brewed coffee;Columbian Medium Roast Sm;Astoria
34.30;14;8;202302;Feb;Tue;Morning;Med;Coffee;Premium brewed coffee;Jamaican Coffee River Sm;Lower Manhattan
43.40;14;8;202302;Feb;Tue;Morning;High;Tea;Brewed Chai tea;Spicy Eye Opener Chai Lg;Lower Manhattan
37.50;15;8;202302;Feb;Tue;Morning;Med;Coffee;Gourmet brewed coffee;Columbian Medium Roast Rg;Astoria
22.50;9;7;202302;Feb;Tue;Morning;Med;Tea;Brewed Black tea;English Breakfast Rg;Hell's Kitchen
33.75;9;6;202302;Feb;Tue;Morning;Med;Drinking Chocolate;Hot chocolate;Sustainably Grown Organic Rg;Astoria
54.00;18;11;202302;Feb;Tue;Morning;High;Tea;Brewed Black tea;English Breakfast Lg;Astoria
22.00;10;8;202302;Feb;Tue;Morning;Med;Coffee;Gourmet brewed coffee;Ethiopia Sm;Hell's Kitchen
24.50;7;4;202302;Feb;Tue;Morning;Med;Coffee;Organic brewed coffee;Brazilian Lg;Astoria
34.10;11;7;202302;Feb;Tue;Morning;Med;Tea;Brewed Chai tea;Spicy Eye Opener Chai Lg;Hell's Kitchen
10.95;1;1;202302;Feb;Tue;Morning;Low;Loose Tea;Chai tea;Spicy Eye Opener Chai;Lower Manhattan
28.00;8;7;202302;Feb;Tue;Morning;Med;Coffee;Gourmet brewed coffee;Ethiopia Lg;Astoria
37.50;15;8;202302;Feb;Tue;Morning;Med;Coffee;Gourmet brewed coffee;Columbian Medium Roast Rg;Lower Manhattan
18.00;6;5;202302;Feb;Tue;Morning;Low;Tea;Brewed Green tea;Serenity Green Tea Lg;Astoria
36.00;12;9;202302;Feb;Tue;Morning;Med;Coffee;Organic brewed coffee;Brazilian Rg;Hell's Kitchen
18.00;1;1;202302;Feb;Tue;Morning;Low;Coffee beans;Organic Beans;Brazilian - Organic;Hell's Kitchen
12.00;4;3;202302;Feb;Tue;Morning;Low;Tea;Brewed Black tea;English Breakfast Lg;Lower Manhattan
24.50;7;7;202302;Feb;Tue;Morning;Med;Bakery;Pastry;Croissant;Astoria
40.50;9;4;202302;Feb;Tue;Morning;very high;Drinking Chocolate;Hot chocolate;Dark chocolate Lg;Lower Manhattan
16.25;5;5;202302;Feb;Tue;Morning;Low;Bakery;Scone;Ginger Scone;Astoria
57.00;12;7;202302;Feb;Tue;Morning;High;Drinking Chocolate;Hot chocolate;Sustainably Grown Organic Lg;Lower Manhattan
20.00;10;8;202302;Feb;Tue;Morning;Low;Coffee;Drip coffee;Our Old Time Diner Blend Sm;Astoria
28.00;1;1;202302;Feb;Tue;Morning;Med;Coffee beans;Organic Beans;Organic Decaf Blend;Lower Manhattan
49.00;14;8;202302;Feb;Tue;Morning;High;Coffee;Organic brewed coffee;Brazilian Lg;Lower Manhattan
30.00;12;8;202302;Feb;Tue;Morning;Med;Tea;Brewed Chai tea;Traditional Blend Chai Rg;Hell's Kitchen
36.00;12;7;202302;Feb;Tue;Morning;Med;Coffee;Gourmet brewed coffee;Ethiopia Rg;Lower Manhattan
27.50;11;8;202302;Feb;Tue;Morning;Med;Tea;Brewed herbal tea;Peppermint Rg;Astoria
21.00;6;6;202302;Feb;Tue;Morning;Med;Bakery;Biscotti;Chocolate Chip Biscotti;Hell's Kitchen
30.00;10;6;202302;Feb;Tue;Morning;Med;Coffee;Gourmet brewed coffee;Ethiopia Rg;Hell's Kitchen
71.25;19;13;202302;Feb;Tue;Morning;very high;Coffee;Barista Espresso;Cappuccino;Hell's Kitchen
28.05;11;7;202302;Feb;Tue;Morning;Med;Tea;Brewed Chai tea;Spicy Eye Opener Chai Rg;Hell's Kitchen
13.00;4;4;202302;Feb;Tue;Morning;Low;Bakery;Scone;Cranberry Scone;Astoria
8.80;11;6;202302;Feb;Tue;Morning;Low;Flavours;Regular syrup;Chocolate syrup;Lower Manhattan
39.00;13;8;202302;Feb;Tue;Morning;Med;Tea;Brewed herbal tea;Peppermint Lg;Astoria
37.50;10;6;202302;Feb;Tue;Morning;Med;Drinking Chocolate;Hot chocolate;Sustainably Grown Organic Rg;Lower Manhattan
35.00;10;5;202302;Feb;Tue;Morning;Med;Drinking Chocolate;Hot chocolate;Dark chocolate Rg;Lower Manhattan
16.25;5;5;202302;Feb;Tue;Morning;Low;Bakery;Biscotti;Hazelnut Biscotti;Astoria
37.50;10;9;202302;Feb;Tue;Morning;Med;Coffee;Barista Espresso;Latte;Lower Manhattan
22.00;11;8;202302;Feb;Tue;Morning;Med;Coffee;Gourmet brewed coffee;Columbian Medium Roast Sm;Lower Manhattan
68.00;17;11;202302;Feb;Tue;Morning;very high;Tea;Brewed Chai tea;Morning Sunrise Chai Lg;Astoria
38.50;11;8;202302;Feb;Tue;Morning;Med;Drinking Chocolate;Hot chocolate;Dark chocolate Rg;Hell's Kitchen
38.50;11;6;202302;Feb;Tue;Morning;Med;Coffee;Gourmet brewed coffee;Ethiopia Lg;Hell's Kitchen
40.90;2;2;202302;Feb;Tue;Morning;very high;Coffee beans;Espresso Beans;Primo Espresso Roast;Hell's Kitchen
4.00;5;3;202302;Feb;Tue;Morning;Low;Flavours;Regular syrup;Carmel syrup;Hell's Kitchen
21.00;7;5;202302;Feb;Tue;Morning;Med;Coffee;Barista Espresso;Espresso shot;Astoria
22.50;9;6;202302;Feb;Tue;Morning;Med;Coffee;Gourmet brewed coffee;Columbian Medium Roast Rg;Hell's Kitchen
12.40;4;4;202302;Feb;Tue;Afternoon;Low;Tea;Brewed Chai tea;Spicy Eye Opener Chai Lg;Astoria
8.00;4;3;202302;Feb;Tue;Afternoon;Low;Coffee;Drip coffee;Our Old Time Diner Blend Sm;Lower Manhattan
38.00;8;4;202302;Feb;Tue;Afternoon;Med;Drinking Chocolate;Hot chocolate;Sustainably Grown Organic Lg;Hell's Kitchen
2.50;1;1;202302;Feb;Tue;Afternoon;Low;Coffee;Gourmet brewed coffee;Columbian Medium Roast Rg;Hell's Kitchen
12.00;4;3;202302;Feb;Tue;Afternoon;Low;Coffee;Gourmet brewed coffee;Columbian Medium Roast Lg;Astoria
32.00;8;5;202302;Feb;Tue;Afternoon;Med;Tea;Brewed Chai tea;Morning Sunrise Chai Lg;Astoria
15.00;5;3;202302;Feb;Tue;Afternoon;Low;Tea;Brewed Green tea;Serenity Green Tea Lg;Astoria
6.00;2;1;202302;Feb;Tue;Afternoon;Low;Tea;Brewed herbal tea;Lemon Grass Lg;Lower Manhattan
22.40;8;6;202302;Feb;Tue;Afternoon;Med;Bakery;Scone;Ginger Scone;Lower Manhattan
10.20;4;2;202302;Feb;Tue;Afternoon;Low;Tea;Brewed Chai tea;Spicy Eye Opener Chai Rg;Astoria
14.00;4;3;202302;Feb;Tue;Afternoon;Low;Drinking Chocolate;Hot chocolate;Dark chocolate Rg;Hell's Kitchen
19.50;6;6;202302;Feb;Tue;Afternoon;Low;Bakery;Scone;Cranberry Scone;Hell's Kitchen
10.00;4;4;202302;Feb;Tue;Afternoon;Low;Coffee;Drip coffee;Our Old Time Diner Blend Rg;Astoria
12.00;4;4;202302;Feb;Tue;Afternoon;Low;Coffee;Gourmet brewed coffee;Ethiopia Rg;Hell's Kitchen
3.50;1;1;202302;Feb;Tue;Afternoon;Low;Bakery;Biscotti;Ginger Biscotti;Hell's Kitchen
36.00;12;7;202302;Feb;Tue;Afternoon;Med;Tea;Brewed Black tea;English Breakfast Lg;Hell's Kitchen
24.80;8;5;202302;Feb;Tue;Afternoon;Med;Coffee;Premium brewed coffee;Jamaican Coffee River Rg;Astoria
9.00;2;2;202302;Feb;Tue;Afternoon;Low;Bakery;Scone;Scottish Cream Scone ;Astoria
12.00;6;3;202302;Feb;Tue;Afternoon;Low;Coffee;Drip coffee;Our Old Time Diner Blend Sm;Hell's Kitchen
6.40;1;1;202302;Feb;Tue;Afternoon;Low;Packaged Chocolate;Drinking Chocolate;Dark chocolate;Hell's Kitchen
10.00;4;2;202302;Feb;Tue;Afternoon;Low;Coffee;Drip coffee;Our Old Time Diner Blend Rg;Hell's Kitchen
12.00;3;2;202302;Feb;Tue;Afternoon;Low;Tea;Brewed Chai tea;Morning Sunrise Chai Lg;Hell's Kitchen
8.80;4;3;202302;Feb;Tue;Afternoon;Low;Coffee;Organic brewed coffee;Brazilian Sm;Astoria
12.50;5;3;202302;Feb;Tue;Afternoon;Low;Tea;Brewed Chai tea;Morning Sunrise Chai Rg;Lower Manhattan
12.00;4;3;202302;Feb;Tue;Afternoon;Low;Coffee;Gourmet brewed coffee;Ethiopia Rg;Lower Manhattan
9.00;3;2;202302;Feb;Tue;Afternoon;Low;Coffee;Barista Espresso;Espresso shot;Hell's Kitchen
3.20;4;3;202302;Feb;Tue;Afternoon;Low;Flavours;Sugar free syrup;Sugar Free Vanilla syrup;Hell's Kitchen
29.75;7;4;202302;Feb;Tue;Afternoon;Med;Coffee;Barista Espresso;Latte Rg;Astoria
24.00;8;4;202302;Feb;Tue;Afternoon;Med;Coffee;Gourmet brewed coffee;Ethiopia Rg;Astoria
11.00;5;3;202302;Feb;Tue;Afternoon;Low;Coffee;Gourmet brewed coffee;Ethiopia Sm;Hell's Kitchen
27.50;11;6;202302;Feb;Tue;Afternoon;Med;Tea;Brewed Green tea;Serenity Green Tea Rg;Hell's Kitchen
19.00;4;2;202302;Feb;Tue;Afternoon;Low;Drinking Chocolate;Hot chocolate;Sustainably Grown Organic Lg;Astoria
3.50;1;1;202302;Feb;Tue;Afternoon;Low;Bakery;Biscotti;Chocolate Chip Biscotti;Astoria
2.50;1;1;202302;Feb;Tue;Afternoon;Low;Tea;Brewed Chai tea;Morning Sunrise Chai Rg;Astoria
10.00;5;3;202302;Feb;Tue;Afternoon;Low;Coffee;Gourmet brewed coffee;Columbian Medium Roast Sm;Astoria
21.00;7;6;202302;Feb;Tue;Afternoon;Med;Coffee;Organic brewed coffee;Brazilian Rg;Astoria
18.75;5;3;202302;Feb;Tue;Afternoon;Low;Coffee;Barista Espresso;Cappuccino;Astoria
5.00;2;2;202302;Feb;Tue;Afternoon;Low;Tea;Brewed herbal tea;Lemon Grass Rg;Astoria
17.15;7;5;202302;Feb;Tue;Afternoon;Low;Coffee;Premium brewed coffee;Jamaican Coffee River Sm;Hell's Kitchen
9.00;3;2;202302;Feb;Tue;Afternoon;Low;Tea;Brewed Chai tea;Traditional Blend Chai Lg;Hell's Kitchen
7.50;3;2;202302;Feb;Tue;Afternoon;Low;Tea;Brewed Black tea;English Breakfast Rg;Astoria
14.70;6;3;202302;Feb;Tue;Afternoon;Low;Coffee;Premium brewed coffee;Jamaican Coffee River Sm;Astoria
15.00;6;5;202302;Feb;Tue;Afternoon;Low;Tea;Brewed herbal tea;Peppermint Rg;Astoria
7.50;3;2;202302;Feb;Tue;Afternoon;Low;Tea;Brewed Black tea;Earl Grey Rg;Astoria
9.75;3;3;202302;Feb;Tue;Afternoon;Low;Bakery;Biscotti;Hazelnut Biscotti;Astoria
10.00;4;3;202302;Feb;Tue;Afternoon;Low;Tea;Brewed Chai tea;Traditional Blend Chai Rg;Astoria
6.00;2;1;202302;Feb;Tue;Afternoon;Low;Tea;Brewed herbal tea;Lemon Grass Lg;Hell's Kitchen
24.00;8;6;202302;Feb;Tue;Afternoon;Med;Coffee;Organic brewed coffee;Brazilian Rg;Hell's Kitchen
6.00;2;2;202302;Feb;Tue;Afternoon;Low;Bakery;Scone;Oatmeal Scone;Hell's Kitchen
13.50;3;3;202302;Feb;Tue;Afternoon;Low;Bakery;Scone;Scottish Cream Scone ;Hell's Kitchen
8.50;2;2;202302;Feb;Tue;Afternoon;Low;Coffee;Barista Espresso;Cappuccino Lg;Astoria
7.50;3;2;202302;Feb;Tue;Afternoon;Low;Tea;Brewed Black tea;English Breakfast Rg;Hell's Kitchen
15.00;4;2;202302;Feb;Tue;Afternoon;Low;Drinking Chocolate;Hot chocolate;Sustainably Grown Organic Rg;Hell's Kitchen
12.00;4;3;202302;Feb;Tue;Afternoon;Low;Tea;Brewed Black tea;Earl Grey Lg;Astoria
3.75;1;1;202302;Feb;Tue;Afternoon;Low;Bakery;Pastry;Chocolate Croissant;Astoria
10.50;3;3;202302;Feb;Tue;Afternoon;Low;Drinking Chocolate;Hot chocolate;Dark chocolate Rg;Astoria
12.00;4;3;202302;Feb;Tue;Afternoon;Low;Tea;Brewed Chai tea;Traditional Blend Chai Lg;Astoria
12.50;5;3;202302;Feb;Tue;Afternoon;Low;Tea;Brewed Black tea;Earl Grey Rg;Hell's Kitchen
7.50;2;2;202302;Feb;Tue;Afternoon;Low;Coffee;Premium brewed coffee;Jamaican Coffee River Lg;Hell's Kitchen
6.50;2;2;202302;Feb;Tue;Afternoon;Low;Bakery;Scone;Ginger Scone;Hell's Kitchen
35.00;10;7;202302;Feb;Tue;Afternoon;Med;Coffee;Organic brewed coffee;Brazilian Lg;Hell's Kitchen
2.20;1;1;202302;Feb;Tue;Night;Low;Coffee;Organic brewed coffee;Brazilian Sm;Hell's Kitchen
25.50;10;6;202302;Feb;Tue;Evening;Med;Tea;Brewed Chai tea;Spicy Eye Opener Chai Rg;Astoria
24.50;7;4;202302;Feb;Tue;Evening;Med;Coffee;Organic brewed coffee;Brazilian Lg;Hell's Kitchen
13.20;6;4;202302;Feb;Tue;Evening;Low;Coffee;Organic brewed coffee;Brazilian Sm;Astoria
7.50;3;2;202302;Feb;Tue;Evening;Low;Tea;Brewed Green tea;Serenity Green Tea Rg;Astoria
11.25;3;3;202302;Feb;Tue;Evening;Low;Bakery;Pastry;Almond Croissant;Astoria
15.00;6;5;202302;Feb;Tue;Evening;Low;Tea;Brewed Chai tea;Morning Sunrise Chai Rg;Astoria
21.00;7;5;202302;Feb;Tue;Evening;Med;Tea;Brewed Black tea;Earl Grey Lg;Astoria
15.00;5;3;202302;Feb;Tue;Evening;Low;Coffee;Drip coffee;Our Old Time Diner Blend Lg;Astoria
12.00;4;2;202302;Feb;Tue;Evening;Low;Coffee;Organic brewed coffee;Brazilian Rg;Hell's Kitchen
17.50;5;3;202302;Feb;Tue;Evening;Low;Coffee;Gourmet brewed coffee;Ethiopia Lg;Astoria
15.00;4;3;202302;Feb;Tue;Evening;Low;Drinking Chocolate;Hot chocolate;Sustainably Grown Organic Rg;Astoria
31.00;10;7;202302;Feb;Tue;Evening;Med;Coffee;Premium brewed coffee;Jamaican Coffee River Rg;Hell's Kitchen
21.00;7;5;202302;Feb;Tue;Evening;Med;Coffee;Barista Espresso;Espresso shot;Astoria
17.50;7;4;202302;Feb;Tue;Evening;Low;Tea;Brewed Chai tea;Traditional Blend Chai Rg;Hell's Kitchen
15.00;4;4;202302;Feb;Tue;Evening;Low;Bakery;Scone;Jumbo Savory Scone;Astoria
54.00;12;9;202302;Feb;Tue;Evening;High;Drinking Chocolate;Hot chocolate;Dark chocolate Lg;Astoria
3.50;1;1;202302;Feb;Tue;Evening;Low;Bakery;Biscotti;Chocolate Chip Biscotti;Astoria
22.50;6;4;202302;Feb;Tue;Evening;Med;Coffee;Barista Espresso;Latte;Hell's Kitchen
4.00;5;3;202302;Feb;Tue;Evening;Low;Flavours;Regular syrup;Hazelnut syrup;Hell's Kitchen
22.00;10;5;202302;Feb;Tue;Evening;Med;Coffee;Gourmet brewed coffee;Ethiopia Sm;Astoria
20.00;8;5;202302;Feb;Tue;Evening;Low;Tea;Brewed Chai tea;Traditional Blend Chai Rg;Astoria
27.50;11;8;202302;Feb;Tue;Evening;Med;Tea;Brewed herbal tea;Peppermint Rg;Astoria
45.00;12;9;202302;Feb;Tue;Evening;High;Coffee;Premium brewed coffee;Jamaican Coffee River Lg;Hell's Kitchen
28.00;7;4;202302;Feb;Tue;Evening;Med;Tea;Brewed Chai tea;Morning Sunrise Chai Lg;Astoria
16.00;4;2;202302;Feb;Tue;Evening;Low;Tea;Brewed Chai tea;Morning Sunrise Chai Lg;Hell's Kitchen
10.50;3;3;202302;Feb;Tue;Evening;Low;Bakery;Pastry;Croissant;Astoria
7.50;2;1;202302;Feb;Tue;Evening;Low;Drinking Chocolate;Hot chocolate;Sustainably Grown Organic Rg;Hell's Kitchen
10.00;4;4;202302;Feb;Tue;Evening;Low;Tea;Brewed Black tea;Earl Grey Rg;Hell's Kitchen
17.50;5;3;202302;Feb;Tue;Evening;Low;Coffee;Gourmet brewed coffee;Ethiopia Lg;Hell's Kitchen
24.00;12;8;202302;Feb;Tue;Evening;Med;Coffee;Gourmet brewed coffee;Columbian Medium Roast Sm;Hell's Kitchen
14.00;7;4;202302;Feb;Tue;Evening;Low;Coffee;Drip coffee;Our Old Time Diner Blend Sm;Hell's Kitchen
45.00;12;7;202302;Feb;Tue;Evening;High;Coffee;Barista Espresso;Cappuccino;Hell's Kitchen
2.40;3;2;202302;Feb;Tue;Evening;Low;Flavours;Regular syrup;Carmel syrup;Hell's Kitchen
22.50;6;4;202302;Feb;Tue;Evening;Med;Coffee;Barista Espresso;Latte;Astoria
33.00;11;8;202302;Feb;Tue;Evening;Med;Tea;Brewed herbal tea;Lemon Grass Lg;Hell's Kitchen
38.00;8;5;202302;Feb;Tue;Evening;Med;Drinking Chocolate;Hot chocolate;Sustainably Grown Organic Lg;Astoria
22.50;9;7;202302;Feb;Tue;Evening;Med;Coffee;Gourmet brewed coffee;Columbian Medium Roast Rg;Astoria
9.75;3;3;202302;Feb;Tue;Evening;Low;Bakery;Scone;Ginger Scone;Astoria
21.00;7;4;202302;Feb;Tue;Evening;Med;Tea;Brewed Chai tea;Traditional Blend Chai Lg;Hell's Kitchen
3.75;1;1;202302;Feb;Tue;Evening;Low;Bakery;Pastry;Almond Croissant;Hell's Kitchen
15.00;5;4;202302;Feb;Tue;Evening;Low;Tea;Brewed Black tea;Earl Grey Lg;Hell's Kitchen
8.80;4;3;202302;Feb;Tue;Evening;Low;Coffee;Gourmet brewed coffee;Ethiopia Sm;Hell's Kitchen
15.00;6;4;202302;Feb;Tue;Evening;Low;Tea;Brewed Black tea;Earl Grey Rg;Astoria
17.50;7;5;202302;Feb;Tue;Evening;Low;Tea;Brewed Green tea;Serenity Green Tea Rg;Hell's Kitchen
17.00;4;4;202302;Feb;Tue;Evening;Low;Coffee;Barista Espresso;Latte Rg;Hell's Kitchen
4.00;5;3;202302;Feb;Tue;Evening;Low;Flavours;Regular syrup;Chocolate syrup;Hell's Kitchen
11.25;3;3;202302;Feb;Tue;Evening;Low;Bakery;Scone;Jumbo Savory Scone;Hell's Kitchen
30.00;12;9;202302;Feb;Tue;Evening;Med;Coffee;Drip coffee;Our Old Time Diner Blend Rg;Hell's Kitchen
7.50;3;2;202302;Feb;Tue;Evening;Low;Tea;Brewed Chai tea;Morning Sunrise Chai Rg;Hell's Kitchen
13.00;4;4;202302;Feb;Tue;Evening;Low;Bakery;Biscotti;Hazelnut Biscotti;Hell's Kitchen
13.00;4;4;202302;Feb;Tue;Evening;Low;Bakery;Biscotti;Hazelnut Biscotti;Astoria
21.70;7;4;202302;Feb;Tue;Evening;Med;Coffee;Premium brewed coffee;Jamaican Coffee River Rg;Astoria
14.00;4;4;202302;Feb;Tue;Evening;Low;Bakery;Pastry;Croissant;Hell's Kitchen
21.00;7;5;202302;Feb;Tue;Evening;Med;Coffee;Gourmet brewed coffee;Ethiopia Rg;Hell's Kitchen
38.50;11;8;202302;Feb;Tue;Evening;Med;Coffee;Organic brewed coffee;Brazilian Lg;Astoria
14.70;6;4;202302;Feb;Tue;Evening;Low;Coffee;Premium brewed coffee;Jamaican Coffee River Sm;Astoria
12.00;4;2;202302;Feb;Tue;Evening;Low;Coffee;Gourmet brewed coffee;Ethiopia Rg;Astoria
15.00;5;4;202302;Feb;Tue;Evening;Low;Tea;Brewed herbal tea;Lemon Grass Lg;Astoria
17.00;4;2;202302;Feb;Tue;Evening;Low;Coffee;Barista Espresso;Latte Rg;Astoria
21.00;6;3;202302;Feb;Tue;Evening;Med;Drinking Chocolate;Hot chocolate;Dark chocolate Rg;Astoria
30.00;10;5;202302;Feb;Tue;Evening;Med;Coffee;Gourmet brewed coffee;Columbian Medium Roast Lg;Astoria
15.00;4;2;202302;Feb;Tue;Evening;Low;Coffee;Premium brewed coffee;Jamaican Coffee River Lg;Astoria
6.60;3;3;202302;Feb;Tue;Evening;Low;Coffee;Organic brewed coffee;Brazilian Sm;Hell's Kitchen
20.00;8;5;202302;Feb;Tue;Evening;Low;Tea;Brewed Black tea;English Breakfast Rg;Hell's Kitchen
7.00;2;2;202302;Feb;Tue;Evening;Low;Bakery;Biscotti;Ginger Biscotti;Astoria
29.75;7;6;202302;Feb;Tue;Evening;Med;Coffee;Barista Espresso;Cappuccino Lg;Hell's Kitchen
4.80;6;3;202302;Feb;Tue;Evening;Low;Flavours;Sugar free syrup;Sugar Free Vanilla syrup;Hell's Kitchen
10.50;3;3;202302;Feb;Tue;Evening;Low;Bakery;Biscotti;Ginger Biscotti;Hell's Kitchen
42.75;9;5;202302;Feb;Tue;Evening;High;Drinking Chocolate;Hot chocolate;Sustainably Grown Organic Lg;Hell's Kitchen
31.50;7;7;202302;Feb;Tue;Evening;Med;Bakery;Scone;Scottish Cream Scone ;Hell's Kitchen
9.80;4;2;202302;Feb;Tue;Evening;Low;Coffee;Premium brewed coffee;Jamaican Coffee River Sm;Hell's Kitchen
12.50;5;3;202302;Feb;Tue;Evening;Low;Tea;Brewed herbal tea;Peppermint Rg;Hell's Kitchen
28.00;8;5;202302;Feb;Tue;Evening;Med;Drinking Chocolate;Hot chocolate;Dark chocolate Rg;Hell's Kitchen
15.00;5;4;202302;Feb;Tue;Evening;Low;Coffee;Gourmet brewed coffee;Columbian Medium Roast Lg;Hell's Kitchen
9.00;3;2;202302;Feb;Tue;Evening;Low;Coffee;Drip coffee;Our Old Time Diner Blend Lg;Hell's Kitchen
11.25;3;3;202302;Feb;Tue;Evening;Low;Bakery;Pastry;Chocolate Croissant;Hell's Kitchen
5.00;2;2;202302;Feb;Wed;Night;Low;Tea;Brewed Black tea;English Breakfast Rg;Hell's Kitchen
3.75;1;1;202302;Feb;Wed;Night;Low;Bakery;Pastry;Almond Croissant;Hell's Kitchen
9.00;3;2;202302;Feb;Wed;Night;Low;Tea;Brewed Black tea;English Breakfast Lg;Hell's Kitchen
5.00;2;1;202302;Feb;Wed;Night;Low;Tea;Brewed herbal tea;Lemon Grass Rg;Hell's Kitchen
12.50;5;3;202302;Feb;Wed;Night;Low;Coffee;Gourmet brewed coffee;Columbian Medium Roast Rg;Hell's Kitchen
3.25;1;1;202302;Feb;Wed;Night;Low;Bakery;Biscotti;Hazelnut Biscotti;Hell's Kitchen
4.00;2;1;202302;Feb;Wed;Night;Low;Coffee;Gourmet brewed coffee;Columbian Medium Roast Sm;Hell's Kitchen
28.00;14;9;202302;Feb;Wed;Morning;Med;Coffee;Drip coffee;Our Old Time Diner Blend Sm;Hell's Kitchen
33.00;11;6;202302;Feb;Wed;Morning;Med;Tea;Brewed herbal tea;Lemon Grass Lg;Hell's Kitchen
34.10;11;9;202302;Feb;Wed;Morning;Med;Coffee;Premium brewed coffee;Jamaican Coffee River Rg;Astoria
20.00;8;6;202302;Feb;Wed;Morning;Low;Coffee;Gourmet brewed coffee;Columbian Medium Roast Rg;Astoria
24.00;8;5;202302;Feb;Wed;Morning;Med;Coffee;Gourmet brewed coffee;Columbian Medium Roast Lg;Astoria
10.00;5;4;202302;Feb;Wed;Morning;Low;Coffee;Gourmet brewed coffee;Columbian Medium Roast Sm;Hell's Kitchen
13.50;3;3;202302;Feb;Wed;Morning;Low;Bakery;Scone;Scottish Cream Scone ;Hell's Kitchen
25.50;10;6;202302;Feb;Wed;Morning;Med;Tea;Brewed Chai tea;Spicy Eye Opener Chai Rg;Astoria
80.75;19;13;202302;Feb;Wed;Morning;very high;Coffee;Barista Espresso;Cappuccino Lg;Astoria
45.00;15;10;202302;Feb;Wed;Morning;High;Coffee;Barista Espresso;Espresso shot;Astoria
16.25;5;4;202302;Feb;Wed;Morning;Low;Bakery;Scone;Cranberry Scone;Astoria
30.00;12;8;202302;Feb;Wed;Morning;Med;Coffee;Gourmet brewed coffee;Columbian Medium Roast Rg;Hell's Kitchen
12.00;15;9;202302;Feb;Wed;Morning;Low;Flavours;Regular syrup;Hazelnut syrup;Lower Manhattan
54.00;3;3;202302;Feb;Wed;Morning;High;Coffee beans;Organic Beans;Brazilian - Organic;Lower Manhattan
60.00;16;10;202302;Feb;Wed;Morning;High;Coffee;Barista Espresso;Latte;Lower Manhattan
19.80;9;6;202302;Feb;Wed;Morning;Low;Coffee;Gourmet brewed coffee;Ethiopia Sm;Hell's Kitchen
13.50;3;3;202302;Feb;Wed;Morning;Low;Bakery;Scone;Scottish Cream Scone ;Lower Manhattan
32.00;8;6;202302;Feb;Wed;Morning;Med;Tea;Brewed Chai tea;Morning Sunrise Chai Lg;Astoria
15.00;4;4;202302;Feb;Wed;Morning;Low;Bakery;Scone;Jumbo Savory Scone;Hell's Kitchen
29.25;9;9;202302;Feb;Wed;Morning;Med;Bakery;Scone;Cranberry Scone;Hell's Kitchen
22.00;11;7;202302;Feb;Wed;Morning;Med;Coffee;Drip coffee;Our Old Time Diner Blend Sm;Astoria
45.00;18;10;202302;Feb;Wed;Morning;High;Tea;Brewed herbal tea;Lemon Grass Rg;Lower Manhattan
10.40;13;7;202302;Feb;Wed;Morning;Low;Flavours;Sugar free syrup;Sugar Free Vanilla syrup;Lower Manhattan
22.00;11;6;202302;Feb;Wed;Morning;Med;Coffee;Gourmet brewed coffee;Columbian Medium Roast Sm;Lower Manhattan
21.00;7;5;202302;Feb;Wed;Morning;Med;Coffee;Organic brewed coffee;Brazilian Rg;Hell's Kitchen
38.50;11;6;202302;Feb;Wed;Morning;Med;Drinking Chocolate;Hot chocolate;Dark chocolate Rg;Astoria
45.00;12;8;202302;Feb;Wed;Morning;High;Coffee;Premium brewed coffee;Jamaican Coffee River Lg;Astoria
39.20;16;9;202302;Feb;Wed;Morning;Med;Coffee;Premium brewed coffee;Jamaican Coffee River Sm;Astoria
42.00;12;7;202302;Feb;Wed;Morning;High;Drinking Chocolate;Hot chocolate;Dark chocolate Rg;Hell's Kitchen
24.50;7;7;202302;Feb;Wed;Morning;Med;Bakery;Biscotti;Chocolate Chip Biscotti;Hell's Kitchen
17.60;8;4;202302;Feb;Wed;Morning;Low;Coffee;Gourmet brewed coffee;Ethiopia Sm;Lower Manhattan
45.00;2;2;202302;Feb;Wed;Morning;High;Coffee beans;Organic Beans;Organic Decaf Blend;Lower Manhattan
32.50;13;6;202302;Feb;Wed;Morning;Med;Tea;Brewed Green tea;Serenity Green Tea Rg;Lower Manhattan
35.00;10;7;202302;Feb;Wed;Morning;Med;Coffee;Gourmet brewed coffee;Ethiopia Lg;Lower Manhattan
8.00;10;5;202302;Feb;Wed;Morning;Low;Flavours;Regular syrup;Carmel syrup;Lower Manhattan
81.00;18;13;202302;Feb;Wed;Morning;very high;Drinking Chocolate;Hot chocolate;Dark chocolate Lg;Astoria
48.00;16;8;202302;Feb;Wed;Morning;High;Coffee;Gourmet brewed coffee;Columbian Medium Roast Lg;Lower Manhattan
3.20;4;3;202302;Feb;Wed;Morning;Low;Flavours;Regular syrup;Chocolate syrup;Hell's Kitchen
27.50;11;6;202302;Feb;Wed;Morning;Med;Coffee;Drip coffee;Our Old Time Diner Blend Rg;Hell's Kitchen
18.00;9;6;202302;Feb;Wed;Morning;Low;Coffee;Gourmet brewed coffee;Columbian Medium Roast Sm;Astoria
24.00;8;5;202302;Feb;Wed;Morning;Med;Tea;Brewed Chai tea;Traditional Blend Chai Lg;Astoria
24.00;8;5;202302;Feb;Wed;Morning;Med;Tea;Brewed herbal tea;Lemon Grass Lg;Astoria
27.00;9;5;202302;Feb;Wed;Morning;Med;Tea;Brewed Chai tea;Traditional Blend Chai Lg;Hell's Kitchen
15.00;6;5;202302;Feb;Wed;Morning;Low;Tea;Brewed herbal tea;Lemon Grass Rg;Astoria
17.50;5;4;202302;Feb;Wed;Morning;Low;Bakery;Pastry;Croissant;Astoria
27.50;11;6;202302;Feb;Wed;Morning;Med;Tea;Brewed herbal tea;Lemon Grass Rg;Hell's Kitchen
10.50;3;3;202302;Feb;Wed;Morning;Low;Bakery;Biscotti;Ginger Biscotti;Lower Manhattan
38.25;9;5;202302;Feb;Wed;Morning;Med;Coffee;Barista Espresso;Cappuccino Lg;Lower Manhattan
15.40;7;6;202302;Feb;Wed;Morning;Low;Coffee;Organic brewed coffee;Brazilian Sm;Hell's Kitchen
27.50;11;7;202302;Feb;Wed;Morning;Med;Tea;Brewed Black tea;Earl Grey Rg;Astoria
40.90;2;2;202302;Feb;Wed;Morning;very high;Coffee beans;Espresso Beans;Primo Espresso Roast;Hell's Kitchen
5.60;7;5;202302;Feb;Wed;Morning;Low;Flavours;Sugar free syrup;Sugar Free Vanilla syrup;Hell's Kitchen
11.25;3;3;202302;Feb;Wed;Morning;Low;Bakery;Scone;Jumbo Savory Scone;Lower Manhattan
5.00;2;2;202302;Feb;Wed;Morning;Low;Coffee;Gourmet brewed coffee;Columbian Medium Roast Rg;Lower Manhattan
43.40;14;8;202302;Feb;Wed;Morning;High;Tea;Brewed Chai tea;Spicy Eye Opener Chai Lg;Astoria
19.75;1;1;202302;Feb;Wed;Morning;Low;Coffee beans;Premium Beans;Jamacian Coffee River;Hell's Kitchen
8.95;1;1;202302;Feb;Wed;Morning;Low;Loose Tea;Herbal tea;Peppermint;Hell's Kitchen
45.00;15;9;202302;Feb;Wed;Morning;High;Tea;Brewed herbal tea;Peppermint Lg;Hell's Kitchen
10.00;1;1;202302;Feb;Wed;Morning;Low;Coffee beans;Green beans;Guatemalan Sustainably Grown;Hell's Kitchen
9.25;1;1;202302;Feb;Wed;Morning;Low;Loose Tea;Green tea;Serenity Green Tea;Lower Manhattan
38.50;11;8;202302;Feb;Wed;Morning;Med;Drinking Chocolate;Hot chocolate;Dark chocolate Rg;Lower Manhattan
32.50;13;7;202302;Feb;Wed;Morning;Med;Tea;Brewed Chai tea;Morning Sunrise Chai Rg;Astoria
8.95;1;1;202302;Feb;Wed;Morning;Low;Loose Tea;Chai tea;Traditional Blend Chai;Astoria
6.40;8;6;202302;Feb;Wed;Morning;Low;Flavours;Regular syrup;Carmel syrup;Astoria
4.00;5;4;202302;Feb;Wed;Morning;Low;Flavours;Sugar free syrup;Sugar Free Vanilla syrup;Astoria
12.40;4;2;202302;Feb;Wed;Morning;Low;Coffee;Premium brewed coffee;Jamaican Coffee River Rg;Lower Manhattan
4.80;6;4;202302;Feb;Wed;Morning;Low;Flavours;Regular syrup;Hazelnut syrup;Hell's Kitchen
28.00;2;2;202302;Feb;Wed;Morning;Med;Branded;Housewares;I Need My Bean! Latte cup;Lower Manhattan
33.75;9;8;202302;Feb;Wed;Morning;Med;Bakery;Pastry;Chocolate Croissant;Astoria
40.00;10;7;202302;Feb;Wed;Afternoon;Med;Tea;Brewed Chai tea;Morning Sunrise Chai Lg;Astoria
6.40;8;3;202302;Feb;Wed;Afternoon;Low;Flavours;Sugar free syrup;Sugar Free Vanilla syrup;Lower Manhattan
25.50;6;4;202302;Feb;Wed;Afternoon;Med;Coffee;Barista Espresso;Cappuccino Lg;Hell's Kitchen
1.60;2;1;202302;Feb;Wed;Afternoon;Low;Flavours;Regular syrup;Hazelnut syrup;Hell's Kitchen
10.00;4;4;202302;Feb;Wed;Afternoon;Low;Coffee;Drip coffee;Our Old Time Diner Blend Rg;Hell's Kitchen
28.00;1;1;202302;Feb;Wed;Afternoon;Med;Branded;Clothing;I Need My Bean! T-shirt;Astoria
17.00;4;3;202302;Feb;Wed;Afternoon;Low;Coffee;Barista Espresso;Latte Rg;Hell's Kitchen
4.00;5;3;202302;Feb;Wed;Afternoon;Low;Flavours;Sugar free syrup;Sugar Free Vanilla syrup;Hell's Kitchen
17.50;5;3;202302;Feb;Wed;Afternoon;Low;Bakery;Biscotti;Chocolate Chip Biscotti;Astoria
27.00;9;6;202302;Feb;Wed;Afternoon;Med;Tea;Brewed Black tea;Earl Grey Lg;Astoria
27.00;9;6;202302;Feb;Wed;Afternoon;Med;Tea;Brewed herbal tea;Peppermint Lg;Astoria
3.50;1;1;202302;Feb;Wed;Afternoon;Low;Bakery;Biscotti;Ginger Biscotti;Hell's Kitchen
9.50;1;1;202302;Feb;Wed;Afternoon;Low;Loose Tea;Chai tea;Morning Sunrise Chai;Astoria
24.80;8;4;202302;Feb;Wed;Afternoon;Med;Tea;Brewed Chai tea;Spicy Eye Opener Chai Lg;Hell's Kitchen
15.00;5;3;202302;Feb;Wed;Afternoon;Low;Coffee;Barista Espresso;Espresso shot;Lower Manhattan
1.60;2;2;202302;Feb;Wed;Afternoon;Low;Flavours;Regular syrup;Carmel syrup;Lower Manhattan
1.60;2;2;202302;Feb;Wed;Afternoon;Low;Flavours;Regular syrup;Carmel syrup;Hell's Kitchen
7.00;2;2;202302;Feb;Wed;Afternoon;Low;Bakery;Biscotti;Chocolate Chip Biscotti;Hell's Kitchen
10.95;1;1;202302;Feb;Wed;Afternoon;Low;Loose Tea;Chai tea;Spicy Eye Opener Chai;Astoria
18.75;5;3;202302;Feb;Wed;Afternoon;Low;Coffee;Barista Espresso;Latte;Hell's Kitchen
6.00;2;2;202302;Feb;Wed;Afternoon;Low;Bakery;Scone;Oatmeal Scone;Hell's Kitchen
17.50;7;4;202302;Feb;Wed;Afternoon;Low;Tea;Brewed Black tea;Earl Grey Rg;Lower Manhattan
20.00;8;4;202302;Feb;Wed;Afternoon;Low;Tea;Brewed Black tea;English Breakfast Rg;Lower Manhattan
12.00;4;3;202302;Feb;Wed;Afternoon;Low;Coffee;Gourmet brewed coffee;Columbian Medium Roast Lg;Astoria
6.40;1;1;202302;Feb;Wed;Afternoon;Low;Packaged Chocolate;Drinking Chocolate;Dark chocolate;Astoria
14.00;4;4;202302;Feb;Wed;Afternoon;Low;Bakery;Biscotti;Chocolate Chip Biscotti;Lower Manhattan
9.00;2;1;202302;Feb;Wed;Afternoon;Low;Bakery;Scone;Scottish Cream Scone ;Astoria
5.60;7;4;202302;Feb;Wed;Evening;Low;Flavours;Regular syrup;Hazelnut syrup;Hell's Kitchen
2.40;3;2;202302;Feb;Wed;Evening;Low;Flavours;Regular syrup;Carmel syrup;Hell's Kitchen
9.00;2;2;202302;Feb;Wed;Evening;Low;Bakery;Scone;Scottish Cream Scone ;Hell's Kitchen
13.33;1;1;202302;Feb;Wed;Evening;Low;Packaged Chocolate;Drinking Chocolate;Chili Mayan;Hell's Kitchen
3.00;1;1;202302;Feb;Wed;Evening;Low;Coffee;Gourmet brewed coffee;Ethiopia Rg;Hell's Kitchen
6.60;3;2;202302;Feb;Wed;Evening;Low;Coffee;Organic brewed coffee;Brazilian Sm;Hell's Kitchen
9.00;3;2;202302;Feb;Wed;Evening;Low;Tea;Brewed Chai tea;Traditional Blend Chai Lg;Lower Manhattan
18.00;1;1;202302;Feb;Wed;Evening;Low;Coffee beans;House blend Beans;Our Old Time Diner Blend;Hell's Kitchen
22.50;9;4;202302;Feb;Wed;Evening;Med;Tea;Brewed Black tea;English Breakfast Rg;Lower Manhattan
17.00;4;3;202302;Feb;Wed;Evening;Low;Coffee;Barista Espresso;Cappuccino Lg;Lower Manhattan
0.80;1;1;202302;Feb;Wed;Evening;Low;Flavours;Regular syrup;Carmel syrup;Lower Manhattan
17.90;2;2;202302;Feb;Wed;Evening;Low;Loose Tea;Black tea;English Breakfast;Lower Manhattan
1.60;2;2;202302;Feb;Wed;Evening;Low;Flavours;Sugar free syrup;Sugar Free Vanilla syrup;Hell's Kitchen
12.00;4;3;202302;Feb;Wed;Evening;Low;Tea;Brewed Black tea;English Breakfast Lg;Astoria
15.00;6;4;202302;Feb;Wed;Evening;Low;Tea;Brewed Green tea;Serenity Green Tea Rg;Astoria
7.50;3;2;202302;Feb;Wed;Evening;Low;Coffee;Gourmet brewed coffee;Columbian Medium Roast Rg;Lower Manhattan
7.50;2;2;202302;Feb;Wed;Evening;Low;Drinking Chocolate;Hot chocolate;Sustainably Grown Organic Rg;Lower Manhattan
14.00;4;2;202302;Feb;Wed;Evening;Low;Bakery;Biscotti;Chocolate Chip Biscotti;Astoria
11.25;3;2;202302;Feb;Wed;Evening;Low;Bakery;Scone;Jumbo Savory Scone;Astoria
15.00;1;1;202302;Feb;Wed;Evening;Low;Coffee beans;Gourmet Beans;Columbian Medium Roast;Astoria
3.75;1;1;202302;Feb;Wed;Evening;Low;Coffee;Barista Espresso;Cappuccino;Lower Manhattan
9.00;3;2;202302;Feb;Wed;Evening;Low;Tea;Brewed Black tea;English Breakfast Lg;Lower Manhattan
12.25;5;3;202302;Feb;Wed;Evening;Low;Coffee;Premium brewed coffee;Jamaican Coffee River Sm;Astoria
2.40;3;2;202302;Feb;Wed;Evening;Low;Flavours;Regular syrup;Chocolate syrup;Hell's Kitchen
12.00;4;3;202302;Feb;Wed;Evening;Low;Coffee;Gourmet brewed coffee;Columbian Medium Roast Lg;Astoria
19.75;1;1;202302;Feb;Wed;Evening;Low;Coffee beans;Premium Beans;Jamacian Coffee River;Astoria
3.50;1;1;202302;Feb;Wed;Evening;Low;Bakery;Pastry;Croissant;Hell's Kitchen
11.25;3;2;202302;Feb;Wed;Evening;Low;Bakery;Pastry;Almond Croissant;Astoria
3.50;1;1;202302;Feb;Wed;Evening;Low;Coffee;Gourmet brewed coffee;Ethiopia Lg;Hell's Kitchen
9.00;3;2;202302;Feb;Wed;Evening;Low;Tea;Brewed Green tea;Serenity Green Tea Lg;Lower Manhattan
5.00;2;1;202302;Feb;Wed;Evening;Low;Tea;Brewed herbal tea;Lemon Grass Rg;Hell's Kitchen
10.00;1;1;202302;Feb;Wed;Evening;Low;Coffee beans;Green beans;Guatemalan Sustainably Grown;Astoria
15.00;5;4;202302;Feb;Wed;Evening;Low;Tea;Brewed Chai tea;Traditional Blend Chai Lg;Hell's Kitchen
6.20;2;2;202302;Feb;Wed;Evening;Low;Coffee;Premium brewed coffee;Jamaican Coffee River Rg;Lower Manhattan
2.45;1;1;202302;Feb;Thu;Night;Low;Coffee;Premium brewed coffee;Jamaican Coffee River Sm;Hell's Kitchen
10.50;3;3;202302;Feb;Thu;Night;Low;Bakery;Biscotti;Chocolate Chip Biscotti;Hell's Kitchen
3.50;1;1;202302;Feb;Thu;Night;Low;Bakery;Biscotti;Ginger Biscotti;Hell's Kitchen
10.00;4;2;202302;Feb;Thu;Night;Low;Tea;Brewed Green tea;Serenity Green Tea Rg;Hell's Kitchen
7.50;3;2;202302;Feb;Thu;Night;Low;Tea;Brewed herbal tea;Peppermint Rg;Hell's Kitchen
5.00;2;1;202302;Feb;Thu;Night;Low;Coffee;Gourmet brewed coffee;Columbian Medium Roast Rg;Hell's Kitchen
2.55;1;1;202302;Feb;Thu;Night;Low;Tea;Brewed Chai tea;Spicy Eye Opener Chai Rg;Hell's Kitchen
6.00;2;1;202302;Feb;Thu;Night;Low;Tea;Brewed Black tea;Earl Grey Lg;Hell's Kitchen
17.50;7;6;202302;Feb;Thu;Morning;Low;Tea;Brewed Chai tea;Morning Sunrise Chai Rg;Astoria
3.00;1;1;202302;Feb;Thu;Morning;Low;Bakery;Scone;Oatmeal Scone;Hell's Kitchen
22.00;11;7;202302;Feb;Thu;Morning;Med;Coffee;Gourmet brewed coffee;Columbian Medium Roast Sm;Astoria
34.10;11;7;202302;Feb;Thu;Morning;Med;Coffee;Premium brewed coffee;Jamaican Coffee River Rg;Astoria
9.60;12;7;202302;Feb;Thu;Morning;Low;Flavours;Sugar free syrup;Sugar Free Vanilla syrup;Hell's Kitchen
57.00;19;11;202302;Feb;Thu;Morning;High;Tea;Brewed Green tea;Serenity Green Tea Lg;Astoria
36.00;8;5;202302;Feb;Thu;Morning;Med;Drinking Chocolate;Hot chocolate;Dark chocolate Lg;Astoria
24.50;10;8;202302;Feb;Thu;Morning;Med;Coffee;Premium brewed coffee;Jamaican Coffee River Sm;Astoria
39.00;13;8;202302;Feb;Thu;Morning;Med;Coffee;Gourmet brewed coffee;Columbian Medium Roast Lg;Hell's Kitchen
11.20;14;11;202302;Feb;Thu;Morning;Low;Flavours;Regular syrup;Carmel syrup;Hell's Kitchen
37.40;17;10;202302;Feb;Thu;Morning;Med;Coffee;Gourmet brewed coffee;Ethiopia Sm;Astoria
25.00;10;8;202302;Feb;Thu;Morning;Med;Coffee;Gourmet brewed coffee;Columbian Medium Roast Rg;Astoria
27.50;11;5;202302;Feb;Thu;Morning;Med;Tea;Brewed Chai tea;Traditional Blend Chai Rg;Lower Manhattan
59.50;14;8;202302;Feb;Thu;Morning;High;Coffee;Barista Espresso;Latte Rg;Lower Manhattan
16.25;5;5;202302;Feb;Thu;Morning;Low;Bakery;Scone;Ginger Scone;Astoria
31.00;10;8;202302;Feb;Thu;Morning;Med;Tea;Brewed Chai tea;Spicy Eye Opener Chai Lg;Astoria
30.94;8;8;202302;Feb;Thu;Morning;Med;Bakery;Pastry;Chocolate Croissant;Lower Manhattan
27.50;11;8;202302;Feb;Thu;Morning;Med;Tea;Brewed Black tea;Earl Grey Rg;Astoria
15.00;5;4;202302;Feb;Thu;Morning;Low;Coffee;Barista Espresso;Espresso shot;Astoria
29.75;7;5;202302;Feb;Thu;Morning;Med;Coffee;Barista Espresso;Cappuccino Lg;Lower Manhattan
8.95;1;1;202302;Feb;Thu;Morning;Low;Loose Tea;Black tea;English Breakfast;Lower Manhattan
30.00;12;8;202302;Feb;Thu;Morning;Med;Tea;Brewed Chai tea;Traditional Blend Chai Rg;Hell's Kitchen
21.00;1;1;202302;Feb;Thu;Morning;Med;Coffee beans;Gourmet Beans;Ethiopia;Astoria
30.00;12;7;202302;Feb;Thu;Morning;Med;Coffee;Drip coffee;Our Old Time Diner Blend Rg;Lower Manhattan
45.00;12;8;202302;Feb;Thu;Morning;High;Coffee;Premium brewed coffee;Jamaican Coffee River Lg;Astoria
48.75;13;10;202302;Feb;Thu;Morning;High;Coffee;Barista Espresso;Latte;Astoria
24.50;7;7;202302;Feb;Thu;Morning;Med;Bakery;Pastry;Croissant;Astoria
17.90;2;2;202302;Feb;Thu;Morning;Low;Loose Tea;Chai tea;Traditional Blend Chai;Hell's Kitchen
60.00;15;10;202302;Feb;Thu;Morning;High;Tea;Brewed Chai tea;Morning Sunrise Chai Lg;Astoria
31.50;9;6;202302;Feb;Thu;Morning;Med;Coffee;Organic brewed coffee;Brazilian Lg;Hell's Kitchen
56.00;16;10;202302;Feb;Thu;Morning;High;Coffee;Gourmet brewed coffee;Ethiopia Lg;Astoria
20.45;1;1;202302;Feb;Thu;Morning;very high;Coffee beans;Espresso Beans;Primo Espresso Roast;Astoria
27.00;9;6;202302;Feb;Thu;Morning;Med;Tea;Brewed Black tea;Earl Grey Lg;Astoria
39.99;3;3;202302;Feb;Thu;Morning;Med;Packaged Chocolate;Drinking Chocolate;Chili Mayan;Lower Manhattan
14.00;7;5;202302;Feb;Thu;Morning;Low;Coffee;Drip coffee;Our Old Time Diner Blend Sm;Astoria
40.30;13;9;202302;Feb;Thu;Morning;very high;Tea;Brewed Chai tea;Spicy Eye Opener Chai Lg;Hell's Kitchen
25.50;10;8;202302;Feb;Thu;Morning;Med;Tea;Brewed Chai tea;Spicy Eye Opener Chai Rg;Astoria
26.00;8;8;202302;Feb;Thu;Morning;Med;Bakery;Scone;Cranberry Scone;Hell's Kitchen
12.80;2;2;202302;Feb;Thu;Morning;Low;Packaged Chocolate;Drinking Chocolate;Dark chocolate;Hell's Kitchen
17.50;5;3;202302;Feb;Thu;Morning;Low;Drinking Chocolate;Hot chocolate;Dark chocolate Rg;Lower Manhattan
38.50;11;6;202302;Feb;Thu;Morning;Med;Coffee;Gourmet brewed coffee;Ethiopia Lg;Lower Manhattan
16.00;8;4;202302;Feb;Thu;Morning;Low;Coffee;Drip coffee;Our Old Time Diner Blend Sm;Hell's Kitchen
18.00;6;5;202302;Feb;Thu;Morning;Low;Tea;Brewed herbal tea;Peppermint Lg;Astoria
56.25;15;9;202302;Feb;Thu;Morning;High;Drinking Chocolate;Hot chocolate;Sustainably Grown Organic Rg;Astoria
20.45;1;1;202302;Feb;Thu;Morning;very high;Coffee beans;Espresso Beans;Primo Espresso Roast;Lower Manhattan
32.50;10;9;202302;Feb;Thu;Morning;Med;Bakery;Scone;Ginger Scone;Hell's Kitchen
37.50;10;10;202302;Feb;Thu;Morning;Med;Bakery;Pastry;Chocolate Croissant;Astoria
27.00;9;6;202302;Feb;Thu;Morning;Med;Tea;Brewed herbal tea;Lemon Grass Lg;Hell's Kitchen
27.50;11;7;202302;Feb;Thu;Morning;Med;Tea;Brewed herbal tea;Peppermint Rg;Astoria
36.00;12;5;202302;Feb;Thu;Morning;Med;Coffee;Barista Espresso;Espresso shot;Lower Manhattan
27.50;11;7;202302;Feb;Thu;Morning;Med;Tea;Brewed Black tea;Earl Grey Rg;Lower Manhattan
11.25;3;3;202302;Feb;Thu;Morning;Low;Coffee;Barista Espresso;Cappuccino;Lower Manhattan
36.00;12;11;202302;Feb;Thu;Morning;Med;Coffee;Barista Espresso;Espresso shot;Hell's Kitchen
8.95;1;1;202302;Feb;Thu;Morning;Low;Loose Tea;Black tea;Earl Grey;Lower Manhattan
42.00;3;2;202302;Feb;Thu;Morning;High;Branded;Housewares;I Need My Bean! Latte cup;Lower Manhattan
22.75;7;7;202302;Feb;Thu;Morning;Med;Bakery;Scone;Cranberry Scone;Astoria
24.50;7;5;202302;Feb;Thu;Morning;Med;Drinking Chocolate;Hot chocolate;Dark chocolate Rg;Astoria
38.25;9;8;202302;Feb;Thu;Morning;Med;Coffee;Barista Espresso;Latte Rg;Astoria
14.00;4;4;202302;Feb;Thu;Morning;Low;Bakery;Biscotti;Ginger Biscotti;Astoria
26.46;9;6;202302;Feb;Thu;Morning;Med;Bakery;Scone;Ginger Scone;Lower Manhattan
32.00;8;5;202302;Feb;Thu;Morning;Med;Tea;Brewed Chai tea;Morning Sunrise Chai Lg;Hell's Kitchen
7.60;1;1;202302;Feb;Thu;Morning;Low;Packaged Chocolate;Organic Chocolate;Sustainably Grown Organic;Hell's Kitchen
27.00;6;6;202302;Feb;Thu;Morning;Med;Bakery;Scone;Scottish Cream Scone ;Hell's Kitchen
9.00;3;2;202302;Feb;Thu;Morning;Low;Tea;Brewed herbal tea;Lemon Grass Lg;Astoria
21.00;6;6;202302;Feb;Thu;Morning;Med;Bakery;Pastry;Croissant;Hell's Kitchen
3.00;1;1;202302;Feb;Thu;Night;Low;Tea;Brewed herbal tea;Peppermint Lg;Hell's Kitchen
6.00;2;2;202302;Feb;Thu;Night;Low;Bakery;Scone;Oatmeal Scone;Hell's Kitchen
45.00;1;1;202302;Feb;Thu;Afternoon;High;Coffee beans;Premium Beans;Civet Cat;Astoria
14.25;3;3;202302;Feb;Thu;Afternoon;Low;Drinking Chocolate;Hot chocolate;Sustainably Grown Organic Lg;Lower Manhattan
15.00;5;4;202302;Feb;Thu;Afternoon;Low;Tea;Brewed Black tea;Earl Grey Lg;Hell's Kitchen
20.00;5;3;202302;Feb;Thu;Afternoon;Low;Tea;Brewed Chai tea;Morning Sunrise Chai Lg;Hell's Kitchen
18.00;4;3;202302;Feb;Thu;Afternoon;Low;Drinking Chocolate;Hot chocolate;Dark chocolate Lg;Lower Manhattan
9.00;2;2;202302;Feb;Thu;Afternoon;Low;Bakery;Scone;Scottish Cream Scone ;Astoria
4.40;2;1;202302;Feb;Thu;Afternoon;Low;Coffee;Organic brewed coffee;Brazilian Sm;Astoria
15.00;5;4;202302;Feb;Thu;Afternoon;Low;Tea;Brewed Black tea;English Breakfast Lg;Astoria
22.50;5;3;202302;Feb;Thu;Afternoon;Med;Drinking Chocolate;Hot chocolate;Dark chocolate Lg;Hell's Kitchen
4.00;2;2;202302;Feb;Thu;Afternoon;Low;Coffee;Gourmet brewed coffee;Columbian Medium Roast Sm;Astoria
3.20;4;3;202302;Feb;Thu;Afternoon;Low;Flavours;Regular syrup;Hazelnut syrup;Hell's Kitchen
15.00;5;3;202302;Feb;Thu;Afternoon;Low;Tea;Brewed herbal tea;Peppermint Lg;Lower Manhattan
6.00;2;1;202302;Feb;Thu;Afternoon;Low;Coffee;Gourmet brewed coffee;Columbian Medium Roast Lg;Lower Manhattan
5.00;2;1;202302;Feb;Thu;Afternoon;Low;Tea;Brewed herbal tea;Lemon Grass Rg;Lower Manhattan
3.75;1;1;202302;Feb;Thu;Afternoon;Low;Coffee;Barista Espresso;Cappuccino;Hell's Kitchen
1.60;2;1;202302;Feb;Thu;Afternoon;Low;Flavours;Sugar free syrup;Sugar Free Vanilla syrup;Hell's Kitchen
18.00;6;4;202302;Feb;Thu;Afternoon;Low;Coffee;Gourmet brewed coffee;Columbian Medium Roast Lg;Hell's Kitchen
7.00;2;2;202302;Feb;Thu;Afternoon;Low;Coffee;Gourmet brewed coffee;Ethiopia Lg;Hell's Kitchen
15.00;1;1;202302;Feb;Thu;Afternoon;Low;Coffee beans;Gourmet Beans;Columbian Medium Roast;Astoria
7.60;1;1;202302;Feb;Thu;Afternoon;Low;Packaged Chocolate;Organic Chocolate;Sustainably Grown Organic;Lower Manhattan
12.75;3;2;202302;Feb;Thu;Afternoon;Low;Coffee;Barista Espresso;Cappuccino Lg;Lower Manhattan
10.50;3;2;202302;Feb;Thu;Afternoon;Low;Drinking Chocolate;Hot chocolate;Dark chocolate Rg;Hell's Kitchen
3.75;1;1;202302;Feb;Thu;Evening;Low;Drinking Chocolate;Hot chocolate;Sustainably Grown Organic Rg;Hell's Kitchen
42.00;2;2;202302;Feb;Thu;Evening;High;Coffee beans;Gourmet Beans;Ethiopia;Astoria
8.95;1;1;202302;Feb;Thu;Evening;Low;Loose Tea;Herbal tea;Peppermint;Astoria
45.00;1;1;202302;Feb;Thu;Evening;High;Coffee beans;Premium Beans;Civet Cat;Astoria
3.75;1;1;202302;Feb;Thu;Evening;Low;Bakery;Pastry;Chocolate Croissant;Hell's Kitchen
0.80;1;1;202302;Feb;Thu;Evening;Low;Flavours;Regular syrup;Hazelnut syrup;Hell's Kitchen
22.50;6;4;202302;Feb;Thu;Evening;Med;Coffee;Barista Espresso;Latte;Lower Manhattan
6.00;2;2;202302;Feb;Thu;Evening;Low;Bakery;Scone;Oatmeal Scone;Lower Manhattan
3.75;1;1;202302;Feb;Thu;Evening;Low;Bakery;Pastry;Almond Croissant;Hell's Kitchen
7.60;1;1;202302;Feb;Thu;Evening;Low;Packaged Chocolate;Organic Chocolate;Sustainably Grown Organic;Astoria
8.44;2;2;202302;Feb;Thu;Evening;Low;Bakery;Pastry;Chocolate Croissant;Lower Manhattan
8.95;1;1;202302;Feb;Thu;Evening;Low;Loose Tea;Black tea;Earl Grey;Lower Manhattan
27.00;6;3;202302;Feb;Thu;Evening;Med;Drinking Chocolate;Hot chocolate;Dark chocolate Lg;Hell's Kitchen
10.00;4;2;202302;Feb;Thu;Evening;Low;Coffee;Drip coffee;Our Old Time Diner Blend Rg;Lower Manhattan
9.50;1;1;202302;Feb;Thu;Evening;Low;Loose Tea;Chai tea;Morning Sunrise Chai;Lower Manhattan
10.00;4;3;202302;Feb;Thu;Evening;Low;Tea;Brewed herbal tea;Peppermint Rg;Lower Manhattan
3.00;1;1;202302;Feb;Thu;Evening;Low;Tea;Brewed herbal tea;Lemon Grass Lg;Lower Manhattan
4.69;1;1;202302;Feb;Thu;Evening;Low;Bakery;Scone;Jumbo Savory Scone;Lower Manhattan
3.25;1;1;202302;Feb;Thu;Evening;Low;Bakery;Biscotti;Hazelnut Biscotti;Astoria
12.00;4;2;202302;Feb;Thu;Evening;Low;Tea;Brewed Black tea;Earl Grey Lg;Hell's Kitchen
14.00;4;3;202302;Feb;Thu;Evening;Low;Coffee;Organic brewed coffee;Brazilian Lg;Hell's Kitchen
17.00;4;3;202302;Feb;Thu;Evening;Low;Coffee;Barista Espresso;Cappuccino Lg;Astoria
17.00;4;2;202302;Feb;Thu;Evening;Low;Coffee;Barista Espresso;Latte Rg;Lower Manhattan
2.55;1;1;202302;Feb;Thu;Evening;Low;Tea;Brewed Chai tea;Spicy Eye Opener Chai Rg;Hell's Kitchen
6.50;2;2;202302;Feb;Thu;Evening;Low;Bakery;Scone;Ginger Scone;Hell's Kitchen
7.00;2;1;202302;Feb;Thu;Evening;Low;Drinking Chocolate;Hot chocolate;Dark chocolate Rg;Lower Manhattan
7.00;2;2;202302;Feb;Thu;Evening;Low;Bakery;Pastry;Croissant;Hell's Kitchen
4.06;1;1;202302;Feb;Thu;Evening;Low;Bakery;Scone;Cranberry Scone;Lower Manhattan
5.00;2;1;202302;Feb;Fri;Night;Low;Coffee;Drip coffee;Our Old Time Diner Blend Rg;Lower Manhattan
10.00;4;2;202302;Feb;Fri;Night;Low;Tea;Brewed Black tea;English Breakfast Rg;Lower Manhattan
14.25;3;2;202302;Feb;Fri;Night;Low;Drinking Chocolate;Hot chocolate;Sustainably Grown Organic Lg;Lower Manhattan
42.00;12;6;202302;Feb;Fri;Night;High;Drinking Chocolate;Hot chocolate;Dark chocolate Rg;Lower Manhattan
7.50;2;2;202302;Feb;Fri;Night;Low;Bakery;Pastry;Chocolate Croissant;Lower Manhattan
10.00;4;2;202302;Feb;Fri;Night;Low;Coffee;Gourmet brewed coffee;Columbian Medium Roast Rg;Lower Manhattan
9.30;3;2;202302;Feb;Fri;Night;Low;Tea;Brewed Chai tea;Spicy Eye Opener Chai Lg;Hell's Kitchen
18.75;5;5;202302;Feb;Fri;Night;Low;Bakery;Pastry;Chocolate Croissant;Hell's Kitchen
3.20;4;2;202302;Feb;Fri;Night;Low;Flavours;Sugar free syrup;Sugar Free Vanilla syrup;Lower Manhattan
9.00;3;2;202302;Feb;Fri;Night;Low;Coffee;Drip coffee;Our Old Time Diner Blend Lg;Hell's Kitchen
9.00;2;2;202302;Feb;Fri;Night;Low;Bakery;Scone;Scottish Cream Scone ;Hell's Kitchen
8.00;2;1;202302;Feb;Fri;Night;Low;Tea;Brewed Chai tea;Morning Sunrise Chai Lg;Hell's Kitchen
3.50;1;1;202302;Feb;Fri;Night;Low;Bakery;Biscotti;Ginger Biscotti;Hell's Kitchen
9.30;3;2;202302;Feb;Fri;Night;Low;Coffee;Premium brewed coffee;Jamaican Coffee River Rg;Hell's Kitchen
7.50;3;2;202302;Feb;Fri;Night;Low;Tea;Brewed herbal tea;Lemon Grass Rg;Hell's Kitchen
7.50;2;1;202302;Feb;Fri;Night;Low;Coffee;Barista Espresso;Cappuccino;Hell's Kitchen
1.60;2;1;202302;Feb;Fri;Night;Low;Flavours;Regular syrup;Chocolate syrup;Hell's Kitchen
6.50;2;2;202302;Feb;Fri;Night;Low;Bakery;Scone;Ginger Scone;Hell's Kitchen
12.75;5;3;202302;Feb;Fri;Night;Low;Tea;Brewed Chai tea;Spicy Eye Opener Chai Rg;Lower Manhattan
21.00;7;4;202302;Feb;Fri;Night;Med;Tea;Brewed Green tea;Serenity Green Tea Lg;Lower Manhattan
4.50;1;1;202302;Feb;Fri;Night;Low;Bakery;Scone;Scottish Cream Scone ;Lower Manhattan
8.10;3;2;202302;Feb;Fri;Night;Low;Coffee;Barista Espresso;Ouro Brasileiro shot;Hell's Kitchen
3.75;1;1;202302;Feb;Fri;Night;Low;Coffee;Barista Espresso;Latte;Lower Manhattan
8.80;4;3;202302;Feb;Fri;Night;Low;Coffee;Gourmet brewed coffee;Ethiopia Sm;Lower Manhattan
3.00;1;1;202302;Feb;Fri;Night;Low;Coffee;Gourmet brewed coffee;Ethiopia Rg;Hell's Kitchen
13.50;3;2;202302;Feb;Fri;Night;Low;Drinking Chocolate;Hot chocolate;Dark chocolate Lg;Lower Manhattan
3.00;1;1;202302;Feb;Fri;Night;Low;Tea;Brewed herbal tea;Lemon Grass Lg;Lower Manhattan
3.00;1;1;202302;Feb;Fri;Night;Low;Tea;Brewed herbal tea;Peppermint Lg;Hell's Kitchen
5.00;2;2;202302;Feb;Fri;Night;Low;Tea;Brewed Chai tea;Morning Sunrise Chai Rg;Hell's Kitchen
3.75;1;1;202302;Feb;Fri;Night;Low;Bakery;Scone;Jumbo Savory Scone;Hell's Kitchen
22.00;10;5;202302;Feb;Fri;Night;Med;Coffee;Organic brewed coffee;Brazilian Sm;Lower Manhattan
9.75;3;3;202302;Feb;Fri;Night;Low;Bakery;Scone;Cranberry Scone;Hell's Kitchen
18.75;5;3;202302;Feb;Fri;Night;Low;Drinking Chocolate;Hot chocolate;Sustainably Grown Organic Rg;Hell's Kitchen
12.80;16;10;202302;Feb;Fri;Morning;Low;Flavours;Regular syrup;Hazelnut syrup;Lower Manhattan
25.00;10;7;202302;Feb;Fri;Morning;Med;Coffee;Gourmet brewed coffee;Columbian Medium Roast Rg;Astoria
54.00;18;10;202302;Feb;Fri;Morning;High;Tea;Brewed Green tea;Serenity Green Tea Lg;Hell's Kitchen
21.00;7;4;202302;Feb;Fri;Morning;Med;Tea;Brewed Chai tea;Traditional Blend Chai Lg;Hell's Kitchen
14.75;1;1;202302;Feb;Fri;Morning;Low;Coffee beans;Espresso Beans;Espresso Roast;Hell's Kitchen
37.50;10;6;202302;Feb;Fri;Morning;Med;Coffee;Barista Espresso;Latte;Astoria
6.40;8;5;202302;Feb;Fri;Morning;Low;Flavours;Regular syrup;Hazelnut syrup;Astoria
15.00;1;1;202302;Feb;Fri;Morning;Low;Coffee beans;Gourmet Beans;Columbian Medium Roast;Hell's Kitchen
52.50;14;9;202302;Feb;Fri;Morning;High;Coffee;Barista Espresso;Cappuccino;Astoria
37.20;12;8;202302;Feb;Fri;Morning;Med;Coffee;Premium brewed coffee;Jamaican Coffee River Rg;Astoria
40.80;16;9;202302;Feb;Fri;Morning;very high;Tea;Brewed Chai tea;Spicy Eye Opener Chai Rg;Astoria
21.00;7;5;202302;Feb;Fri;Morning;Med;Tea;Brewed Chai tea;Traditional Blend Chai Lg;Astoria
9.60;12;10;202302;Feb;Fri;Morning;Low;Flavours;Regular syrup;Carmel syrup;Lower Manhattan
15.00;4;4;202302;Feb;Fri;Morning;Low;Bakery;Scone;Jumbo Savory Scone;Lower Manhattan
28.00;8;8;202302;Feb;Fri;Morning;Med;Bakery;Biscotti;Chocolate Chip Biscotti;Astoria
36.00;2;2;202302;Feb;Fri;Morning;Med;Coffee beans;Organic Beans;Brazilian - Organic;Lower Manhattan
42.00;12;8;202302;Feb;Fri;Morning;High;Coffee;Organic brewed coffee;Brazilian Lg;Hell's Kitchen
52.50;14;9;202302;Feb;Fri;Morning;High;Coffee;Barista Espresso;Cappuccino;Lower Manhattan
5.60;7;4;202302;Feb;Fri;Morning;Low;Flavours;Sugar free syrup;Sugar Free Vanilla syrup;Lower Manhattan
33.00;15;9;202302;Feb;Fri;Morning;Med;Coffee;Organic brewed coffee;Brazilian Sm;Hell's Kitchen
37.20;12;10;202302;Feb;Fri;Morning;Med;Bakery;Scone;Ginger Scone;Hell's Kitchen
41.25;11;6;202302;Feb;Fri;Morning;High;Drinking Chocolate;Hot chocolate;Sustainably Grown Organic Rg;Astoria
12.00;1;1;202302;Feb;Fri;Morning;Low;Branded;Housewares;I Need My Bean! Diner mug;Astoria
27.50;11;7;202302;Feb;Fri;Morning;Med;Tea;Brewed Chai tea;Morning Sunrise Chai Rg;Astoria
24.00;8;8;202302;Feb;Fri;Morning;Med;Bakery;Scone;Oatmeal Scone;Astoria
30.80;14;8;202302;Feb;Fri;Morning;Med;Coffee;Gourmet brewed coffee;Ethiopia Sm;Hell's Kitchen
55.25;13;9;202302;Feb;Fri;Morning;High;Coffee;Barista Espresso;Latte Rg;Astoria
9.60;12;8;202302;Feb;Fri;Morning;Low;Flavours;Regular syrup;Carmel syrup;Astoria
39.00;13;9;202302;Feb;Fri;Morning;Med;Coffee;Gourmet brewed coffee;Ethiopia Rg;Astoria
15.20;2;2;202302;Feb;Fri;Morning;Low;Packaged Chocolate;Organic Chocolate;Sustainably Grown Organic;Lower Manhattan
37.50;15;10;202302;Feb;Fri;Morning;Med;Tea;Brewed herbal tea;Peppermint Rg;Astoria
18.75;5;5;202302;Feb;Fri;Morning;Low;Bakery;Pastry;Chocolate Croissant;Astoria
36.00;12;8;202302;Feb;Fri;Morning;Med;Coffee;Gourmet brewed coffee;Ethiopia Rg;Hell's Kitchen
30.00;10;6;202302;Feb;Fri;Morning;Med;Tea;Brewed herbal tea;Peppermint Lg;Astoria
9.00;3;3;202302;Feb;Fri;Morning;Low;Bakery;Scone;Oatmeal Scone;Hell's Kitchen
19.60;8;6;202302;Feb;Fri;Morning;Low;Coffee;Premium brewed coffee;Jamaican Coffee River Sm;Astoria
31.50;9;9;202302;Feb;Fri;Morning;Med;Bakery;Biscotti;Ginger Biscotti;Astoria
18.00;6;6;202302;Feb;Fri;Morning;Low;Bakery;Scone;Oatmeal Scone;Lower Manhattan
27.50;11;7;202302;Feb;Fri;Morning;Med;Tea;Brewed Chai tea;Traditional Blend Chai Rg;Astoria
32.50;13;9;202302;Feb;Fri;Morning;Med;Tea;Brewed Black tea;English Breakfast Rg;Astoria
3.75;1;1;202302;Feb;Fri;Morning;Low;Drinking Chocolate;Hot chocolate;Sustainably Grown Organic Rg;Lower Manhattan
59.50;17;9;202302;Feb;Fri;Morning;High;Coffee;Gourmet brewed coffee;Ethiopia Lg;Astoria
44.00;20;11;202302;Feb;Fri;Morning;High;Coffee;Organic brewed coffee;Brazilian Sm;Astoria
26.25;7;4;202302;Feb;Fri;Morning;Med;Coffee;Premium brewed coffee;Jamaican Coffee River Lg;Astoria
9.60;12;9;202302;Feb;Fri;Morning;Low;Flavours;Sugar free syrup;Sugar Free Vanilla syrup;Astoria
22.50;1;1;202302;Feb;Fri;Morning;Med;Coffee beans;Organic Beans;Organic Decaf Blend;Hell's Kitchen
6.40;1;1;202302;Feb;Fri;Morning;Low;Packaged Chocolate;Drinking Chocolate;Dark chocolate;Astoria
40.30;13;11;202302;Feb;Fri;Morning;very high;Tea;Brewed Chai tea;Spicy Eye Opener Chai Lg;Astoria
9.25;1;1;202302;Feb;Fri;Morning;Low;Loose Tea;Green tea;Serenity Green Tea;Astoria
34.00;8;5;202302;Feb;Fri;Morning;Med;Coffee;Barista Espresso;Latte Rg;Lower Manhattan
35.00;10;6;202302;Feb;Fri;Morning;Med;Coffee;Organic brewed coffee;Brazilian Lg;Astoria
30.00;10;6;202302;Feb;Fri;Morning;Med;Tea;Brewed Chai tea;Traditional Blend Chai Lg;Lower Manhattan
17.50;5;5;202302;Feb;Fri;Morning;Low;Bakery;Pastry;Croissant;Astoria
9.75;3;3;202302;Feb;Fri;Morning;Low;Bakery;Biscotti;Hazelnut Biscotti;Astoria
5.60;7;4;202302;Feb;Fri;Morning;Low;Flavours;Regular syrup;Carmel syrup;Hell's Kitchen
16.25;5;5;202302;Feb;Fri;Morning;Low;Bakery;Biscotti;Hazelnut Biscotti;Hell's Kitchen
24.50;7;7;202302;Feb;Fri;Morning;Med;Bakery;Biscotti;Chocolate Chip Biscotti;Lower Manhattan
2.40;3;2;202302;Feb;Fri;Morning;Low;Flavours;Sugar free syrup;Sugar Free Vanilla syrup;Hell's Kitchen
63.00;14;7;202302;Feb;Fri;Morning;very high;Drinking Chocolate;Hot chocolate;Dark chocolate Lg;Lower Manhattan
8.95;1;1;202302;Feb;Fri;Morning;Low;Loose Tea;Black tea;Earl Grey;Lower Manhattan
20.00;8;6;202302;Feb;Fri;Morning;Low;Tea;Brewed Green tea;Serenity Green Tea Rg;Astoria
27.50;11;9;202302;Feb;Fri;Morning;Med;Coffee;Drip coffee;Our Old Time Diner Blend Rg;Astoria
21.00;7;4;202302;Feb;Fri;Morning;Med;Tea;Brewed Black tea;Earl Grey Lg;Lower Manhattan
15.00;1;1;202302;Feb;Fri;Morning;Low;Coffee beans;Gourmet Beans;Columbian Medium Roast;Astoria
22.50;6;6;202302;Feb;Fri;Morning;Med;Bakery;Pastry;Chocolate Croissant;Hell's Kitchen
22.00;10;8;202302;Feb;Fri;Morning;Med;Coffee;Gourmet brewed coffee;Ethiopia Sm;Astoria
17.50;5;4;202302;Feb;Fri;Morning;Low;Drinking Chocolate;Hot chocolate;Dark chocolate Rg;Hell's Kitchen
7.50;2;2;202302;Feb;Fri;Morning;Low;Bakery;Pastry;Almond Croissant;Astoria
18.00;6;3;202302;Feb;Fri;Morning;Low;Tea;Brewed Black tea;English Breakfast Lg;Astoria
8.00;10;8;202302;Feb;Fri;Morning;Low;Flavours;Regular syrup;Chocolate syrup;Astoria
24.50;7;4;202302;Feb;Fri;Morning;Med;Coffee;Gourmet brewed coffee;Ethiopia Lg;Hell's Kitchen
18.00;1;1;202302;Feb;Fri;Morning;Low;Coffee beans;Organic Beans;Brazilian - Organic;Hell's Kitchen
7.50;2;2;202302;Feb;Fri;Morning;Low;Bakery;Pastry;Almond Croissant;Lower Manhattan
18.00;4;4;202302;Feb;Fri;Morning;Low;Bakery;Scone;Scottish Cream Scone ;Astoria
24.00;2;2;202302;Feb;Fri;Morning;Med;Branded;Housewares;I Need My Bean! Diner mug;Lower Manhattan
12.00;6;3;202302;Feb;Fri;Afternoon;Low;Coffee;Drip coffee;Our Old Time Diner Blend Sm;Lower Manhattan
5.60;7;4;202302;Feb;Fri;Afternoon;Low;Flavours;Sugar free syrup;Sugar Free Vanilla syrup;Lower Manhattan
7.00;2;1;202302;Feb;Fri;Afternoon;Low;Coffee;Organic brewed coffee;Brazilian Lg;Lower Manhattan
2.40;3;2;202302;Feb;Fri;Afternoon;Low;Flavours;Regular syrup;Chocolate syrup;Astoria
10.00;4;2;202302;Feb;Fri;Afternoon;Low;Tea;Brewed Black tea;Earl Grey Rg;Lower Manhattan
15.00;5;3;202302;Feb;Fri;Afternoon;Low;Coffee;Gourmet brewed coffee;Ethiopia Rg;Astoria
1.60;2;1;202302;Feb;Fri;Afternoon;Low;Flavours;Sugar free syrup;Sugar Free Vanilla syrup;Astoria
18.00;1;1;202302;Feb;Fri;Afternoon;Low;Coffee beans;Organic Beans;Brazilian - Organic;Lower Manhattan
18.00;4;4;202302;Feb;Fri;Afternoon;Low;Bakery;Scone;Scottish Cream Scone ;Astoria
7.50;3;2;202302;Feb;Fri;Afternoon;Low;Coffee;Gourmet brewed coffee;Columbian Medium Roast Rg;Hell's Kitchen
4.40;2;2;202302;Feb;Fri;Afternoon;Low;Coffee;Organic brewed coffee;Brazilian Sm;Hell's Kitchen
24.00;8;5;202302;Feb;Fri;Afternoon;Med;Tea;Brewed Chai tea;Traditional Blend Chai Lg;Astoria
10.00;1;1;202302;Feb;Fri;Afternoon;Low;Coffee beans;Green beans;Guatemalan Sustainably Grown;Hell's Kitchen
9.80;4;2;202302;Feb;Fri;Afternoon;Low;Coffee;Premium brewed coffee;Jamaican Coffee River Sm;Lower Manhattan
10.00;5;4;202302;Feb;Fri;Afternoon;Low;Coffee;Gourmet brewed coffee;Columbian Medium Roast Sm;Lower Manhattan
21.00;6;4;202302;Feb;Fri;Afternoon;Med;Drinking Chocolate;Hot chocolate;Dark chocolate Rg;Hell's Kitchen
11.25;3;3;202302;Feb;Fri;Afternoon;Low;Bakery;Scone;Jumbo Savory Scone;Lower Manhattan
21.00;7;4;202302;Feb;Fri;Afternoon;Med;Tea;Brewed Chai tea;Traditional Blend Chai Lg;Hell's Kitchen
14.70;6;3;202302;Feb;Fri;Afternoon;Low;Coffee;Premium brewed coffee;Jamaican Coffee River Sm;Hell's Kitchen
2.50;1;1;202302;Feb;Fri;Afternoon;Low;Tea;Brewed herbal tea;Peppermint Rg;Lower Manhattan
27.90;9;5;202302;Feb;Fri;Afternoon;Med;Coffee;Premium brewed coffee;Jamaican Coffee River Rg;Astoria
12.00;1;1;202302;Feb;Fri;Afternoon;Low;Branded;Housewares;I Need My Bean! Diner mug;Astoria
27.00;6;4;202302;Feb;Fri;Afternoon;Med;Drinking Chocolate;Hot chocolate;Dark chocolate Lg;Lower Manhattan
6.50;2;2;202302;Feb;Fri;Afternoon;Low;Bakery;Biscotti;Hazelnut Biscotti;Lower Manhattan
9.00;3;2;202302;Feb;Fri;Afternoon;Low;Coffee;Drip coffee;Our Old Time Diner Blend Lg;Lower Manhattan
3.25;1;1;202302;Feb;Fri;Afternoon;Low;Bakery;Scone;Cranberry Scone;Lower Manhattan
3.25;1;1;202302;Feb;Fri;Afternoon;Low;Bakery;Scone;Cranberry Scone;Hell's Kitchen
8.95;1;1;202302;Feb;Fri;Afternoon;Low;Loose Tea;Black tea;Earl Grey;Hell's Kitchen
3.00;1;1;202302;Feb;Fri;Afternoon;Low;Tea;Brewed herbal tea;Peppermint Lg;Lower Manhattan
45.00;1;1;202302;Feb;Fri;Afternoon;High;Coffee beans;Premium Beans;Civet Cat;Lower Manhattan
4.00;5;4;202302;Feb;Fri;Afternoon;Low;Flavours;Regular syrup;Carmel syrup;Lower Manhattan
8.95;1;1;202302;Feb;Fri;Evening;Low;Loose Tea;Chai tea;Traditional Blend Chai;Lower Manhattan
2.40;3;2;202302;Feb;Fri;Evening;Low;Flavours;Regular syrup;Carmel syrup;Astoria
12.00;6;4;202302;Feb;Fri;Evening;Low;Coffee;Gourmet brewed coffee;Columbian Medium Roast Sm;Hell's Kitchen
16.00;4;4;202302;Feb;Fri;Evening;Low;Tea;Brewed Chai tea;Morning Sunrise Chai Lg;Lower Manhattan
21.00;6;4;202302;Feb;Fri;Evening;Med;Coffee;Gourmet brewed coffee;Ethiopia Lg;Hell's Kitchen
1.60;2;1;202302;Feb;Fri;Evening;Low;Flavours;Regular syrup;Chocolate syrup;Astoria
3.20;4;2;202302;Feb;Fri;Evening;Low;Flavours;Sugar free syrup;Sugar Free Vanilla syrup;Hell's Kitchen
18.00;6;4;202302;Feb;Fri;Evening;Low;Tea;Brewed Chai tea;Traditional Blend Chai Lg;Hell's Kitchen
10.00;4;2;202302;Feb;Fri;Evening;Low;Coffee;Drip coffee;Our Old Time Diner Blend Rg;Lower Manhattan
18.00;1;1;202302;Feb;Fri;Evening;Low;Coffee beans;House blend Beans;Our Old Time Diner Blend;Hell's Kitchen
12.50;5;2;202302;Feb;Fri;Evening;Low;Tea;Brewed herbal tea;Peppermint Rg;Lower Manhattan
6.50;2;2;202302;Feb;Fri;Evening;Low;Bakery;Biscotti;Hazelnut Biscotti;Lower Manhattan
7.00;2;1;202302;Feb;Fri;Evening;Low;Coffee;Gourmet brewed coffee;Ethiopia Lg;Lower Manhattan
6.40;1;1;202302;Feb;Fri;Evening;Low;Packaged Chocolate;Drinking Chocolate;Dark chocolate;Hell's Kitchen
6.50;2;2;202302;Feb;Fri;Evening;Low;Bakery;Scone;Cranberry Scone;Hell's Kitchen
18.00;6;4;202302;Feb;Fri;Evening;Low;Coffee;Gourmet brewed coffee;Columbian Medium Roast Lg;Hell's Kitchen
6.00;2;2;202302;Feb;Fri;Evening;Low;Coffee;Organic brewed coffee;Brazilian Rg;Lower Manhattan
7.50;2;2;202302;Feb;Fri;Evening;Low;Bakery;Pastry;Chocolate Croissant;Hell's Kitchen
3.20;4;2;202302;Feb;Fri;Evening;Low;Flavours;Sugar free syrup;Sugar Free Vanilla syrup;Astoria
15.00;5;3;202302;Feb;Sat;Night;Low;Tea;Brewed herbal tea;Lemon Grass Lg;Lower Manhattan
10.00;4;2;202302;Feb;Sat;Night;Low;Tea;Brewed Chai tea;Morning Sunrise Chai Rg;Lower Manhattan
8.00;4;3;202302;Feb;Sat;Night;Low;Coffee;Gourmet brewed coffee;Columbian Medium Roast Sm;Lower Manhattan
4.40;2;2;202302;Feb;Sat;Night;Low;Coffee;Organic brewed coffee;Brazilian Sm;Lower Manhattan
18.00;6;3;202302;Feb;Sat;Night;Low;Tea;Brewed Green tea;Serenity Green Tea Lg;Lower Manhattan
7.50;2;1;202302;Feb;Sat;Night;Low;Coffee;Barista Espresso;Latte;Lower Manhattan
3.20;4;2;202302;Feb;Sat;Night;Low;Flavours;Sugar free syrup;Sugar Free Vanilla syrup;Lower Manhattan
3.00;1;1;202302;Feb;Sat;Night;Low;Tea;Brewed Chai tea;Traditional Blend Chai Lg;Lower Manhattan
15.00;6;3;202302;Feb;Sat;Night;Low;Tea;Brewed Green tea;Serenity Green Tea Rg;Lower Manhattan
6.00;2;2;202302;Feb;Sat;Night;Low;Tea;Brewed herbal tea;Peppermint Lg;Lower Manhattan
15.00;5;3;202302;Feb;Sat;Night;Low;Coffee;Gourmet brewed coffee;Columbian Medium Roast Lg;Lower Manhattan
9.00;3;2;202302;Feb;Sat;Night;Low;Tea;Brewed Chai tea;Traditional Blend Chai Lg;Hell's Kitchen
2.50;1;1;202302;Feb;Sat;Night;Low;Coffee;Drip coffee;Our Old Time Diner Blend Rg;Lower Manhattan
19.00;4;2;202302;Feb;Sat;Night;Low;Drinking Chocolate;Hot chocolate;Sustainably Grown Organic Lg;Lower Manhattan
6.50;2;2;202302;Feb;Sat;Night;Low;Bakery;Scone;Cranberry Scone;Lower Manhattan
21.00;6;3;202302;Feb;Sat;Night;Med;Coffee;Organic brewed coffee;Brazilian Lg;Hell's Kitchen
6.20;2;1;202302;Feb;Sat;Night;Low;Coffee;Premium brewed coffee;Jamaican Coffee River Rg;Lower Manhattan
2.20;1;1;202302;Feb;Sat;Night;Low;Coffee;Gourmet brewed coffee;Ethiopia Sm;Hell's Kitchen
3.25;1;1;202302;Feb;Sat;Night;Low;Bakery;Biscotti;Hazelnut Biscotti;Hell's Kitchen
5.00;2;1;202302;Feb;Sat;Night;Low;Tea;Brewed herbal tea;Lemon Grass Rg;Lower Manhattan
9.50;2;2;202302;Feb;Sat;Night;Low;Drinking Chocolate;Hot chocolate;Sustainably Grown Organic Lg;Hell's Kitchen
2.50;1;1;202302;Feb;Sat;Night;Low;Tea;Brewed Green tea;Serenity Green Tea Rg;Hell's Kitchen
7.50;3;2;202302;Feb;Sat;Night;Low;Tea;Brewed Black tea;English Breakfast Rg;Hell's Kitchen
5.00;2;1;202302;Feb;Sat;Night;Low;Coffee;Gourmet brewed coffee;Columbian Medium Roast Rg;Hell's Kitchen
4.50;1;1;202302;Feb;Sat;Night;Low;Bakery;Scone;Scottish Cream Scone ;Hell's Kitchen
21.25;5;3;202302;Feb;Sat;Night;Med;Coffee;Barista Espresso;Cappuccino Lg;Hell's Kitchen
3.50;1;1;202302;Feb;Sat;Night;Low;Bakery;Biscotti;Ginger Biscotti;Hell's Kitchen
3.10;1;1;202302;Feb;Sat;Night;Low;Coffee;Premium brewed coffee;Jamaican Coffee River Rg;Hell's Kitchen
5.00;2;1;202302;Feb;Sat;Night;Low;Tea;Brewed herbal tea;Peppermint Rg;Lower Manhattan
6.00;2;1;202302;Feb;Sat;Night;Low;Coffee;Gourmet brewed coffee;Ethiopia Rg;Lower Manhattan
4.00;2;1;202302;Feb;Sat;Night;Low;Coffee;Drip coffee;Our Old Time Diner Blend Sm;Lower Manhattan
9.75;3;3;202302;Feb;Sat;Night;Low;Bakery;Scone;Cranberry Scone;Hell's Kitchen
7.50;2;1;202302;Feb;Sat;Night;Low;Coffee;Barista Espresso;Cappuccino;Hell's Kitchen
24.00;8;5;202302;Feb;Sat;Morning;Med;Coffee;Drip coffee;Our Old Time Diner Blend Lg;Astoria
18.00;6;5;202302;Feb;Sat;Morning;Low;Coffee;Gourmet brewed coffee;Columbian Medium Roast Lg;Astoria
4.00;5;4;202302;Feb;Sat;Morning;Low;Flavours;Regular syrup;Hazelnut syrup;Hell's Kitchen
3.50;1;1;202302;Feb;Sat;Morning;Low;Bakery;Biscotti;Ginger Biscotti;Lower Manhattan
33.00;11;8;202302;Feb;Sat;Morning;Med;Tea;Brewed Green tea;Serenity Green Tea Lg;Astoria
3.20;4;3;202302;Feb;Sat;Morning;Low;Flavours;Sugar free syrup;Sugar Free Vanilla syrup;Hell's Kitchen
13.20;6;5;202302;Feb;Sat;Morning;Low;Coffee;Organic brewed coffee;Brazilian Sm;Astoria
27.00;9;9;202302;Feb;Sat;Morning;Med;Bakery;Scone;Oatmeal Scone;Hell's Kitchen
28.00;1;1;202302;Feb;Sat;Morning;Med;Branded;Clothing;I Need My Bean! T-shirt;Hell's Kitchen
63.75;17;9;202302;Feb;Sat;Morning;very high;Coffee;Barista Espresso;Latte;Astoria
32.50;13;8;202302;Feb;Sat;Morning;Med;Tea;Brewed Black tea;Earl Grey Rg;Astoria
22.75;7;7;202302;Feb;Sat;Morning;Med;Bakery;Scone;Cranberry Scone;Hell's Kitchen
22.50;6;6;202302;Feb;Sat;Morning;Med;Bakery;Pastry;Chocolate Croissant;Hell's Kitchen
13.60;17;11;202302;Feb;Sat;Morning;Low;Flavours;Sugar free syrup;Sugar Free Vanilla syrup;Lower Manhattan
7.00;2;2;202302;Feb;Sat;Morning;Low;Bakery;Pastry;Croissant;Astoria
27.00;9;6;202302;Feb;Sat;Morning;Med;Tea;Brewed herbal tea;Lemon Grass Lg;Hell's Kitchen
61.35;3;3;202302;Feb;Sat;Morning;very high;Coffee beans;Espresso Beans;Primo Espresso Roast;Lower Manhattan
18.75;5;3;202302;Feb;Sat;Morning;Low;Drinking Chocolate;Hot chocolate;Sustainably Grown Organic Rg;Lower Manhattan
22.00;10;6;202302;Feb;Sat;Morning;Med;Coffee;Organic brewed coffee;Brazilian Sm;Lower Manhattan
33.25;7;5;202302;Feb;Sat;Morning;Med;Drinking Chocolate;Hot chocolate;Sustainably Grown Organic Lg;Astoria
28.05;11;7;202302;Feb;Sat;Morning;Med;Tea;Brewed Chai tea;Spicy Eye Opener Chai Rg;Astoria
47.50;10;8;202302;Feb;Sat;Morning;High;Drinking Chocolate;Hot chocolate;Sustainably Grown Organic Lg;Lower Manhattan
12.50;5;4;202302;Feb;Sat;Morning;Low;Tea;Brewed Chai tea;Traditional Blend Chai Rg;Astoria
7.20;9;6;202302;Feb;Sat;Morning;Low;Flavours;Regular syrup;Chocolate syrup;Astoria
8.80;11;6;202302;Feb;Sat;Morning;Low;Flavours;Regular syrup;Chocolate syrup;Lower Manhattan
7.20;9;7;202302;Feb;Sat;Morning;Low;Flavours;Regular syrup;Hazelnut syrup;Lower Manhattan
11.20;14;9;202302;Feb;Sat;Morning;Low;Flavours;Regular syrup;Carmel syrup;Hell's Kitchen
20.00;10;6;202302;Feb;Sat;Morning;Low;Coffee;Gourmet brewed coffee;Columbian Medium Roast Sm;Astoria
28.00;2;2;202302;Feb;Sat;Morning;Med;Branded;Housewares;I Need My Bean! Latte cup;Astoria
26.25;7;5;202302;Feb;Sat;Morning;Med;Coffee;Premium brewed coffee;Jamaican Coffee River Lg;Hell's Kitchen
51.00;17;10;202302;Feb;Sat;Morning;High;Tea;Brewed Chai tea;Traditional Blend Chai Lg;Astoria
18.00;6;4;202302;Feb;Sat;Morning;Low;Coffee;Gourmet brewed coffee;Columbian Medium Roast Lg;Hell's Kitchen
54.00;18;12;202302;Feb;Sat;Morning;High;Coffee;Gourmet brewed coffee;Ethiopia Rg;Astoria
31.00;10;7;202302;Feb;Sat;Morning;Med;Tea;Brewed Chai tea;Spicy Eye Opener Chai Lg;Hell's Kitchen
11.20;14;10;202302;Feb;Sat;Morning;Low;Flavours;Regular syrup;Chocolate syrup;Hell's Kitchen
10.95;1;1;202302;Feb;Sat;Morning;Low;Loose Tea;Chai tea;Spicy Eye Opener Chai;Lower Manhattan
14.00;7;5;202302;Feb;Sat;Morning;Low;Coffee;Drip coffee;Our Old Time Diner Blend Sm;Astoria
15.00;5;5;202302;Feb;Sat;Morning;Low;Bakery;Scone;Oatmeal Scone;Astoria
20.00;8;6;202302;Feb;Sat;Morning;Low;Tea;Brewed Chai tea;Morning Sunrise Chai Rg;Hell's Kitchen
9.00;3;3;202302;Feb;Sat;Morning;Low;Tea;Brewed Black tea;Earl Grey Lg;Hell's Kitchen
24.00;8;6;202302;Feb;Sat;Morning;Med;Tea;Brewed herbal tea;Lemon Grass Lg;Astoria
18.75;5;5;202302;Feb;Sat;Morning;Low;Bakery;Pastry;Almond Croissant;Astoria
9.00;3;3;202302;Feb;Sat;Morning;Low;Bakery;Scone;Oatmeal Scone;Lower Manhattan
8.95;1;1;202302;Feb;Sat;Morning;Low;Loose Tea;Black tea;Earl Grey;Lower Manhattan
22.50;9;7;202302;Feb;Sat;Morning;Med;Tea;Brewed Chai tea;Traditional Blend Chai Rg;Lower Manhattan
7.20;9;6;202302;Feb;Sat;Morning;Low;Flavours;Regular syrup;Hazelnut syrup;Astoria
15.00;5;4;202302;Feb;Sat;Morning;Low;Tea;Brewed herbal tea;Peppermint Lg;Hell's Kitchen
20.00;8;4;202302;Feb;Sat;Morning;Low;Coffee;Gourmet brewed coffee;Columbian Medium Roast Rg;Lower Manhattan
33.00;11;7;202302;Feb;Sat;Morning;Med;Tea;Brewed herbal tea;Peppermint Lg;Astoria
22.50;9;5;202302;Feb;Sat;Morning;Med;Tea;Brewed herbal tea;Lemon Grass Rg;Astoria
18.75;5;3;202302;Feb;Sat;Morning;Low;Coffee;Premium brewed coffee;Jamaican Coffee River Lg;Astoria
54.00;3;3;202302;Feb;Sat;Morning;High;Coffee beans;House blend Beans;Our Old Time Diner Blend;Lower Manhattan
7.60;1;1;202302;Feb;Sat;Morning;Low;Packaged Chocolate;Organic Chocolate;Sustainably Grown Organic;Hell's Kitchen
40.90;2;2;202302;Feb;Sat;Morning;very high;Coffee beans;Espresso Beans;Primo Espresso Roast;Hell's Kitchen
9.50;1;1;202302;Feb;Sat;Morning;Low;Loose Tea;Chai tea;Morning Sunrise Chai;Astoria
36.00;8;5;202302;Feb;Sat;Morning;Med;Drinking Chocolate;Hot chocolate;Dark chocolate Lg;Hell's Kitchen
7.20;9;5;202302;Feb;Sat;Morning;Low;Flavours;Sugar free syrup;Sugar Free Vanilla syrup;Astoria
7.50;2;2;202302;Feb;Sat;Morning;Low;Bakery;Scone;Jumbo Savory Scone;Lower Manhattan
18.00;1;1;202302;Feb;Sat;Morning;Low;Coffee beans;Organic Beans;Brazilian - Organic;Hell's Kitchen
40.50;9;5;202302;Feb;Sat;Morning;very high;Drinking Chocolate;Hot chocolate;Dark chocolate Lg;Lower Manhattan
19.50;6;6;202302;Feb;Sat;Morning;Low;Bakery;Scone;Cranberry Scone;Astoria
13.33;1;1;202302;Feb;Sat;Morning;Low;Packaged Chocolate;Drinking Chocolate;Chili Mayan;Hell's Kitchen
34.30;14;8;202302;Feb;Sat;Morning;Med;Coffee;Premium brewed coffee;Jamaican Coffee River Sm;Astoria
7.50;3;2;202302;Feb;Sat;Afternoon;Low;Coffee;Gourmet brewed coffee;Columbian Medium Roast Rg;Lower Manhattan
6.50;2;2;202302;Feb;Sat;Afternoon;Low;Bakery;Scone;Cranberry Scone;Lower Manhattan
41.25;11;8;202302;Feb;Sat;Afternoon;High;Coffee;Barista Espresso;Latte;Lower Manhattan
6.40;8;4;202302;Feb;Sat;Afternoon;Low;Flavours;Sugar free syrup;Sugar Free Vanilla syrup;Lower Manhattan
9.75;3;3;202302;Feb;Sat;Afternoon;Low;Bakery;Biscotti;Hazelnut Biscotti;Lower Manhattan
14.00;4;3;202302;Feb;Sat;Afternoon;Low;Drinking Chocolate;Hot chocolate;Dark chocolate Rg;Hell's Kitchen
12.00;4;3;202302;Feb;Sat;Afternoon;Low;Tea;Brewed Green tea;Serenity Green Tea Lg;Lower Manhattan
17.50;5;3;202302;Feb;Sat;Afternoon;Low;Coffee;Organic brewed coffee;Brazilian Lg;Astoria
23.75;5;4;202302;Feb;Sat;Afternoon;Med;Drinking Chocolate;Hot chocolate;Sustainably Grown Organic Lg;Astoria
4.00;5;4;202302;Feb;Sat;Afternoon;Low;Flavours;Regular syrup;Chocolate syrup;Hell's Kitchen
9.00;3;3;202302;Feb;Sat;Afternoon;Low;Bakery;Scone;Oatmeal Scone;Hell's Kitchen
9.30;3;2;202302;Feb;Sat;Afternoon;Low;Tea;Brewed Chai tea;Spicy Eye Opener Chai Lg;Astoria
7.00;2;2;202302;Feb;Sat;Afternoon;Low;Bakery;Biscotti;Ginger Biscotti;Astoria
12.50;5;3;202302;Feb;Sat;Afternoon;Low;Tea;Brewed herbal tea;Lemon Grass Rg;Hell's Kitchen
7.60;1;1;202302;Feb;Sat;Afternoon;Low;Packaged Chocolate;Organic Chocolate;Sustainably Grown Organic;Hell's Kitchen
6.00;2;2;202302;Feb;Sat;Afternoon;Low;Coffee;Organic brewed coffee;Brazilian Rg;Lower Manhattan
3.50;1;1;202302;Feb;Sat;Afternoon;Low;Bakery;Pastry;Croissant;Lower Manhattan
6.20;2;1;202302;Feb;Sat;Afternoon;Low;Coffee;Premium brewed coffee;Jamaican Coffee River Rg;Lower Manhattan
13.33;1;1;202302;Feb;Sat;Afternoon;Low;Packaged Chocolate;Drinking Chocolate;Chili Mayan;Lower Manhattan
1.60;2;1;202302;Feb;Sat;Afternoon;Low;Flavours;Sugar free syrup;Sugar Free Vanilla syrup;Hell's Kitchen
18.00;1;1;202302;Feb;Sat;Afternoon;Low;Coffee beans;Organic Beans;Brazilian - Organic;Hell's Kitchen
3.50;1;1;202302;Feb;Sat;Afternoon;Low;Bakery;Pastry;Croissant;Hell's Kitchen
1.60;2;1;202302;Feb;Sat;Afternoon;Low;Flavours;Sugar free syrup;Sugar Free Vanilla syrup;Astoria
12.40;4;3;202302;Feb;Sat;Afternoon;Low;Coffee;Premium brewed coffee;Jamaican Coffee River Rg;Astoria
4.00;5;3;202302;Feb;Sat;Afternoon;Low;Flavours;Regular syrup;Carmel syrup;Lower Manhattan
9.00;3;2;202302;Feb;Sat;Afternoon;Low;Tea;Brewed herbal tea;Lemon Grass Lg;Hell's Kitchen
8.80;4;2;202302;Feb;Sat;Afternoon;Low;Coffee;Gourmet brewed coffee;Ethiopia Sm;Lower Manhattan
2.50;1;1;202302;Feb;Sat;Afternoon;Low;Tea;Brewed herbal tea;Lemon Grass Rg;Astoria
5.00;2;1;202302;Feb;Sat;Evening;Low;Tea;Brewed Black tea;English Breakfast Rg;Lower Manhattan
5.00;2;1;202302;Feb;Sat;Evening;Low;Tea;Brewed Chai tea;Morning Sunrise Chai Rg;Lower Manhattan
9.00;3;2;202302;Feb;Sat;Evening;Low;Tea;Brewed Black tea;English Breakfast Lg;Hell's Kitchen
3.50;1;1;202302;Feb;Sat;Evening;Low;Bakery;Pastry;Croissant;Hell's Kitchen
12.00;4;2;202302;Feb;Sat;Evening;Low;Coffee;Gourmet brewed coffee;Columbian Medium Roast Lg;Hell's Kitchen
3.00;1;1;202302;Feb;Sat;Evening;Low;Coffee;Drip coffee;Our Old Time Diner Blend Lg;Lower Manhattan
12.00;4;3;202302;Feb;Sat;Evening;Low;Tea;Brewed Chai tea;Traditional Blend Chai Lg;Lower Manhattan
25.50;6;4;202302;Feb;Sat;Evening;Med;Coffee;Barista Espresso;Latte Rg;Astoria
1.60;2;1;202302;Feb;Sat;Evening;Low;Flavours;Regular syrup;Hazelnut syrup;Astoria
28.50;6;3;202302;Feb;Sat;Evening;Med;Drinking Chocolate;Hot chocolate;Sustainably Grown Organic Lg;Astoria
4.50;1;1;202302;Feb;Sat;Evening;Low;Bakery;Scone;Scottish Cream Scone ;Astoria
17.50;5;5;202302;Feb;Sat;Evening;Low;Bakery;Biscotti;Ginger Biscotti;Hell's Kitchen
21.00;7;4;202302;Feb;Sat;Evening;Med;Tea;Brewed herbal tea;Peppermint Lg;Astoria
4.00;5;3;202302;Feb;Sat;Evening;Low;Flavours;Regular syrup;Carmel syrup;Astoria
15.00;5;4;202302;Feb;Sat;Evening;Low;Tea;Brewed Black tea;Earl Grey Lg;Astoria
2.40;3;2;202302;Feb;Sat;Evening;Low;Flavours;Regular syrup;Chocolate syrup;Lower Manhattan
12.50;5;3;202302;Feb;Sat;Evening;Low;Tea;Brewed Black tea;Earl Grey Rg;Lower Manhattan
2.20;1;1;202302;Feb;Sat;Evening;Low;Coffee;Organic brewed coffee;Brazilian Sm;Lower Manhattan
14.00;1;1;202302;Feb;Sat;Evening;Low;Branded;Housewares;I Need My Bean! Latte cup;Astoria
13.33;1;1;202302;Feb;Sat;Evening;Low;Packaged Chocolate;Drinking Chocolate;Chili Mayan;Hell's Kitchen
1.60;2;1;202302;Feb;Sat;Evening;Low;Flavours;Regular syrup;Hazelnut syrup;Hell's Kitchen
15.00;4;4;202302;Feb;Sat;Evening;Low;Bakery;Pastry;Chocolate Croissant;Hell's Kitchen
8.50;2;1;202302;Feb;Sat;Evening;Low;Coffee;Barista Espresso;Cappuccino Lg;Hell's Kitchen
0.80;1;1;202302;Feb;Sat;Evening;Low;Flavours;Regular syrup;Carmel syrup;Hell's Kitchen
0.80;1;1;202302;Feb;Sat;Evening;Low;Flavours;Sugar free syrup;Sugar Free Vanilla syrup;Astoria
18.00;1;1;202302;Feb;Sat;Evening;Low;Coffee beans;Organic Beans;Brazilian - Organic;Hell's Kitchen
8.95;1;1;202302;Feb;Sat;Evening;Low;Loose Tea;Herbal tea;Lemon Grass;Astoria
9.00;3;2;202302;Feb;Sat;Evening;Low;Coffee;Gourmet brewed coffee;Ethiopia Rg;Hell's Kitchen
3.10;1;1;202302;Feb;Sun;Night;Low;Tea;Brewed Chai tea;Spicy Eye Opener Chai Lg;Lower Manhattan
15.00;4;3;202302;Feb;Sun;Night;Low;Coffee;Barista Espresso;Latte;Lower Manhattan
4.80;6;3;202302;Feb;Sun;Night;Low;Flavours;Regular syrup;Hazelnut syrup;Lower Manhattan
3.50;1;1;202302;Feb;Sun;Night;Low;Coffee;Organic brewed coffee;Brazilian Lg;Lower Manhattan
15.00;6;5;202302;Feb;Sun;Night;Low;Coffee;Gourmet brewed coffee;Columbian Medium Roast Rg;Lower Manhattan
11.25;3;2;202302;Feb;Sun;Night;Low;Coffee;Barista Espresso;Cappuccino;Lower Manhattan
8.80;11;5;202302;Feb;Sun;Night;Low;Flavours;Sugar free syrup;Sugar Free Vanilla syrup;Lower Manhattan
7.50;2;2;202302;Feb;Sun;Night;Low;Bakery;Pastry;Almond Croissant;Lower Manhattan
30.00;8;5;202302;Feb;Sun;Night;Med;Coffee;Premium brewed coffee;Jamaican Coffee River Lg;Lower Manhattan
3.00;1;1;202302;Feb;Sun;Night;Low;Coffee;Drip coffee;Our Old Time Diner Blend Lg;Lower Manhattan
3.00;1;1;202302;Feb;Sun;Night;Low;Bakery;Scone;Oatmeal Scone;Lower Manhattan
5.00;2;2;202302;Feb;Sun;Night;Low;Tea;Brewed Chai tea;Morning Sunrise Chai Rg;Hell's Kitchen
5.00;2;1;202302;Feb;Sun;Night;Low;Tea;Brewed Black tea;English Breakfast Rg;Lower Manhattan
3.00;1;1;202302;Feb;Sun;Night;Low;Tea;Brewed herbal tea;Peppermint Lg;Hell's Kitchen
4.40;2;1;202302;Feb;Sun;Night;Low;Coffee;Gourmet brewed coffee;Ethiopia Sm;Hell's Kitchen
4.50;1;1;202302;Feb;Sun;Night;Low;Bakery;Scone;Scottish Cream Scone ;Hell's Kitchen
9.00;3;2;202302;Feb;Sun;Night;Low;Coffee;Organic brewed coffee;Brazilian Rg;Hell's Kitchen
12.00;4;2;202302;Feb;Sun;Night;Low;Tea;Brewed Black tea;Earl Grey Lg;Hell's Kitchen
3.25;1;1;202302;Feb;Sun;Night;Low;Bakery;Biscotti;Hazelnut Biscotti;Hell's Kitchen
12.75;3;2;202302;Feb;Sun;Night;Low;Coffee;Barista Espresso;Latte Rg;Lower Manhattan
6.20;2;1;202302;Feb;Sun;Night;Low;Tea;Brewed Chai tea;Spicy Eye Opener Chai Lg;Hell's Kitchen
3.00;1;1;202302;Feb;Sun;Night;Low;Tea;Brewed Chai tea;Traditional Blend Chai Lg;Hell's Kitchen
2.50;1;1;202302;Feb;Sun;Night;Low;Tea;Brewed herbal tea;Lemon Grass Rg;Lower Manhattan
3.25;1;1;202302;Feb;Sun;Night;Low;Bakery;Scone;Ginger Scone;Lower Manhattan
3.00;1;1;202302;Feb;Sun;Night;Low;Coffee;Barista Espresso;Espresso shot;Lower Manhattan
9.00;2;2;202302;Feb;Sun;Night;Low;Bakery;Scone;Scottish Cream Scone ;Lower Manhattan
12.75;3;2;202302;Feb;Sun;Night;Low;Coffee;Barista Espresso;Latte Rg;Hell's Kitchen
1.60;2;1;202302;Feb;Sun;Night;Low;Flavours;Regular syrup;Carmel syrup;Hell's Kitchen
6.40;1;1;202302;Feb;Sun;Night;Low;Packaged Chocolate;Drinking Chocolate;Dark chocolate;Lower Manhattan
5.00;2;1;202302;Feb;Sun;Night;Low;Coffee;Drip coffee;Our Old Time Diner Blend Rg;Hell's Kitchen
18.75;5;5;202302;Feb;Sun;Morning;Low;Bakery;Pastry;Almond Croissant;Hell's Kitchen
52.25;11;6;202302;Feb;Sun;Morning;High;Drinking Chocolate;Hot chocolate;Sustainably Grown Organic Lg;Lower Manhattan
12.00;15;9;202302;Feb;Sun;Morning;Low;Flavours;Regular syrup;Hazelnut syrup;Lower Manhattan
33.75;9;5;202302;Feb;Sun;Morning;Med;Coffee;Barista Espresso;Latte;Hell's Kitchen
8.80;11;6;202302;Feb;Sun;Morning;Low;Flavours;Regular syrup;Carmel syrup;Hell's Kitchen
45.00;10;5;202302;Feb;Sun;Morning;High;Drinking Chocolate;Hot chocolate;Dark chocolate Lg;Astoria
8.95;1;1;202302;Feb;Sun;Morning;Low;Loose Tea;Herbal tea;Lemon Grass;Astoria
52.25;11;9;202302;Feb;Sun;Morning;High;Drinking Chocolate;Hot chocolate;Sustainably Grown Organic Lg;Hell's Kitchen
15.20;19;9;202302;Feb;Sun;Morning;Low;Flavours;Sugar free syrup;Sugar Free Vanilla syrup;Lower Manhattan
32.50;13;9;202302;Feb;Sun;Morning;Med;Tea;Brewed herbal tea;Lemon Grass Rg;Hell's Kitchen
17.50;7;5;202302;Feb;Sun;Morning;Low;Coffee;Drip coffee;Our Old Time Diner Blend Rg;Astoria
39.00;13;8;202302;Feb;Sun;Morning;Med;Coffee;Gourmet brewed coffee;Ethiopia Rg;Hell's Kitchen
42.00;14;9;202302;Feb;Sun;Morning;High;Coffee;Drip coffee;Our Old Time Diner Blend Lg;Astoria
22.50;9;6;202302;Feb;Sun;Morning;Med;Tea;Brewed herbal tea;Lemon Grass Rg;Lower Manhattan
18.00;6;4;202302;Feb;Sun;Morning;Low;Coffee;Gourmet brewed coffee;Columbian Medium Roast Lg;Astoria
12.80;16;11;202302;Feb;Sun;Morning;Low;Flavours;Regular syrup;Chocolate syrup;Astoria
17.50;7;5;202302;Feb;Sun;Morning;Low;Tea;Brewed Chai tea;Morning Sunrise Chai Rg;Hell's Kitchen
21.00;7;5;202302;Feb;Sun;Morning;Med;Coffee;Barista Espresso;Espresso shot;Astoria
24.50;7;7;202302;Feb;Sun;Morning;Med;Bakery;Pastry;Croissant;Astoria
46.75;11;8;202302;Feb;Sun;Morning;High;Coffee;Barista Espresso;Latte Rg;Hell's Kitchen
5.60;7;5;202302;Feb;Sun;Morning;Low;Flavours;Regular syrup;Hazelnut syrup;Hell's Kitchen
29.50;2;2;202302;Feb;Sun;Morning;Med;Coffee beans;Espresso Beans;Espresso Roast;Astoria
45.00;15;10;202302;Feb;Sun;Morning;High;Tea;Brewed Black tea;Earl Grey Lg;Hell's Kitchen
15.20;2;2;202302;Feb;Sun;Morning;Low;Packaged Chocolate;Organic Chocolate;Sustainably Grown Organic;Astoria
68.00;16;9;202302;Feb;Sun;Morning;very high;Coffee;Barista Espresso;Latte Rg;Astoria
42.50;10;8;202302;Feb;Sun;Morning;High;Coffee;Barista Espresso;Cappuccino Lg;Lower Manhattan
27.00;9;6;202302;Feb;Sun;Morning;Med;Coffee;Gourmet brewed coffee;Ethiopia Rg;Lower Manhattan
8.95;1;1;202302;Feb;Sun;Morning;Low;Loose Tea;Black tea;Earl Grey;Astoria
32.00;8;5;202302;Feb;Sun;Morning;Med;Tea;Brewed Chai tea;Morning Sunrise Chai Lg;Astoria
18.75;5;5;202302;Feb;Sun;Morning;Low;Bakery;Scone;Jumbo Savory Scone;Astoria
9.00;3;3;202302;Feb;Sun;Morning;Low;Coffee;Gourmet brewed coffee;Columbian Medium Roast Lg;Hell's Kitchen
225.00;5;5;202302;Feb;Sun;Morning;very high;Coffee beans;Premium Beans;Civet Cat;Hell's Kitchen
18.60;6;5;202302;Feb;Sun;Morning;Low;Tea;Brewed Chai tea;Spicy Eye Opener Chai Lg;Hell's Kitchen
32.00;16;10;202302;Feb;Sun;Morning;Med;Coffee;Gourmet brewed coffee;Columbian Medium Roast Sm;Astoria
28.00;8;8;202302;Feb;Sun;Morning;Med;Bakery;Biscotti;Chocolate Chip Biscotti;Hell's Kitchen
8.95;1;1;202302;Feb;Sun;Morning;Low;Loose Tea;Chai tea;Traditional Blend Chai;Astoria
38.25;9;6;202302;Feb;Sun;Morning;Med;Coffee;Barista Espresso;Cappuccino Lg;Hell's Kitchen
15.00;5;5;202302;Feb;Sun;Morning;Low;Bakery;Scone;Oatmeal Scone;Astoria
38.70;15;12;202302;Feb;Sun;Morning;Med;Coffee;Barista Espresso;Ouro Brasileiro shot;Hell's Kitchen
39.00;12;11;202302;Feb;Sun;Morning;Med;Bakery;Scone;Ginger Scone;Hell's Kitchen
37.50;15;8;202302;Feb;Sun;Morning;Med;Tea;Brewed herbal tea;Peppermint Rg;Astoria
35.00;10;8;202302;Feb;Sun;Morning;Med;Coffee;Gourmet brewed coffee;Ethiopia Lg;Hell's Kitchen
21.90;2;2;202302;Feb;Sun;Morning;Med;Loose Tea;Chai tea;Spicy Eye Opener Chai;Hell's Kitchen
13.20;6;5;202302;Feb;Sun;Morning;Low;Coffee;Organic brewed coffee;Brazilian Sm;Astoria
15.00;1;1;202302;Feb;Sun;Morning;Low;Coffee beans;Gourmet Beans;Columbian Medium Roast;Hell's Kitchen
51.00;17;10;202302;Feb;Sun;Morning;High;Coffee;Organic brewed coffee;Brazilian Rg;Astoria
15.20;2;2;202302;Feb;Sun;Morning;Low;Packaged Chocolate;Organic Chocolate;Sustainably Grown Organic;Lower Manhattan
39.00;13;8;202302;Feb;Sun;Morning;Med;Tea;Brewed Green tea;Serenity Green Tea Lg;Astoria
22.50;9;6;202302;Feb;Sun;Morning;Med;Tea;Brewed herbal tea;Lemon Grass Rg;Astoria
18.75;5;5;202302;Feb;Sun;Morning;Low;Drinking Chocolate;Hot chocolate;Sustainably Grown Organic Rg;Lower Manhattan
10.95;1;1;202302;Feb;Sun;Morning;Low;Loose Tea;Chai tea;Spicy Eye Opener Chai;Lower Manhattan
20.00;8;5;202302;Feb;Sun;Morning;Low;Tea;Brewed Chai tea;Morning Sunrise Chai Rg;Astoria
27.00;6;6;202302;Feb;Sun;Morning;Med;Bakery;Scone;Scottish Cream Scone ;Hell's Kitchen
8.95;1;1;202302;Feb;Sun;Morning;Low;Loose Tea;Herbal tea;Lemon Grass;Hell's Kitchen
10.00;5;4;202302;Feb;Sun;Morning;Low;Coffee;Gourmet brewed coffee;Columbian Medium Roast Sm;Lower Manhattan
9.60;12;8;202302;Feb;Sun;Morning;Low;Flavours;Regular syrup;Carmel syrup;Lower Manhattan
26.25;7;4;202302;Feb;Sun;Morning;Med;Coffee;Barista Espresso;Latte;Lower Manhattan
8.00;10;6;202302;Feb;Sun;Morning;Low;Flavours;Regular syrup;Chocolate syrup;Lower Manhattan
2.40;3;2;202302;Feb;Sun;Morning;Low;Flavours;Sugar free syrup;Sugar Free Vanilla syrup;Hell's Kitchen
9.50;1;1;202302;Feb;Sun;Morning;Low;Loose Tea;Chai tea;Morning Sunrise Chai;Astoria
39.00;13;8;202302;Feb;Sun;Morning;Med;Coffee;Organic brewed coffee;Brazilian Rg;Hell's Kitchen
28.00;8;4;202302;Feb;Sun;Afternoon;Med;Coffee;Gourmet brewed coffee;Ethiopia Lg;Lower Manhattan
0.80;1;1;202302;Feb;Sun;Afternoon;Low;Flavours;Regular syrup;Carmel syrup;Hell's Kitchen
4.50;1;1;202302;Feb;Sun;Afternoon;Low;Bakery;Scone;Scottish Cream Scone ;Hell's Kitchen
8.80;4;2;202302;Feb;Sun;Afternoon;Low;Coffee;Gourmet brewed coffee;Ethiopia Sm;Lower Manhattan
4.80;6;4;202302;Feb;Sun;Afternoon;Low;Flavours;Regular syrup;Carmel syrup;Lower Manhattan
2.40;3;2;202302;Feb;Sun;Afternoon;Low;Flavours;Regular syrup;Chocolate syrup;Hell's Kitchen
22.50;5;4;202302;Feb;Sun;Afternoon;Med;Drinking Chocolate;Hot chocolate;Dark chocolate Lg;Lower Manhattan
22.50;9;8;202302;Feb;Sun;Afternoon;Med;Coffee;Barista Espresso;Ouro Brasileiro shot;Hell's Kitchen
10.00;4;2;202302;Feb;Sun;Afternoon;Low;Tea;Brewed Chai tea;Traditional Blend Chai Rg;Hell's Kitchen
7.50;3;3;202302;Feb;Sun;Afternoon;Low;Tea;Brewed Green tea;Serenity Green Tea Rg;Lower Manhattan
20.00;10;5;202302;Feb;Sun;Afternoon;Low;Coffee;Gourmet brewed coffee;Columbian Medium Roast Sm;Lower Manhattan
7.00;2;2;202302;Feb;Sun;Afternoon;Low;Bakery;Biscotti;Ginger Biscotti;Hell's Kitchen
3.75;1;1;202302;Feb;Sun;Afternoon;Low;Drinking Chocolate;Hot chocolate;Sustainably Grown Organic Rg;Hell's Kitchen
45.50;13;9;202302;Feb;Sun;Morning;High;Coffee;Organic brewed coffee;Brazilian Lg;Astoria
7.00;2;2;202302;Feb;Sun;Afternoon;Low;Bakery;Biscotti;Ginger Biscotti;Astoria
8.95;1;1;202302;Feb;Sun;Afternoon;Low;Loose Tea;Black tea;Earl Grey;Astoria
7.50;3;2;202302;Feb;Sun;Afternoon;Low;Coffee;Gourmet brewed coffee;Columbian Medium Roast Rg;Hell's Kitchen
21.00;7;4;202302;Feb;Sun;Afternoon;Med;Tea;Brewed Black tea;Earl Grey Lg;Lower Manhattan
12.75;3;2;202302;Feb;Sun;Afternoon;Low;Coffee;Barista Espresso;Latte Rg;Hell's Kitchen
3.20;4;2;202302;Feb;Sun;Afternoon;Low;Flavours;Regular syrup;Hazelnut syrup;Hell's Kitchen
18.00;6;4;202302;Feb;Sun;Afternoon;Low;Coffee;Organic brewed coffee;Brazilian Rg;Hell's Kitchen
6.60;3;2;202302;Feb;Sun;Afternoon;Low;Coffee;Gourmet brewed coffee;Ethiopia Sm;Hell's Kitchen
17.15;7;5;202302;Feb;Sun;Afternoon;Low;Coffee;Premium brewed coffee;Jamaican Coffee River Sm;Lower Manhattan
9.75;3;3;202302;Feb;Sun;Afternoon;Low;Bakery;Scone;Cranberry Scone;Lower Manhattan
22.50;1;1;202302;Feb;Sun;Afternoon;Med;Coffee beans;Organic Beans;Organic Decaf Blend;Lower Manhattan
12.00;1;1;202302;Feb;Sun;Afternoon;Low;Branded;Housewares;I Need My Bean! Diner mug;Hell's Kitchen
8.95;1;1;202302;Feb;Sun;Afternoon;Low;Loose Tea;Chai tea;Traditional Blend Chai;Astoria
22.50;6;4;202302;Feb;Sun;Afternoon;Med;Coffee;Premium brewed coffee;Jamaican Coffee River Lg;Lower Manhattan
18.00;6;3;202302;Feb;Sun;Afternoon;Low;Coffee;Gourmet brewed coffee;Columbian Medium Roast Lg;Lower Manhattan
2.50;1;1;202302;Feb;Sun;Afternoon;Low;Coffee;Drip coffee;Our Old Time Diner Blend Rg;Hell's Kitchen
9.00;3;2;202302;Feb;Sun;Afternoon;Low;Coffee;Organic brewed coffee;Brazilian Rg;Lower Manhattan
0.80;1;1;202302;Feb;Sun;Afternoon;Low;Flavours;Regular syrup;Carmel syrup;Astoria
45.00;1;1;202302;Feb;Sun;Afternoon;High;Coffee beans;Premium Beans;Civet Cat;Lower Manhattan
3.50;1;1;202302;Feb;Sun;Afternoon;Low;Bakery;Pastry;Croissant;Hell's Kitchen
5.10;2;1;202302;Feb;Sun;Night;Low;Tea;Brewed Chai tea;Spicy Eye Opener Chai Rg;Astoria
5.00;2;1;202302;Feb;Sun;Evening;Low;Tea;Brewed Green tea;Serenity Green Tea Rg;Lower Manhattan
9.00;3;3;202302;Feb;Sun;Evening;Low;Tea;Brewed Black tea;English Breakfast Lg;Lower Manhattan
6.00;2;1;202302;Feb;Sun;Evening;Low;Tea;Brewed herbal tea;Lemon Grass Lg;Lower Manhattan
15.30;6;4;202302;Feb;Sun;Evening;Low;Tea;Brewed Chai tea;Spicy Eye Opener Chai Rg;Hell's Kitchen
15.00;5;3;202302;Feb;Sun;Evening;Low;Coffee;Gourmet brewed coffee;Ethiopia Rg;Lower Manhattan
3.20;4;2;202302;Feb;Sun;Evening;Low;Flavours;Regular syrup;Carmel syrup;Hell's Kitchen
15.00;4;4;202302;Feb;Sun;Evening;Low;Bakery;Scone;Jumbo Savory Scone;Hell's Kitchen
6.20;2;2;202302;Feb;Sun;Evening;Low;Coffee;Premium brewed coffee;Jamaican Coffee River Rg;Lower Manhattan
2.50;1;1;202302;Feb;Sun;Evening;Low;Coffee;Gourmet brewed coffee;Columbian Medium Roast Rg;Lower Manhattan
10.50;3;3;202302;Feb;Sun;Evening;Low;Bakery;Biscotti;Chocolate Chip Biscotti;Lower Manhattan
7.00;2;2;202302;Feb;Sun;Evening;Low;Drinking Chocolate;Hot chocolate;Dark chocolate Rg;Lower Manhattan
3.75;1;1;202302;Feb;Sun;Evening;Low;Coffee;Premium brewed coffee;Jamaican Coffee River Lg;Hell's Kitchen
6.00;2;1;202302;Feb;Sun;Evening;Low;Tea;Brewed Black tea;Earl Grey Lg;Lower Manhattan
42.00;2;2;202302;Feb;Sun;Evening;High;Coffee beans;Gourmet Beans;Ethiopia;Lower Manhattan
6.00;2;2;202302;Feb;Sun;Evening;Low;Coffee;Drip coffee;Our Old Time Diner Blend Lg;Lower Manhattan
3.50;1;1;202302;Feb;Sun;Evening;Low;Bakery;Pastry;Croissant;Lower Manhattan
8.00;4;3;202302;Feb;Sun;Evening;Low;Coffee;Gourmet brewed coffee;Columbian Medium Roast Sm;Lower Manhattan
13.20;6;3;202302;Feb;Sun;Evening;Low;Coffee;Gourmet brewed coffee;Ethiopia Sm;Lower Manhattan
8.95;1;1;202302;Feb;Sun;Evening;Low;Loose Tea;Black tea;English Breakfast;Hell's Kitchen
27.90;9;6;202302;Feb;Sun;Evening;Med;Tea;Brewed Chai tea;Spicy Eye Opener Chai Lg;Astoria
8.95;1;1;202302;Feb;Sun;Evening;Low;Loose Tea;Herbal tea;Peppermint;Astoria
1.60;2;1;202302;Feb;Sun;Evening;Low;Flavours;Sugar free syrup;Sugar Free Vanilla syrup;Astoria
21.00;6;6;202302;Feb;Sun;Evening;Med;Bakery;Biscotti;Ginger Biscotti;Astoria
12.50;5;3;202302;Feb;Sun;Evening;Low;Coffee;Drip coffee;Our Old Time Diner Blend Rg;Lower Manhattan
7.50;3;2;202302;Feb;Sun;Evening;Low;Tea;Brewed Chai tea;Traditional Blend Chai Rg;Lower Manhattan
10.95;1;1;202302;Feb;Sun;Evening;Low;Loose Tea;Chai tea;Spicy Eye Opener Chai;Lower Manhattan
18.00;1;1;202302;Feb;Sun;Evening;Low;Coffee beans;House blend Beans;Our Old Time Diner Blend;Hell's Kitchen
9.75;3;3;202302;Feb;Sun;Evening;Low;Bakery;Biscotti;Hazelnut Biscotti;Hell's Kitchen
3.20;4;3;202302;Feb;Sun;Evening;Low;Flavours;Regular syrup;Carmel syrup;Lower Manhattan
6.60;3;2;202302;Feb;Sun;Evening;Low;Coffee;Organic brewed coffee;Brazilian Sm;Lower Manhattan
12.40;4;2;202302;Feb;Sun;Evening;Low;Coffee;Premium brewed coffee;Jamaican Coffee River Rg;Hell's Kitchen
12.40;4;3;202302;Feb;Sun;Evening;Low;Tea;Brewed Chai tea;Spicy Eye Opener Chai Lg;Lower Manhattan
9.75;3;3;202302;Feb;Sun;Evening;Low;Bakery;Scone;Cranberry Scone;Hell's Kitchen
10.00;4;2;202302;Feb;Sun;Evening;Low;Tea;Brewed herbal tea;Peppermint Rg;Lower Manhattan
7.50;2;2;202302;Feb;Sun;Evening;Low;Bakery;Pastry;Almond Croissant;Lower Manhattan
5.00;2;1;202302;Feb;Sun;Evening;Low;Tea;Brewed Black tea;English Breakfast Rg;Lower Manhattan
1.60;2;1;202302;Feb;Sun;Evening;Low;Flavours;Regular syrup;Chocolate syrup;Astoria
3.50;1;1;202302;Feb;Sun;Evening;Low;Bakery;Pastry;Croissant;Hell's Kitchen
24.50;7;4;202302;Feb;Sun;Evening;Med;Drinking Chocolate;Hot chocolate;Dark chocolate Rg;Astoria
5.60;7;4;202302;Feb;Sun;Evening;Low;Flavours;Sugar free syrup;Sugar Free Vanilla syrup;Hell's Kitchen
18.00;4;2;202302;Feb;Sun;Evening;Low;Drinking Chocolate;Hot chocolate;Dark chocolate Lg;Hell's Kitchen
1.60;2;1;202302;Feb;Sun;Evening;Low;Flavours;Regular syrup;Chocolate syrup;Hell's Kitchen
12.00;4;3;202302;Feb;Mon;Morning;Low;Coffee;Barista Espresso;Espresso shot;Astoria
49.60;16;8;202302;Feb;Mon;Morning;High;Coffee;Premium brewed coffee;Jamaican Coffee River Rg;Lower Manhattan
13.60;17;10;202302;Feb;Mon;Morning;Low;Flavours;Regular syrup;Carmel syrup;Lower Manhattan
22.50;9;7;202302;Feb;Mon;Morning;Med;Tea;Brewed Black tea;Earl Grey Rg;Astoria
78.75;21;11;202302;Feb;Mon;Morning;very high;Coffee;Barista Espresso;Cappuccino;Lower Manhattan
6.40;8;5;202302;Feb;Mon;Morning;Low;Flavours;Regular syrup;Chocolate syrup;Lower Manhattan
31.50;7;7;202302;Feb;Mon;Morning;Med;Bakery;Scone;Scottish Cream Scone ;Lower Manhattan
40.00;16;9;202302;Feb;Mon;Morning;Med;Tea;Brewed Black tea;Earl Grey Rg;Lower Manhattan
48.00;16;10;202302;Feb;Mon;Morning;High;Tea;Brewed Chai tea;Traditional Blend Chai Lg;Astoria
12.80;16;9;202302;Feb;Mon;Morning;Low;Flavours;Regular syrup;Hazelnut syrup;Lower Manhattan
26.25;7;6;202302;Feb;Mon;Morning;Med;Coffee;Premium brewed coffee;Jamaican Coffee River Lg;Astoria
6.00;2;2;202302;Feb;Mon;Morning;Low;Tea;Brewed Black tea;English Breakfast Lg;Astoria
13.50;3;3;202302;Feb;Mon;Morning;Low;Bakery;Scone;Scottish Cream Scone ;Astoria
12.00;6;4;202302;Feb;Mon;Morning;Low;Coffee;Gourmet brewed coffee;Columbian Medium Roast Sm;Astoria
18.75;5;5;202302;Feb;Mon;Morning;Low;Bakery;Pastry;Almond Croissant;Astoria
5.60;7;5;202302;Feb;Mon;Morning;Low;Flavours;Sugar free syrup;Sugar Free Vanilla syrup;Astoria
36.00;8;5;202302;Feb;Mon;Morning;Med;Drinking Chocolate;Hot chocolate;Dark chocolate Lg;Lower Manhattan
34.00;8;8;202302;Feb;Mon;Morning;Med;Coffee;Barista Espresso;Cappuccino Lg;Astoria
4.80;6;3;202302;Feb;Mon;Morning;Low;Flavours;Regular syrup;Chocolate syrup;Astoria
45.00;15;9;202302;Feb;Mon;Morning;High;Tea;Brewed Black tea;Earl Grey Lg;Lower Manhattan
45.50;13;9;202302;Feb;Mon;Morning;High;Coffee;Organic brewed coffee;Brazilian Lg;Astoria
22.50;9;5;202302;Feb;Mon;Morning;Med;Tea;Brewed Chai tea;Morning Sunrise Chai Rg;Lower Manhattan
45.00;10;5;202302;Feb;Mon;Morning;High;Drinking Chocolate;Hot chocolate;Dark chocolate Lg;Hell's Kitchen
10.95;1;1;202302;Feb;Mon;Morning;Low;Loose Tea;Chai tea;Spicy Eye Opener Chai;Hell's Kitchen
8.95;1;1;202302;Feb;Mon;Morning;Low;Loose Tea;Herbal tea;Lemon Grass;Hell's Kitchen
35.00;10;10;202302;Feb;Mon;Morning;Med;Bakery;Pastry;Croissant;Lower Manhattan
52.50;14;14;202302;Feb;Mon;Morning;High;Bakery;Pastry;Chocolate Croissant;Hell's Kitchen
47.50;19;12;202302;Feb;Mon;Morning;High;Tea;Brewed Chai tea;Traditional Blend Chai Rg;Hell's Kitchen
25.00;10;6;202302;Feb;Mon;Morning;Med;Tea;Brewed Chai tea;Morning Sunrise Chai Rg;Hell's Kitchen
22.50;6;6;202302;Feb;Mon;Morning;Med;Bakery;Scone;Jumbo Savory Scone;Hell's Kitchen
8.00;10;6;202302;Feb;Mon;Morning;Low;Flavours;Regular syrup;Carmel syrup;Hell's Kitchen
56.25;15;9;202302;Feb;Mon;Morning;High;Coffee;Premium brewed coffee;Jamaican Coffee River Lg;Hell's Kitchen
22.75;7;7;202302;Feb;Mon;Morning;Med;Bakery;Biscotti;Hazelnut Biscotti;Astoria
37.50;15;9;202302;Feb;Mon;Morning;Med;Tea;Brewed Green tea;Serenity Green Tea Rg;Hell's Kitchen
43.35;17;9;202302;Feb;Mon;Morning;High;Tea;Brewed Chai tea;Spicy Eye Opener Chai Rg;Hell's Kitchen
21.00;7;5;202302;Feb;Mon;Morning;Med;Tea;Brewed Black tea;English Breakfast Lg;Hell's Kitchen
54.00;18;10;202302;Feb;Mon;Morning;High;Tea;Brewed Black tea;Earl Grey Lg;Hell's Kitchen
25.00;10;7;202302;Feb;Mon;Morning;Med;Tea;Brewed Green tea;Serenity Green Tea Rg;Astoria
12.00;15;10;202302;Feb;Mon;Morning;Low;Flavours;Regular syrup;Hazelnut syrup;Hell's Kitchen
9.60;12;7;202302;Feb;Mon;Morning;Low;Flavours;Sugar free syrup;Sugar Free Vanilla syrup;Hell's Kitchen
13.00;4;4;202302;Feb;Mon;Morning;Low;Bakery;Scone;Cranberry Scone;Hell's Kitchen
26.00;8;8;202302;Feb;Mon;Morning;Med;Bakery;Biscotti;Hazelnut Biscotti;Lower Manhattan
9.75;3;3;202302;Feb;Mon;Morning;Low;Bakery;Biscotti;Hazelnut Biscotti;Hell's Kitchen
33.75;9;6;202302;Feb;Mon;Morning;Med;Coffee;Barista Espresso;Cappuccino;Hell's Kitchen
57.00;19;13;202302;Feb;Mon;Morning;High;Coffee;Drip coffee;Our Old Time Diner Blend Lg;Hell's Kitchen
56.00;14;9;202302;Feb;Mon;Morning;High;Tea;Brewed Chai tea;Morning Sunrise Chai Lg;Hell's Kitchen
30.00;10;7;202302;Feb;Mon;Morning;Med;Tea;Brewed Green tea;Serenity Green Tea Lg;Lower Manhattan
40.00;16;8;202302;Feb;Mon;Morning;Med;Tea;Brewed herbal tea;Peppermint Rg;Lower Manhattan
4.25;1;1;202302;Feb;Mon;Morning;Low;Coffee;Barista Espresso;Latte Rg;Astoria
51.00;17;11;202302;Feb;Tue;Morning;High;Coffee;Drip coffee;Our Old Time Diner Blend Lg;Lower Manhattan
45.00;18;14;202302;Feb;Tue;Morning;High;Tea;Brewed herbal tea;Peppermint Rg;Hell's Kitchen
6.00;3;3;202302;Feb;Tue;Afternoon;Low;Coffee;Gourmet brewed coffee;Columbian Medium Roast Sm;Lower Manhattan
18.00;6;4;202302;Feb;Tue;Afternoon;Low;Tea;Brewed herbal tea;Peppermint Lg;Lower Manhattan
24.00;8;6;202302;Feb;Tue;Evening;Med;Tea;Brewed herbal tea;Peppermint Lg;Astoria
6.00;2;2;202302;Feb;Tue;Evening;Low;Tea;Brewed Green tea;Serenity Green Tea Lg;Hell's Kitchen
8.95;1;1;202302;Feb;Wed;Morning;Low;Loose Tea;Herbal tea;Lemon Grass;Lower Manhattan
4.00;5;2;202302;Feb;Wed;Evening;Low;Flavours;Sugar free syrup;Sugar Free Vanilla syrup;Lower Manhattan
22.50;6;5;202302;Feb;Mon;Morning;Med;Coffee;Barista Espresso;Latte;Astoria
2.50;1;1;202302;Feb;Tue;Afternoon;Low;Coffee;Gourmet brewed coffee;Columbian Medium Roast Rg;Astoria
8.80;4;3;202302;Feb;Wed;Evening;Low;Coffee;Gourmet brewed coffee;Ethiopia Sm;Hell's Kitchen
14.00;4;4;202302;Feb;Wed;Evening;Low;Bakery;Pastry;Croissant;Astoria
2.20;1;1;202302;Feb;Thu;Night;Low;Coffee;Gourmet brewed coffee;Ethiopia Sm;Hell's Kitchen
48.00;16;10;202302;Feb;Thu;Morning;High;Coffee;Drip coffee;Our Old Time Diner Blend Lg;Astoria
10.00;4;3;202302;Feb;Thu;Evening;Low;Tea;Brewed Chai tea;Traditional Blend Chai Rg;Astoria
15.00;1;1;202302;Feb;Thu;Evening;Low;Coffee beans;Gourmet Beans;Columbian Medium Roast;Astoria
12.75;3;2;202302;Feb;Fri;Night;Low;Coffee;Barista Espresso;Cappuccino Lg;Lower Manhattan
11.25;3;3;202302;Feb;Fri;Night;Low;Bakery;Scone;Jumbo Savory Scone;Lower Manhattan
3.00;1;1;202302;Feb;Fri;Night;Low;Coffee;Gourmet brewed coffee;Ethiopia Rg;Lower Manhattan
8.00;10;6;202302;Feb;Fri;Morning;Low;Flavours;Regular syrup;Chocolate syrup;Lower Manhattan
14.00;4;4;202302;Feb;Fri;Morning;Low;Bakery;Biscotti;Chocolate Chip Biscotti;Hell's Kitchen
8.95;1;1;202302;Feb;Fri;Morning;Low;Loose Tea;Chai tea;Traditional Blend Chai;Hell's Kitchen
15.00;5;3;202302;Feb;Fri;Afternoon;Low;Tea;Brewed Green tea;Serenity Green Tea Lg;Astoria
9.00;3;2;202302;Feb;Fri;Evening;Low;Tea;Brewed Black tea;Earl Grey Lg;Hell's Kitchen
6.00;2;2;202302;Feb;Sat;Night;Low;Bakery;Scone;Oatmeal Scone;Lower Manhattan
2.40;3;2;202302;Feb;Sat;Night;Low;Flavours;Regular syrup;Hazelnut syrup;Hell's Kitchen
51.00;12;7;202302;Feb;Sat;Morning;High;Coffee;Barista Espresso;Latte Rg;Lower Manhattan
25.00;10;6;202302;Feb;Sat;Morning;Med;Coffee;Drip coffee;Our Old Time Diner Blend Rg;Astoria
12.50;5;3;202302;Feb;Sat;Morning;Low;Tea;Brewed herbal tea;Lemon Grass Rg;Hell's Kitchen
18.60;6;3;202302;Feb;Sat;Morning;Low;Tea;Brewed Chai tea;Spicy Eye Opener Chai Lg;Astoria
32.00;8;5;202302;Feb;Sat;Morning;Med;Tea;Brewed Chai tea;Morning Sunrise Chai Lg;Astoria
21.00;7;5;202302;Feb;Sat;Morning;Med;Coffee;Drip coffee;Our Old Time Diner Blend Lg;Lower Manhattan
14.00;1;1;202302;Feb;Sat;Afternoon;Low;Branded;Housewares;I Need My Bean! Latte cup;Astoria
10.00;4;2;202302;Feb;Sat;Evening;Low;Tea;Brewed Black tea;English Breakfast Rg;Hell's Kitchen
5.00;2;2;202302;Feb;Sun;Night;Low;Tea;Brewed herbal tea;Lemon Grass Rg;Hell's Kitchen
24.00;6;4;202302;Feb;Sun;Night;Med;Tea;Brewed Chai tea;Morning Sunrise Chai Lg;Lower Manhattan
10.50;3;2;202302;Feb;Sun;Night;Low;Coffee;Gourmet brewed coffee;Ethiopia Lg;Hell's Kitchen
19.75;1;1;202302;Feb;Sun;Morning;Low;Coffee beans;Premium Beans;Jamacian Coffee River;Lower Manhattan
5.60;7;5;202302;Feb;Sun;Morning;Low;Flavours;Regular syrup;Carmel syrup;Astoria
19.50;6;6;202302;Feb;Sun;Morning;Low;Bakery;Scone;Cranberry Scone;Astoria
5.60;7;5;202302;Feb;Sun;Morning;Low;Flavours;Regular syrup;Chocolate syrup;Hell's Kitchen
21.00;1;1;202302;Feb;Sun;Morning;Med;Coffee beans;Gourmet Beans;Ethiopia;Hell's Kitchen
18.00;1;1;202302;Feb;Sun;Morning;Low;Coffee beans;Organic Beans;Brazilian - Organic;Hell's Kitchen
27.50;11;7;202302;Feb;Sun;Morning;Med;Tea;Brewed Black tea;Earl Grey Rg;Astoria
0.80;1;1;202302;Feb;Sun;Afternoon;Low;Flavours;Regular syrup;Hazelnut syrup;Astoria
3.00;1;1;202302;Feb;Sun;Evening;Low;Tea;Brewed Chai tea;Traditional Blend Chai Lg;Lower Manhattan
28.00;2;2;202302;Feb;Sun;Evening;Med;Branded;Housewares;I Need My Bean! Latte cup;Hell's Kitchen
12.00;6;4;202302;Feb;Sun;Evening;Low;Coffee;Gourmet brewed coffee;Columbian Medium Roast Sm;Astoria
22.50;9;6;202302;Feb;Mon;Morning;Med;Coffee;Gourmet brewed coffee;Columbian Medium Roast Rg;Astoria
25.00;10;9;202302;Feb;Mon;Morning;Med;Coffee;Drip coffee;Our Old Time Diner Blend Rg;Astoria
2.50;1;1;202302;Feb;Wed;Afternoon;Low;Tea;Brewed herbal tea;Lemon Grass Rg;Lower Manhattan
27.50;11;8;202302;Feb;Sun;Morning;Med;Tea;Brewed Green tea;Serenity Green Tea Rg;Astoria
16.80;21;13;202302;Feb;Mon;Morning;Low;Flavours;Regular syrup;Chocolate syrup;Hell's Kitchen
52.50;21;15;202302;Feb;Mon;Morning;High;Coffee;Drip coffee;Our Old Time Diner Blend Rg;Hell's Kitchen
24.00;8;7;202302;Feb;Mon;Morning;Med;Tea;Brewed herbal tea;Peppermint Lg;Astoria
24.80;8;6;202302;Feb;Mon;Morning;Med;Tea;Brewed Chai tea;Spicy Eye Opener Chai Lg;Hell's Kitchen
14.75;1;1;202302;Feb;Mon;Morning;Low;Coffee beans;Espresso Beans;Espresso Roast;Hell's Kitchen
9.30;3;3;202302;Feb;Mon;Morning;Low;Coffee;Premium brewed coffee;Jamaican Coffee River Rg;Astoria
11.20;14;8;202302;Feb;Mon;Morning;Low;Flavours;Sugar free syrup;Sugar Free Vanilla syrup;Lower Manhattan
45.50;13;7;202302;Feb;Mon;Morning;High;Coffee;Organic brewed coffee;Brazilian Lg;Hell's Kitchen
17.50;7;4;202302;Feb;Mon;Morning;Low;Tea;Brewed herbal tea;Peppermint Rg;Astoria
15.40;7;6;202302;Feb;Mon;Morning;Low;Coffee;Organic brewed coffee;Brazilian Sm;Astoria
18.00;6;4;202302;Feb;Mon;Morning;Low;Coffee;Organic brewed coffee;Brazilian Rg;Astoria
10.50;3;3;202302;Feb;Mon;Morning;Low;Bakery;Pastry;Croissant;Hell's Kitchen
48.65;17;16;202302;Feb;Mon;Morning;High;Bakery;Scone;Ginger Scone;Lower Manhattan
12.50;5;4;202302;Feb;Mon;Morning;Low;Tea;Brewed herbal tea;Lemon Grass Rg;Astoria
12.75;5;5;202302;Feb;Mon;Morning;Low;Tea;Brewed Chai tea;Spicy Eye Opener Chai Rg;Astoria
18.00;6;4;202302;Feb;Mon;Morning;Low;Coffee;Drip coffee;Our Old Time Diner Blend Lg;Lower Manhattan
21.00;7;6;202302;Feb;Mon;Morning;Med;Tea;Brewed Black tea;Earl Grey Lg;Astoria
21.00;7;6;202302;Feb;Mon;Morning;Med;Coffee;Drip coffee;Our Old Time Diner Blend Lg;Astoria
29.40;12;7;202302;Feb;Mon;Morning;Med;Coffee;Premium brewed coffee;Jamaican Coffee River Sm;Astoria
30.00;8;4;202302;Feb;Mon;Morning;Med;Coffee;Barista Espresso;Cappuccino;Astoria
0.80;1;1;202302;Feb;Mon;Morning;Low;Flavours;Regular syrup;Hazelnut syrup;Astoria
27.00;9;6;202302;Feb;Mon;Morning;Med;Tea;Brewed Green tea;Serenity Green Tea Lg;Astoria
18.75;5;5;202302;Feb;Mon;Morning;Low;Bakery;Scone;Jumbo Savory Scone;Astoria
13.33;1;1;202302;Feb;Mon;Morning;Low;Packaged Chocolate;Drinking Chocolate;Chili Mayan;Lower Manhattan
36.00;2;2;202302;Feb;Mon;Morning;Med;Coffee beans;Organic Beans;Brazilian - Organic;Hell's Kitchen
4.00;5;3;202302;Feb;Mon;Morning;Low;Flavours;Regular syrup;Carmel syrup;Astoria
15.00;6;4;202302;Feb;Mon;Afternoon;Low;Tea;Brewed Chai tea;Morning Sunrise Chai Rg;Astoria
13.50;3;3;202302;Feb;Mon;Afternoon;Low;Bakery;Scone;Scottish Cream Scone ;Lower Manhattan
21.00;1;1;202302;Feb;Mon;Afternoon;Med;Coffee beans;Gourmet Beans;Ethiopia;Lower Manhattan
7.20;9;6;202302;Feb;Mon;Afternoon;Low;Flavours;Regular syrup;Chocolate syrup;Lower Manhattan
0.80;1;1;202302;Feb;Mon;Afternoon;Low;Flavours;Regular syrup;Carmel syrup;Astoria
10.00;4;2;202302;Feb;Mon;Afternoon;Low;Tea;Brewed Chai tea;Morning Sunrise Chai Rg;Hell's Kitchen
11.25;3;2;202302;Feb;Mon;Afternoon;Low;Coffee;Barista Espresso;Cappuccino;Hell's Kitchen
12.00;4;3;202302;Feb;Mon;Afternoon;Low;Coffee;Drip coffee;Our Old Time Diner Blend Lg;Astoria
21.00;7;3;202302;Feb;Mon;Afternoon;Med;Tea;Brewed Green tea;Serenity Green Tea Lg;Lower Manhattan
24.00;8;4;202302;Feb;Mon;Afternoon;Med;Coffee;Drip coffee;Our Old Time Diner Blend Lg;Lower Manhattan
24.00;6;5;202302;Feb;Mon;Afternoon;Med;Tea;Brewed Chai tea;Morning Sunrise Chai Lg;Astoria
12.50;5;4;202302;Feb;Mon;Afternoon;Low;Tea;Brewed herbal tea;Lemon Grass Rg;Astoria
21.00;1;1;202302;Feb;Mon;Afternoon;Med;Coffee beans;Gourmet Beans;Ethiopia;Hell's Kitchen
10.00;5;3;202302;Feb;Mon;Afternoon;Low;Coffee;Gourmet brewed coffee;Columbian Medium Roast Sm;Astoria
3.50;1;1;202302;Feb;Mon;Afternoon;Low;Bakery;Biscotti;Ginger Biscotti;Lower Manhattan
17.50;7;5;202302;Feb;Mon;Afternoon;Low;Tea;Brewed Green tea;Serenity Green Tea Rg;Astoria
14.25;3;2;202302;Feb;Mon;Afternoon;Low;Drinking Chocolate;Hot chocolate;Sustainably Grown Organic Lg;Lower Manhattan
11.25;3;3;202302;Feb;Mon;Afternoon;Low;Bakery;Pastry;Almond Croissant;Lower Manhattan
18.75;5;2;202302;Feb;Mon;Afternoon;Low;Coffee;Barista Espresso;Latte;Lower Manhattan
1.60;2;1;202302;Feb;Mon;Afternoon;Low;Flavours;Regular syrup;Chocolate syrup;Astoria
12.00;3;2;202302;Feb;Mon;Afternoon;Low;Tea;Brewed Chai tea;Morning Sunrise Chai Lg;Hell's Kitchen
15.00;6;4;202302;Feb;Mon;Afternoon;Low;Tea;Brewed Black tea;English Breakfast Rg;Astoria
2.40;3;2;202302;Feb;Mon;Afternoon;Low;Flavours;Sugar free syrup;Sugar Free Vanilla syrup;Hell's Kitchen
8.95;1;1;202302;Feb;Mon;Afternoon;Low;Loose Tea;Herbal tea;Lemon Grass;Hell's Kitchen
18.00;1;1;202302;Feb;Mon;Afternoon;Low;Coffee beans;Organic Beans;Brazilian - Organic;Hell's Kitchen
3.75;1;1;202302;Feb;Mon;Afternoon;Low;Bakery;Pastry;Chocolate Croissant;Hell's Kitchen
15.00;5;2;202302;Feb;Mon;Afternoon;Low;Tea;Brewed Chai tea;Traditional Blend Chai Lg;Lower Manhattan
2.20;1;1;202302;Feb;Mon;Afternoon;Low;Coffee;Gourmet brewed coffee;Ethiopia Sm;Astoria
9.00;3;2;202302;Feb;Mon;Afternoon;Low;Tea;Brewed herbal tea;Lemon Grass Lg;Astoria
5.10;2;1;202302;Feb;Mon;Afternoon;Low;Tea;Brewed Chai tea;Spicy Eye Opener Chai Rg;Lower Manhattan
7.00;2;2;202302;Feb;Mon;Afternoon;Low;Bakery;Biscotti;Chocolate Chip Biscotti;Lower Manhattan
7.60;1;1;202302;Feb;Mon;Afternoon;Low;Packaged Chocolate;Organic Chocolate;Sustainably Grown Organic;Lower Manhattan
17.00;4;3;202302;Feb;Mon;Evening;Low;Coffee;Barista Espresso;Cappuccino Lg;Hell's Kitchen
6.40;8;4;202302;Feb;Mon;Evening;Low;Flavours;Regular syrup;Hazelnut syrup;Hell's Kitchen
8.95;1;1;202302;Feb;Mon;Evening;Low;Loose Tea;Herbal tea;Peppermint;Lower Manhattan
15.00;4;3;202302;Feb;Mon;Evening;Low;Drinking Chocolate;Hot chocolate;Sustainably Grown Organic Rg;Lower Manhattan
24.00;8;7;202302;Feb;Mon;Evening;Med;Tea;Brewed herbal tea;Peppermint Lg;Astoria
4.00;5;3;202302;Feb;Mon;Evening;Low;Flavours;Sugar free syrup;Sugar Free Vanilla syrup;Lower Manhattan
14.75;1;1;202302;Feb;Mon;Evening;Low;Coffee beans;Espresso Beans;Espresso Roast;Hell's Kitchen
7.50;2;2;202302;Feb;Mon;Evening;Low;Bakery;Scone;Jumbo Savory Scone;Lower Manhattan
45.00;12;7;202302;Feb;Mon;Evening;High;Drinking Chocolate;Hot chocolate;Sustainably Grown Organic Rg;Hell's Kitchen
20.45;1;1;202302;Feb;Mon;Evening;very high;Coffee beans;Espresso Beans;Primo Espresso Roast;Hell's Kitchen
8.95;1;1;202302;Feb;Mon;Evening;Low;Loose Tea;Chai tea;Traditional Blend Chai;Lower Manhattan
15.00;4;3;202302;Feb;Mon;Evening;Low;Coffee;Barista Espresso;Cappuccino;Hell's Kitchen
4.00;5;4;202302;Feb;Mon;Evening;Low;Flavours;Sugar free syrup;Sugar Free Vanilla syrup;Hell's Kitchen
3.75;1;1;202302;Feb;Mon;Evening;Low;Bakery;Pastry;Almond Croissant;Hell's Kitchen
4.40;2;2;202302;Feb;Mon;Evening;Low;Coffee;Gourmet brewed coffee;Ethiopia Sm;Astoria
0.80;1;1;202302;Feb;Mon;Evening;Low;Flavours;Regular syrup;Carmel syrup;Astoria
2.50;1;1;202302;Feb;Mon;Evening;Low;Tea;Brewed herbal tea;Peppermint Rg;Lower Manhattan
22.95;9;5;202302;Feb;Mon;Evening;Med;Tea;Brewed Chai tea;Spicy Eye Opener Chai Rg;Hell's Kitchen
6.00;2;1;202302;Feb;Mon;Evening;Low;Tea;Brewed Chai tea;Traditional Blend Chai Lg;Lower Manhattan
8.95;1;1;202302;Feb;Mon;Evening;Low;Loose Tea;Black tea;Earl Grey;Lower Manhattan
17.50;7;4;202302;Feb;Mon;Evening;Low;Tea;Brewed Green tea;Serenity Green Tea Rg;Lower Manhattan
1.60;2;2;202302;Feb;Mon;Evening;Low;Flavours;Regular syrup;Chocolate syrup;Astoria
7.00;2;2;202302;Feb;Mon;Evening;Low;Bakery;Pastry;Croissant;Lower Manhattan
12.25;5;3;202302;Feb;Mon;Evening;Low;Coffee;Premium brewed coffee;Jamaican Coffee River Sm;Lower Manhattan
5.00;2;1;202302;Feb;Mon;Evening;Low;Tea;Brewed Black tea;English Breakfast Rg;Lower Manhattan
7.00;2;2;202302;Feb;Mon;Evening;Low;Bakery;Biscotti;Ginger Biscotti;Lower Manhattan
12.00;4;3;202302;Feb;Mon;Evening;Low;Coffee;Gourmet brewed coffee;Columbian Medium Roast Lg;Lower Manhattan
12.75;3;2;202302;Feb;Mon;Evening;Low;Coffee;Barista Espresso;Cappuccino Lg;Astoria
21.00;6;4;202302;Feb;Mon;Evening;Med;Coffee;Organic brewed coffee;Brazilian Lg;Astoria
22.50;1;1;202302;Feb;Mon;Evening;Med;Coffee beans;Organic Beans;Organic Decaf Blend;Hell's Kitchen
15.00;6;3;202302;Feb;Mon;Evening;Low;Coffee;Gourmet brewed coffee;Columbian Medium Roast Rg;Hell's Kitchen
26.25;7;4;202302;Feb;Mon;Evening;Med;Coffee;Barista Espresso;Latte;Astoria
3.75;1;1;202302;Feb;Mon;Evening;Low;Bakery;Scone;Jumbo Savory Scone;Astoria
4.00;5;3;202302;Feb;Mon;Evening;Low;Flavours;Regular syrup;Carmel syrup;Hell's Kitchen
6.00;2;2;202302;Feb;Mon;Evening;Low;Tea;Brewed Black tea;Earl Grey Lg;Astoria
12.00;4;3;202302;Feb;Mon;Evening;Low;Coffee;Gourmet brewed coffee;Ethiopia Rg;Hell's Kitchen
3.00;1;1;202302;Feb;Mon;Evening;Low;Tea;Brewed herbal tea;Peppermint Lg;Hell's Kitchen
13.33;1;1;202302;Feb;Tue;Morning;Low;Packaged Chocolate;Drinking Chocolate;Chili Mayan;Lower Manhattan
18.00;4;4;202302;Feb;Tue;Morning;Low;Bakery;Scone;Scottish Cream Scone ;Lower Manhattan
31.50;9;9;202302;Feb;Tue;Morning;Med;Bakery;Biscotti;Ginger Biscotti;Lower Manhattan
6.00;2;2;202302;Feb;Tue;Morning;Low;Bakery;Scone;Oatmeal Scone;Hell's Kitchen
30.00;10;6;202302;Feb;Tue;Morning;Med;Coffee;Barista Espresso;Espresso shot;Hell's Kitchen
17.90;2;2;202302;Feb;Tue;Morning;Low;Loose Tea;Herbal tea;Lemon Grass;Hell's Kitchen
42.00;12;7;202302;Feb;Tue;Morning;High;Coffee;Organic brewed coffee;Brazilian Lg;Hell's Kitchen
45.00;10;6;202302;Feb;Tue;Morning;High;Drinking Chocolate;Hot chocolate;Dark chocolate Lg;Hell's Kitchen
22.50;6;6;202302;Feb;Tue;Morning;Med;Bakery;Pastry;Almond Croissant;Hell's Kitchen
16.25;5;5;202302;Feb;Tue;Morning;Low;Bakery;Scone;Ginger Scone;Hell's Kitchen
8.95;1;1;202302;Feb;Tue;Morning;Low;Loose Tea;Black tea;English Breakfast;Hell's Kitchen
24.00;2;2;202302;Feb;Tue;Morning;Med;Branded;Housewares;I Need My Bean! Diner mug;Astoria
18.00;1;1;202302;Feb;Tue;Morning;Low;Coffee beans;House blend Beans;Our Old Time Diner Blend;Astoria
45.00;2;2;202302;Feb;Tue;Morning;High;Coffee beans;Organic Beans;Organic Decaf Blend;Hell's Kitchen
30.00;8;8;202302;Feb;Tue;Morning;Med;Bakery;Scone;Jumbo Savory Scone;Hell's Kitchen
12.00;1;1;202302;Feb;Tue;Morning;Low;Branded;Housewares;I Need My Bean! Diner mug;Lower Manhattan
4.80;6;4;202302;Feb;Tue;Morning;Low;Flavours;Regular syrup;Carmel syrup;Astoria
21.00;1;1;202302;Feb;Tue;Morning;Med;Coffee beans;Gourmet Beans;Ethiopia;Hell's Kitchen
26.25;7;5;202302;Feb;Tue;Morning;Med;Coffee;Barista Espresso;Cappuccino;Astoria
3.20;4;3;202302;Feb;Tue;Morning;Low;Flavours;Sugar free syrup;Sugar Free Vanilla syrup;Astoria
28.00;2;2;202302;Feb;Tue;Morning;Med;Branded;Housewares;I Need My Bean! Latte cup;Lower Manhattan
15.20;2;2;202302;Feb;Tue;Morning;Low;Packaged Chocolate;Organic Chocolate;Sustainably Grown Organic;Astoria
7.20;9;5;202302;Feb;Tue;Morning;Low;Flavours;Regular syrup;Chocolate syrup;Astoria
26.85;3;3;202302;Feb;Tue;Morning;Med;Loose Tea;Black tea;English Breakfast;Astoria
20.00;2;2;202302;Feb;Tue;Morning;Low;Coffee beans;Green beans;Guatemalan Sustainably Grown;Astoria
30.00;2;2;202302;Feb;Tue;Morning;Med;Coffee beans;Gourmet Beans;Columbian Medium Roast;Lower Manhattan
49.20;17;13;202302;Feb;Tue;Morning;High;Coffee;Barista Espresso;Ouro Brasileiro shot;Hell's Kitchen
9.50;1;1;202302;Feb;Tue;Morning;Low;Loose Tea;Chai tea;Morning Sunrise Chai;Lower Manhattan
24.00;8;6;202302;Feb;Tue;Morning;Med;Coffee;Gourmet brewed coffee;Columbian Medium Roast Lg;Hell's Kitchen
11.20;14;8;202302;Feb;Tue;Morning;Low;Flavours;Regular syrup;Hazelnut syrup;Astoria
27.00;9;6;202302;Feb;Tue;Morning;Med;Tea;Brewed herbal tea;Lemon Grass Lg;Hell's Kitchen
30.00;12;6;202302;Feb;Tue;Morning;Med;Tea;Brewed herbal tea;Lemon Grass Rg;Astoria
14.00;4;4;202302;Feb;Tue;Morning;Low;Bakery;Pastry;Croissant;Lower Manhattan
22.50;9;7;202302;Feb;Tue;Morning;Med;Tea;Brewed herbal tea;Lemon Grass Rg;Hell's Kitchen
8.95;1;1;202302;Feb;Tue;Morning;Low;Loose Tea;Herbal tea;Lemon Grass;Lower Manhattan
21.00;7;5;202302;Feb;Tue;Morning;Med;Coffee;Drip coffee;Our Old Time Diner Blend Lg;Astoria
56.00;2;2;202302;Feb;Tue;Morning;High;Branded;Clothing;I Need My Bean! T-shirt;Astoria
6.40;1;1;202302;Feb;Tue;Morning;Low;Packaged Chocolate;Drinking Chocolate;Dark chocolate;Lower Manhattan
40.90;2;2;202302;Feb;Tue;Morning;very high;Coffee beans;Espresso Beans;Primo Espresso Roast;Astoria
10.95;1;1;202302;Feb;Tue;Morning;Low;Loose Tea;Chai tea;Spicy Eye Opener Chai;Hell's Kitchen
18.00;6;4;202302;Feb;Tue;Morning;Low;Tea;Brewed Black tea;Earl Grey Lg;Hell's Kitchen
9.00;3;2;202302;Feb;Tue;Morning;Low;Coffee;Gourmet brewed coffee;Ethiopia Rg;Astoria
5.00;2;1;202302;Feb;Tue;Night;Low;Tea;Brewed Black tea;Earl Grey Rg;Hell's Kitchen
12.50;5;4;202302;Feb;Tue;Afternoon;Low;Tea;Brewed Chai tea;Morning Sunrise Chai Rg;Hell's Kitchen
18.00;4;3;202302;Feb;Tue;Afternoon;Low;Drinking Chocolate;Hot chocolate;Dark chocolate Lg;Astoria
28.00;8;5;202302;Feb;Tue;Afternoon;Med;Coffee;Gourmet brewed coffee;Ethiopia Lg;Lower Manhattan
9.00;3;3;202302;Feb;Tue;Afternoon;Low;Bakery;Scone;Oatmeal Scone;Lower Manhattan
33.75;9;4;202302;Feb;Tue;Afternoon;Med;Coffee;Barista Espresso;Latte;Lower Manhattan
2.40;3;2;202302;Feb;Tue;Afternoon;Low;Flavours;Sugar free syrup;Sugar Free Vanilla syrup;Lower Manhattan
16.25;5;5;202302;Feb;Tue;Afternoon;Low;Bakery;Scone;Cranberry Scone;Lower Manhattan
9.00;3;2;202302;Feb;Tue;Afternoon;Low;Coffee;Gourmet brewed coffee;Columbian Medium Roast Lg;Lower Manhattan
30.60;12;9;202302;Feb;Tue;Afternoon;Med;Coffee;Barista Espresso;Ouro Brasileiro shot;Lower Manhattan
7.50;3;3;202302;Feb;Tue;Afternoon;Low;Tea;Brewed Chai tea;Traditional Blend Chai Rg;Hell's Kitchen
6.60;3;2;202302;Feb;Tue;Afternoon;Low;Coffee;Gourmet brewed coffee;Ethiopia Sm;Lower Manhattan
1.60;2;1;202302;Feb;Tue;Afternoon;Low;Flavours;Sugar free syrup;Sugar Free Vanilla syrup;Astoria
12.50;5;3;202302;Feb;Tue;Afternoon;Low;Tea;Brewed Chai tea;Traditional Blend Chai Rg;Lower Manhattan
8.95;1;1;202302;Feb;Tue;Afternoon;Low;Loose Tea;Black tea;English Breakfast;Lower Manhattan
6.00;2;1;202302;Feb;Tue;Afternoon;Low;Coffee;Drip coffee;Our Old Time Diner Blend Lg;Astoria
3.50;1;1;202302;Feb;Tue;Afternoon;Low;Bakery;Biscotti;Chocolate Chip Biscotti;Hell's Kitchen
21.00;7;4;202302;Feb;Tue;Afternoon;Med;Tea;Brewed Green tea;Serenity Green Tea Lg;Lower Manhattan
7.50;2;2;202302;Feb;Tue;Afternoon;Low;Bakery;Scone;Jumbo Savory Scone;Astoria
21.25;5;3;202302;Feb;Tue;Afternoon;Med;Coffee;Barista Espresso;Cappuccino Lg;Hell's Kitchen
10.00;4;2;202302;Feb;Tue;Afternoon;Low;Tea;Brewed herbal tea;Lemon Grass Rg;Lower Manhattan
9.00;2;2;202302;Feb;Tue;Afternoon;Low;Drinking Chocolate;Hot chocolate;Dark chocolate Lg;Lower Manhattan
9.00;3;3;202302;Feb;Tue;Afternoon;Low;Tea;Brewed herbal tea;Peppermint Lg;Astoria
25.50;6;4;202302;Feb;Tue;Afternoon;Med;Coffee;Barista Espresso;Latte Rg;Hell's Kitchen
39.50;2;2;202302;Feb;Tue;Afternoon;Med;Coffee beans;Premium Beans;Jamacian Coffee River;Astoria
7.50;2;1;202302;Feb;Tue;Afternoon;Low;Coffee;Premium brewed coffee;Jamaican Coffee River Lg;Lower Manhattan
29.75;7;5;202302;Feb;Tue;Afternoon;Med;Coffee;Barista Espresso;Cappuccino Lg;Lower Manhattan
1.60;2;2;202302;Feb;Tue;Afternoon;Low;Flavours;Regular syrup;Carmel syrup;Lower Manhattan
14.00;4;3;202302;Feb;Tue;Afternoon;Low;Coffee;Organic brewed coffee;Brazilian Lg;Lower Manhattan
14.00;4;3;202302;Feb;Tue;Afternoon;Low;Drinking Chocolate;Hot chocolate;Dark chocolate Rg;Lower Manhattan
27.00;6;4;202302;Feb;Tue;Afternoon;Med;Drinking Chocolate;Hot chocolate;Dark chocolate Lg;Hell's Kitchen
14.75;1;1;202302;Feb;Tue;Afternoon;Low;Coffee beans;Espresso Beans;Espresso Roast;Hell's Kitchen
3.00;1;1;202302;Feb;Tue;Afternoon;Low;Coffee;Barista Espresso;Espresso shot;Astoria
0.80;1;1;202302;Feb;Tue;Afternoon;Low;Flavours;Regular syrup;Carmel syrup;Astoria
23.00;1;1;202302;Feb;Tue;Afternoon;Med;Branded;Housewares;I Need My Bean! Latte cup;Astoria
18.75;5;4;202302;Feb;Tue;Afternoon;Low;Coffee;Barista Espresso;Latte;Astoria
3.20;4;3;202302;Feb;Tue;Afternoon;Low;Flavours;Regular syrup;Hazelnut syrup;Astoria
7.50;2;2;202302;Feb;Tue;Afternoon;Low;Bakery;Scone;Jumbo Savory Scone;Lower Manhattan
7.00;2;1;202302;Feb;Tue;Night;Low;Coffee;Gourmet brewed coffee;Ethiopia Lg;Lower Manhattan
15.50;5;4;202302;Feb;Tue;Evening;Low;Tea;Brewed Chai tea;Spicy Eye Opener Chai Lg;Hell's Kitchen
9.00;3;2;202302;Feb;Tue;Evening;Low;Coffee;Barista Espresso;Espresso shot;Hell's Kitchen
10.00;4;3;202302;Feb;Tue;Evening;Low;Coffee;Gourmet brewed coffee;Columbian Medium Roast Rg;Lower Manhattan
8.95;1;1;202302;Feb;Tue;Evening;Low;Loose Tea;Herbal tea;Lemon Grass;Hell's Kitchen
18.00;1;1;202302;Feb;Tue;Evening;Low;Coffee beans;Organic Beans;Brazilian - Organic;Hell's Kitchen
18.75;5;3;202302;Feb;Tue;Evening;Low;Coffee;Premium brewed coffee;Jamaican Coffee River Lg;Lower Manhattan
19.50;6;6;202302;Feb;Tue;Evening;Low;Bakery;Scone;Cranberry Scone;Hell's Kitchen
3.75;1;1;202302;Feb;Tue;Evening;Low;Bakery;Pastry;Chocolate Croissant;Lower Manhattan
2.50;1;1;202302;Feb;Tue;Evening;Low;Tea;Brewed herbal tea;Peppermint Rg;Lower Manhattan
11.00;5;3;202302;Feb;Tue;Evening;Low;Coffee;Organic brewed coffee;Brazilian Sm;Lower Manhattan
12.00;1;1;202302;Feb;Tue;Evening;Low;Branded;Housewares;I Need My Bean! Diner mug;Lower Manhattan
1.60;2;1;202302;Feb;Tue;Evening;Low;Flavours;Regular syrup;Carmel syrup;Astoria
4.25;1;1;202302;Feb;Tue;Evening;Low;Coffee;Barista Espresso;Latte Rg;Lower Manhattan
0.80;1;1;202302;Feb;Tue;Evening;Low;Flavours;Regular syrup;Carmel syrup;Lower Manhattan
10.50;3;3;202302;Feb;Tue;Evening;Low;Bakery;Biscotti;Ginger Biscotti;Lower Manhattan
22.50;5;5;202302;Feb;Tue;Evening;Med;Bakery;Scone;Scottish Cream Scone ;Astoria
30.00;8;6;202302;Feb;Tue;Evening;Med;Coffee;Barista Espresso;Cappuccino;Astoria
4.00;5;3;202302;Feb;Tue;Evening;Low;Flavours;Regular syrup;Hazelnut syrup;Astoria
12.40;4;3;202302;Feb;Tue;Evening;Low;Tea;Brewed Chai tea;Spicy Eye Opener Chai Lg;Astoria
21.00;7;5;202302;Feb;Tue;Evening;Med;Tea;Brewed Chai tea;Traditional Blend Chai Lg;Astoria
12.75;5;3;202302;Feb;Tue;Evening;Low;Tea;Brewed Chai tea;Spicy Eye Opener Chai Rg;Hell's Kitchen
2.20;1;1;202302;Feb;Tue;Evening;Low;Coffee;Gourmet brewed coffee;Ethiopia Sm;Lower Manhattan
22.50;6;3;202302;Feb;Tue;Evening;Med;Coffee;Barista Espresso;Latte;Lower Manhattan
1.60;2;1;202302;Feb;Tue;Evening;Low;Flavours;Regular syrup;Chocolate syrup;Lower Manhattan
9.25;1;1;202302;Feb;Tue;Evening;Low;Loose Tea;Green tea;Serenity Green Tea;Lower Manhattan
21.00;7;4;202302;Feb;Tue;Evening;Med;Tea;Brewed herbal tea;Peppermint Lg;Hell's Kitchen
10.00;1;1;202302;Feb;Tue;Evening;Low;Coffee beans;Green beans;Guatemalan Sustainably Grown;Hell's Kitchen
15.00;5;3;202302;Feb;Tue;Evening;Low;Coffee;Barista Espresso;Ouro Brasileiro shot;Hell's Kitchen
18.00;4;3;202302;Feb;Tue;Evening;Low;Drinking Chocolate;Hot chocolate;Dark chocolate Lg;Hell's Kitchen
7.65;3;2;202302;Feb;Tue;Evening;Low;Tea;Brewed Chai tea;Spicy Eye Opener Chai Rg;Lower Manhattan
15.00;5;4;202302;Feb;Tue;Evening;Low;Tea;Brewed Black tea;English Breakfast Lg;Astoria
5.00;2;2;202302;Feb;Tue;Evening;Low;Coffee;Drip coffee;Our Old Time Diner Blend Rg;Astoria
8.95;1;1;202302;Feb;Tue;Evening;Low;Loose Tea;Black tea;English Breakfast;Astoria
20.00;10;5;202302;Feb;Tue;Evening;Low;Coffee;Gourmet brewed coffee;Columbian Medium Roast Sm;Astoria
21.90;2;2;202302;Feb;Tue;Evening;Med;Loose Tea;Chai tea;Spicy Eye Opener Chai;Hell's Kitchen
12.50;5;3;202302;Feb;Tue;Evening;Low;Tea;Brewed herbal tea;Lemon Grass Rg;Hell's Kitchen
3.00;1;1;202302;Feb;Tue;Evening;Low;Bakery;Scone;Oatmeal Scone;Hell's Kitchen
2.40;3;2;202302;Feb;Tue;Evening;Low;Flavours;Regular syrup;Chocolate syrup;Astoria
3.00;1;1;202302;Feb;Tue;Evening;Low;Tea;Brewed Green tea;Serenity Green Tea Lg;Astoria
14.00;4;4;202302;Feb;Tue;Evening;Low;Bakery;Biscotti;Chocolate Chip Biscotti;Hell's Kitchen
22.50;6;3;202302;Feb;Wed;Night;Med;Coffee;Barista Espresso;Latte;Lower Manhattan
0.80;1;1;202302;Feb;Wed;Night;Low;Flavours;Regular syrup;Carmel syrup;Lower Manhattan
12.75;3;2;202302;Feb;Wed;Night;Low;Coffee;Barista Espresso;Latte Rg;Lower Manhattan
0.80;1;1;202302;Feb;Wed;Night;Low;Flavours;Regular syrup;Hazelnut syrup;Lower Manhattan
18.00;4;3;202302;Feb;Wed;Night;Low;Drinking Chocolate;Hot chocolate;Dark chocolate Lg;Lower Manhattan
8.95;1;1;202302;Feb;Wed;Night;Low;Loose Tea;Black tea;Earl Grey;Lower Manhattan
6.50;2;2;202302;Feb;Wed;Night;Low;Bakery;Scone;Cranberry Scone;Lower Manhattan
12.00;3;1;202302;Feb;Wed;Night;Low;Tea;Brewed Chai tea;Morning Sunrise Chai Lg;Lower Manhattan
5.00;2;1;202302;Feb;Wed;Night;Low;Tea;Brewed herbal tea;Lemon Grass Rg;Lower Manhattan
9.25;1;1;202302;Feb;Wed;Night;Low;Loose Tea;Green tea;Serenity Green Tea;Lower Manhattan
3.50;1;1;202302;Feb;Wed;Night;Low;Coffee;Organic brewed coffee;Brazilian Lg;Lower Manhattan
2.40;3;2;202302;Feb;Wed;Night;Low;Flavours;Regular syrup;Chocolate syrup;Lower Manhattan
2.50;1;1;202302;Feb;Wed;Night;Low;Tea;Brewed Chai tea;Traditional Blend Chai Rg;Lower Manhattan
10.95;1;1;202302;Feb;Wed;Night;Low;Loose Tea;Chai tea;Spicy Eye Opener Chai;Lower Manhattan
9.50;2;1;202302;Feb;Wed;Night;Low;Drinking Chocolate;Hot chocolate;Sustainably Grown Organic Lg;Lower Manhattan
2.50;1;1;202302;Feb;Wed;Night;Low;Tea;Brewed Black tea;Earl Grey Rg;Lower Manhattan
4.50;1;1;202302;Feb;Wed;Night;Low;Bakery;Scone;Scottish Cream Scone ;Lower Manhattan
4.00;2;2;202302;Feb;Wed;Night;Low;Coffee;Drip coffee;Our Old Time Diner Blend Sm;Hell's Kitchen
6.20;2;2;202302;Feb;Wed;Night;Low;Tea;Brewed Chai tea;Spicy Eye Opener Chai Lg;Lower Manhattan
10.00;4;2;202302;Feb;Wed;Night;Low;Tea;Brewed Chai tea;Morning Sunrise Chai Rg;Hell's Kitchen
3.00;1;1;202302;Feb;Wed;Night;Low;Tea;Brewed Green tea;Serenity Green Tea Lg;Lower Manhattan
4.00;2;1;202302;Feb;Wed;Night;Low;Coffee;Drip coffee;Our Old Time Diner Blend Sm;Lower Manhattan
7.50;2;1;202302;Feb;Wed;Night;Low;Coffee;Barista Espresso;Cappuccino;Lower Manhattan
2.40;3;2;202302;Feb;Wed;Night;Low;Flavours;Sugar free syrup;Sugar Free Vanilla syrup;Lower Manhattan
8.00;10;8;202302;Feb;Wed;Morning;Low;Flavours;Regular syrup;Chocolate syrup;Astoria
45.00;2;2;202302;Feb;Wed;Morning;High;Coffee beans;Organic Beans;Organic Decaf Blend;Hell's Kitchen
7.20;9;6;202302;Feb;Wed;Morning;Low;Flavours;Regular syrup;Hazelnut syrup;Astoria
21.00;7;5;202302;Feb;Wed;Morning;Med;Coffee;Barista Espresso;Espresso shot;Hell's Kitchen
9.75;3;3;202302;Feb;Wed;Morning;Low;Bakery;Scone;Ginger Scone;Astoria
12.00;1;1;202302;Feb;Wed;Morning;Low;Branded;Housewares;I Need My Bean! Diner mug;Hell's Kitchen
4.80;6;4;202302;Feb;Wed;Morning;Low;Flavours;Regular syrup;Chocolate syrup;Lower Manhattan
15.00;4;4;202302;Feb;Wed;Morning;Low;Bakery;Pastry;Almond Croissant;Astoria
32.50;13;9;202302;Feb;Wed;Morning;Med;Tea;Brewed herbal tea;Peppermint Rg;Astoria
6.50;2;2;202302;Feb;Wed;Morning;Low;Bakery;Biscotti;Hazelnut Biscotti;Hell's Kitchen
38.50;11;6;202302;Feb;Wed;Morning;Med;Coffee;Organic brewed coffee;Brazilian Lg;Astoria
59.50;14;7;202302;Feb;Wed;Morning;High;Coffee;Barista Espresso;Latte Rg;Astoria
18.75;5;5;202302;Feb;Wed;Morning;Low;Bakery;Scone;Jumbo Savory Scone;Astoria
24.00;8;4;202302;Feb;Wed;Morning;Med;Coffee;Gourmet brewed coffee;Ethiopia Rg;Astoria
20.00;2;2;202302;Feb;Wed;Morning;Low;Coffee beans;Green beans;Guatemalan Sustainably Grown;Astoria
21.00;6;3;202302;Feb;Wed;Morning;Med;Coffee;Gourmet brewed coffee;Ethiopia Lg;Astoria
7.50;2;2;202302;Feb;Wed;Morning;Low;Bakery;Pastry;Almond Croissant;Lower Manhattan
15.00;6;5;202302;Feb;Wed;Morning;Low;Tea;Brewed Green tea;Serenity Green Tea Rg;Astoria
42.00;2;2;202302;Feb;Wed;Morning;High;Coffee beans;Gourmet Beans;Ethiopia;Astoria
9.00;2;2;202302;Feb;Wed;Morning;Low;Bakery;Scone;Scottish Cream Scone ;Astoria
17.50;7;5;202302;Feb;Wed;Morning;Low;Tea;Brewed Black tea;English Breakfast Rg;Astoria
24.50;7;7;202302;Feb;Wed;Morning;Med;Bakery;Biscotti;Chocolate Chip Biscotti;Astoria
2.20;1;1;202302;Feb;Wed;Morning;Low;Coffee;Organic brewed coffee;Brazilian Sm;Astoria
14.00;1;1;202302;Feb;Wed;Morning;Low;Branded;Housewares;I Need My Bean! Latte cup;Astoria
12.00;4;3;202302;Feb;Wed;Morning;Low;Coffee;Drip coffee;Our Old Time Diner Blend Lg;Astoria
19.75;1;1;202302;Feb;Wed;Morning;Low;Coffee beans;Premium Beans;Jamacian Coffee River;Astoria
13.50;6;6;202302;Feb;Wed;Morning;Low;Coffee;Barista Espresso;Ouro Brasileiro shot;Hell's Kitchen
14.75;1;1;202302;Feb;Wed;Morning;Low;Coffee beans;Espresso Beans;Espresso Roast;Astoria
12.00;1;1;202302;Feb;Wed;Morning;Low;Branded;Housewares;I Need My Bean! Diner mug;Lower Manhattan
1.60;2;1;202302;Feb;Wed;Morning;Low;Flavours;Regular syrup;Carmel syrup;Hell's Kitchen
7.60;1;1;202302;Feb;Wed;Morning;Low;Packaged Chocolate;Organic Chocolate;Sustainably Grown Organic;Astoria
8.95;1;1;202302;Feb;Wed;Morning;Low;Loose Tea;Black tea;English Breakfast;Hell's Kitchen
10.95;1;1;202302;Feb;Wed;Morning;Low;Loose Tea;Chai tea;Spicy Eye Opener Chai;Astoria
3.00;1;1;202302;Feb;Wed;Morning;Low;Bakery;Scone;Oatmeal Scone;Hell's Kitchen
10.95;1;1;202302;Feb;Wed;Morning;Low;Loose Tea;Chai tea;Spicy Eye Opener Chai;Hell's Kitchen
7.60;1;1;202302;Feb;Wed;Afternoon;Low;Packaged Chocolate;Organic Chocolate;Sustainably Grown Organic;Lower Manhattan
1.60;2;1;202302;Feb;Wed;Afternoon;Low;Flavours;Regular syrup;Carmel syrup;Astoria
3.00;1;1;202302;Feb;Wed;Afternoon;Low;Tea;Brewed Black tea;Earl Grey Lg;Lower Manhattan
18.00;1;1;202302;Feb;Wed;Afternoon;Low;Coffee beans;Organic Beans;Brazilian - Organic;Astoria
7.20;3;2;202302;Feb;Wed;Afternoon;Low;Coffee;Barista Espresso;Ouro Brasileiro shot;Lower Manhattan
3.20;4;3;202302;Feb;Wed;Afternoon;Low;Flavours;Regular syrup;Hazelnut syrup;Lower Manhattan
1.60;2;1;202302;Feb;Wed;Afternoon;Low;Flavours;Regular syrup;Chocolate syrup;Astoria
12.00;1;1;202302;Feb;Wed;Afternoon;Low;Branded;Housewares;I Need My Bean! Diner mug;Lower Manhattan
22.50;1;1;202302;Feb;Wed;Afternoon;Med;Coffee beans;Organic Beans;Organic Decaf Blend;Lower Manhattan
2.50;1;1;202302;Feb;Wed;Afternoon;Low;Tea;Brewed Green tea;Serenity Green Tea Rg;Hell's Kitchen
8.95;1;1;202302;Feb;Wed;Evening;Low;Loose Tea;Herbal tea;Peppermint;Astoria
8.95;1;1;202302;Feb;Wed;Evening;Low;Loose Tea;Black tea;Earl Grey;Hell's Kitchen
18.60;6;4;202302;Feb;Wed;Evening;Low;Tea;Brewed Chai tea;Spicy Eye Opener Chai Lg;Astoria
4.80;6;3;202302;Feb;Wed;Evening;Low;Flavours;Regular syrup;Hazelnut syrup;Lower Manhattan
6.00;3;3;202302;Feb;Wed;Evening;Low;Coffee;Gourmet brewed coffee;Columbian Medium Roast Sm;Lower Manhattan
8.95;1;1;202302;Feb;Wed;Evening;Low;Loose Tea;Chai tea;Traditional Blend Chai;Hell's Kitchen
21.00;7;4;202302;Feb;Wed;Evening;Med;Tea;Brewed Black tea;Earl Grey Lg;Lower Manhattan
22.50;1;1;202302;Feb;Wed;Evening;Med;Coffee beans;Organic Beans;Organic Decaf Blend;Hell's Kitchen
28.00;1;1;202302;Feb;Wed;Evening;Med;Branded;Clothing;I Need My Bean! T-shirt;Astoria
24.00;2;2;202302;Feb;Wed;Evening;Med;Branded;Housewares;I Need My Bean! Diner mug;Lower Manhattan
0.80;1;1;202302;Feb;Wed;Evening;Low;Flavours;Regular syrup;Chocolate syrup;Astoria
3.25;1;1;202302;Feb;Wed;Evening;Low;Bakery;Scone;Ginger Scone;Hell's Kitchen
11.00;5;3;202302;Feb;Wed;Evening;Low;Coffee;Gourmet brewed coffee;Ethiopia Sm;Astoria
10.00;4;2;202302;Feb;Wed;Evening;Low;Tea;Brewed herbal tea;Lemon Grass Rg;Astoria
2.50;1;1;202302;Feb;Thu;Night;Low;Tea;Brewed herbal tea;Peppermint Rg;Lower Manhattan
10.00;4;2;202302;Feb;Thu;Night;Low;Tea;Brewed Chai tea;Traditional Blend Chai Rg;Lower Manhattan
3.75;1;1;202302;Feb;Thu;Night;Low;Bakery;Pastry;Chocolate Croissant;Lower Manhattan
12.50;5;3;202302;Feb;Thu;Night;Low;Tea;Brewed Black tea;English Breakfast Rg;Lower Manhattan
3.25;1;1;202302;Feb;Thu;Night;Low;Bakery;Scone;Cranberry Scone;Lower Manhattan
18.75;5;2;202302;Feb;Thu;Night;Low;Coffee;Premium brewed coffee;Jamaican Coffee River Lg;Lower Manhattan
8.00;4;3;202302;Feb;Thu;Night;Low;Coffee;Drip coffee;Our Old Time Diner Blend Sm;Lower Manhattan
3.10;1;1;202302;Feb;Thu;Night;Low;Coffee;Premium brewed coffee;Jamaican Coffee River Rg;Lower Manhattan
10.95;1;1;202302;Feb;Thu;Night;Low;Loose Tea;Chai tea;Spicy Eye Opener Chai;Lower Manhattan
3.00;1;1;202302;Feb;Thu;Night;Low;Tea;Brewed Chai tea;Traditional Blend Chai Lg;Lower Manhattan
7.00;2;1;202302;Feb;Thu;Night;Low;Drinking Chocolate;Hot chocolate;Dark chocolate Rg;Hell's Kitchen
6.00;2;1;202302;Feb;Thu;Night;Low;Coffee;Organic brewed coffee;Brazilian Rg;Lower Manhattan
6.00;2;2;202302;Feb;Thu;Night;Low;Bakery;Scone;Oatmeal Scone;Lower Manhattan
28.00;2;2;202302;Feb;Thu;Night;Med;Branded;Housewares;I Need My Bean! Latte cup;Lower Manhattan
7.50;2;1;202302;Feb;Thu;Night;Low;Drinking Chocolate;Hot chocolate;Sustainably Grown Organic Rg;Hell's Kitchen
12.00;4;2;202302;Feb;Thu;Night;Low;Tea;Brewed Chai tea;Traditional Blend Chai Lg;Hell's Kitchen
3.25;1;1;202302;Feb;Thu;Night;Low;Bakery;Scone;Ginger Scone;Hell's Kitchen
4.90;2;2;202302;Feb;Thu;Night;Low;Coffee;Premium brewed coffee;Jamaican Coffee River Sm;Lower Manhattan
6.00;2;1;202302;Feb;Thu;Night;Low;Coffee;Gourmet brewed coffee;Ethiopia Rg;Lower Manhattan
12.00;4;2;202302;Feb;Thu;Night;Low;Tea;Brewed Green tea;Serenity Green Tea Lg;Hell's Kitchen
9.50;1;1;202302;Feb;Thu;Night;Low;Loose Tea;Chai tea;Morning Sunrise Chai;Hell's Kitchen
5.00;2;2;202302;Feb;Thu;Night;Low;Coffee;Drip coffee;Our Old Time Diner Blend Rg;Lower Manhattan
3.75;1;1;202302;Feb;Thu;Night;Low;Bakery;Pastry;Chocolate Croissant;Hell's Kitchen
15.00;1;1;202302;Feb;Thu;Morning;Low;Coffee beans;Gourmet Beans;Columbian Medium Roast;Hell's Kitchen
10.00;1;1;202302;Feb;Thu;Morning;Low;Coffee beans;Green beans;Guatemalan Sustainably Grown;Astoria
1.60;2;1;202302;Feb;Thu;Morning;Low;Flavours;Sugar free syrup;Sugar Free Vanilla syrup;Astoria
9.00;3;3;202302;Feb;Thu;Morning;Low;Bakery;Scone;Oatmeal Scone;Astoria
20.00;8;6;202302;Feb;Thu;Morning;Low;Tea;Brewed Green tea;Serenity Green Tea Rg;Astoria
36.00;2;2;202302;Feb;Thu;Morning;Med;Coffee beans;House blend Beans;Our Old Time Diner Blend;Hell's Kitchen
28.00;8;6;202302;Feb;Thu;Morning;Med;Coffee;Organic brewed coffee;Brazilian Lg;Astoria
3.20;4;3;202302;Feb;Thu;Morning;Low;Flavours;Regular syrup;Carmel syrup;Lower Manhattan
20.00;2;2;202302;Feb;Thu;Morning;Low;Coffee beans;Green beans;Guatemalan Sustainably Grown;Hell's Kitchen
7.20;9;5;202302;Feb;Thu;Morning;Low;Flavours;Regular syrup;Chocolate syrup;Lower Manhattan
8.95;1;1;202302;Feb;Thu;Morning;Low;Loose Tea;Herbal tea;Lemon Grass;Lower Manhattan
28.00;2;2;202302;Feb;Thu;Morning;Med;Branded;Housewares;I Need My Bean! Latte cup;Hell's Kitchen
8.95;1;1;202302;Feb;Thu;Morning;Low;Loose Tea;Herbal tea;Peppermint;Hell's Kitchen
2.40;3;3;202302;Feb;Thu;Morning;Low;Flavours;Regular syrup;Carmel syrup;Astoria
8.95;1;1;202302;Feb;Thu;Morning;Low;Loose Tea;Herbal tea;Lemon Grass;Astoria
8.95;1;1;202302;Feb;Thu;Morning;Low;Loose Tea;Chai tea;Traditional Blend Chai;Astoria
5.60;7;5;202302;Feb;Thu;Morning;Low;Flavours;Regular syrup;Chocolate syrup;Astoria
10.50;3;3;202302;Feb;Thu;Morning;Low;Bakery;Biscotti;Chocolate Chip Biscotti;Astoria
21.60;9;6;202302;Feb;Thu;Morning;Med;Coffee;Barista Espresso;Ouro Brasileiro shot;Lower Manhattan
15.00;6;4;202302;Feb;Thu;Morning;Low;Coffee;Drip coffee;Our Old Time Diner Blend Rg;Astoria
11.25;3;3;202302;Feb;Thu;Morning;Low;Bakery;Pastry;Almond Croissant;Astoria
45.00;1;1;202302;Feb;Thu;Morning;High;Coffee beans;Premium Beans;Civet Cat;Astoria
3.50;1;1;202302;Feb;Thu;Morning;Low;Bakery;Biscotti;Ginger Biscotti;Lower Manhattan
14.75;1;1;202302;Feb;Thu;Morning;Low;Coffee beans;Espresso Beans;Espresso Roast;Lower Manhattan
22.50;1;1;202302;Feb;Thu;Morning;Med;Coffee beans;Organic Beans;Organic Decaf Blend;Astoria
18.00;1;1;202302;Feb;Thu;Morning;Low;Coffee beans;Organic Beans;Brazilian - Organic;Astoria
15.00;5;3;202302;Feb;Thu;Morning;Low;Tea;Brewed Black tea;English Breakfast Lg;Lower Manhattan
12.00;4;3;202302;Feb;Thu;Morning;Low;Coffee;Gourmet brewed coffee;Ethiopia Rg;Astoria
13.50;3;3;202302;Feb;Thu;Morning;Low;Bakery;Scone;Scottish Cream Scone ;Astoria
5.60;7;5;202302;Feb;Thu;Morning;Low;Flavours;Sugar free syrup;Sugar Free Vanilla syrup;Lower Manhattan
9.25;1;1;202302;Feb;Thu;Morning;Low;Loose Tea;Green tea;Serenity Green Tea;Lower Manhattan
9.00;2;2;202302;Feb;Thu;Morning;Low;Bakery;Scone;Scottish Cream Scone ;Lower Manhattan
45.00;1;1;202302;Feb;Thu;Morning;High;Coffee beans;Premium Beans;Civet Cat;Lower Manhattan
20.45;1;1;202302;Feb;Thu;Morning;very high;Coffee beans;Espresso Beans;Primo Espresso Roast;Hell's Kitchen
3.20;4;2;202302;Feb;Thu;Morning;Low;Flavours;Regular syrup;Chocolate syrup;Hell's Kitchen
4.00;5;3;202302;Feb;Thu;Morning;Low;Flavours;Regular syrup;Hazelnut syrup;Hell's Kitchen
7.50;2;2;202302;Feb;Thu;Morning;Low;Coffee;Premium brewed coffee;Jamaican Coffee River Lg;Hell's Kitchen
26.66;2;2;202302;Feb;Thu;Morning;Med;Packaged Chocolate;Drinking Chocolate;Chili Mayan;Hell's Kitchen
11.25;3;3;202302;Feb;Thu;Afternoon;Low;Coffee;Premium brewed coffee;Jamaican Coffee River Lg;Lower Manhattan
1.60;2;2;202302;Feb;Thu;Afternoon;Low;Flavours;Regular syrup;Carmel syrup;Lower Manhattan
4.40;2;2;202302;Feb;Thu;Afternoon;Low;Coffee;Gourmet brewed coffee;Ethiopia Sm;Lower Manhattan
1.60;2;1;202302;Feb;Thu;Afternoon;Low;Flavours;Regular syrup;Carmel syrup;Astoria
15.00;1;1;202302;Feb;Thu;Afternoon;Low;Coffee beans;Gourmet Beans;Columbian Medium Roast;Lower Manhattan
11.25;3;3;202302;Feb;Thu;Afternoon;Low;Bakery;Scone;Jumbo Savory Scone;Astoria
1.60;2;2;202302;Feb;Thu;Afternoon;Low;Flavours;Regular syrup;Chocolate syrup;Hell's Kitchen
3.20;4;3;202302;Feb;Thu;Afternoon;Low;Flavours;Sugar free syrup;Sugar Free Vanilla syrup;Lower Manhattan
6.40;1;1;202302;Feb;Thu;Afternoon;Low;Packaged Chocolate;Drinking Chocolate;Dark chocolate;Lower Manhattan
7.00;2;2;202302;Feb;Thu;Afternoon;Low;Bakery;Pastry;Croissant;Hell's Kitchen
3.50;1;1;202302;Feb;Thu;Afternoon;Low;Bakery;Biscotti;Ginger Biscotti;Astoria
28.00;1;1;202302;Feb;Thu;Afternoon;Med;Branded;Clothing;I Need My Bean! T-shirt;Astoria
2.40;3;2;202302;Feb;Thu;Afternoon;Low;Flavours;Regular syrup;Chocolate syrup;Lower Manhattan
3.25;1;1;202302;Feb;Thu;Afternoon;Low;Bakery;Scone;Ginger Scone;Hell's Kitchen
7.50;3;3;202302;Feb;Thu;Afternoon;Low;Tea;Brewed Black tea;English Breakfast Rg;Astoria
14.00;1;1;202302;Feb;Thu;Afternoon;Low;Branded;Housewares;I Need My Bean! Latte cup;Lower Manhattan
9.50;1;1;202302;Feb;Thu;Afternoon;Low;Loose Tea;Chai tea;Morning Sunrise Chai;Astoria
12.00;1;1;202302;Feb;Thu;Afternoon;Low;Branded;Housewares;I Need My Bean! Diner mug;Lower Manhattan
2.50;1;1;202302;Feb;Thu;Afternoon;Low;Coffee;Gourmet brewed coffee;Columbian Medium Roast Rg;Lower Manhattan
5.00;2;1;202302;Feb;Thu;Afternoon;Low;Tea;Brewed herbal tea;Lemon Grass Rg;Hell's Kitchen
10.50;3;3;202302;Feb;Thu;Afternoon;Low;Coffee;Gourmet brewed coffee;Ethiopia Lg;Astoria
14.00;1;1;202302;Feb;Thu;Evening;Low;Branded;Housewares;I Need My Bean! Latte cup;Astoria
5.00;2;1;202302;Feb;Thu;Evening;Low;Tea;Brewed herbal tea;Lemon Grass Rg;Astoria
9.50;2;2;202302;Feb;Thu;Evening;Low;Drinking Chocolate;Hot chocolate;Sustainably Grown Organic Lg;Lower Manhattan
5.00;2;2;202302;Feb;Thu;Evening;Low;Coffee;Gourmet brewed coffee;Columbian Medium Roast Rg;Hell's Kitchen
9.00;3;2;202302;Feb;Thu;Evening;Low;Tea;Brewed Chai tea;Traditional Blend Chai Lg;Lower Manhattan
0.80;1;1;202302;Feb;Thu;Evening;Low;Flavours;Regular syrup;Hazelnut syrup;Astoria
3.00;1;1;202302;Feb;Thu;Evening;Low;Coffee;Organic brewed coffee;Brazilian Rg;Hell's Kitchen
8.95;1;1;202302;Feb;Thu;Evening;Low;Loose Tea;Herbal tea;Peppermint;Hell's Kitchen
10.50;3;2;202302;Feb;Thu;Evening;Low;Coffee;Organic brewed coffee;Brazilian Lg;Lower Manhattan
12.40;4;2;202302;Feb;Thu;Evening;Low;Coffee;Premium brewed coffee;Jamaican Coffee River Rg;Astoria
8.50;2;2;202302;Feb;Thu;Evening;Low;Coffee;Barista Espresso;Latte Rg;Astoria
2.40;3;2;202302;Feb;Thu;Evening;Low;Flavours;Sugar free syrup;Sugar Free Vanilla syrup;Astoria
7.50;3;3;202302;Feb;Thu;Evening;Low;Coffee;Gourmet brewed coffee;Columbian Medium Roast Rg;Lower Manhattan
7.50;2;2;202302;Feb;Thu;Evening;Low;Coffee;Barista Espresso;Cappuccino;Hell's Kitchen
2.40;3;2;202302;Feb;Thu;Evening;Low;Flavours;Sugar free syrup;Sugar Free Vanilla syrup;Hell's Kitchen
8.95;1;1;202302;Feb;Thu;Evening;Low;Loose Tea;Black tea;Earl Grey;Astoria
31.50;9;5;202302;Feb;Thu;Evening;Med;Coffee;Organic brewed coffee;Brazilian Lg;Astoria
26.25;7;4;202302;Feb;Thu;Evening;Med;Coffee;Barista Espresso;Latte;Hell's Kitchen
9.00;3;2;202302;Feb;Thu;Evening;Low;Tea;Brewed herbal tea;Peppermint Lg;Hell's Kitchen
12.40;4;3;202302;Feb;Fri;Night;Low;Coffee;Premium brewed coffee;Jamaican Coffee River Rg;Lower Manhattan
3.50;1;1;202302;Feb;Fri;Night;Low;Bakery;Pastry;Croissant;Lower Manhattan
5.00;2;2;202302;Feb;Fri;Night;Low;Tea;Brewed Chai tea;Traditional Blend Chai Rg;Lower Manhattan
6.00;2;1;202302;Feb;Fri;Night;Low;Tea;Brewed Black tea;English Breakfast Lg;Lower Manhattan
6.00;2;2;202302;Feb;Fri;Night;Low;Bakery;Scone;Oatmeal Scone;Hell's Kitchen
5.00;2;1;202302;Feb;Fri;Night;Low;Tea;Brewed Chai tea;Traditional Blend Chai Rg;Hell's Kitchen
10.95;1;1;202302;Feb;Fri;Night;Low;Loose Tea;Chai tea;Spicy Eye Opener Chai;Lower Manhattan
2.00;1;1;202302;Feb;Fri;Night;Low;Coffee;Gourmet brewed coffee;Columbian Medium Roast Sm;Lower Manhattan
6.20;2;2;202302;Feb;Fri;Night;Low;Tea;Brewed Chai tea;Spicy Eye Opener Chai Lg;Lower Manhattan
15.00;6;4;202302;Feb;Fri;Night;Low;Tea;Brewed herbal tea;Peppermint Rg;Hell's Kitchen
3.75;1;1;202302;Feb;Fri;Night;Low;Bakery;Pastry;Almond Croissant;Hell's Kitchen
7.50;2;1;202302;Feb;Fri;Night;Low;Coffee;Premium brewed coffee;Jamaican Coffee River Lg;Lower Manhattan
6.50;2;2;202302;Feb;Fri;Night;Low;Bakery;Biscotti;Hazelnut Biscotti;Lower Manhattan
7.00;2;1;202302;Feb;Fri;Night;Low;Coffee;Organic brewed coffee;Brazilian Lg;Hell's Kitchen
3.00;1;1;202302;Feb;Fri;Night;Low;Coffee;Drip coffee;Our Old Time Diner Blend Lg;Lower Manhattan
6.00;2;1;202302;Feb;Fri;Night;Low;Tea;Brewed herbal tea;Peppermint Lg;Lower Manhattan
3.00;1;1;202302;Feb;Fri;Night;Low;Coffee;Gourmet brewed coffee;Columbian Medium Roast Lg;Lower Manhattan
1.60;2;2;202302;Feb;Fri;Night;Low;Flavours;Regular syrup;Carmel syrup;Lower Manhattan
12.00;6;4;202302;Feb;Fri;Morning;Low;Coffee;Gourmet brewed coffee;Columbian Medium Roast Sm;Hell's Kitchen
7.60;1;1;202302;Feb;Fri;Morning;Low;Packaged Chocolate;Organic Chocolate;Sustainably Grown Organic;Hell's Kitchen
26.25;7;5;202302;Feb;Fri;Morning;Med;Coffee;Barista Espresso;Cappuccino;Hell's Kitchen
30.00;10;7;202302;Feb;Fri;Morning;Med;Tea;Brewed Green tea;Serenity Green Tea Lg;Astoria
47.50;10;6;202302;Feb;Fri;Morning;High;Drinking Chocolate;Hot chocolate;Sustainably Grown Organic Lg;Astoria
7.50;3;2;202302;Feb;Fri;Morning;Low;Coffee;Gourmet brewed coffee;Columbian Medium Roast Rg;Hell's Kitchen
21.25;5;4;202302;Feb;Fri;Morning;Med;Coffee;Barista Espresso;Latte Rg;Hell's Kitchen
0.80;1;1;202302;Feb;Fri;Morning;Low;Flavours;Regular syrup;Chocolate syrup;Hell's Kitchen
18.00;1;1;202302;Feb;Fri;Morning;Low;Coffee beans;House blend Beans;Our Old Time Diner Blend;Astoria
10.95;1;1;202302;Feb;Fri;Morning;Low;Loose Tea;Chai tea;Spicy Eye Opener Chai;Astoria
24.00;6;3;202302;Feb;Fri;Morning;Med;Tea;Brewed Chai tea;Morning Sunrise Chai Lg;Lower Manhattan
20.45;1;1;202302;Feb;Fri;Morning;very high;Coffee beans;Espresso Beans;Primo Espresso Roast;Astoria
13.00;4;4;202302;Feb;Fri;Morning;Low;Bakery;Scone;Cranberry Scone;Astoria
6.40;1;1;202302;Feb;Fri;Morning;Low;Packaged Chocolate;Drinking Chocolate;Dark chocolate;Hell's Kitchen
1.60;2;1;202302;Feb;Fri;Afternoon;Low;Flavours;Sugar free syrup;Sugar Free Vanilla syrup;Hell's Kitchen
4.50;1;1;202302;Feb;Fri;Afternoon;Low;Bakery;Scone;Scottish Cream Scone ;Lower Manhattan
3.00;1;1;202302;Feb;Fri;Afternoon;Low;Tea;Brewed Black tea;English Breakfast Lg;Lower Manhattan
9.30;3;2;202302;Feb;Fri;Afternoon;Low;Tea;Brewed Chai tea;Spicy Eye Opener Chai Lg;Lower Manhattan
10.50;3;3;202302;Feb;Fri;Afternoon;Low;Coffee;Gourmet brewed coffee;Ethiopia Lg;Lower Manhattan
9.00;3;2;202302;Feb;Fri;Afternoon;Low;Coffee;Gourmet brewed coffee;Columbian Medium Roast Lg;Astoria
9.50;2;2;202302;Feb;Fri;Afternoon;Low;Drinking Chocolate;Hot chocolate;Sustainably Grown Organic Lg;Lower Manhattan
18.00;6;4;202302;Feb;Fri;Afternoon;Low;Coffee;Barista Espresso;Espresso shot;Hell's Kitchen
19.75;1;1;202302;Feb;Fri;Afternoon;Low;Coffee beans;Premium Beans;Jamacian Coffee River;Hell's Kitchen
14.00;1;1;202302;Feb;Fri;Afternoon;Low;Branded;Housewares;I Need My Bean! Latte cup;Astoria
4.50;1;1;202302;Feb;Fri;Afternoon;Low;Drinking Chocolate;Hot chocolate;Dark chocolate Lg;Hell's Kitchen
15.00;5;5;202302;Feb;Fri;Afternoon;Low;Bakery;Scone;Oatmeal Scone;Astoria
0.80;1;1;202302;Feb;Fri;Afternoon;Low;Flavours;Regular syrup;Carmel syrup;Hell's Kitchen
12.00;4;3;202302;Feb;Fri;Afternoon;Low;Tea;Brewed Black tea;Earl Grey Lg;Astoria
28.00;1;1;202302;Feb;Fri;Afternoon;Med;Branded;Clothing;I Need My Bean! T-shirt;Astoria
1.60;2;1;202302;Feb;Fri;Afternoon;Low;Flavours;Regular syrup;Hazelnut syrup;Lower Manhattan
2.40;3;2;202302;Feb;Fri;Evening;Low;Flavours;Regular syrup;Carmel syrup;Lower Manhattan
6.00;2;1;202302;Feb;Fri;Evening;Low;Tea;Brewed Chai tea;Traditional Blend Chai Lg;Lower Manhattan
0.80;1;1;202302;Feb;Fri;Evening;Low;Flavours;Regular syrup;Hazelnut syrup;Lower Manhattan
5.00;2;1;202302;Feb;Fri;Evening;Low;Tea;Brewed Chai tea;Morning Sunrise Chai Rg;Lower Manhattan
5.00;2;2;202302;Feb;Fri;Evening;Low;Tea;Brewed Green tea;Serenity Green Tea Rg;Lower Manhattan
14.00;1;1;202302;Feb;Fri;Evening;Low;Branded;Housewares;I Need My Bean! Latte cup;Astoria
4.40;2;2;202302;Feb;Fri;Evening;Low;Coffee;Gourmet brewed coffee;Ethiopia Sm;Lower Manhattan
3.00;1;1;202302;Feb;Fri;Evening;Low;Coffee;Barista Espresso;Espresso shot;Hell's Kitchen
1.60;2;1;202302;Feb;Fri;Evening;Low;Flavours;Regular syrup;Chocolate syrup;Hell's Kitchen
7.50;2;1;202302;Feb;Fri;Evening;Low;Drinking Chocolate;Hot chocolate;Sustainably Grown Organic Rg;Lower Manhattan
7.00;2;1;202302;Feb;Fri;Evening;Low;Coffee;Organic brewed coffee;Brazilian Lg;Lower Manhattan
5.00;2;1;202302;Feb;Fri;Evening;Low;Coffee;Drip coffee;Our Old Time Diner Blend Rg;Astoria
2.50;1;1;202302;Feb;Fri;Evening;Low;Tea;Brewed Green tea;Serenity Green Tea Rg;Astoria
17.50;5;3;202302;Feb;Sat;Night;Low;Drinking Chocolate;Hot chocolate;Dark chocolate Rg;Lower Manhattan
7.50;3;3;202302;Feb;Sat;Night;Low;Coffee;Gourmet brewed coffee;Columbian Medium Roast Rg;Lower Manhattan
10.50;3;2;202302;Feb;Sat;Night;Low;Coffee;Organic brewed coffee;Brazilian Lg;Lower Manhattan
2.55;1;1;202302;Feb;Sat;Night;Low;Tea;Brewed Chai tea;Spicy Eye Opener Chai Rg;Hell's Kitchen
3.25;1;1;202302;Feb;Sat;Night;Low;Bakery;Scone;Ginger Scone;Hell's Kitchen
3.00;1;1;202302;Feb;Sat;Night;Low;Tea;Brewed Black tea;English Breakfast Lg;Lower Manhattan
6.40;1;1;202302;Feb;Sat;Night;Low;Packaged Chocolate;Drinking Chocolate;Dark chocolate;Lower Manhattan
2.00;1;1;202302;Feb;Sat;Night;Low;Coffee;Drip coffee;Our Old Time Diner Blend Sm;Hell's Kitchen
18.00;1;1;202302;Feb;Sat;Night;Low;Coffee beans;House blend Beans;Our Old Time Diner Blend;Hell's Kitchen
14.00;1;1;202302;Feb;Sat;Night;Low;Branded;Housewares;I Need My Bean! Latte cup;Lower Manhattan
3.75;1;1;202302;Feb;Sat;Night;Low;Coffee;Premium brewed coffee;Jamaican Coffee River Lg;Hell's Kitchen
6.00;2;1;202302;Feb;Sat;Night;Low;Tea;Brewed Black tea;English Breakfast Lg;Hell's Kitchen
6.00;2;1;202302;Feb;Sat;Night;Low;Tea;Brewed Black tea;Earl Grey Lg;Lower Manhattan
6.00;2;1;202302;Feb;Sat;Night;Low;Coffee;Gourmet brewed coffee;Columbian Medium Roast Lg;Hell's Kitchen
8.00;2;1;202302;Feb;Sat;Night;Low;Tea;Brewed Chai tea;Morning Sunrise Chai Lg;Hell's Kitchen
3.00;1;1;202302;Feb;Sat;Night;Low;Coffee;Drip coffee;Our Old Time Diner Blend Lg;Lower Manhattan
8.95;1;1;202302;Feb;Sat;Night;Low;Loose Tea;Black tea;Earl Grey;Lower Manhattan
15.00;1;1;202302;Feb;Sat;Morning;Low;Coffee beans;Gourmet Beans;Columbian Medium Roast;Lower Manhattan
4.00;5;4;202302;Feb;Sat;Morning;Low;Flavours;Regular syrup;Carmel syrup;Lower Manhattan
17.90;2;2;202302;Feb;Sat;Morning;Low;Loose Tea;Herbal tea;Peppermint;Hell's Kitchen
4.50;1;1;202302;Feb;Sat;Morning;Low;Bakery;Scone;Scottish Cream Scone ;Astoria
17.50;7;6;202302;Feb;Sat;Morning;Low;Tea;Brewed Chai tea;Morning Sunrise Chai Rg;Astoria
8.95;1;1;202302;Feb;Sat;Morning;Low;Loose Tea;Herbal tea;Peppermint;Astoria
14.00;4;4;202302;Feb;Sat;Morning;Low;Bakery;Biscotti;Chocolate Chip Biscotti;Astoria
14.00;4;4;202302;Feb;Sat;Morning;Low;Bakery;Pastry;Croissant;Hell's Kitchen
15.00;1;1;202302;Feb;Sat;Morning;Low;Coffee beans;Gourmet Beans;Columbian Medium Roast;Hell's Kitchen
24.50;7;7;202302;Feb;Sat;Morning;Med;Bakery;Biscotti;Chocolate Chip Biscotti;Hell's Kitchen
14.00;1;1;202302;Feb;Sat;Morning;Low;Branded;Housewares;I Need My Bean! Latte cup;Hell's Kitchen
39.50;2;2;202302;Feb;Sat;Morning;Med;Coffee beans;Premium Beans;Jamacian Coffee River;Hell's Kitchen
8.95;1;1;202302;Feb;Sat;Morning;Low;Loose Tea;Herbal tea;Lemon Grass;Hell's Kitchen
3.25;1;1;202302;Feb;Sat;Morning;Low;Bakery;Scone;Ginger Scone;Astoria
38.25;9;6;202302;Feb;Sat;Morning;Med;Coffee;Barista Espresso;Cappuccino Lg;Astoria
14.75;1;1;202302;Feb;Sat;Morning;Low;Coffee beans;Espresso Beans;Espresso Roast;Hell's Kitchen
16.25;5;5;202302;Feb;Sat;Morning;Low;Bakery;Biscotti;Hazelnut Biscotti;Astoria
22.50;6;6;202302;Feb;Sat;Morning;Med;Bakery;Scone;Jumbo Savory Scone;Astoria
8.95;1;1;202302;Feb;Sat;Morning;Low;Loose Tea;Black tea;English Breakfast;Hell's Kitchen
27.90;9;5;202302;Feb;Sat;Morning;Med;Coffee;Premium brewed coffee;Jamaican Coffee River Rg;Astoria
45.00;1;1;202302;Feb;Sat;Morning;High;Coffee beans;Premium Beans;Civet Cat;Hell's Kitchen
45.00;1;1;202302;Feb;Sat;Morning;High;Coffee beans;Premium Beans;Civet Cat;Astoria
8.95;1;1;202302;Feb;Sat;Morning;Low;Loose Tea;Herbal tea;Lemon Grass;Astoria
10.00;1;1;202302;Feb;Sat;Morning;Low;Coffee beans;Green beans;Guatemalan Sustainably Grown;Hell's Kitchen
13.33;1;1;202302;Feb;Sat;Morning;Low;Packaged Chocolate;Drinking Chocolate;Chili Mayan;Astoria
9.50;1;1;202302;Feb;Sat;Morning;Low;Loose Tea;Chai tea;Morning Sunrise Chai;Hell's Kitchen
5.10;2;1;202302;Feb;Sat;Afternoon;Low;Tea;Brewed Chai tea;Spicy Eye Opener Chai Rg;Hell's Kitchen
21.00;7;4;202302;Feb;Sat;Afternoon;Med;Coffee;Barista Espresso;Espresso shot;Hell's Kitchen
6.00;2;2;202302;Feb;Sat;Afternoon;Low;Coffee;Drip coffee;Our Old Time Diner Blend Lg;Lower Manhattan
4.00;5;4;202302;Feb;Sat;Afternoon;Low;Flavours;Regular syrup;Hazelnut syrup;Lower Manhattan
7.50;3;3;202302;Feb;Sat;Afternoon;Low;Coffee;Drip coffee;Our Old Time Diner Blend Rg;Lower Manhattan
30.00;2;2;202302;Feb;Sat;Afternoon;Med;Coffee beans;Gourmet Beans;Columbian Medium Roast;Lower Manhattan
3.20;4;3;202302;Feb;Sat;Afternoon;Low;Flavours;Regular syrup;Chocolate syrup;Lower Manhattan
12.00;4;2;202302;Feb;Sat;Afternoon;Low;Tea;Brewed Chai tea;Traditional Blend Chai Lg;Hell's Kitchen
15.00;6;4;202302;Feb;Sat;Afternoon;Low;Tea;Brewed herbal tea;Peppermint Rg;Astoria
0.80;1;1;202302;Feb;Sat;Afternoon;Low;Flavours;Regular syrup;Chocolate syrup;Astoria
8.95;1;1;202302;Feb;Sat;Afternoon;Low;Loose Tea;Black tea;English Breakfast;Lower Manhattan
21.00;1;1;202302;Feb;Sat;Afternoon;Med;Coffee beans;Gourmet Beans;Ethiopia;Lower Manhattan
0.80;1;1;202302;Feb;Sat;Evening;Low;Flavours;Regular syrup;Chocolate syrup;Astoria
56.00;2;2;202302;Feb;Sat;Evening;High;Branded;Clothing;I Need My Bean! T-shirt;Astoria
12.50;5;3;202302;Feb;Sat;Evening;Low;Tea;Brewed Chai tea;Traditional Blend Chai Rg;Astoria
6.00;2;1;202302;Feb;Sat;Evening;Low;Tea;Brewed Black tea;Earl Grey Lg;Lower Manhattan
7.50;3;2;202302;Feb;Sat;Evening;Low;Coffee;Drip coffee;Our Old Time Diner Blend Rg;Lower Manhattan
2.55;1;1;202302;Feb;Sat;Evening;Low;Tea;Brewed Chai tea;Spicy Eye Opener Chai Rg;Lower Manhattan
8.00;4;3;202302;Feb;Sat;Evening;Low;Coffee;Gourmet brewed coffee;Columbian Medium Roast Sm;Lower Manhattan
3.00;1;1;202302;Feb;Sat;Evening;Low;Tea;Brewed Black tea;English Breakfast Lg;Lower Manhattan
20.45;1;1;202302;Feb;Sat;Evening;very high;Coffee beans;Espresso Beans;Primo Espresso Roast;Astoria
15.00;4;2;202302;Feb;Sat;Evening;Low;Drinking Chocolate;Hot chocolate;Sustainably Grown Organic Rg;Lower Manhattan
15.00;4;2;202302;Feb;Sat;Evening;Low;Coffee;Barista Espresso;Cappuccino;Hell's Kitchen
3.20;4;3;202302;Feb;Sat;Evening;Low;Flavours;Regular syrup;Carmel syrup;Lower Manhattan
9.00;3;2;202302;Feb;Sat;Evening;Low;Coffee;Gourmet brewed coffee;Columbian Medium Roast Lg;Lower Manhattan
7.60;1;1;202302;Feb;Sat;Evening;Low;Packaged Chocolate;Organic Chocolate;Sustainably Grown Organic;Lower Manhattan
0.80;1;1;202302;Feb;Sat;Evening;Low;Flavours;Regular syrup;Chocolate syrup;Hell's Kitchen
12.00;1;1;202302;Feb;Sat;Evening;Low;Branded;Housewares;I Need My Bean! Diner mug;Astoria
3.00;1;1;202302;Feb;Sat;Evening;Low;Bakery;Scone;Oatmeal Scone;Astoria
14.00;4;2;202302;Feb;Sat;Evening;Low;Coffee;Gourmet brewed coffee;Ethiopia Lg;Hell's Kitchen
18.00;6;3;202302;Feb;Sat;Evening;Low;Tea;Brewed herbal tea;Lemon Grass Lg;Hell's Kitchen
14.75;1;1;202302;Feb;Sat;Evening;Low;Coffee beans;Espresso Beans;Espresso Roast;Astoria
3.25;1;1;202302;Feb;Sat;Evening;Low;Bakery;Biscotti;Hazelnut Biscotti;Astoria
5.00;2;1;202302;Feb;Sun;Night;Low;Coffee;Drip coffee;Our Old Time Diner Blend Rg;Lower Manhattan
6.60;3;2;202302;Feb;Sun;Night;Low;Coffee;Organic brewed coffee;Brazilian Sm;Lower Manhattan
2.00;1;1;202302;Feb;Sun;Night;Low;Coffee;Gourmet brewed coffee;Columbian Medium Roast Sm;Lower Manhattan
5.00;2;1;202302;Feb;Sun;Night;Low;Tea;Brewed Chai tea;Morning Sunrise Chai Rg;Lower Manhattan
6.00;2;2;202302;Feb;Sun;Night;Low;Tea;Brewed herbal tea;Lemon Grass Lg;Hell's Kitchen
3.50;1;1;202302;Feb;Sun;Night;Low;Bakery;Biscotti;Ginger Biscotti;Hell's Kitchen
6.00;2;1;202302;Feb;Sun;Night;Low;Coffee;Gourmet brewed coffee;Columbian Medium Roast Lg;Lower Manhattan
3.75;1;1;202302;Feb;Sun;Night;Low;Drinking Chocolate;Hot chocolate;Sustainably Grown Organic Rg;Hell's Kitchen
10.00;4;2;202302;Feb;Sun;Night;Low;Tea;Brewed Green tea;Serenity Green Tea Rg;Hell's Kitchen
7.50;3;2;202302;Feb;Sun;Night;Low;Tea;Brewed herbal tea;Peppermint Rg;Lower Manhattan
12.00;4;2;202302;Feb;Sun;Night;Low;Coffee;Organic brewed coffee;Brazilian Rg;Lower Manhattan
3.25;1;1;202302;Feb;Sun;Night;Low;Bakery;Scone;Cranberry Scone;Lower Manhattan
11.25;3;2;202302;Feb;Sun;Night;Low;Coffee;Barista Espresso;Cappuccino;Hell's Kitchen
2.55;1;1;202302;Feb;Sun;Night;Low;Tea;Brewed Chai tea;Spicy Eye Opener Chai Rg;Hell's Kitchen
10.00;1;1;202302;Feb;Sun;Night;Low;Coffee beans;Green beans;Guatemalan Sustainably Grown;Hell's Kitchen
14.25;3;2;202302;Feb;Sun;Night;Low;Drinking Chocolate;Hot chocolate;Sustainably Grown Organic Lg;Lower Manhattan
2.50;1;1;202302;Feb;Sun;Night;Low;Tea;Brewed Green tea;Serenity Green Tea Rg;Lower Manhattan
2.45;1;1;202302;Feb;Sun;Night;Low;Coffee;Premium brewed coffee;Jamaican Coffee River Sm;Hell's Kitchen
6.00;2;1;202302;Feb;Sun;Night;Low;Coffee;Gourmet brewed coffee;Columbian Medium Roast Lg;Hell's Kitchen
3.75;1;1;202302;Feb;Sun;Night;Low;Bakery;Scone;Jumbo Savory Scone;Lower Manhattan
3.00;1;1;202302;Feb;Sun;Night;Low;Tea;Brewed Green tea;Serenity Green Tea Lg;Hell's Kitchen
7.50;2;1;202302;Feb;Sun;Night;Low;Coffee;Barista Espresso;Latte;Hell's Kitchen
0.80;1;1;202302;Feb;Sun;Night;Low;Flavours;Regular syrup;Hazelnut syrup;Hell's Kitchen
3.50;1;1;202302;Feb;Sun;Night;Low;Bakery;Biscotti;Chocolate Chip Biscotti;Hell's Kitchen
5.00;2;1;202302;Feb;Sun;Night;Low;Tea;Brewed Black tea;English Breakfast Rg;Hell's Kitchen
21.70;7;5;202302;Feb;Sun;Morning;Med;Coffee;Premium brewed coffee;Jamaican Coffee River Rg;Hell's Kitchen
9.00;3;3;202302;Feb;Sun;Morning;Low;Bakery;Scone;Oatmeal Scone;Hell's Kitchen
22.50;6;4;202302;Feb;Sun;Morning;Med;Coffee;Barista Espresso;Latte;Astoria
42.00;2;2;202302;Feb;Sun;Morning;High;Coffee beans;Gourmet Beans;Ethiopia;Lower Manhattan
18.75;5;5;202302;Feb;Sun;Morning;Low;Bakery;Pastry;Almond Croissant;Astoria
19.00;4;3;202302;Feb;Sun;Morning;Low;Drinking Chocolate;Hot chocolate;Sustainably Grown Organic Lg;Astoria
12.00;3;2;202302;Feb;Sun;Morning;Low;Tea;Brewed Chai tea;Morning Sunrise Chai Lg;Lower Manhattan
26.00;8;8;202302;Feb;Sun;Morning;Med;Bakery;Biscotti;Hazelnut Biscotti;Hell's Kitchen
0.80;1;1;202302;Feb;Sun;Morning;Low;Flavours;Sugar free syrup;Sugar Free Vanilla syrup;Astoria
15.00;1;1;202302;Feb;Sun;Morning;Low;Coffee beans;Gourmet Beans;Columbian Medium Roast;Astoria
18.00;6;5;202302;Feb;Sun;Morning;Low;Tea;Brewed Black tea;English Breakfast Lg;Astoria
26.25;7;7;202302;Feb;Sun;Morning;Med;Bakery;Scone;Jumbo Savory Scone;Hell's Kitchen
8.95;1;1;202302;Feb;Sun;Morning;Low;Loose Tea;Herbal tea;Peppermint;Astoria
8.95;1;1;202302;Feb;Sun;Morning;Low;Loose Tea;Herbal tea;Peppermint;Hell's Kitchen
16.00;8;6;202302;Feb;Sun;Morning;Low;Coffee;Gourmet brewed coffee;Columbian Medium Roast Sm;Hell's Kitchen
24.00;8;4;202302;Feb;Sun;Morning;Med;Tea;Brewed Black tea;Earl Grey Lg;Astoria
15.00;5;3;202302;Feb;Sun;Morning;Low;Tea;Brewed herbal tea;Lemon Grass Lg;Astoria
31.50;9;6;202302;Feb;Sun;Morning;Med;Coffee;Gourmet brewed coffee;Ethiopia Lg;Astoria
18.00;1;1;202302;Feb;Sun;Morning;Low;Coffee beans;House blend Beans;Our Old Time Diner Blend;Astoria
0.80;1;1;202302;Feb;Sun;Morning;Low;Flavours;Regular syrup;Hazelnut syrup;Astoria
9.00;2;2;202302;Feb;Sun;Morning;Low;Bakery;Scone;Scottish Cream Scone ;Astoria
9.25;1;1;202302;Feb;Sun;Morning;Low;Loose Tea;Green tea;Serenity Green Tea;Astoria
15.00;5;3;202302;Feb;Sun;Morning;Low;Tea;Brewed herbal tea;Peppermint Lg;Astoria
8.95;1;1;202302;Feb;Sun;Morning;Low;Loose Tea;Black tea;English Breakfast;Astoria
14.00;1;1;202302;Feb;Sun;Morning;Low;Branded;Housewares;I Need My Bean! Latte cup;Astoria
10.00;1;1;202302;Feb;Sun;Morning;Low;Coffee beans;Green beans;Guatemalan Sustainably Grown;Hell's Kitchen
10.00;1;1;202302;Feb;Sun;Morning;Low;Coffee beans;Green beans;Guatemalan Sustainably Grown;Astoria
14.75;1;1;202302;Feb;Sun;Morning;Low;Coffee beans;Espresso Beans;Espresso Roast;Hell's Kitchen
18.50;2;2;202302;Feb;Sun;Morning;Low;Loose Tea;Green tea;Serenity Green Tea;Hell's Kitchen
45.00;1;1;202302;Feb;Sun;Morning;High;Coffee beans;Premium Beans;Civet Cat;Lower Manhattan
0.80;1;1;202302;Feb;Sun;Night;Low;Flavours;Regular syrup;Chocolate syrup;Lower Manhattan
6.00;2;1;202302;Feb;Sun;Afternoon;Low;Tea;Brewed herbal tea;Lemon Grass Lg;Lower Manhattan
20.00;8;4;202302;Feb;Sun;Afternoon;Low;Tea;Brewed herbal tea;Lemon Grass Rg;Astoria
14.00;4;2;202302;Feb;Sun;Afternoon;Low;Coffee;Organic brewed coffee;Brazilian Lg;Hell's Kitchen
0.80;1;1;202302;Feb;Sun;Afternoon;Low;Flavours;Regular syrup;Chocolate syrup;Lower Manhattan
3.75;1;1;202302;Feb;Sun;Afternoon;Low;Coffee;Barista Espresso;Latte;Lower Manhattan
1.60;2;1;202302;Feb;Sun;Afternoon;Low;Flavours;Sugar free syrup;Sugar Free Vanilla syrup;Lower Manhattan
18.00;6;4;202302;Feb;Sun;Afternoon;Low;Tea;Brewed herbal tea;Lemon Grass Lg;Astoria
0.80;1;1;202302;Feb;Sun;Afternoon;Low;Flavours;Sugar free syrup;Sugar Free Vanilla syrup;Hell's Kitchen
9.25;1;1;202302;Feb;Sun;Afternoon;Low;Loose Tea;Green tea;Serenity Green Tea;Hell's Kitchen
3.20;4;3;202302;Feb;Sun;Afternoon;Low;Flavours;Regular syrup;Hazelnut syrup;Lower Manhattan
15.30;6;3;202302;Feb;Sun;Afternoon;Low;Tea;Brewed Chai tea;Spicy Eye Opener Chai Rg;Astoria
12.00;1;1;202302;Feb;Sun;Afternoon;Low;Branded;Housewares;I Need My Bean! Diner mug;Lower Manhattan
8.50;2;1;202302;Feb;Sun;Afternoon;Low;Coffee;Barista Espresso;Cappuccino Lg;Hell's Kitchen
7.00;2;1;202302;Feb;Sun;Afternoon;Low;Coffee;Organic brewed coffee;Brazilian Lg;Lower Manhattan
12.00;3;3;202302;Feb;Sun;Afternoon;Low;Tea;Brewed Chai tea;Morning Sunrise Chai Lg;Astoria
16.25;5;4;202302;Feb;Sun;Afternoon;Low;Bakery;Scone;Ginger Scone;Hell's Kitchen
12.00;4;2;202302;Feb;Sun;Afternoon;Low;Coffee;Gourmet brewed coffee;Columbian Medium Roast Lg;Astoria
3.00;1;1;202302;Feb;Sun;Afternoon;Low;Tea;Brewed Chai tea;Traditional Blend Chai Lg;Lower Manhattan
18.00;1;1;202302;Feb;Sun;Afternoon;Low;Coffee beans;Organic Beans;Brazilian - Organic;Astoria
3.00;1;1;202302;Feb;Sun;Afternoon;Low;Tea;Brewed Chai tea;Traditional Blend Chai Lg;Astoria
3.75;1;1;202302;Feb;Sun;Afternoon;Low;Bakery;Scone;Jumbo Savory Scone;Hell's Kitchen
3.75;1;1;202302;Feb;Sun;Afternoon;Low;Coffee;Barista Espresso;Cappuccino;Lower Manhattan
18.75;5;4;202302;Feb;Sun;Evening;Low;Coffee;Premium brewed coffee;Jamaican Coffee River Lg;Astoria
7.35;3;2;202302;Feb;Sun;Evening;Low;Coffee;Premium brewed coffee;Jamaican Coffee River Sm;Lower Manhattan
12.00;1;1;202302;Feb;Sun;Evening;Low;Branded;Housewares;I Need My Bean! Diner mug;Hell's Kitchen
21.00;1;1;202302;Feb;Sun;Evening;Med;Coffee beans;Gourmet Beans;Ethiopia;Hell's Kitchen
9.00;2;1;202302;Feb;Sun;Evening;Low;Drinking Chocolate;Hot chocolate;Dark chocolate Lg;Lower Manhattan
14.00;1;1;202302;Feb;Sun;Evening;Low;Branded;Housewares;I Need My Bean! Latte cup;Astoria
3.25;1;1;202302;Feb;Sun;Evening;Low;Bakery;Scone;Ginger Scone;Lower Manhattan
4.75;1;1;202302;Feb;Sun;Evening;Low;Drinking Chocolate;Hot chocolate;Sustainably Grown Organic Lg;Lower Manhattan
2.50;1;1;202302;Feb;Sun;Evening;Low;Tea;Brewed Black tea;Earl Grey Rg;Lower Manhattan
0.80;1;1;202302;Feb;Sun;Evening;Low;Flavours;Regular syrup;Chocolate syrup;Lower Manhattan
20.45;1;1;202302;Feb;Sun;Evening;very high;Coffee beans;Espresso Beans;Primo Espresso Roast;Hell's Kitchen
12.00;6;4;202302;Feb;Tue;Afternoon;Low;Coffee;Gourmet brewed coffee;Columbian Medium Roast Sm;Hell's Kitchen
12.00;4;3;202302;Feb;Tue;Evening;Low;Tea;Brewed Black tea;English Breakfast Lg;Hell's Kitchen
8.50;2;1;202302;Feb;Fri;Night;Low;Coffee;Barista Espresso;Cappuccino Lg;Hell's Kitchen
8.00;2;2;202302;Feb;Sat;Night;Low;Tea;Brewed Chai tea;Morning Sunrise Chai Lg;Lower Manhattan
3.75;1;1;202302;Feb;Sat;Night;Low;Bakery;Scone;Jumbo Savory Scone;Hell's Kitchen
3.50;1;1;202302;Feb;Sun;Night;Low;Bakery;Pastry;Croissant;Hell's Kitchen
28.00;1;1;202302;Feb;Sun;Morning;Med;Branded;Clothing;I Need My Bean! T-shirt;Lower Manhattan
42.00;2;2;202302;Feb;Sun;Morning;High;Coffee beans;Gourmet Beans;Ethiopia;Astoria
19.75;1;1;202302;Feb;Sun;Morning;Low;Coffee beans;Premium Beans;Jamacian Coffee River;Astoria
10.50;3;3;202302;Feb;Mon;Morning;Low;Bakery;Biscotti;Chocolate Chip Biscotti;Astoria
8.95;1;1;202302;Feb;Mon;Morning;Low;Loose Tea;Herbal tea;Peppermint;Astoria
8.95;1;1;202302;Feb;Mon;Morning;Low;Loose Tea;Black tea;Earl Grey;Astoria
19.50;6;6;202302;Feb;Mon;Morning;Low;Bakery;Scone;Ginger Scone;Astoria
8.95;1;1;202302;Feb;Mon;Morning;Low;Loose Tea;Chai tea;Traditional Blend Chai;Astoria
10.20;4;3;202302;Feb;Mon;Morning;Low;Tea;Brewed Chai tea;Spicy Eye Opener Chai Rg;Lower Manhattan
7.50;3;2;202302;Feb;Mon;Morning;Low;Tea;Brewed Chai tea;Traditional Blend Chai Rg;Astoria
18.00;6;6;202302;Feb;Mon;Morning;Low;Bakery;Scone;Oatmeal Scone;Astoria
18.60;6;4;202302;Feb;Mon;Morning;Low;Tea;Brewed Chai tea;Spicy Eye Opener Chai Lg;Astoria
56.00;2;2;202302;Feb;Mon;Morning;High;Branded;Clothing;I Need My Bean! T-shirt;Hell's Kitchen
42.00;12;10;202302;Feb;Mon;Morning;High;Coffee;Gourmet brewed coffee;Ethiopia Lg;Astoria
18.00;1;1;202302;Feb;Mon;Morning;Low;Coffee beans;Organic Beans;Brazilian - Organic;Astoria
42.00;2;2;202302;Feb;Mon;Morning;High;Coffee beans;Gourmet Beans;Ethiopia;Hell's Kitchen
17.00;4;3;202302;Feb;Mon;Morning;Low;Coffee;Barista Espresso;Cappuccino Lg;Hell's Kitchen
9.25;1;1;202302;Feb;Mon;Morning;Low;Loose Tea;Green tea;Serenity Green Tea;Hell's Kitchen
14.00;1;1;202302;Feb;Mon;Morning;Low;Branded;Housewares;I Need My Bean! Latte cup;Hell's Kitchen
17.50;5;5;202302;Feb;Mon;Morning;Low;Bakery;Pastry;Croissant;Astoria
21.00;1;1;202302;Feb;Mon;Morning;Med;Coffee beans;Gourmet Beans;Ethiopia;Astoria
6.50;2;2;202302;Feb;Mon;Morning;Low;Bakery;Scone;Cranberry Scone;Astoria
18.75;5;4;202302;Feb;Mon;Morning;Low;Drinking Chocolate;Hot chocolate;Sustainably Grown Organic Rg;Astoria
9.50;1;1;202302;Feb;Mon;Morning;Low;Loose Tea;Chai tea;Morning Sunrise Chai;Astoria
24.00;2;2;202302;Feb;Mon;Morning;Med;Branded;Housewares;I Need My Bean! Diner mug;Lower Manhattan
20.45;1;1;202302;Feb;Mon;Morning;very high;Coffee beans;Espresso Beans;Primo Espresso Roast;Astoria
22.50;1;1;202302;Feb;Mon;Morning;Med;Coffee beans;Organic Beans;Organic Decaf Blend;Lower Manhattan
9.00;3;2;202302;Feb;Mon;Morning;Low;Tea;Brewed herbal tea;Lemon Grass Lg;Lower Manhattan
29.50;2;2;202302;Feb;Mon;Morning;Med;Coffee beans;Espresso Beans;Espresso Roast;Lower Manhattan
7.60;1;1;202302;Feb;Mon;Morning;Low;Packaged Chocolate;Organic Chocolate;Sustainably Grown Organic;Lower Manhattan
4.00;2;2;202302;Feb;Mon;Morning;Low;Coffee;Drip coffee;Our Old Time Diner Blend Sm;Astoria
8.95;1;1;202302;Feb;Mon;Morning;Low;Loose Tea;Herbal tea;Lemon Grass;Astoria
22.50;1;1;202302;Feb;Mon;Afternoon;Med;Coffee beans;Organic Beans;Organic Decaf Blend;Hell's Kitchen
23.60;8;7;202302;Feb;Mon;Afternoon;Med;Bakery;Scone;Ginger Scone;Lower Manhattan
14.00;1;1;202302;Feb;Mon;Afternoon;Low;Branded;Housewares;I Need My Bean! Latte cup;Lower Manhattan
4.00;5;3;202302;Feb;Mon;Afternoon;Low;Flavours;Regular syrup;Carmel syrup;Hell's Kitchen
3.50;1;1;202302;Feb;Mon;Afternoon;Low;Bakery;Pastry;Croissant;Astoria
3.50;1;1;202302;Feb;Mon;Afternoon;Low;Bakery;Biscotti;Ginger Biscotti;Hell's Kitchen
1.60;2;1;202302;Feb;Mon;Afternoon;Low;Flavours;Regular syrup;Carmel syrup;Lower Manhattan
3.00;1;1;202302;Feb;Mon;Afternoon;Low;Coffee;Organic brewed coffee;Brazilian Rg;Hell's Kitchen
10.50;3;2;202302;Feb;Mon;Afternoon;Low;Drinking Chocolate;Hot chocolate;Dark chocolate Rg;Hell's Kitchen
15.00;4;2;202302;Feb;Mon;Afternoon;Low;Coffee;Premium brewed coffee;Jamaican Coffee River Lg;Lower Manhattan
2.40;3;2;202302;Feb;Mon;Afternoon;Low;Flavours;Sugar free syrup;Sugar Free Vanilla syrup;Lower Manhattan
20.00;8;3;202302;Feb;Mon;Afternoon;Low;Tea;Brewed Chai tea;Morning Sunrise Chai Rg;Lower Manhattan
12.00;4;2;202302;Feb;Mon;Afternoon;Low;Coffee;Gourmet brewed coffee;Ethiopia Rg;Lower Manhattan
7.50;2;2;202302;Feb;Mon;Afternoon;Low;Bakery;Scone;Jumbo Savory Scone;Lower Manhattan
8.50;2;1;202302;Feb;Mon;Afternoon;Low;Coffee;Barista Espresso;Latte Rg;Hell's Kitchen
1.60;2;2;202302;Feb;Mon;Afternoon;Low;Flavours;Regular syrup;Chocolate syrup;Hell's Kitchen
22.50;6;3;202302;Feb;Mon;Afternoon;Med;Coffee;Barista Espresso;Latte;Hell's Kitchen
22.50;6;4;202302;Feb;Mon;Afternoon;Med;Drinking Chocolate;Hot chocolate;Sustainably Grown Organic Rg;Hell's Kitchen
10.95;1;1;202302;Feb;Mon;Afternoon;Low;Loose Tea;Chai tea;Spicy Eye Opener Chai;Lower Manhattan
18.00;1;1;202302;Feb;Mon;Afternoon;Low;Coffee beans;Organic Beans;Brazilian - Organic;Astoria
4.75;1;1;202302;Feb;Mon;Afternoon;Low;Drinking Chocolate;Hot chocolate;Sustainably Grown Organic Lg;Astoria
23.40;9;6;202302;Feb;Mon;Afternoon;Med;Coffee;Barista Espresso;Ouro Brasileiro shot;Lower Manhattan
2.50;1;1;202302;Feb;Mon;Afternoon;Low;Tea;Brewed Black tea;Earl Grey Rg;Hell's Kitchen
7.60;1;1;202302;Feb;Mon;Afternoon;Low;Packaged Chocolate;Organic Chocolate;Sustainably Grown Organic;Hell's Kitchen
3.00;1;1;202302;Feb;Mon;Evening;Low;Tea;Brewed herbal tea;Lemon Grass Lg;Lower Manhattan
13.20;6;3;202302;Feb;Mon;Evening;Low;Coffee;Organic brewed coffee;Brazilian Sm;Lower Manhattan
11.25;3;3;202302;Feb;Mon;Evening;Low;Bakery;Scone;Jumbo Savory Scone;Hell's Kitchen
7.00;2;2;202302;Feb;Mon;Evening;Low;Bakery;Pastry;Croissant;Astoria
3.25;1;1;202302;Feb;Mon;Evening;Low;Bakery;Biscotti;Hazelnut Biscotti;Lower Manhattan
6.50;2;2;202302;Feb;Mon;Evening;Low;Bakery;Scone;Cranberry Scone;Astoria
7.00;2;2;202302;Feb;Mon;Evening;Low;Bakery;Biscotti;Ginger Biscotti;Astoria
10.50;3;3;202302;Feb;Mon;Afternoon;Low;Bakery;Biscotti;Chocolate Chip Biscotti;Astoria
12.00;4;3;202302;Feb;Mon;Evening;Low;Coffee;Barista Espresso;Espresso shot;Astoria
6.50;2;2;202302;Feb;Mon;Evening;Low;Bakery;Scone;Ginger Scone;Astoria
4.00;5;3;202302;Feb;Mon;Evening;Low;Flavours;Regular syrup;Carmel syrup;Lower Manhattan
12.00;1;1;202302;Feb;Mon;Evening;Low;Branded;Housewares;I Need My Bean! Diner mug;Lower Manhattan
3.00;1;1;202302;Feb;Mon;Evening;Low;Tea;Brewed Green tea;Serenity Green Tea Lg;Lower Manhattan
13.33;1;1;202302;Feb;Mon;Evening;Low;Packaged Chocolate;Drinking Chocolate;Chili Mayan;Astoria
6.00;2;2;202302;Feb;Mon;Evening;Low;Bakery;Scone;Oatmeal Scone;Astoria
3.75;1;1;202302;Feb;Mon;Evening;Low;Coffee;Barista Espresso;Latte;Hell's Kitchen
9.25;1;1;202302;Feb;Mon;Evening;Low;Loose Tea;Green tea;Serenity Green Tea;Astoria
3.00;1;1;202302;Feb;Mon;Evening;Low;Bakery;Scone;Oatmeal Scone;Hell's Kitchen
2.40;3;2;202302;Feb;Mon;Evening;Low;Flavours;Regular syrup;Chocolate syrup;Hell's Kitchen
14.00;1;1;202302;Feb;Mon;Evening;Low;Branded;Housewares;I Need My Bean! Latte cup;Hell's Kitchen
41.40;15;7;202302;Feb;Tue;Morning;High;Coffee;Barista Espresso;Ouro Brasileiro shot;Lower Manhattan
28.00;1;1;202302;Feb;Tue;Morning;Med;Branded;Clothing;I Need My Bean! T-shirt;Lower Manhattan
7.00;2;2;202302;Feb;Tue;Morning;Low;Bakery;Biscotti;Ginger Biscotti;Hell's Kitchen
7.00;2;2;202302;Feb;Tue;Morning;Low;Bakery;Biscotti;Ginger Biscotti;Astoria
22.50;1;1;202302;Feb;Tue;Morning;Med;Coffee beans;Organic Beans;Organic Decaf Blend;Astoria
21.00;7;4;202302;Feb;Tue;Morning;Med;Tea;Brewed Black tea;Earl Grey Lg;Astoria
21.00;1;1;202302;Feb;Tue;Morning;Med;Coffee beans;Gourmet Beans;Ethiopia;Astoria
19.80;9;5;202302;Feb;Tue;Morning;Low;Coffee;Gourmet brewed coffee;Ethiopia Sm;Astoria
20.00;8;4;202302;Feb;Tue;Morning;Low;Tea;Brewed Green tea;Serenity Green Tea Rg;Hell's Kitchen
13.33;1;1;202302;Feb;Tue;Morning;Low;Packaged Chocolate;Drinking Chocolate;Chili Mayan;Astoria
15.00;1;1;202302;Feb;Tue;Morning;Low;Coffee beans;Gourmet Beans;Columbian Medium Roast;Astoria
45.00;1;1;202302;Feb;Tue;Morning;High;Coffee beans;Premium Beans;Civet Cat;Hell's Kitchen
4.40;2;1;202302;Feb;Tue;Afternoon;Low;Coffee;Organic brewed coffee;Brazilian Sm;Hell's Kitchen
3.50;1;1;202302;Feb;Tue;Afternoon;Low;Coffee;Organic brewed coffee;Brazilian Lg;Astoria
21.70;7;5;202302;Feb;Tue;Afternoon;Med;Coffee;Premium brewed coffee;Jamaican Coffee River Rg;Lower Manhattan
9.00;3;2;202302;Feb;Tue;Afternoon;Low;Tea;Brewed Black tea;Earl Grey Lg;Lower Manhattan
3.75;1;1;202302;Feb;Tue;Afternoon;Low;Bakery;Pastry;Chocolate Croissant;Lower Manhattan
15.00;5;3;202302;Feb;Tue;Afternoon;Low;Coffee;Organic brewed coffee;Brazilian Rg;Lower Manhattan
3.75;1;1;202302;Feb;Tue;Afternoon;Low;Bakery;Pastry;Almond Croissant;Lower Manhattan
1.60;2;1;202302;Feb;Tue;Afternoon;Low;Flavours;Regular syrup;Carmel syrup;Hell's Kitchen
15.00;6;4;202302;Feb;Tue;Afternoon;Low;Tea;Brewed Black tea;Earl Grey Rg;Lower Manhattan
9.30;3;2;202302;Feb;Tue;Afternoon;Low;Tea;Brewed Chai tea;Spicy Eye Opener Chai Lg;Lower Manhattan
29.10;10;6;202302;Feb;Tue;Afternoon;Med;Coffee;Barista Espresso;Ouro Brasileiro shot;Hell's Kitchen
18.00;6;3;202302;Feb;Tue;Afternoon;Low;Tea;Brewed Black tea;English Breakfast Lg;Lower Manhattan
24.50;7;4;202302;Feb;Tue;Afternoon;Med;Coffee;Gourmet brewed coffee;Ethiopia Lg;Hell's Kitchen
19.75;1;1;202302;Feb;Tue;Afternoon;Low;Coffee beans;Premium Beans;Jamacian Coffee River;Lower Manhattan
11.25;3;3;202302;Feb;Tue;Afternoon;Low;Bakery;Pastry;Almond Croissant;Hell's Kitchen
7.50;3;2;202302;Feb;Tue;Afternoon;Low;Tea;Brewed herbal tea;Peppermint Rg;Hell's Kitchen
18.75;5;5;202302;Feb;Tue;Afternoon;Low;Bakery;Pastry;Chocolate Croissant;Hell's Kitchen
10.95;1;1;202302;Feb;Tue;Afternoon;Low;Loose Tea;Chai tea;Spicy Eye Opener Chai;Astoria
3.75;1;1;202302;Feb;Tue;Afternoon;Low;Coffee;Barista Espresso;Cappuccino;Lower Manhattan
28.00;1;1;202302;Feb;Tue;Afternoon;Med;Branded;Clothing;I Need My Bean! T-shirt;Lower Manhattan
12.00;1;1;202302;Feb;Tue;Afternoon;Low;Branded;Housewares;I Need My Bean! Diner mug;Lower Manhattan
22.50;1;1;202302;Feb;Tue;Afternoon;Med;Coffee beans;Organic Beans;Organic Decaf Blend;Hell's Kitchen
14.00;1;1;202302;Feb;Tue;Afternoon;Low;Branded;Housewares;I Need My Bean! Latte cup;Hell's Kitchen
3.25;1;1;202302;Feb;Tue;Afternoon;Low;Bakery;Scone;Cranberry Scone;Astoria
22.50;1;1;202302;Feb;Tue;Afternoon;Med;Coffee beans;Organic Beans;Organic Decaf Blend;Lower Manhattan
3.25;1;1;202302;Feb;Tue;Afternoon;Low;Bakery;Biscotti;Hazelnut Biscotti;Hell's Kitchen
9.75;3;3;202302;Feb;Tue;Afternoon;Low;Bakery;Biscotti;Hazelnut Biscotti;Lower Manhattan
15.00;5;3;202302;Feb;Tue;Afternoon;Low;Tea;Brewed herbal tea;Peppermint Lg;Hell's Kitchen
9.00;3;2;202302;Feb;Tue;Afternoon;Low;Coffee;Gourmet brewed coffee;Columbian Medium Roast Lg;Hell's Kitchen
15.00;4;3;202302;Feb;Tue;Afternoon;Low;Coffee;Barista Espresso;Cappuccino;Hell's Kitchen
5.00;2;1;202302;Feb;Tue;Afternoon;Low;Tea;Brewed Green tea;Serenity Green Tea Rg;Astoria
6.00;2;1;202302;Feb;Tue;Afternoon;Low;Coffee;Drip coffee;Our Old Time Diner Blend Lg;Lower Manhattan
7.00;2;2;202302;Feb;Tue;Afternoon;Low;Bakery;Pastry;Croissant;Hell's Kitchen
1.60;2;1;202302;Feb;Tue;Afternoon;Low;Flavours;Regular syrup;Chocolate syrup;Hell's Kitchen
21.00;1;1;202302;Feb;Tue;Afternoon;Med;Coffee beans;Gourmet Beans;Ethiopia;Astoria
28.00;1;1;202302;Feb;Tue;Afternoon;Med;Branded;Clothing;I Need My Bean! T-shirt;Astoria
0.80;1;1;202302;Feb;Tue;Afternoon;Low;Flavours;Regular syrup;Chocolate syrup;Lower Manhattan
5.10;2;2;202302;Feb;Tue;Afternoon;Low;Tea;Brewed Chai tea;Spicy Eye Opener Chai Rg;Hell's Kitchen
4.75;1;1;202302;Feb;Tue;Night;Low;Drinking Chocolate;Hot chocolate;Sustainably Grown Organic Lg;Astoria
1.60;2;1;202302;Feb;Tue;Evening;Low;Flavours;Regular syrup;Hazelnut syrup;Lower Manhattan
2.00;1;1;202302;Feb;Tue;Evening;Low;Coffee;Gourmet brewed coffee;Columbian Medium Roast Sm;Lower Manhattan
12.00;4;2;202302;Feb;Tue;Evening;Low;Coffee;Barista Espresso;Ouro Brasileiro shot;Lower Manhattan
19.00;4;2;202302;Feb;Tue;Evening;Low;Drinking Chocolate;Hot chocolate;Sustainably Grown Organic Lg;Lower Manhattan
6.00;2;1;202302;Feb;Tue;Evening;Low;Coffee;Organic brewed coffee;Brazilian Rg;Astoria
7.50;3;2;202302;Feb;Tue;Evening;Low;Tea;Brewed herbal tea;Lemon Grass Rg;Astoria
7.50;3;1;202302;Feb;Tue;Evening;Low;Tea;Brewed herbal tea;Lemon Grass Rg;Lower Manhattan
3.50;1;1;202302;Feb;Tue;Evening;Low;Coffee;Gourmet brewed coffee;Ethiopia Lg;Lower Manhattan
4.50;1;1;202302;Feb;Tue;Evening;Low;Bakery;Scone;Scottish Cream Scone ;Lower Manhattan
3.00;1;1;202302;Feb;Tue;Evening;Low;Tea;Brewed herbal tea;Peppermint Lg;Lower Manhattan
9.00;3;1;202302;Feb;Tue;Evening;Low;Tea;Brewed Black tea;English Breakfast Lg;Lower Manhattan
18.00;6;4;202302;Feb;Tue;Evening;Low;Tea;Brewed Green tea;Serenity Green Tea Lg;Lower Manhattan
22.50;6;3;202302;Feb;Tue;Evening;Med;Coffee;Barista Espresso;Cappuccino;Lower Manhattan
1.60;2;1;202302;Feb;Tue;Evening;Low;Flavours;Sugar free syrup;Sugar Free Vanilla syrup;Lower Manhattan
14.75;1;1;202302;Feb;Tue;Evening;Low;Coffee beans;Espresso Beans;Espresso Roast;Astoria
7.50;3;2;202302;Feb;Tue;Evening;Low;Tea;Brewed Black tea;English Breakfast Rg;Astoria
3.00;1;1;202302;Feb;Wed;Night;Low;Tea;Brewed herbal tea;Peppermint Lg;Lower Manhattan
7.50;2;2;202302;Feb;Wed;Night;Low;Bakery;Pastry;Almond Croissant;Lower Manhattan
7.50;3;2;202302;Feb;Wed;Night;Low;Tea;Brewed herbal tea;Peppermint Rg;Lower Manhattan
4.40;2;1;202302;Feb;Wed;Night;Low;Coffee;Gourmet brewed coffee;Ethiopia Sm;Lower Manhattan
9.00;3;2;202302;Feb;Wed;Night;Low;Coffee;Barista Espresso;Ouro Brasileiro shot;Lower Manhattan
3.00;1;1;202302;Feb;Wed;Night;Low;Bakery;Scone;Oatmeal Scone;Lower Manhattan
9.00;3;1;202302;Feb;Wed;Night;Low;Tea;Brewed herbal tea;Lemon Grass Lg;Lower Manhattan
3.50;1;1;202302;Feb;Wed;Night;Low;Bakery;Biscotti;Chocolate Chip Biscotti;Lower Manhattan
3.50;1;1;202302;Feb;Wed;Night;Low;Bakery;Pastry;Croissant;Lower Manhattan
3.00;1;1;202302;Feb;Wed;Night;Low;Coffee;Drip coffee;Our Old Time Diner Blend Lg;Lower Manhattan
4.00;1;1;202302;Feb;Wed;Night;Low;Tea;Brewed Chai tea;Morning Sunrise Chai Lg;Hell's Kitchen
2.50;1;1;202302;Feb;Wed;Night;Low;Coffee;Gourmet brewed coffee;Columbian Medium Roast Rg;Lower Manhattan
3.50;1;1;202302;Feb;Wed;Night;Low;Drinking Chocolate;Hot chocolate;Dark chocolate Rg;Hell's Kitchen
3.50;1;1;202302;Feb;Wed;Night;Low;Coffee;Organic brewed coffee;Brazilian Lg;Hell's Kitchen
8.50;2;1;202302;Feb;Wed;Night;Low;Coffee;Barista Espresso;Cappuccino Lg;Hell's Kitchen
6.00;2;1;202302;Feb;Wed;Night;Low;Tea;Brewed Chai tea;Traditional Blend Chai Lg;Lower Manhattan
2.50;1;1;202302;Feb;Wed;Night;Low;Coffee;Drip coffee;Our Old Time Diner Blend Rg;Lower Manhattan
3.00;1;1;202302;Feb;Wed;Night;Low;Coffee;Drip coffee;Our Old Time Diner Blend Lg;Hell's Kitchen
3.00;1;1;202302;Feb;Wed;Night;Low;Coffee;Organic brewed coffee;Brazilian Rg;Hell's Kitchen
6.00;2;1;202302;Feb;Wed;Night;Low;Coffee;Barista Espresso;Espresso shot;Hell's Kitchen
2.50;1;1;202302;Feb;Wed;Night;Low;Tea;Brewed herbal tea;Peppermint Rg;Hell's Kitchen
9.30;3;2;202302;Feb;Wed;Night;Low;Tea;Brewed Chai tea;Spicy Eye Opener Chai Lg;Hell's Kitchen
7.00;2;2;202302;Feb;Wed;Morning;Low;Bakery;Biscotti;Ginger Biscotti;Astoria
8.95;1;1;202302;Feb;Wed;Morning;Low;Loose Tea;Herbal tea;Lemon Grass;Hell's Kitchen
90.00;2;2;202302;Feb;Wed;Morning;very high;Coffee beans;Premium Beans;Civet Cat;Lower Manhattan
9.50;1;1;202302;Feb;Wed;Morning;Low;Loose Tea;Chai tea;Morning Sunrise Chai;Hell's Kitchen
14.75;1;1;202302;Feb;Wed;Morning;Low;Coffee beans;Espresso Beans;Espresso Roast;Hell's Kitchen
5.00;2;1;202302;Feb;Wed;Afternoon;Low;Tea;Brewed Black tea;Earl Grey Rg;Hell's Kitchen
5.30;2;1;202302;Feb;Wed;Afternoon;Low;Bakery;Scone;Ginger Scone;Lower Manhattan
9.25;1;1;202302;Feb;Wed;Afternoon;Low;Loose Tea;Green tea;Serenity Green Tea;Lower Manhattan
7.50;2;2;202302;Feb;Wed;Afternoon;Low;Bakery;Pastry;Almond Croissant;Astoria
9.50;1;1;202302;Feb;Wed;Afternoon;Low;Loose Tea;Chai tea;Morning Sunrise Chai;Lower Manhattan
4.00;2;1;202302;Feb;Wed;Afternoon;Low;Coffee;Gourmet brewed coffee;Columbian Medium Roast Sm;Hell's Kitchen
3.25;1;1;202302;Feb;Wed;Afternoon;Low;Bakery;Biscotti;Hazelnut Biscotti;Hell's Kitchen
15.00;6;4;202302;Feb;Wed;Afternoon;Low;Tea;Brewed Chai tea;Traditional Blend Chai Rg;Hell's Kitchen
10.00;4;2;202302;Feb;Wed;Afternoon;Low;Tea;Brewed Black tea;Earl Grey Rg;Astoria
3.50;1;1;202302;Feb;Wed;Afternoon;Low;Bakery;Biscotti;Ginger Biscotti;Astoria
4.50;1;1;202302;Feb;Wed;Evening;Low;Drinking Chocolate;Hot chocolate;Dark chocolate Lg;Lower Manhattan
24.00;6;2;202302;Feb;Wed;Evening;Med;Tea;Brewed Chai tea;Morning Sunrise Chai Lg;Lower Manhattan
8.95;1;1;202302;Feb;Wed;Evening;Low;Loose Tea;Black tea;English Breakfast;Hell's Kitchen
15.00;4;4;202302;Feb;Wed;Evening;Low;Bakery;Pastry;Chocolate Croissant;Astoria
3.25;1;1;202302;Feb;Wed;Evening;Low;Bakery;Biscotti;Hazelnut Biscotti;Hell's Kitchen
6.00;2;1;202302;Feb;Wed;Evening;Low;Tea;Brewed herbal tea;Lemon Grass Lg;Lower Manhattan
10.00;4;2;202302;Feb;Wed;Evening;Low;Tea;Brewed Chai tea;Traditional Blend Chai Rg;Hell's Kitchen
0.80;1;1;202302;Feb;Wed;Evening;Low;Flavours;Regular syrup;Chocolate syrup;Lower Manhattan
3.50;1;1;202302;Feb;Wed;Evening;Low;Bakery;Biscotti;Ginger Biscotti;Lower Manhattan
3.75;1;1;202302;Feb;Wed;Evening;Low;Bakery;Scone;Jumbo Savory Scone;Hell's Kitchen
21.00;7;3;202302;Feb;Thu;Night;Med;Tea;Brewed herbal tea;Peppermint Lg;Lower Manhattan
3.75;1;1;202302;Feb;Thu;Night;Low;Bakery;Scone;Jumbo Savory Scone;Lower Manhattan
4.00;1;1;202302;Feb;Thu;Night;Low;Tea;Brewed Chai tea;Morning Sunrise Chai Lg;Lower Manhattan
10.00;4;2;202302;Feb;Thu;Night;Low;Coffee;Gourmet brewed coffee;Columbian Medium Roast Rg;Lower Manhattan
11.25;3;2;202302;Feb;Thu;Night;Low;Drinking Chocolate;Hot chocolate;Sustainably Grown Organic Rg;Lower Manhattan
14.25;3;2;202302;Feb;Thu;Night;Low;Drinking Chocolate;Hot chocolate;Sustainably Grown Organic Lg;Lower Manhattan
9.00;3;1;202302;Feb;Thu;Night;Low;Tea;Brewed Black tea;Earl Grey Lg;Lower Manhattan
2.50;1;1;202302;Feb;Thu;Night;Low;Tea;Brewed Chai tea;Traditional Blend Chai Rg;Hell's Kitchen
2.20;1;1;202302;Feb;Thu;Night;Low;Coffee;Organic brewed coffee;Brazilian Sm;Lower Manhattan
11.25;3;1;202302;Feb;Thu;Night;Low;Coffee;Barista Espresso;Cappuccino;Lower Manhattan
4.00;5;3;202302;Feb;Thu;Night;Low;Flavours;Regular syrup;Hazelnut syrup;Lower Manhattan
2.00;1;1;202302;Feb;Thu;Night;Low;Coffee;Gourmet brewed coffee;Columbian Medium Roast Sm;Hell's Kitchen
3.75;1;1;202302;Feb;Thu;Night;Low;Bakery;Pastry;Almond Croissant;Hell's Kitchen
6.00;2;1;202302;Feb;Thu;Night;Low;Tea;Brewed Black tea;English Breakfast Lg;Hell's Kitchen
3.75;1;1;202302;Feb;Thu;Night;Low;Coffee;Barista Espresso;Latte;Lower Manhattan
5.00;2;2;202302;Feb;Thu;Night;Low;Coffee;Drip coffee;Our Old Time Diner Blend Rg;Hell's Kitchen
3.25;1;1;202302;Feb;Thu;Night;Low;Bakery;Biscotti;Hazelnut Biscotti;Hell's Kitchen
9.00;3;1;202302;Feb;Thu;Night;Low;Coffee;Barista Espresso;Espresso shot;Lower Manhattan
3.50;1;1;202302;Feb;Thu;Night;Low;Coffee;Organic brewed coffee;Brazilian Lg;Lower Manhattan
15.00;4;2;202302;Feb;Thu;Night;Low;Coffee;Premium brewed coffee;Jamaican Coffee River Lg;Hell's Kitchen
4.25;1;1;202302;Feb;Thu;Night;Low;Coffee;Barista Espresso;Latte Rg;Hell's Kitchen
15.00;5;2;202302;Feb;Thu;Night;Low;Tea;Brewed Black tea;English Breakfast Lg;Lower Manhattan
10.50;3;1;202302;Feb;Thu;Night;Low;Drinking Chocolate;Hot chocolate;Dark chocolate Rg;Lower Manhattan
3.50;1;1;202302;Feb;Thu;Night;Low;Bakery;Biscotti;Ginger Biscotti;Lower Manhattan
6.00;2;2;202302;Feb;Thu;Morning;Low;Bakery;Scone;Oatmeal Scone;Lower Manhattan
19.75;1;1;202302;Feb;Thu;Morning;Low;Coffee beans;Premium Beans;Jamacian Coffee River;Hell's Kitchen
7.50;2;2;202302;Feb;Thu;Morning;Low;Bakery;Pastry;Almond Croissant;Lower Manhattan
90.00;2;2;202302;Feb;Thu;Morning;very high;Coffee beans;Premium Beans;Civet Cat;Hell's Kitchen
14.75;1;1;202302;Feb;Thu;Morning;Low;Coffee beans;Espresso Beans;Espresso Roast;Hell's Kitchen
1.60;2;1;202302;Feb;Thu;Morning;Low;Flavours;Regular syrup;Hazelnut syrup;Lower Manhattan
2.00;1;1;202302;Feb;Thu;Night;Low;Coffee;Gourmet brewed coffee;Columbian Medium Roast Sm;Lower Manhattan
4.25;1;1;202302;Feb;Thu;Afternoon;Low;Coffee;Barista Espresso;Cappuccino Lg;Astoria
2.45;1;1;202302;Feb;Thu;Afternoon;Low;Coffee;Premium brewed coffee;Jamaican Coffee River Sm;Hell's Kitchen
18.00;1;1;202302;Feb;Thu;Afternoon;Low;Coffee beans;Organic Beans;Brazilian - Organic;Lower Manhattan
18.00;1;1;202302;Feb;Thu;Afternoon;Low;Coffee beans;House blend Beans;Our Old Time Diner Blend;Hell's Kitchen
7.50;3;3;202302;Feb;Thu;Afternoon;Low;Tea;Brewed Black tea;Earl Grey Rg;Lower Manhattan
9.50;1;1;202302;Feb;Thu;Afternoon;Low;Loose Tea;Chai tea;Morning Sunrise Chai;Lower Manhattan
3.10;1;1;202302;Feb;Thu;Night;Low;Coffee;Premium brewed coffee;Jamaican Coffee River Rg;Hell's Kitchen
3.25;1;1;202302;Feb;Thu;Night;Low;Bakery;Scone;Cranberry Scone;Hell's Kitchen
9.25;1;1;202302;Feb;Thu;Evening;Low;Loose Tea;Green tea;Serenity Green Tea;Lower Manhattan
1.60;2;2;202302;Feb;Thu;Evening;Low;Flavours;Regular syrup;Carmel syrup;Lower Manhattan
6.50;2;2;202302;Feb;Thu;Evening;Low;Bakery;Biscotti;Hazelnut Biscotti;Hell's Kitchen
12.00;4;2;202302;Feb;Thu;Evening;Low;Coffee;Barista Espresso;Espresso shot;Lower Manhattan
7.50;3;2;202302;Feb;Thu;Evening;Low;Coffee;Drip coffee;Our Old Time Diner Blend Rg;Hell's Kitchen
1.60;2;1;202302;Feb;Thu;Evening;Low;Flavours;Sugar free syrup;Sugar Free Vanilla syrup;Lower Manhattan
3.25;1;1;202302;Feb;Thu;Evening;Low;Bakery;Scone;Ginger Scone;Astoria
0.80;1;1;202302;Feb;Thu;Evening;Low;Flavours;Regular syrup;Hazelnut syrup;Lower Manhattan
3.00;1;1;202302;Feb;Thu;Evening;Low;Tea;Brewed herbal tea;Peppermint Lg;Lower Manhattan
3.50;1;1;202302;Feb;Thu;Evening;Low;Bakery;Biscotti;Chocolate Chip Biscotti;Hell's Kitchen
7.50;2;1;202302;Feb;Fri;Night;Low;Coffee;Barista Espresso;Cappuccino;Lower Manhattan
7.50;2;1;202302;Feb;Fri;Night;Low;Drinking Chocolate;Hot chocolate;Sustainably Grown Organic Rg;Lower Manhattan
7.50;3;2;202302;Feb;Fri;Night;Low;Tea;Brewed herbal tea;Peppermint Rg;Lower Manhattan
18.00;1;1;202302;Feb;Fri;Night;Low;Coffee beans;House blend Beans;Our Old Time Diner Blend;Lower Manhattan
3.50;1;1;202302;Feb;Fri;Night;Low;Coffee;Organic brewed coffee;Brazilian Lg;Lower Manhattan
9.00;3;1;202302;Feb;Fri;Night;Low;Tea;Brewed Black tea;Earl Grey Lg;Lower Manhattan
10.00;5;2;202302;Feb;Fri;Night;Low;Coffee;Drip coffee;Our Old Time Diner Blend Sm;Lower Manhattan
7.60;1;1;202302;Feb;Fri;Night;Low;Packaged Chocolate;Organic Chocolate;Sustainably Grown Organic;Lower Manhattan
5.00;2;1;202302;Feb;Fri;Night;Low;Coffee;Drip coffee;Our Old Time Diner Blend Rg;Hell's Kitchen
4.75;1;1;202302;Feb;Fri;Night;Low;Drinking Chocolate;Hot chocolate;Sustainably Grown Organic Lg;Hell's Kitchen
2.50;1;1;202302;Feb;Fri;Night;Low;Tea;Brewed Green tea;Serenity Green Tea Rg;Lower Manhattan
3.75;1;1;202302;Feb;Fri;Night;Low;Bakery;Pastry;Almond Croissant;Lower Manhattan
5.00;2;1;202302;Feb;Fri;Night;Low;Tea;Brewed Black tea;English Breakfast Rg;Hell's Kitchen
3.25;1;1;202302;Feb;Fri;Night;Low;Bakery;Biscotti;Hazelnut Biscotti;Hell's Kitchen
5.00;2;1;202302;Feb;Fri;Night;Low;Tea;Brewed Green tea;Serenity Green Tea Rg;Hell's Kitchen
3.00;1;1;202302;Feb;Fri;Night;Low;Coffee;Barista Espresso;Espresso shot;Hell's Kitchen
2.50;1;1;202302;Feb;Fri;Night;Low;Coffee;Gourmet brewed coffee;Columbian Medium Roast Rg;Hell's Kitchen
3.00;1;1;202302;Feb;Fri;Night;Low;Tea;Brewed Green tea;Serenity Green Tea Lg;Hell's Kitchen
9.00;2;1;202302;Feb;Fri;Night;Low;Drinking Chocolate;Hot chocolate;Dark chocolate Lg;Hell's Kitchen
5.00;2;1;202302;Feb;Fri;Night;Low;Tea;Brewed Black tea;Earl Grey Rg;Lower Manhattan
17.90;2;2;202302;Feb;Fri;Morning;Low;Loose Tea;Herbal tea;Lemon Grass;Hell's Kitchen
20.45;1;1;202302;Feb;Fri;Morning;very high;Coffee beans;Espresso Beans;Primo Espresso Roast;Hell's Kitchen
3.75;1;1;202302;Feb;Fri;Morning;Low;Bakery;Scone;Jumbo Savory Scone;Astoria
8.95;1;1;202302;Feb;Fri;Morning;Low;Loose Tea;Chai tea;Traditional Blend Chai;Lower Manhattan
19.75;1;1;202302;Feb;Fri;Morning;Low;Coffee beans;Premium Beans;Jamacian Coffee River;Hell's Kitchen
8.95;1;1;202302;Feb;Fri;Morning;Low;Loose Tea;Herbal tea;Peppermint;Lower Manhattan
17.90;2;2;202302;Feb;Fri;Morning;Low;Loose Tea;Black tea;English Breakfast;Lower Manhattan
10.00;1;1;202302;Feb;Fri;Morning;Low;Coffee beans;Green beans;Guatemalan Sustainably Grown;Lower Manhattan
8.50;2;1;202302;Feb;Fri;Night;Low;Coffee;Barista Espresso;Cappuccino Lg;Astoria
2.40;3;2;202302;Feb;Fri;Afternoon;Low;Flavours;Regular syrup;Chocolate syrup;Lower Manhattan
18.00;6;2;202302;Feb;Fri;Afternoon;Low;Tea;Brewed herbal tea;Lemon Grass Lg;Lower Manhattan
7.50;3;2;202302;Feb;Fri;Afternoon;Low;Coffee;Gourmet brewed coffee;Columbian Medium Roast Rg;Astoria
5.00;2;1;202302;Feb;Fri;Afternoon;Low;Tea;Brewed Green tea;Serenity Green Tea Rg;Hell's Kitchen
0.80;1;1;202302;Feb;Fri;Evening;Low;Flavours;Sugar free syrup;Sugar Free Vanilla syrup;Lower Manhattan
3.50;1;1;202302;Feb;Fri;Evening;Low;Coffee;Organic brewed coffee;Brazilian Lg;Astoria
8.00;4;2;202302;Feb;Fri;Evening;Low;Coffee;Gourmet brewed coffee;Columbian Medium Roast Sm;Lower Manhattan
5.00;2;2;202302;Feb;Fri;Evening;Low;Tea;Brewed Black tea;English Breakfast Rg;Lower Manhattan
6.50;2;2;202302;Feb;Fri;Evening;Low;Bakery;Scone;Cranberry Scone;Lower Manhattan
12.50;5;2;202302;Feb;Fri;Evening;Low;Tea;Brewed herbal tea;Lemon Grass Rg;Lower Manhattan
9.25;1;1;202302;Feb;Fri;Evening;Low;Loose Tea;Green tea;Serenity Green Tea;Lower Manhattan
9.00;3;2;202302;Feb;Fri;Evening;Low;Tea;Brewed Black tea;English Breakfast Lg;Hell's Kitchen
3.50;1;1;202302;Feb;Fri;Evening;Low;Bakery;Biscotti;Ginger Biscotti;Astoria
2.50;1;1;202302;Feb;Fri;Evening;Low;Tea;Brewed herbal tea;Peppermint Rg;Astoria
6.00;2;1;202302;Feb;Fri;Evening;Low;Coffee;Drip coffee;Our Old Time Diner Blend Lg;Lower Manhattan
8.50;2;1;202302;Feb;Fri;Evening;Low;Coffee;Barista Espresso;Latte Rg;Hell's Kitchen
3.75;1;1;202302;Feb;Fri;Evening;Low;Bakery;Scone;Jumbo Savory Scone;Hell's Kitchen
7.50;2;1;202302;Feb;Fri;Evening;Low;Coffee;Premium brewed coffee;Jamaican Coffee River Lg;Astoria
8.95;1;1;202302;Feb;Fri;Evening;Low;Loose Tea;Black tea;Earl Grey;Hell's Kitchen
10.00;4;2;202302;Feb;Sat;Night;Low;Tea;Brewed Black tea;English Breakfast Rg;Lower Manhattan
4.50;1;1;202302;Feb;Sat;Night;Low;Drinking Chocolate;Hot chocolate;Dark chocolate Lg;Lower Manhattan
12.50;5;2;202302;Feb;Sat;Night;Low;Tea;Brewed Black tea;Earl Grey Rg;Lower Manhattan
3.00;1;1;202302;Feb;Sat;Night;Low;Coffee;Barista Espresso;Espresso shot;Lower Manhattan
10.00;1;1;202302;Feb;Sat;Night;Low;Coffee beans;Green beans;Guatemalan Sustainably Grown;Lower Manhattan
6.00;2;1;202302;Feb;Sat;Night;Low;Tea;Brewed herbal tea;Lemon Grass Lg;Hell's Kitchen
7.50;2;1;202302;Feb;Sat;Night;Low;Coffee;Premium brewed coffee;Jamaican Coffee River Lg;Lower Manhattan
4.90;2;1;202302;Feb;Sat;Night;Low;Coffee;Premium brewed coffee;Jamaican Coffee River Sm;Lower Manhattan
3.50;1;1;202302;Feb;Sat;Night;Low;Bakery;Biscotti;Chocolate Chip Biscotti;Lower Manhattan
3.75;1;1;202302;Feb;Sat;Night;Low;Bakery;Pastry;Almond Croissant;Lower Manhattan
3.25;1;1;202302;Feb;Sat;Night;Low;Bakery;Biscotti;Hazelnut Biscotti;Lower Manhattan
4.40;2;1;202302;Feb;Sat;Night;Low;Coffee;Organic brewed coffee;Brazilian Sm;Hell's Kitchen
8.95;1;1;202302;Feb;Sat;Night;Low;Loose Tea;Chai tea;Traditional Blend Chai;Lower Manhattan
3.50;1;1;202302;Feb;Sat;Night;Low;Coffee;Gourmet brewed coffee;Ethiopia Lg;Hell's Kitchen
2.50;1;1;202302;Feb;Sat;Night;Low;Tea;Brewed Black tea;Earl Grey Rg;Hell's Kitchen
3.75;1;1;202302;Feb;Sat;Night;Low;Drinking Chocolate;Hot chocolate;Sustainably Grown Organic Rg;Hell's Kitchen
3.75;1;1;202302;Feb;Sat;Night;Low;Bakery;Pastry;Almond Croissant;Hell's Kitchen
4.40;2;1;202302;Feb;Sat;Night;Low;Coffee;Gourmet brewed coffee;Ethiopia Sm;Lower Manhattan
8.95;1;1;202302;Feb;Sat;Morning;Low;Loose Tea;Black tea;Earl Grey;Hell's Kitchen
9.25;1;1;202302;Feb;Sat;Morning;Low;Loose Tea;Green tea;Serenity Green Tea;Lower Manhattan
10.95;1;1;202302;Feb;Sat;Morning;Low;Loose Tea;Chai tea;Spicy Eye Opener Chai;Hell's Kitchen
8.95;1;1;202302;Feb;Sat;Morning;Low;Loose Tea;Chai tea;Traditional Blend Chai;Hell's Kitchen
22.50;1;1;202302;Feb;Sat;Morning;Med;Coffee beans;Organic Beans;Organic Decaf Blend;Lower Manhattan
8.00;2;1;202302;Feb;Sat;Afternoon;Low;Tea;Brewed Chai tea;Morning Sunrise Chai Lg;Hell's Kitchen
7.50;2;2;202302;Feb;Sat;Afternoon;Low;Bakery;Scone;Jumbo Savory Scone;Astoria
15.40;7;5;202302;Feb;Sat;Afternoon;Low;Coffee;Organic brewed coffee;Brazilian Sm;Astoria
7.50;2;2;202302;Feb;Sat;Afternoon;Low;Bakery;Pastry;Almond Croissant;Hell's Kitchen
8.95;1;1;202302;Feb;Sat;Afternoon;Low;Loose Tea;Herbal tea;Peppermint;Hell's Kitchen
7.60;1;1;202302;Feb;Sat;Afternoon;Low;Packaged Chocolate;Organic Chocolate;Sustainably Grown Organic;Lower Manhattan
3.00;1;1;202302;Feb;Sat;Afternoon;Low;Coffee;Barista Espresso;Espresso shot;Astoria
21.00;1;1;202302;Feb;Sat;Afternoon;Med;Coffee beans;Gourmet Beans;Ethiopia;Hell's Kitchen
9.25;1;1;202302;Feb;Sat;Afternoon;Low;Loose Tea;Green tea;Serenity Green Tea;Hell's Kitchen
3.75;1;1;202302;Feb;Sat;Afternoon;Low;Bakery;Pastry;Almond Croissant;Astoria
3.25;1;1;202302;Feb;Sat;Afternoon;Low;Bakery;Scone;Ginger Scone;Hell's Kitchen
1.60;2;1;202302;Feb;Sat;Evening;Low;Flavours;Regular syrup;Hazelnut syrup;Lower Manhattan
2.50;1;1;202302;Feb;Sat;Evening;Low;Tea;Brewed herbal tea;Peppermint Rg;Astoria
9.00;3;1;202302;Feb;Sat;Evening;Low;Tea;Brewed herbal tea;Lemon Grass Lg;Lower Manhattan
1.60;2;1;202302;Feb;Sat;Evening;Low;Flavours;Sugar free syrup;Sugar Free Vanilla syrup;Lower Manhattan
6.00;2;1;202302;Feb;Sat;Evening;Low;Coffee;Organic brewed coffee;Brazilian Rg;Hell's Kitchen
2.65;1;1;202302;Feb;Sat;Evening;Low;Bakery;Scone;Ginger Scone;Lower Manhattan
8.00;2;1;202302;Feb;Sat;Evening;Low;Tea;Brewed Chai tea;Morning Sunrise Chai Lg;Lower Manhattan
7.50;2;1;202302;Feb;Sat;Evening;Low;Drinking Chocolate;Hot chocolate;Sustainably Grown Organic Rg;Astoria
3.10;1;1;202302;Feb;Sat;Evening;Low;Coffee;Premium brewed coffee;Jamaican Coffee River Rg;Hell's Kitchen
14.75;1;1;202302;Feb;Sat;Evening;Low;Coffee beans;Espresso Beans;Espresso Roast;Hell's Kitchen
7.50;3;1;202302;Feb;Sat;Evening;Low;Tea;Brewed herbal tea;Peppermint Rg;Lower Manhattan
6.50;2;2;202302;Feb;Sat;Evening;Low;Bakery;Biscotti;Hazelnut Biscotti;Lower Manhattan
8.95;1;1;202302;Feb;Sat;Evening;Low;Loose Tea;Black tea;English Breakfast;Hell's Kitchen
3.00;1;1;202302;Feb;Sat;Evening;Low;Tea;Brewed Green tea;Serenity Green Tea Lg;Astoria
3.50;1;1;202302;Feb;Sun;Night;Low;Bakery;Pastry;Croissant;Lower Manhattan
10.00;4;2;202302;Feb;Sun;Night;Low;Tea;Brewed Chai tea;Traditional Blend Chai Rg;Lower Manhattan
7.00;2;2;202302;Feb;Sun;Night;Low;Drinking Chocolate;Hot chocolate;Dark chocolate Rg;Lower Manhattan
6.00;2;1;202302;Feb;Sun;Night;Low;Tea;Brewed herbal tea;Lemon Grass Lg;Lower Manhattan
7.50;2;1;202302;Feb;Sun;Night;Low;Drinking Chocolate;Hot chocolate;Sustainably Grown Organic Rg;Lower Manhattan
2.55;1;1;202302;Feb;Sun;Night;Low;Tea;Brewed Chai tea;Spicy Eye Opener Chai Rg;Lower Manhattan
12.75;3;1;202302;Feb;Sun;Night;Low;Coffee;Barista Espresso;Cappuccino Lg;Lower Manhattan
3.25;1;1;202302;Feb;Sun;Night;Low;Bakery;Scone;Cranberry Scone;Hell's Kitchen
3.25;1;1;202302;Feb;Sun;Night;Low;Bakery;Scone;Ginger Scone;Hell's Kitchen
4.00;2;1;202302;Feb;Sun;Night;Low;Coffee;Gourmet brewed coffee;Columbian Medium Roast Sm;Hell's Kitchen
14.00;1;1;202302;Feb;Sun;Night;Low;Branded;Housewares;I Need My Bean! Latte cup;Lower Manhattan
19.75;1;1;202302;Feb;Sun;Morning;Low;Coffee beans;Premium Beans;Jamacian Coffee River;Hell's Kitchen
6.00;2;1;202302;Feb;Sun;Morning;Low;Tea;Brewed Chai tea;Traditional Blend Chai Lg;Astoria
17.90;2;2;202302;Feb;Sun;Morning;Low;Loose Tea;Black tea;Earl Grey;Hell's Kitchen
14.00;1;1;202302;Feb;Sun;Morning;Low;Branded;Housewares;I Need My Bean! Latte cup;Lower Manhattan
15.00;1;1;202302;Feb;Sun;Afternoon;Low;Coffee beans;Gourmet Beans;Columbian Medium Roast;Hell's Kitchen
4.50;1;1;202302;Feb;Sun;Afternoon;Low;Drinking Chocolate;Hot chocolate;Dark chocolate Lg;Hell's Kitchen
3.75;1;1;202302;Feb;Sun;Afternoon;Low;Bakery;Pastry;Almond Croissant;Hell's Kitchen
3.50;1;1;202302;Feb;Sun;Afternoon;Low;Bakery;Biscotti;Chocolate Chip Biscotti;Hell's Kitchen
14.75;1;1;202302;Feb;Sun;Afternoon;Low;Coffee beans;Espresso Beans;Espresso Roast;Lower Manhattan
3.00;1;1;202302;Feb;Sun;Afternoon;Low;Bakery;Scone;Oatmeal Scone;Lower Manhattan
2.20;1;1;202302;Feb;Sun;Afternoon;Low;Coffee;Organic brewed coffee;Brazilian Sm;Hell's Kitchen
18.00;1;1;202302;Feb;Sun;Afternoon;Low;Coffee beans;House blend Beans;Our Old Time Diner Blend;Hell's Kitchen
3.10;1;1;202302;Feb;Sun;Afternoon;Low;Coffee;Premium brewed coffee;Jamaican Coffee River Rg;Hell's Kitchen
5.00;2;1;202302;Feb;Sun;Night;Low;Tea;Brewed Chai tea;Traditional Blend Chai Rg;Astoria
10.50;3;1;202302;Feb;Sun;Night;Low;Coffee;Gourmet brewed coffee;Ethiopia Lg;Lower Manhattan
19.75;1;1;202302;Feb;Sun;Night;Low;Coffee beans;Premium Beans;Jamacian Coffee River;Lower Manhattan
12.00;3;2;202302;Feb;Sun;Evening;Low;Tea;Brewed Chai tea;Morning Sunrise Chai Lg;Hell's Kitchen
6.50;2;2;202302;Feb;Sun;Evening;Low;Bakery;Scone;Ginger Scone;Hell's Kitchen
15.00;1;1;202302;Feb;Sun;Evening;Low;Coffee beans;Gourmet Beans;Columbian Medium Roast;Lower Manhattan
3.00;1;1;202302;Feb;Sun;Evening;Low;Tea;Brewed herbal tea;Lemon Grass Lg;Hell's Kitchen
3.50;1;1;202302;Feb;Sun;Evening;Low;Coffee;Organic brewed coffee;Brazilian Lg;Hell's Kitchen
28.00;1;1;202302;Feb;Sun;Evening;Med;Branded;Clothing;I Need My Bean! T-shirt;Lower Manhattan
8.50;2;1;202302;Feb;Sun;Evening;Low;Coffee;Barista Espresso;Latte Rg;Lower Manhattan
1.60;2;1;202302;Feb;Sun;Evening;Low;Flavours;Sugar free syrup;Sugar Free Vanilla syrup;Lower Manhattan
2.45;1;1;202302;Feb;Sun;Evening;Low;Coffee;Premium brewed coffee;Jamaican Coffee River Sm;Astoria
6.00;2;1;202302;Feb;Wed;Night;Low;Coffee;Gourmet brewed coffee;Columbian Medium Roast Lg;Hell's Kitchen
8.95;1;1;202302;Feb;Thu;Night;Low;Loose Tea;Black tea;Earl Grey;Lower Manhattan
9.00;3;1;202302;Feb;Sat;Night;Low;Coffee;Organic brewed coffee;Brazilian Rg;Lower Manhattan
6.00;2;1;202302;Feb;Sun;Night;Low;Tea;Brewed Black tea;English Breakfast Lg;Hell's Kitchen
18.00;1;1;202302;Feb;Sun;Afternoon;Low;Coffee beans;House blend Beans;Our Old Time Diner Blend;Lower Manhattan
28.00;1;1;202302;Feb;Mon;Morning;Med;Branded;Clothing;I Need My Bean! T-shirt;Lower Manhattan
45.00;1;1;202302;Feb;Mon;Morning;High;Coffee beans;Premium Beans;Civet Cat;Lower Manhattan
9.25;1;1;202302;Feb;Mon;Morning;Low;Loose Tea;Green tea;Serenity Green Tea;Lower Manhattan
21.00;1;1;202302;Feb;Mon;Morning;Med;Coffee beans;Gourmet Beans;Ethiopia;Lower Manhattan
18.00;1;1;202302;Feb;Mon;Morning;Low;Coffee beans;Organic Beans;Brazilian - Organic;Lower Manhattan
45.00;1;1;202302;Feb;Mon;Afternoon;High;Coffee beans;Premium Beans;Civet Cat;Lower Manhattan
6.00;2;1;202302;Feb;Mon;Afternoon;Low;Tea;Brewed Chai tea;Traditional Blend Chai Lg;Hell's Kitchen
3.50;1;1;202302;Feb;Mon;Afternoon;Low;Coffee;Organic brewed coffee;Brazilian Lg;Lower Manhattan
24.00;2;2;202302;Feb;Mon;Afternoon;Med;Branded;Housewares;I Need My Bean! Diner mug;Lower Manhattan
9.00;3;2;202302;Feb;Mon;Afternoon;Low;Tea;Brewed herbal tea;Peppermint Lg;Lower Manhattan
10.00;4;2;202302;Feb;Mon;Afternoon;Low;Coffee;Gourmet brewed coffee;Columbian Medium Roast Rg;Lower Manhattan
8.95;1;1;202302;Feb;Mon;Afternoon;Low;Loose Tea;Chai tea;Traditional Blend Chai;Lower Manhattan
6.00;2;1;202302;Feb;Mon;Afternoon;Low;Tea;Brewed herbal tea;Peppermint Lg;Astoria
19.75;1;1;202302;Feb;Mon;Afternoon;Low;Coffee beans;Premium Beans;Jamacian Coffee River;Lower Manhattan
6.40;1;1;202302;Feb;Mon;Afternoon;Low;Packaged Chocolate;Drinking Chocolate;Dark chocolate;Lower Manhattan
2.50;1;1;202302;Feb;Mon;Afternoon;Low;Tea;Brewed Black tea;English Breakfast Rg;Hell's Kitchen
6.00;2;1;202302;Feb;Mon;Night;Low;Tea;Brewed Green tea;Serenity Green Tea Lg;Astoria
6.40;1;1;202302;Feb;Mon;Evening;Low;Packaged Chocolate;Drinking Chocolate;Dark chocolate;Lower Manhattan
3.00;1;1;202302;Feb;Mon;Evening;Low;Coffee;Organic brewed coffee;Brazilian Rg;Lower Manhattan
0.80;1;1;202302;Feb;Mon;Evening;Low;Flavours;Regular syrup;Chocolate syrup;Lower Manhattan
8.50;2;2;202302;Feb;Mon;Evening;Low;Coffee;Barista Espresso;Latte Rg;Astoria
4.00;2;1;202302;Feb;Mon;Evening;Low;Coffee;Gourmet brewed coffee;Columbian Medium Roast Sm;Astoria
8.50;2;1;202302;Feb;Mon;Evening;Low;Coffee;Barista Espresso;Latte Rg;Lower Manhattan
3.00;1;1;202302;Feb;Mon;Evening;Low;Coffee;Organic brewed coffee;Brazilian Rg;Astoria
3.75;1;1;202302;Feb;Mon;Evening;Low;Bakery;Pastry;Almond Croissant;Lower Manhattan
3.25;1;1;202302;Feb;Mon;Evening;Low;Bakery;Biscotti;Hazelnut Biscotti;Hell's Kitchen
9.30;3;2;202302;Feb;Tue;Afternoon;Low;Tea;Brewed Chai tea;Spicy Eye Opener Chai Lg;Hell's Kitchen
12.00;4;3;202302;Feb;Tue;Afternoon;Low;Coffee;Barista Espresso;Espresso shot;Lower Manhattan
6.20;2;1;202302;Feb;Tue;Afternoon;Low;Coffee;Premium brewed coffee;Jamaican Coffee River Rg;Hell's Kitchen
3.00;1;1;202302;Feb;Tue;Afternoon;Low;Tea;Brewed herbal tea;Lemon Grass Lg;Astoria
3.50;1;1;202302;Feb;Tue;Afternoon;Low;Bakery;Biscotti;Ginger Biscotti;Lower Manhattan
5.00;2;1;202302;Feb;Tue;Afternoon;Low;Tea;Brewed Green tea;Serenity Green Tea Rg;Lower Manhattan
8.00;2;1;202302;Feb;Tue;Afternoon;Low;Tea;Brewed Chai tea;Morning Sunrise Chai Lg;Lower Manhattan
13.20;6;3;202302;Feb;Tue;Afternoon;Low;Coffee;Gourmet brewed coffee;Ethiopia Sm;Astoria
7.50;3;2;202302;Feb;Tue;Afternoon;Low;Tea;Brewed herbal tea;Peppermint Rg;Lower Manhattan
4.00;2;1;202302;Feb;Tue;Afternoon;Low;Coffee;Drip coffee;Our Old Time Diner Blend Sm;Astoria
2.50;1;1;202302;Feb;Tue;Afternoon;Low;Tea;Brewed Black tea;English Breakfast Rg;Lower Manhattan
7.50;3;2;202302;Feb;Tue;Afternoon;Low;Coffee;Drip coffee;Our Old Time Diner Blend Rg;Lower Manhattan
11.25;3;2;202302;Feb;Tue;Afternoon;Low;Coffee;Barista Espresso;Latte;Hell's Kitchen
4.40;2;1;202302;Feb;Tue;Afternoon;Low;Coffee;Organic brewed coffee;Brazilian Sm;Lower Manhattan
18.75;5;3;202302;Feb;Tue;Afternoon;Low;Drinking Chocolate;Hot chocolate;Sustainably Grown Organic Rg;Lower Manhattan
5.00;2;1;202302;Feb;Tue;Afternoon;Low;Coffee;Gourmet brewed coffee;Columbian Medium Roast Rg;Lower Manhattan
10.50;3;2;202302;Feb;Tue;Afternoon;Low;Coffee;Gourmet brewed coffee;Ethiopia Lg;Astoria
3.75;1;1;202302;Feb;Tue;Afternoon;Low;Bakery;Scone;Jumbo Savory Scone;Hell's Kitchen
3.25;1;1;202302;Feb;Tue;Afternoon;Low;Bakery;Scone;Ginger Scone;Astoria
3.00;1;1;202302;Feb;Tue;Afternoon;Low;Tea;Brewed Chai tea;Traditional Blend Chai Lg;Lower Manhattan
7.50;3;2;202302;Feb;Tue;Afternoon;Low;Tea;Brewed herbal tea;Lemon Grass Rg;Hell's Kitchen
3.00;1;1;202302;Feb;Tue;Afternoon;Low;Tea;Brewed Black tea;Earl Grey Lg;Hell's Kitchen
3.50;1;1;202302;Feb;Tue;Afternoon;Low;Bakery;Pastry;Croissant;Lower Manhattan
7.50;2;1;202302;Feb;Tue;Afternoon;Low;Coffee;Premium brewed coffee;Jamaican Coffee River Lg;Astoria
4.90;2;2;202302;Feb;Tue;Afternoon;Low;Coffee;Premium brewed coffee;Jamaican Coffee River Sm;Lower Manhattan
6.00;2;1;202302;Feb;Tue;Afternoon;Low;Coffee;Drip coffee;Our Old Time Diner Blend Lg;Hell's Kitchen
3.75;1;1;202302;Feb;Tue;Afternoon;Low;Drinking Chocolate;Hot chocolate;Sustainably Grown Organic Rg;Astoria
2.55;1;1;202302;Feb;Tue;Afternoon;Low;Tea;Brewed Chai tea;Spicy Eye Opener Chai Rg;Lower Manhattan
3.50;1;1;202302;Feb;Tue;Afternoon;Low;Bakery;Biscotti;Ginger Biscotti;Astoria
3.10;1;1;202302;Feb;Tue;Evening;Low;Tea;Brewed Chai tea;Spicy Eye Opener Chai Lg;Lower Manhattan
7.50;2;2;202302;Feb;Tue;Evening;Low;Bakery;Scone;Jumbo Savory Scone;Lower Manhattan
6.50;2;2;202302;Feb;Tue;Evening;Low;Bakery;Scone;Cranberry Scone;Astoria
10.00;4;2;202302;Feb;Tue;Evening;Low;Tea;Brewed Chai tea;Traditional Blend Chai Rg;Lower Manhattan
3.00;1;1;202302;Feb;Tue;Evening;Low;Coffee;Organic brewed coffee;Brazilian Rg;Lower Manhattan
9.00;3;2;202302;Feb;Tue;Evening;Low;Coffee;Gourmet brewed coffee;Ethiopia Rg;Lower Manhattan
10.00;4;3;202302;Feb;Tue;Evening;Low;Coffee;Gourmet brewed coffee;Columbian Medium Roast Rg;Hell's Kitchen
6.00;2;1;202302;Feb;Tue;Evening;Low;Coffee;Gourmet brewed coffee;Columbian Medium Roast Lg;Lower Manhattan
6.00;2;1;202302;Feb;Tue;Evening;Low;Coffee;Drip coffee;Our Old Time Diner Blend Lg;Lower Manhattan
9.30;3;2;202302;Feb;Tue;Evening;Low;Coffee;Premium brewed coffee;Jamaican Coffee River Rg;Lower Manhattan
6.00;2;1;202302;Feb;Tue;Evening;Low;Tea;Brewed herbal tea;Lemon Grass Lg;Lower Manhattan
6.00;2;1;202302;Feb;Tue;Evening;Low;Tea;Brewed Chai tea;Traditional Blend Chai Lg;Lower Manhattan
2.00;1;1;202302;Feb;Tue;Evening;Low;Coffee;Drip coffee;Our Old Time Diner Blend Sm;Astoria
3.00;1;1;202302;Feb;Tue;Evening;Low;Bakery;Scone;Oatmeal Scone;Astoria
3.75;1;1;202302;Feb;Tue;Evening;Low;Bakery;Pastry;Chocolate Croissant;Astoria
38.00;19;13;202303;Mar;Wed;Morning;Med;Coffee;Drip coffee;Our Old Time Diner Blend Sm;Lower Manhattan
30.00;10;5;202303;Mar;Wed;Morning;Med;Coffee;Gourmet brewed coffee;Columbian Medium Roast Lg;Lower Manhattan
39.00;13;8;202303;Mar;Wed;Morning;Med;Coffee;Barista Espresso;Espresso shot;Lower Manhattan
48.00;16;10;202303;Mar;Wed;Morning;High;Coffee;Gourmet brewed coffee;Ethiopia Rg;Lower Manhattan
62.50;25;17;202303;Mar;Wed;Morning;very high;Tea;Brewed Green tea;Serenity Green Tea Rg;Lower Manhattan
67.50;15;10;202303;Mar;Wed;Morning;very high;Drinking Chocolate;Hot chocolate;Dark chocolate Lg;Lower Manhattan
62.00;20;12;202303;Mar;Wed;Morning;very high;Tea;Brewed Chai tea;Spicy Eye Opener Chai Lg;Lower Manhattan
30.00;10;6;202303;Mar;Wed;Morning;Med;Tea;Brewed Black tea;English Breakfast Lg;Lower Manhattan
90.25;19;13;202303;Mar;Wed;Morning;very high;Drinking Chocolate;Hot chocolate;Sustainably Grown Organic Lg;Lower Manhattan
40.00;16;13;202303;Mar;Wed;Morning;Med;Tea;Brewed Black tea;Earl Grey Rg;Lower Manhattan
30.00;10;10;202303;Mar;Wed;Morning;Med;Bakery;Scone;Oatmeal Scone;Lower Manhattan
37.50;10;7;202303;Mar;Wed;Morning;Med;Coffee;Barista Espresso;Cappuccino;Lower Manhattan
71.25;19;19;202303;Mar;Wed;Morning;very high;Bakery;Pastry;Chocolate Croissant;Lower Manhattan
34.00;17;9;202303;Mar;Wed;Morning;Med;Coffee;Gourmet brewed coffee;Columbian Medium Roast Sm;Lower Manhattan
49.00;20;12;202303;Mar;Wed;Morning;High;Coffee;Premium brewed coffee;Jamaican Coffee River Sm;Lower Manhattan
43.35;17;9;202303;Mar;Wed;Morning;High;Tea;Brewed Chai tea;Spicy Eye Opener Chai Rg;Lower Manhattan
45.00;15;10;202303;Mar;Wed;Morning;High;Tea;Brewed Black tea;Earl Grey Lg;Lower Manhattan
24.20;11;8;202303;Mar;Wed;Morning;Med;Coffee;Organic brewed coffee;Brazilian Sm;Lower Manhattan
37.80;15;10;202303;Mar;Wed;Morning;Med;Coffee;Barista Espresso;Ouro Brasileiro shot;Lower Manhattan
76.50;18;13;202303;Mar;Wed;Morning;very high;Coffee;Barista Espresso;Cappuccino Lg;Lower Manhattan
68.00;17;10;202303;Mar;Wed;Morning;very high;Tea;Brewed Chai tea;Morning Sunrise Chai Lg;Lower Manhattan
48.75;13;13;202303;Mar;Wed;Morning;High;Bakery;Scone;Jumbo Savory Scone;Lower Manhattan
30.00;12;8;202303;Mar;Wed;Morning;Med;Coffee;Drip coffee;Our Old Time Diner Blend Rg;Lower Manhattan
7.00;2;2;202303;Mar;Wed;Morning;Low;Bakery;Biscotti;Ginger Biscotti;Lower Manhattan
104.50;22;14;202303;Mar;Wed;Morning;very high;Drinking Chocolate;Hot chocolate;Sustainably Grown Organic Lg;Hell's Kitchen
48.00;16;10;202303;Mar;Wed;Morning;High;Tea;Brewed Green tea;Serenity Green Tea Lg;Hell's Kitchen
49.00;14;9;202303;Mar;Wed;Morning;High;Coffee;Gourmet brewed coffee;Ethiopia Lg;Hell's Kitchen
56.00;16;10;202303;Mar;Wed;Morning;High;Drinking Chocolate;Hot chocolate;Dark chocolate Rg;Hell's Kitchen
67.50;18;11;202303;Mar;Wed;Morning;very high;Coffee;Barista Espresso;Cappuccino;Hell's Kitchen
25.50;10;7;202303;Mar;Wed;Morning;Med;Tea;Brewed Chai tea;Spicy Eye Opener Chai Rg;Hell's Kitchen
30.00;10;7;202303;Mar;Wed;Morning;Med;Tea;Brewed Green tea;Serenity Green Tea Lg;Lower Manhattan
40.30;13;10;202303;Mar;Wed;Morning;very high;Tea;Brewed Chai tea;Spicy Eye Opener Chai Lg;Hell's Kitchen
42.00;14;10;202303;Mar;Wed;Morning;High;Coffee;Gourmet brewed coffee;Columbian Medium Roast Lg;Hell's Kitchen
38.50;11;11;202303;Mar;Wed;Morning;Med;Bakery;Biscotti;Ginger Biscotti;Hell's Kitchen
6.50;2;2;202303;Mar;Wed;Morning;Low;Bakery;Scone;Cranberry Scone;Lower Manhattan
55.25;13;9;202303;Mar;Wed;Morning;High;Coffee;Barista Espresso;Latte Rg;Hell's Kitchen
28.00;8;8;202303;Mar;Wed;Morning;Med;Bakery;Pastry;Croissant;Hell's Kitchen
30.00;12;9;202303;Mar;Wed;Morning;Med;Tea;Brewed Chai tea;Morning Sunrise Chai Rg;Hell's Kitchen
54.00;18;11;202303;Mar;Wed;Morning;High;Tea;Brewed Chai tea;Traditional Blend Chai Lg;Hell's Kitchen
63.75;17;14;202303;Mar;Wed;Morning;very high;Coffee;Barista Espresso;Latte;Lower Manhattan
21.00;6;6;202303;Mar;Wed;Morning;Med;Bakery;Pastry;Croissant;Lower Manhattan
40.00;16;11;202303;Mar;Wed;Morning;Med;Coffee;Drip coffee;Our Old Time Diner Blend Rg;Hell's Kitchen
85.00;20;15;202303;Mar;Wed;Morning;very high;Coffee;Barista Espresso;Latte Rg;Lower Manhattan
36.00;12;9;202303;Mar;Wed;Morning;Med;Coffee;Organic brewed coffee;Brazilian Rg;Lower Manhattan
27.90;9;6;202303;Mar;Wed;Morning;Med;Coffee;Premium brewed coffee;Jamaican Coffee River Rg;Hell's Kitchen
105.00;28;17;202303;Mar;Wed;Morning;very high;Coffee;Premium brewed coffee;Jamaican Coffee River Lg;Lower Manhattan
17.50;5;5;202303;Mar;Wed;Morning;Low;Bakery;Biscotti;Chocolate Chip Biscotti;Lower Manhattan
32.50;13;9;202303;Mar;Wed;Morning;Med;Tea;Brewed Black tea;Earl Grey Rg;Hell's Kitchen
97.50;26;15;202303;Mar;Wed;Morning;very high;Drinking Chocolate;Hot chocolate;Sustainably Grown Organic Rg;Lower Manhattan
13.50;3;3;202303;Mar;Wed;Morning;Low;Bakery;Scone;Scottish Cream Scone ;Lower Manhattan
56.00;16;10;202303;Mar;Wed;Morning;High;Coffee;Gourmet brewed coffee;Ethiopia Lg;Lower Manhattan
22.50;9;8;202303;Mar;Wed;Morning;Med;Tea;Brewed Green tea;Serenity Green Tea Rg;Hell's Kitchen
36.00;12;9;202303;Mar;Wed;Morning;Med;Coffee;Gourmet brewed coffee;Ethiopia Rg;Hell's Kitchen
93.75;25;14;202303;Mar;Wed;Morning;very high;Coffee;Premium brewed coffee;Jamaican Coffee River Lg;Hell's Kitchen
30.00;10;8;202303;Mar;Wed;Morning;Med;Tea;Brewed herbal tea;Peppermint Lg;Lower Manhattan
27.00;9;6;202303;Mar;Wed;Morning;Med;Coffee;Organic brewed coffee;Brazilian Rg;Hell's Kitchen
42.00;14;10;202303;Mar;Wed;Morning;High;Tea;Brewed herbal tea;Peppermint Lg;Hell's Kitchen
19.60;8;5;202303;Mar;Wed;Morning;Low;Coffee;Premium brewed coffee;Jamaican Coffee River Sm;Hell's Kitchen
42.50;17;11;202303;Mar;Wed;Morning;High;Tea;Brewed Chai tea;Traditional Blend Chai Rg;Hell's Kitchen
26.00;8;8;202303;Mar;Wed;Morning;Med;Bakery;Scone;Ginger Scone;Hell's Kitchen
77.00;22;16;202303;Mar;Wed;Morning;very high;Coffee;Organic brewed coffee;Brazilian Lg;Hell's Kitchen
63.75;15;9;202303;Mar;Wed;Morning;very high;Coffee;Barista Espresso;Cappuccino Lg;Hell's Kitchen
48.00;16;12;202303;Mar;Wed;Morning;High;Tea;Brewed Black tea;English Breakfast Lg;Hell's Kitchen
55.00;22;14;202303;Mar;Wed;Morning;High;Coffee;Gourmet brewed coffee;Columbian Medium Roast Rg;Hell's Kitchen
32.50;10;10;202303;Mar;Wed;Morning;Med;Bakery;Biscotti;Hazelnut Biscotti;Lower Manhattan
51.00;17;10;202303;Mar;Wed;Morning;High;Tea;Brewed herbal tea;Lemon Grass Lg;Lower Manhattan
45.00;12;12;202303;Mar;Wed;Morning;High;Bakery;Pastry;Chocolate Croissant;Hell's Kitchen
30.00;12;9;202303;Mar;Wed;Morning;Med;Tea;Brewed herbal tea;Peppermint Rg;Hell's Kitchen
66.00;22;12;202303;Mar;Wed;Morning;very high;Tea;Brewed Chai tea;Traditional Blend Chai Lg;Lower Manhattan
25.00;10;6;202303;Mar;Wed;Morning;Med;Tea;Brewed Black tea;English Breakfast Rg;Hell's Kitchen
48.00;12;8;202303;Mar;Wed;Morning;High;Tea;Brewed Chai tea;Morning Sunrise Chai Lg;Hell's Kitchen
33.00;11;8;202303;Mar;Wed;Morning;Med;Coffee;Drip coffee;Our Old Time Diner Blend Lg;Hell's Kitchen
30.00;15;10;202303;Mar;Wed;Morning;Med;Coffee;Gourmet brewed coffee;Columbian Medium Roast Sm;Hell's Kitchen
60.00;20;13;202303;Mar;Wed;Morning;High;Tea;Brewed Black tea;Earl Grey Lg;Hell's Kitchen
38.00;19;13;202303;Mar;Wed;Morning;Med;Coffee;Drip coffee;Our Old Time Diner Blend Sm;Astoria
63.75;17;14;202303;Mar;Wed;Morning;very high;Coffee;Barista Espresso;Latte;Astoria
49.00;14;10;202303;Mar;Wed;Morning;High;Bakery;Pastry;Croissant;Astoria
72.00;18;12;202303;Mar;Wed;Morning;very high;Tea;Brewed Chai tea;Morning Sunrise Chai Lg;Astoria
90.00;20;13;202303;Mar;Wed;Morning;very high;Drinking Chocolate;Hot chocolate;Dark chocolate Lg;Astoria
27.00;9;6;202303;Mar;Wed;Morning;Med;Tea;Brewed Green tea;Serenity Green Tea Lg;Astoria
45.00;12;11;202303;Mar;Wed;Morning;High;Bakery;Scone;Jumbo Savory Scone;Astoria
33.00;11;8;202303;Mar;Wed;Morning;Med;Tea;Brewed herbal tea;Lemon Grass Lg;Astoria
52.50;21;14;202303;Mar;Wed;Morning;High;Tea;Brewed Chai tea;Traditional Blend Chai Rg;Astoria
37.50;15;10;202303;Mar;Wed;Morning;Med;Tea;Brewed herbal tea;Lemon Grass Rg;Astoria
49.50;11;9;202303;Mar;Wed;Morning;High;Bakery;Scone;Scottish Cream Scone ;Astoria
40.00;16;11;202303;Mar;Wed;Morning;Med;Tea;Brewed Chai tea;Morning Sunrise Chai Rg;Astoria
33.00;11;7;202303;Mar;Wed;Morning;Med;Tea;Brewed herbal tea;Peppermint Lg;Astoria
48.75;13;10;202303;Mar;Wed;Morning;High;Drinking Chocolate;Hot chocolate;Sustainably Grown Organic Rg;Hell's Kitchen
48.75;13;13;202303;Mar;Wed;Morning;High;Bakery;Pastry;Almond Croissant;Hell's Kitchen
30.80;14;9;202303;Mar;Wed;Morning;Med;Coffee;Gourmet brewed coffee;Ethiopia Sm;Hell's Kitchen
38.50;11;8;202303;Mar;Wed;Morning;Med;Coffee;Gourmet brewed coffee;Ethiopia Lg;Astoria
30.00;12;8;202303;Mar;Wed;Morning;Med;Tea;Brewed herbal tea;Lemon Grass Rg;Hell's Kitchen
45.00;10;10;202303;Mar;Wed;Morning;High;Bakery;Scone;Scottish Cream Scone ;Hell's Kitchen
17.60;8;5;202303;Mar;Wed;Morning;Low;Coffee;Gourmet brewed coffee;Ethiopia Sm;Astoria
48.75;13;10;202303;Mar;Wed;Morning;High;Coffee;Barista Espresso;Cappuccino;Astoria
59.50;17;11;202303;Mar;Wed;Morning;High;Drinking Chocolate;Hot chocolate;Dark chocolate Rg;Astoria
48.00;16;11;202303;Mar;Wed;Morning;High;Tea;Brewed Black tea;Earl Grey Lg;Astoria
27.50;11;8;202303;Mar;Wed;Morning;Med;Coffee;Drip coffee;Our Old Time Diner Blend Rg;Astoria
22.75;7;6;202303;Mar;Wed;Morning;Med;Bakery;Biscotti;Hazelnut Biscotti;Astoria
42.50;17;9;202303;Mar;Wed;Morning;High;Tea;Brewed Black tea;English Breakfast Rg;Lower Manhattan
42.00;14;10;202303;Mar;Wed;Morning;High;Coffee;Barista Espresso;Espresso shot;Hell's Kitchen
16.25;5;5;202303;Mar;Wed;Morning;Low;Bakery;Biscotti;Hazelnut Biscotti;Hell's Kitchen
40.80;16;11;202303;Mar;Wed;Morning;very high;Tea;Brewed Chai tea;Spicy Eye Opener Chai Rg;Astoria
35.00;14;8;202303;Mar;Wed;Morning;Med;Tea;Brewed Chai tea;Traditional Blend Chai Rg;Lower Manhattan
48.00;16;10;202303;Mar;Wed;Morning;High;Coffee;Barista Espresso;Espresso shot;Astoria
38.00;8;6;202303;Mar;Wed;Morning;Med;Drinking Chocolate;Hot chocolate;Sustainably Grown Organic Lg;Astoria
60.00;24;18;202303;Mar;Wed;Morning;High;Tea;Brewed Black tea;Earl Grey Rg;Astoria
5.00;2;1;202303;Mar;Wed;Night;Low;Tea;Brewed Chai tea;Traditional Blend Chai Rg;Astoria
27.90;9;5;202303;Mar;Wed;Afternoon;Med;Coffee;Premium brewed coffee;Jamaican Coffee River Rg;Astoria
17.50;5;4;202303;Mar;Wed;Afternoon;Low;Bakery;Pastry;Croissant;Astoria
40.00;16;11;202303;Mar;Wed;Afternoon;Med;Tea;Brewed herbal tea;Peppermint Rg;Astoria
42.50;17;11;202303;Mar;Wed;Afternoon;High;Tea;Brewed Chai tea;Traditional Blend Chai Rg;Astoria
30.00;12;8;202303;Mar;Wed;Afternoon;Med;Tea;Brewed Green tea;Serenity Green Tea Rg;Lower Manhattan
35.00;10;7;202303;Mar;Wed;Afternoon;Med;Coffee;Organic brewed coffee;Brazilian Lg;Hell's Kitchen
21.70;7;4;202303;Mar;Wed;Afternoon;Med;Coffee;Premium brewed coffee;Jamaican Coffee River Rg;Hell's Kitchen
28.50;11;10;202303;Mar;Wed;Afternoon;Med;Coffee;Barista Espresso;Ouro Brasileiro shot;Hell's Kitchen
33.00;11;7;202303;Mar;Wed;Afternoon;Med;Tea;Brewed Black tea;English Breakfast Lg;Hell's Kitchen
66.50;19;11;202303;Mar;Wed;Afternoon;very high;Coffee;Gourmet brewed coffee;Ethiopia Lg;Lower Manhattan
11.25;3;2;202303;Mar;Wed;Afternoon;Low;Coffee;Premium brewed coffee;Jamaican Coffee River Lg;Hell's Kitchen
21.00;7;5;202303;Mar;Wed;Afternoon;Med;Tea;Brewed Black tea;English Breakfast Lg;Astoria
42.75;9;5;202303;Mar;Wed;Afternoon;High;Drinking Chocolate;Hot chocolate;Sustainably Grown Organic Lg;Hell's Kitchen
28.60;13;10;202303;Mar;Wed;Afternoon;Med;Coffee;Organic brewed coffee;Brazilian Sm;Astoria
38.00;19;12;202303;Mar;Wed;Afternoon;Med;Coffee;Drip coffee;Our Old Time Diner Blend Sm;Astoria
28.00;14;9;202303;Mar;Wed;Afternoon;Med;Coffee;Gourmet brewed coffee;Columbian Medium Roast Sm;Astoria
29.75;7;4;202303;Mar;Wed;Afternoon;Med;Coffee;Barista Espresso;Latte Rg;Hell's Kitchen
22.50;5;5;202303;Mar;Wed;Afternoon;Med;Drinking Chocolate;Hot chocolate;Dark chocolate Lg;Astoria
30.00;10;7;202303;Mar;Wed;Afternoon;Med;Tea;Brewed herbal tea;Lemon Grass Lg;Hell's Kitchen
45.00;12;10;202303;Mar;Wed;Afternoon;High;Coffee;Barista Espresso;Latte;Hell's Kitchen
47.50;19;13;202303;Mar;Wed;Afternoon;High;Tea;Brewed Chai tea;Morning Sunrise Chai Rg;Astoria
46.20;21;11;202303;Mar;Wed;Afternoon;High;Coffee;Gourmet brewed coffee;Ethiopia Sm;Lower Manhattan
33.00;15;9;202303;Mar;Wed;Afternoon;Med;Coffee;Organic brewed coffee;Brazilian Sm;Lower Manhattan
60.00;20;14;202303;Mar;Wed;Afternoon;High;Tea;Brewed Chai tea;Traditional Blend Chai Lg;Astoria
8.00;4;3;202303;Mar;Wed;Afternoon;Low;Coffee;Gourmet brewed coffee;Columbian Medium Roast Sm;Hell's Kitchen
49.00;14;8;202303;Mar;Wed;Afternoon;High;Coffee;Organic brewed coffee;Brazilian Lg;Lower Manhattan
22.50;9;7;202303;Mar;Wed;Afternoon;Med;Coffee;Drip coffee;Our Old Time Diner Blend Rg;Astoria
15.00;6;5;202303;Mar;Wed;Afternoon;Low;Tea;Brewed Black tea;English Breakfast Rg;Astoria
15.00;5;3;202303;Mar;Wed;Afternoon;Low;Coffee;Gourmet brewed coffee;Columbian Medium Roast Lg;Hell's Kitchen
22.50;9;6;202303;Mar;Wed;Afternoon;Med;Tea;Brewed Green tea;Serenity Green Tea Rg;Astoria
7.65;3;2;202303;Mar;Wed;Afternoon;Low;Tea;Brewed Chai tea;Spicy Eye Opener Chai Rg;Lower Manhattan
14.00;4;4;202303;Mar;Wed;Afternoon;Low;Bakery;Pastry;Croissant;Lower Manhattan
24.00;8;6;202303;Mar;Wed;Afternoon;Med;Tea;Brewed herbal tea;Peppermint Lg;Hell's Kitchen
95.00;20;14;202303;Mar;Wed;Afternoon;very high;Drinking Chocolate;Hot chocolate;Sustainably Grown Organic Lg;Astoria
33.00;11;8;202303;Mar;Wed;Afternoon;Med;Tea;Brewed Green tea;Serenity Green Tea Lg;Astoria
57.00;19;13;202303;Mar;Wed;Afternoon;High;Tea;Brewed herbal tea;Lemon Grass Lg;Astoria
42.00;14;8;202303;Mar;Wed;Afternoon;High;Tea;Brewed Black tea;English Breakfast Lg;Lower Manhattan
52.50;14;10;202303;Mar;Wed;Afternoon;High;Coffee;Premium brewed coffee;Jamaican Coffee River Lg;Astoria
38.25;9;5;202303;Mar;Wed;Afternoon;Med;Coffee;Barista Espresso;Latte Rg;Astoria
27.00;9;6;202303;Mar;Wed;Afternoon;Med;Coffee;Barista Espresso;Espresso shot;Astoria
32.50;13;8;202303;Mar;Wed;Afternoon;Med;Tea;Brewed Chai tea;Morning Sunrise Chai Rg;Hell's Kitchen
45.50;13;9;202303;Mar;Wed;Afternoon;High;Drinking Chocolate;Hot chocolate;Dark chocolate Rg;Astoria
52.50;14;8;202303;Mar;Wed;Afternoon;High;Drinking Chocolate;Hot chocolate;Sustainably Grown Organic Rg;Hell's Kitchen
33.00;11;6;202303;Mar;Wed;Afternoon;Med;Coffee;Drip coffee;Our Old Time Diner Blend Lg;Lower Manhattan
27.00;9;5;202303;Mar;Wed;Afternoon;Med;Tea;Brewed Green tea;Serenity Green Tea Lg;Hell's Kitchen
18.00;6;4;202303;Mar;Wed;Afternoon;Low;Coffee;Gourmet brewed coffee;Columbian Medium Roast Lg;Lower Manhattan
16.25;5;5;202303;Mar;Wed;Afternoon;Low;Bakery;Biscotti;Hazelnut Biscotti;Lower Manhattan
21.25;5;4;202303;Mar;Wed;Afternoon;Med;Coffee;Barista Espresso;Latte Rg;Lower Manhattan
5.10;2;2;202303;Mar;Wed;Afternoon;Low;Tea;Brewed Chai tea;Spicy Eye Opener Chai Rg;Hell's Kitchen
36.00;9;6;202303;Mar;Wed;Afternoon;Med;Tea;Brewed Chai tea;Morning Sunrise Chai Lg;Astoria
33.75;9;6;202303;Mar;Wed;Afternoon;Med;Coffee;Barista Espresso;Latte;Astoria
7.00;2;2;202303;Mar;Wed;Afternoon;Low;Bakery;Biscotti;Ginger Biscotti;Hell's Kitchen
33.00;15;8;202303;Mar;Wed;Afternoon;Med;Coffee;Gourmet brewed coffee;Ethiopia Sm;Hell's Kitchen
32.50;13;9;202303;Mar;Wed;Afternoon;Med;Coffee;Drip coffee;Our Old Time Diner Blend Rg;Lower Manhattan
18.00;9;5;202303;Mar;Wed;Afternoon;Low;Coffee;Gourmet brewed coffee;Columbian Medium Roast Sm;Lower Manhattan
37.20;12;9;202303;Mar;Wed;Afternoon;Med;Tea;Brewed Chai tea;Spicy Eye Opener Chai Lg;Astoria
24.00;8;7;202303;Mar;Wed;Afternoon;Med;Bakery;Scone;Oatmeal Scone;Astoria
52.50;14;9;202303;Mar;Wed;Afternoon;High;Drinking Chocolate;Hot chocolate;Sustainably Grown Organic Rg;Lower Manhattan
9.75;3;3;202303;Mar;Wed;Afternoon;Low;Bakery;Scone;Ginger Scone;Lower Manhattan
24.00;8;6;202303;Mar;Wed;Afternoon;Med;Coffee;Barista Espresso;Ouro Brasileiro shot;Lower Manhattan
21.00;7;4;202303;Mar;Wed;Afternoon;Med;Coffee;Gourmet brewed coffee;Ethiopia Rg;Hell's Kitchen
36.00;12;7;202303;Mar;Wed;Afternoon;Med;Tea;Brewed Black tea;Earl Grey Lg;Hell's Kitchen
11.25;3;3;202303;Mar;Wed;Afternoon;Low;Bakery;Pastry;Almond Croissant;Lower Manhattan
33.75;9;6;202303;Mar;Wed;Afternoon;Med;Coffee;Barista Espresso;Latte;Lower Manhattan
19.50;6;6;202303;Mar;Wed;Afternoon;Low;Bakery;Biscotti;Hazelnut Biscotti;Astoria
20.00;8;5;202303;Mar;Wed;Afternoon;Low;Tea;Brewed herbal tea;Lemon Grass Rg;Hell's Kitchen
22.50;6;4;202303;Mar;Wed;Afternoon;Med;Coffee;Barista Espresso;Cappuccino;Hell's Kitchen
48.45;19;10;202303;Mar;Wed;Afternoon;High;Tea;Brewed Chai tea;Spicy Eye Opener Chai Rg;Astoria
13.00;4;3;202303;Mar;Wed;Afternoon;Low;Bakery;Scone;Cranberry Scone;Astoria
10.00;4;3;202303;Mar;Wed;Afternoon;Low;Tea;Brewed herbal tea;Lemon Grass Rg;Lower Manhattan
15.00;4;4;202303;Mar;Wed;Afternoon;Low;Bakery;Pastry;Chocolate Croissant;Lower Manhattan
24.00;8;5;202303;Mar;Wed;Afternoon;Med;Coffee;Drip coffee;Our Old Time Diner Blend Lg;Hell's Kitchen
11.25;3;3;202303;Mar;Wed;Afternoon;Low;Bakery;Pastry;Chocolate Croissant;Hell's Kitchen
20.00;8;5;202303;Mar;Wed;Afternoon;Low;Tea;Brewed herbal tea;Peppermint Rg;Hell's Kitchen
10.00;5;4;202303;Mar;Wed;Afternoon;Low;Coffee;Drip coffee;Our Old Time Diner Blend Sm;Hell's Kitchen
7.50;2;2;202303;Mar;Wed;Afternoon;Low;Bakery;Pastry;Almond Croissant;Hell's Kitchen
22.05;9;5;202303;Mar;Wed;Afternoon;Med;Coffee;Premium brewed coffee;Jamaican Coffee River Sm;Lower Manhattan
26.25;7;4;202303;Mar;Wed;Afternoon;Med;Drinking Chocolate;Hot chocolate;Sustainably Grown Organic Rg;Astoria
4.50;1;1;202303;Mar;Wed;Afternoon;Low;Bakery;Scone;Scottish Cream Scone ;Hell's Kitchen
28.00;7;5;202303;Mar;Wed;Afternoon;Med;Tea;Brewed Chai tea;Morning Sunrise Chai Lg;Lower Manhattan
22.50;5;5;202303;Mar;Wed;Afternoon;Med;Bakery;Scone;Scottish Cream Scone ;Lower Manhattan
6.60;3;3;202303;Mar;Wed;Afternoon;Low;Coffee;Organic brewed coffee;Brazilian Sm;Hell's Kitchen
22.50;9;7;202303;Mar;Wed;Afternoon;Med;Tea;Brewed herbal tea;Lemon Grass Rg;Astoria
12.00;3;2;202303;Mar;Wed;Afternoon;Low;Tea;Brewed Chai tea;Morning Sunrise Chai Lg;Hell's Kitchen
80.75;19;13;202303;Mar;Wed;Afternoon;very high;Coffee;Barista Espresso;Cappuccino Lg;Astoria
26.25;7;6;202303;Mar;Wed;Afternoon;Med;Bakery;Scone;Jumbo Savory Scone;Astoria
33.00;11;7;202303;Mar;Wed;Afternoon;Med;Tea;Brewed herbal tea;Peppermint Lg;Lower Manhattan
12.00;4;3;202303;Mar;Wed;Afternoon;Low;Coffee;Gourmet brewed coffee;Ethiopia Rg;Astoria
10.00;4;4;202303;Mar;Wed;Afternoon;Low;Tea;Brewed Black tea;English Breakfast Rg;Hell's Kitchen
6.20;2;2;202303;Mar;Wed;Afternoon;Low;Tea;Brewed Chai tea;Spicy Eye Opener Chai Lg;Lower Manhattan
10.00;4;4;202303;Mar;Wed;Afternoon;Low;Coffee;Gourmet brewed coffee;Columbian Medium Roast Rg;Hell's Kitchen
42.50;10;6;202303;Mar;Wed;Afternoon;High;Coffee;Barista Espresso;Cappuccino Lg;Lower Manhattan
30.00;10;6;202303;Mar;Wed;Afternoon;Med;Coffee;Drip coffee;Our Old Time Diner Blend Lg;Astoria
18.75;5;4;202303;Mar;Wed;Afternoon;Low;Bakery;Pastry;Chocolate Croissant;Astoria
30.00;12;8;202303;Mar;Wed;Afternoon;Med;Tea;Brewed herbal tea;Peppermint Rg;Lower Manhattan
17.15;7;4;202303;Mar;Wed;Afternoon;Low;Coffee;Premium brewed coffee;Jamaican Coffee River Sm;Hell's Kitchen
20.00;8;5;202303;Mar;Wed;Afternoon;Low;Tea;Brewed Black tea;Earl Grey Rg;Astoria
22.50;9;5;202303;Mar;Wed;Afternoon;Med;Coffee;Gourmet brewed coffee;Columbian Medium Roast Rg;Lower Manhattan
24.80;8;5;202303;Mar;Wed;Afternoon;Med;Coffee;Premium brewed coffee;Jamaican Coffee River Rg;Lower Manhattan
42.75;9;7;202303;Mar;Wed;Afternoon;High;Drinking Chocolate;Hot chocolate;Sustainably Grown Organic Lg;Lower Manhattan
17.50;7;5;202303;Mar;Wed;Afternoon;Low;Tea;Brewed Black tea;Earl Grey Rg;Hell's Kitchen
15.00;4;4;202303;Mar;Wed;Afternoon;Low;Bakery;Scone;Jumbo Savory Scone;Lower Manhattan
24.50;10;7;202303;Mar;Wed;Afternoon;Med;Coffee;Premium brewed coffee;Jamaican Coffee River Sm;Astoria
21.00;6;4;202303;Mar;Wed;Afternoon;Med;Coffee;Organic brewed coffee;Brazilian Lg;Astoria
31.50;7;5;202303;Mar;Wed;Afternoon;Med;Drinking Chocolate;Hot chocolate;Dark chocolate Lg;Hell's Kitchen
39.00;13;8;202303;Mar;Wed;Afternoon;Med;Coffee;Organic brewed coffee;Brazilian Rg;Astoria
15.00;5;3;202303;Mar;Wed;Afternoon;Low;Tea;Brewed Chai tea;Traditional Blend Chai Lg;Hell's Kitchen
10.50;3;3;202303;Mar;Wed;Afternoon;Low;Bakery;Pastry;Croissant;Hell's Kitchen
18.60;6;4;202303;Mar;Wed;Afternoon;Low;Tea;Brewed Chai tea;Spicy Eye Opener Chai Lg;Hell's Kitchen
12.50;5;3;202303;Mar;Wed;Afternoon;Low;Tea;Brewed Chai tea;Morning Sunrise Chai Rg;Lower Manhattan
7.00;2;2;202303;Mar;Wed;Afternoon;Low;Bakery;Biscotti;Ginger Biscotti;Lower Manhattan
15.40;7;6;202303;Mar;Wed;Afternoon;Low;Coffee;Gourmet brewed coffee;Ethiopia Sm;Astoria
41.25;11;7;202303;Mar;Wed;Afternoon;High;Coffee;Barista Espresso;Cappuccino;Astoria
13.50;3;3;202303;Mar;Wed;Afternoon;Low;Bakery;Scone;Scottish Cream Scone ;Astoria
33.75;9;4;202303;Mar;Wed;Afternoon;Med;Coffee;Barista Espresso;Cappuccino;Lower Manhattan
9.00;3;3;202303;Mar;Wed;Afternoon;Low;Bakery;Scone;Oatmeal Scone;Lower Manhattan
5.00;2;1;202303;Mar;Wed;Afternoon;Low;Tea;Brewed Chai tea;Traditional Blend Chai Rg;Hell's Kitchen
5.00;2;1;202303;Mar;Wed;Night;Low;Tea;Brewed Black tea;Earl Grey Rg;Astoria
23.75;5;3;202303;Mar;Wed;Evening;Med;Drinking Chocolate;Hot chocolate;Sustainably Grown Organic Lg;Lower Manhattan
51.00;12;8;202303;Mar;Wed;Evening;High;Coffee;Barista Espresso;Cappuccino Lg;Hell's Kitchen
18.00;6;5;202303;Mar;Wed;Evening;Low;Tea;Brewed herbal tea;Lemon Grass Lg;Astoria
30.00;8;7;202303;Mar;Wed;Evening;Med;Bakery;Pastry;Chocolate Croissant;Astoria
30.80;14;9;202303;Mar;Wed;Evening;Med;Coffee;Gourmet brewed coffee;Ethiopia Sm;Astoria
35.00;10;8;202303;Mar;Wed;Evening;Med;Bakery;Biscotti;Chocolate Chip Biscotti;Astoria
20.40;8;6;202303;Mar;Wed;Evening;very high;Tea;Brewed Chai tea;Spicy Eye Opener Chai Rg;Lower Manhattan
27.50;11;6;202303;Mar;Wed;Evening;Med;Tea;Brewed Black tea;English Breakfast Rg;Hell's Kitchen
15.00;4;4;202303;Mar;Wed;Evening;Low;Bakery;Pastry;Almond Croissant;Hell's Kitchen
15.00;6;4;202303;Mar;Wed;Evening;Low;Coffee;Drip coffee;Our Old Time Diner Blend Rg;Astoria
20.00;8;6;202303;Mar;Wed;Evening;Low;Tea;Brewed herbal tea;Lemon Grass Rg;Astoria
33.00;11;9;202303;Mar;Wed;Evening;Med;Tea;Brewed Green tea;Serenity Green Tea Lg;Astoria
29.25;9;7;202303;Mar;Wed;Evening;Med;Bakery;Biscotti;Hazelnut Biscotti;Astoria
17.50;7;5;202303;Mar;Wed;Evening;Low;Tea;Brewed Chai tea;Morning Sunrise Chai Rg;Lower Manhattan
7.50;2;2;202303;Mar;Wed;Evening;Low;Bakery;Scone;Jumbo Savory Scone;Lower Manhattan
27.50;11;8;202303;Mar;Wed;Evening;Med;Tea;Brewed Chai tea;Morning Sunrise Chai Rg;Astoria
42.50;17;10;202303;Mar;Wed;Evening;High;Tea;Brewed herbal tea;Lemon Grass Rg;Hell's Kitchen
42.00;14;8;202303;Mar;Wed;Evening;High;Tea;Brewed Black tea;English Breakfast Lg;Hell's Kitchen
35.00;10;8;202303;Mar;Wed;Evening;Med;Drinking Chocolate;Hot chocolate;Dark chocolate Rg;Hell's Kitchen
33.30;12;9;202303;Mar;Wed;Evening;Med;Coffee;Barista Espresso;Ouro Brasileiro shot;Hell's Kitchen
48.00;16;13;202303;Mar;Wed;Evening;High;Coffee;Drip coffee;Our Old Time Diner Blend Lg;Astoria
20.00;8;6;202303;Mar;Wed;Evening;Low;Tea;Brewed Black tea;English Breakfast Rg;Astoria
41.25;11;8;202303;Mar;Wed;Evening;High;Coffee;Premium brewed coffee;Jamaican Coffee River Lg;Astoria
12.40;4;3;202303;Mar;Wed;Evening;Low;Coffee;Premium brewed coffee;Jamaican Coffee River Rg;Lower Manhattan
22.50;6;4;202303;Mar;Wed;Evening;Med;Coffee;Barista Espresso;Cappuccino;Hell's Kitchen
21.00;7;4;202303;Mar;Wed;Evening;Med;Coffee;Barista Espresso;Espresso shot;Lower Manhattan
17.50;5;3;202303;Mar;Wed;Evening;Low;Coffee;Gourmet brewed coffee;Ethiopia Lg;Hell's Kitchen
15.00;6;4;202303;Mar;Wed;Evening;Low;Tea;Brewed herbal tea;Lemon Grass Rg;Lower Manhattan
7.20;3;2;202303;Mar;Wed;Evening;Low;Coffee;Barista Espresso;Ouro Brasileiro shot;Lower Manhattan
31.00;10;6;202303;Mar;Wed;Evening;Med;Coffee;Premium brewed coffee;Jamaican Coffee River Rg;Astoria
10.50;3;2;202303;Mar;Wed;Evening;Low;Coffee;Gourmet brewed coffee;Ethiopia Lg;Lower Manhattan
12.00;3;3;202303;Mar;Wed;Evening;Low;Tea;Brewed Chai tea;Morning Sunrise Chai Lg;Hell's Kitchen
57.00;19;11;202303;Mar;Wed;Evening;High;Coffee;Barista Espresso;Espresso shot;Astoria
10.00;4;3;202303;Mar;Wed;Evening;Low;Tea;Brewed Green tea;Serenity Green Tea Rg;Lower Manhattan
24.00;12;7;202303;Mar;Wed;Evening;Med;Coffee;Drip coffee;Our Old Time Diner Blend Sm;Lower Manhattan
12.50;5;3;202303;Mar;Wed;Evening;Low;Coffee;Drip coffee;Our Old Time Diner Blend Rg;Lower Manhattan
10.50;3;2;202303;Mar;Wed;Evening;Low;Coffee;Organic brewed coffee;Brazilian Lg;Lower Manhattan
22.50;9;6;202303;Mar;Wed;Evening;Med;Tea;Brewed Green tea;Serenity Green Tea Rg;Hell's Kitchen
17.50;7;5;202303;Mar;Wed;Evening;Low;Tea;Brewed Chai tea;Traditional Blend Chai Rg;Astoria
20.00;10;7;202303;Mar;Wed;Evening;Low;Coffee;Drip coffee;Our Old Time Diner Blend Sm;Hell's Kitchen
35.00;14;9;202303;Mar;Wed;Evening;Med;Tea;Brewed Black tea;Earl Grey Rg;Astoria
18.00;9;8;202303;Mar;Wed;Evening;Low;Coffee;Gourmet brewed coffee;Columbian Medium Roast Sm;Astoria
18.00;6;5;202303;Mar;Wed;Evening;Low;Tea;Brewed herbal tea;Peppermint Lg;Hell's Kitchen
33.00;11;7;202303;Mar;Wed;Evening;Med;Tea;Brewed herbal tea;Peppermint Lg;Astoria
6.50;2;2;202303;Mar;Wed;Evening;Low;Bakery;Scone;Cranberry Scone;Astoria
24.00;8;6;202303;Mar;Wed;Evening;Med;Tea;Brewed Black tea;English Breakfast Lg;Astoria
40.00;16;11;202303;Mar;Wed;Evening;Med;Coffee;Gourmet brewed coffee;Columbian Medium Roast Rg;Astoria
22.50;9;7;202303;Mar;Wed;Evening;Med;Tea;Brewed Black tea;Earl Grey Rg;Hell's Kitchen
7.50;2;2;202303;Mar;Wed;Evening;Low;Coffee;Barista Espresso;Cappuccino;Astoria
30.00;8;5;202303;Mar;Wed;Evening;Med;Coffee;Barista Espresso;Latte;Lower Manhattan
10.00;4;3;202303;Mar;Wed;Evening;Low;Tea;Brewed Chai tea;Traditional Blend Chai Rg;Lower Manhattan
20.00;10;6;202303;Mar;Wed;Evening;Low;Coffee;Gourmet brewed coffee;Columbian Medium Roast Sm;Hell's Kitchen
21.00;7;3;202303;Mar;Wed;Evening;Med;Coffee;Gourmet brewed coffee;Ethiopia Rg;Lower Manhattan
10.20;4;3;202303;Mar;Wed;Evening;Low;Tea;Brewed Chai tea;Spicy Eye Opener Chai Rg;Hell's Kitchen
28.00;8;7;202303;Mar;Wed;Evening;Med;Coffee;Organic brewed coffee;Brazilian Lg;Astoria
80.00;20;13;202303;Mar;Wed;Evening;very high;Tea;Brewed Chai tea;Morning Sunrise Chai Lg;Astoria
31.50;7;6;202303;Mar;Wed;Evening;Med;Drinking Chocolate;Hot chocolate;Dark chocolate Lg;Astoria
24.80;8;6;202303;Mar;Wed;Evening;Med;Tea;Brewed Chai tea;Spicy Eye Opener Chai Lg;Lower Manhattan
7.50;2;2;202303;Mar;Wed;Evening;Low;Bakery;Pastry;Almond Croissant;Lower Manhattan
18.00;6;5;202303;Mar;Wed;Evening;Low;Coffee;Drip coffee;Our Old Time Diner Blend Lg;Lower Manhattan
24.50;7;7;202303;Mar;Wed;Evening;Med;Bakery;Pastry;Croissant;Lower Manhattan
36.75;15;10;202303;Mar;Wed;Evening;Med;Coffee;Premium brewed coffee;Jamaican Coffee River Sm;Lower Manhattan
46.75;11;7;202303;Mar;Wed;Evening;High;Coffee;Barista Espresso;Latte Rg;Hell's Kitchen
26.95;11;7;202303;Mar;Wed;Evening;Med;Coffee;Premium brewed coffee;Jamaican Coffee River Sm;Astoria
59.50;17;9;202303;Mar;Wed;Evening;High;Drinking Chocolate;Hot chocolate;Dark chocolate Rg;Astoria
3.00;1;1;202303;Mar;Wed;Evening;Low;Coffee;Gourmet brewed coffee;Columbian Medium Roast Lg;Lower Manhattan
7.50;3;2;202303;Mar;Wed;Evening;Low;Tea;Brewed herbal tea;Peppermint Rg;Lower Manhattan
27.50;11;7;202303;Mar;Wed;Evening;Med;Tea;Brewed Green tea;Serenity Green Tea Rg;Astoria
21.00;6;6;202303;Mar;Wed;Evening;Med;Bakery;Pastry;Croissant;Astoria
10.00;4;3;202303;Mar;Wed;Evening;Low;Tea;Brewed Chai tea;Morning Sunrise Chai Rg;Hell's Kitchen
21.70;7;5;202303;Mar;Wed;Evening;Med;Coffee;Premium brewed coffee;Jamaican Coffee River Rg;Hell's Kitchen
18.00;6;4;202303;Mar;Wed;Evening;Low;Coffee;Organic brewed coffee;Brazilian Rg;Lower Manhattan
21.00;6;5;202303;Mar;Wed;Evening;Med;Bakery;Biscotti;Ginger Biscotti;Astoria
12.00;4;3;202303;Mar;Wed;Evening;Low;Coffee;Drip coffee;Our Old Time Diner Blend Lg;Hell's Kitchen
26.25;7;5;202303;Mar;Wed;Evening;Med;Drinking Chocolate;Hot chocolate;Sustainably Grown Organic Rg;Hell's Kitchen
6.00;2;2;202303;Mar;Wed;Evening;Low;Tea;Brewed herbal tea;Peppermint Lg;Lower Manhattan
26.25;7;5;202303;Mar;Wed;Evening;Med;Coffee;Barista Espresso;Latte;Hell's Kitchen
52.50;14;8;202303;Mar;Wed;Evening;High;Drinking Chocolate;Hot chocolate;Sustainably Grown Organic Rg;Astoria
24.00;8;5;202303;Mar;Wed;Evening;Med;Tea;Brewed Green tea;Serenity Green Tea Lg;Hell's Kitchen
9.00;3;2;202303;Mar;Wed;Evening;Low;Tea;Brewed herbal tea;Lemon Grass Lg;Lower Manhattan
30.00;10;8;202303;Mar;Wed;Evening;Med;Tea;Brewed Chai tea;Traditional Blend Chai Lg;Astoria
21.00;7;5;202303;Mar;Wed;Evening;Med;Tea;Brewed Black tea;English Breakfast Lg;Lower Manhattan
40.50;9;6;202303;Mar;Wed;Evening;very high;Bakery;Scone;Scottish Cream Scone ;Astoria
35.00;10;7;202303;Mar;Wed;Evening;Med;Coffee;Gourmet brewed coffee;Ethiopia Lg;Astoria
22.50;6;5;202303;Mar;Wed;Evening;Med;Bakery;Scone;Jumbo Savory Scone;Astoria
17.50;7;4;202303;Mar;Wed;Evening;Low;Coffee;Drip coffee;Our Old Time Diner Blend Rg;Hell's Kitchen
34.00;8;4;202303;Mar;Wed;Evening;Med;Coffee;Barista Espresso;Latte Rg;Lower Manhattan
31.50;7;5;202303;Mar;Wed;Evening;Med;Drinking Chocolate;Hot chocolate;Dark chocolate Lg;Hell's Kitchen
38.25;9;6;202303;Mar;Wed;Evening;Med;Coffee;Barista Espresso;Latte Rg;Astoria
18.00;6;3;202303;Mar;Wed;Evening;Low;Coffee;Organic brewed coffee;Brazilian Rg;Hell's Kitchen
38.00;8;4;202303;Mar;Wed;Evening;Med;Drinking Chocolate;Hot chocolate;Sustainably Grown Organic Lg;Astoria
27.00;9;6;202303;Mar;Wed;Evening;Med;Tea;Brewed herbal tea;Lemon Grass Lg;Hell's Kitchen
30.60;12;8;202303;Mar;Wed;Evening;Med;Tea;Brewed Chai tea;Spicy Eye Opener Chai Rg;Astoria
60.00;16;10;202303;Mar;Wed;Evening;High;Coffee;Premium brewed coffee;Jamaican Coffee River Lg;Hell's Kitchen
13.20;6;3;202303;Mar;Wed;Evening;Low;Coffee;Gourmet brewed coffee;Ethiopia Sm;Lower Manhattan
42.00;14;10;202303;Mar;Wed;Evening;High;Tea;Brewed Black tea;Earl Grey Lg;Astoria
33.75;9;7;202303;Mar;Wed;Evening;Med;Coffee;Barista Espresso;Latte;Astoria
18.75;5;5;202303;Mar;Wed;Evening;Low;Bakery;Pastry;Chocolate Croissant;Hell's Kitchen
18.00;6;4;202303;Mar;Wed;Evening;Low;Tea;Brewed Chai tea;Traditional Blend Chai Lg;Hell's Kitchen
31.50;9;5;202303;Mar;Wed;Evening;Med;Coffee;Organic brewed coffee;Brazilian Lg;Hell's Kitchen
26.00;13;9;202303;Mar;Wed;Evening;Med;Coffee;Drip coffee;Our Old Time Diner Blend Sm;Astoria
19.50;6;6;202303;Mar;Wed;Evening;Low;Bakery;Biscotti;Hazelnut Biscotti;Hell's Kitchen
15.00;5;5;202303;Mar;Wed;Evening;Low;Bakery;Scone;Oatmeal Scone;Hell's Kitchen
30.00;12;6;202303;Mar;Wed;Evening;Med;Tea;Brewed herbal tea;Peppermint Rg;Astoria
85.50;18;10;202303;Mar;Wed;Evening;very high;Drinking Chocolate;Hot chocolate;Sustainably Grown Organic Lg;Hell's Kitchen
21.00;7;5;202303;Mar;Wed;Evening;Med;Coffee;Gourmet brewed coffee;Columbian Medium Roast Lg;Hell's Kitchen
48.00;16;8;202303;Mar;Thu;Morning;High;Coffee;Barista Espresso;Espresso shot;Lower Manhattan
30.80;14;8;202303;Mar;Thu;Morning;Med;Coffee;Gourmet brewed coffee;Ethiopia Sm;Lower Manhattan
38.00;19;12;202303;Mar;Thu;Morning;Med;Coffee;Gourmet brewed coffee;Columbian Medium Roast Sm;Lower Manhattan
34.10;11;8;202303;Mar;Thu;Morning;Med;Tea;Brewed Chai tea;Spicy Eye Opener Chai Lg;Lower Manhattan
42.24;12;12;202303;Mar;Thu;Morning;High;Bakery;Scone;Cranberry Scone;Lower Manhattan
72.00;24;16;202303;Mar;Thu;Morning;very high;Tea;Brewed Green tea;Serenity Green Tea Lg;Lower Manhattan
114.00;24;13;202303;Mar;Thu;Morning;very high;Drinking Chocolate;Hot chocolate;Sustainably Grown Organic Lg;Lower Manhattan
63.00;21;12;202303;Mar;Thu;Morning;very high;Coffee;Drip coffee;Our Old Time Diner Blend Lg;Lower Manhattan
52.50;14;9;202303;Mar;Thu;Morning;High;Drinking Chocolate;Hot chocolate;Sustainably Grown Organic Rg;Lower Manhattan
80.75;19;11;202303;Mar;Thu;Morning;very high;Coffee;Barista Espresso;Cappuccino Lg;Lower Manhattan
18.38;5;5;202303;Mar;Thu;Morning;Low;Bakery;Pastry;Croissant;Lower Manhattan
48.00;16;12;202303;Mar;Thu;Morning;High;Tea;Brewed Chai tea;Traditional Blend Chai Lg;Lower Manhattan
35.00;14;8;202303;Mar;Thu;Morning;Med;Tea;Brewed herbal tea;Lemon Grass Rg;Lower Manhattan
41.80;19;13;202303;Mar;Thu;Morning;High;Coffee;Gourmet brewed coffee;Ethiopia Sm;Hell's Kitchen
36.75;15;9;202303;Mar;Thu;Morning;Med;Coffee;Premium brewed coffee;Jamaican Coffee River Sm;Lower Manhattan
45.00;15;11;202303;Mar;Thu;Morning;High;Coffee;Drip coffee;Our Old Time Diner Blend Lg;Hell's Kitchen
31.85;13;8;202303;Mar;Wed;Evening;Med;Coffee;Premium brewed coffee;Jamaican Coffee River Sm;Hell's Kitchen
88.00;22;13;202303;Mar;Thu;Morning;very high;Tea;Brewed Chai tea;Morning Sunrise Chai Lg;Lower Manhattan
21.00;6;6;202303;Mar;Thu;Morning;Med;Bakery;Biscotti;Ginger Biscotti;Hell's Kitchen
32.50;13;10;202303;Mar;Thu;Morning;Med;Tea;Brewed Black tea;English Breakfast Rg;Hell's Kitchen
54.00;18;13;202303;Mar;Thu;Morning;High;Coffee;Barista Espresso;Espresso shot;Hell's Kitchen
39.00;13;9;202303;Mar;Thu;Morning;Med;Tea;Brewed Black tea;English Breakfast Lg;Hell's Kitchen
73.50;21;13;202303;Mar;Thu;Morning;very high;Coffee;Gourmet brewed coffee;Ethiopia Lg;Lower Manhattan
37.50;15;11;202303;Mar;Thu;Morning;Med;Tea;Brewed herbal tea;Peppermint Rg;Hell's Kitchen
52.50;14;9;202303;Mar;Thu;Morning;High;Coffee;Barista Espresso;Latte;Hell's Kitchen
36.00;12;8;202303;Mar;Thu;Morning;Med;Coffee;Organic brewed coffee;Brazilian Rg;Lower Manhattan
67.50;27;17;202303;Mar;Thu;Morning;very high;Tea;Brewed herbal tea;Peppermint Rg;Lower Manhattan
93.50;22;15;202303;Mar;Thu;Morning;very high;Coffee;Barista Espresso;Latte Rg;Hell's Kitchen
24.50;7;7;202303;Mar;Thu;Morning;Med;Bakery;Biscotti;Chocolate Chip Biscotti;Hell's Kitchen
54.00;18;14;202303;Mar;Thu;Morning;High;Coffee;Organic brewed coffee;Brazilian Rg;Hell's Kitchen
39.60;18;10;202303;Mar;Thu;Morning;Med;Coffee;Organic brewed coffee;Brazilian Sm;Lower Manhattan
35.00;14;9;202303;Mar;Thu;Morning;Med;Tea;Brewed herbal tea;Lemon Grass Rg;Hell's Kitchen
87.00;29;19;202303;Mar;Thu;Morning;very high;Tea;Brewed herbal tea;Lemon Grass Lg;Lower Manhattan
62.50;25;15;202303;Mar;Thu;Morning;very high;Tea;Brewed Chai tea;Morning Sunrise Chai Rg;Lower Manhattan
26.00;13;8;202303;Mar;Thu;Morning;Med;Coffee;Gourmet brewed coffee;Columbian Medium Roast Sm;Hell's Kitchen
40.80;16;11;202303;Mar;Thu;Morning;very high;Tea;Brewed Chai tea;Spicy Eye Opener Chai Rg;Hell's Kitchen
25.50;10;7;202303;Mar;Thu;Morning;Med;Tea;Brewed Chai tea;Spicy Eye Opener Chai Rg;Lower Manhattan
78.00;26;18;202303;Mar;Thu;Morning;very high;Coffee;Gourmet brewed coffee;Ethiopia Rg;Hell's Kitchen
22.05;9;6;202303;Mar;Thu;Morning;Med;Coffee;Premium brewed coffee;Jamaican Coffee River Sm;Hell's Kitchen
60.00;20;11;202303;Mar;Thu;Morning;High;Tea;Brewed herbal tea;Peppermint Lg;Hell's Kitchen
32.00;16;12;202303;Mar;Thu;Morning;Med;Coffee;Drip coffee;Our Old Time Diner Blend Sm;Lower Manhattan
78.75;21;12;202303;Mar;Thu;Morning;very high;Coffee;Barista Espresso;Cappuccino;Hell's Kitchen
57.50;23;14;202303;Mar;Thu;Morning;High;Coffee;Drip coffee;Our Old Time Diner Blend Rg;Hell's Kitchen
36.00;18;12;202303;Mar;Thu;Morning;Med;Coffee;Drip coffee;Our Old Time Diner Blend Sm;Hell's Kitchen
76.50;17;11;202303;Mar;Thu;Morning;very high;Drinking Chocolate;Hot chocolate;Dark chocolate Lg;Hell's Kitchen
33.75;9;9;202303;Mar;Thu;Morning;Med;Bakery;Scone;Jumbo Savory Scone;Hell's Kitchen
72.25;17;14;202303;Mar;Thu;Morning;very high;Coffee;Barista Espresso;Cappuccino Lg;Hell's Kitchen
47.50;19;15;202303;Mar;Thu;Morning;High;Tea;Brewed Green tea;Serenity Green Tea Rg;Hell's Kitchen
42.50;17;12;202303;Mar;Thu;Morning;High;Coffee;Gourmet brewed coffee;Columbian Medium Roast Rg;Lower Manhattan
46.20;21;13;202303;Mar;Thu;Morning;High;Coffee;Organic brewed coffee;Brazilian Sm;Hell's Kitchen
18.00;6;6;202303;Mar;Thu;Morning;Low;Bakery;Scone;Oatmeal Scone;Hell's Kitchen
108.00;27;17;202303;Mar;Thu;Morning;very high;Tea;Brewed Chai tea;Morning Sunrise Chai Lg;Hell's Kitchen
35.75;11;11;202303;Mar;Thu;Morning;Med;Bakery;Scone;Cranberry Scone;Hell's Kitchen
42.50;17;12;202303;Mar;Thu;Morning;High;Tea;Brewed Black tea;English Breakfast Rg;Lower Manhattan
30.00;10;8;202303;Mar;Thu;Morning;Med;Tea;Brewed Green tea;Serenity Green Tea Lg;Hell's Kitchen
69.38;18;18;202303;Mar;Thu;Morning;very high;Bakery;Pastry;Chocolate Croissant;Lower Manhattan
42.50;17;12;202303;Mar;Thu;Morning;High;Coffee;Drip coffee;Our Old Time Diner Blend Rg;Lower Manhattan
47.50;19;13;202303;Mar;Thu;Morning;High;Tea;Brewed Black tea;Earl Grey Rg;Hell's Kitchen
48.00;16;11;202303;Mar;Thu;Morning;High;Coffee;Gourmet brewed coffee;Columbian Medium Roast Lg;Hell's Kitchen
45.50;13;7;202303;Mar;Thu;Morning;High;Drinking Chocolate;Hot chocolate;Dark chocolate Rg;Lower Manhattan
88.80;35;27;202303;Mar;Thu;Morning;very high;Coffee;Barista Espresso;Ouro Brasileiro shot;Hell's Kitchen
94.50;21;12;202303;Mar;Thu;Morning;very high;Drinking Chocolate;Hot chocolate;Dark chocolate Lg;Lower Manhattan
22.76;6;6;202303;Mar;Thu;Morning;Med;Bakery;Biscotti;Ginger Biscotti;Lower Manhattan
68.20;22;15;202303;Mar;Thu;Morning;very high;Tea;Brewed Chai tea;Spicy Eye Opener Chai Lg;Hell's Kitchen
32.50;10;10;202303;Mar;Thu;Morning;Med;Bakery;Biscotti;Hazelnut Biscotti;Hell's Kitchen
52.50;14;11;202303;Mar;Thu;Morning;High;Coffee;Premium brewed coffee;Jamaican Coffee River Lg;Lower Manhattan
16.25;5;5;202303;Mar;Thu;Morning;Low;Bakery;Scone;Cranberry Scone;Astoria
89.25;21;13;202303;Mar;Thu;Morning;very high;Coffee;Barista Espresso;Cappuccino Lg;Astoria
24.00;8;8;202303;Mar;Thu;Morning;Med;Bakery;Scone;Oatmeal Scone;Astoria
48.00;16;11;202303;Mar;Thu;Morning;High;Tea;Brewed Chai tea;Traditional Blend Chai Lg;Astoria
38.50;11;7;202303;Mar;Thu;Morning;Med;Drinking Chocolate;Hot chocolate;Dark chocolate Rg;Hell's Kitchen
38.00;19;12;202303;Mar;Thu;Morning;Med;Coffee;Drip coffee;Our Old Time Diner Blend Sm;Astoria
35.00;14;11;202303;Mar;Thu;Morning;Med;Tea;Brewed Green tea;Serenity Green Tea Rg;Astoria
30.00;10;8;202303;Mar;Thu;Morning;Med;Coffee;Gourmet brewed coffee;Columbian Medium Roast Lg;Astoria
49.60;16;9;202303;Mar;Thu;Morning;High;Coffee;Premium brewed coffee;Jamaican Coffee River Rg;Lower Manhattan
70.00;28;18;202303;Mar;Thu;Morning;very high;Tea;Brewed Chai tea;Morning Sunrise Chai Rg;Hell's Kitchen
24.00;8;6;202303;Mar;Thu;Morning;Med;Tea;Brewed herbal tea;Peppermint Lg;Astoria
18.75;5;5;202303;Mar;Thu;Morning;Low;Bakery;Pastry;Almond Croissant;Astoria
98.00;28;16;202303;Mar;Thu;Morning;very high;Coffee;Gourmet brewed coffee;Ethiopia Lg;Hell's Kitchen
40.30;13;12;202303;Mar;Thu;Morning;very high;Coffee;Premium brewed coffee;Jamaican Coffee River Rg;Hell's Kitchen
32.50;13;9;202303;Mar;Thu;Morning;Med;Coffee;Gourmet brewed coffee;Columbian Medium Roast Rg;Astoria
33.26;9;9;202303;Mar;Thu;Morning;Med;Bakery;Biscotti;Chocolate Chip Biscotti;Lower Manhattan
35.00;14;10;202303;Mar;Thu;Morning;Med;Tea;Brewed herbal tea;Lemon Grass Rg;Astoria
16.00;8;6;202303;Mar;Thu;Morning;Low;Coffee;Gourmet brewed coffee;Columbian Medium Roast Sm;Astoria
45.00;15;13;202303;Mar;Thu;Morning;High;Coffee;Gourmet brewed coffee;Ethiopia Rg;Astoria
46.80;18;10;202303;Mar;Thu;Morning;High;Coffee;Barista Espresso;Ouro Brasileiro shot;Lower Manhattan
71.25;19;12;202303;Mar;Thu;Morning;very high;Drinking Chocolate;Hot chocolate;Sustainably Grown Organic Rg;Hell's Kitchen
56.25;15;15;202303;Mar;Thu;Morning;High;Bakery;Pastry;Chocolate Croissant;Hell's Kitchen
21.00;7;7;202303;Mar;Thu;Morning;Med;Bakery;Scone;Oatmeal Scone;Lower Manhattan
57.90;18;16;202303;Mar;Thu;Morning;High;Bakery;Scone;Ginger Scone;Hell's Kitchen
63.75;17;12;202303;Mar;Thu;Morning;very high;Coffee;Barista Espresso;Cappuccino;Astoria
52.25;11;8;202303;Mar;Thu;Morning;High;Drinking Chocolate;Hot chocolate;Sustainably Grown Organic Lg;Astoria
26.25;7;7;202303;Mar;Thu;Morning;Med;Bakery;Scone;Jumbo Savory Scone;Astoria
15.30;6;4;202303;Mar;Thu;Morning;Low;Tea;Brewed Chai tea;Spicy Eye Opener Chai Rg;Astoria
71.25;19;19;202303;Mar;Thu;Morning;very high;Bakery;Pastry;Chocolate Croissant;Astoria
6.00;2;1;202303;Mar;Thu;Night;Low;Tea;Brewed herbal tea;Peppermint Lg;Astoria
64.00;16;11;202303;Mar;Thu;Afternoon;very high;Tea;Brewed Chai tea;Morning Sunrise Chai Lg;Astoria
36.00;12;8;202303;Mar;Thu;Afternoon;Med;Tea;Brewed Chai tea;Traditional Blend Chai Lg;Astoria
17.00;4;3;202303;Mar;Thu;Afternoon;Low;Coffee;Barista Espresso;Latte Rg;Lower Manhattan
32.50;13;8;202303;Mar;Thu;Afternoon;Med;Coffee;Drip coffee;Our Old Time Diner Blend Rg;Hell's Kitchen
38.25;9;6;202303;Mar;Thu;Afternoon;Med;Coffee;Barista Espresso;Latte Rg;Astoria
15.00;4;4;202303;Mar;Thu;Afternoon;Low;Bakery;Pastry;Chocolate Croissant;Astoria
9.00;3;3;202303;Mar;Thu;Afternoon;Low;Coffee;Gourmet brewed coffee;Ethiopia Rg;Astoria
27.00;9;7;202303;Mar;Thu;Afternoon;Med;Coffee;Gourmet brewed coffee;Ethiopia Rg;Lower Manhattan
22.76;6;6;202303;Mar;Thu;Afternoon;Med;Bakery;Pastry;Croissant;Lower Manhattan
24.00;8;7;202303;Mar;Thu;Afternoon;Med;Coffee;Drip coffee;Our Old Time Diner Blend Lg;Astoria
42.00;14;8;202303;Mar;Thu;Afternoon;High;Tea;Brewed Green tea;Serenity Green Tea Lg;Astoria
35.00;14;9;202303;Mar;Thu;Afternoon;Med;Coffee;Drip coffee;Our Old Time Diner Blend Rg;Astoria
67.50;18;11;202303;Mar;Thu;Afternoon;very high;Coffee;Barista Espresso;Latte;Lower Manhattan
31.50;9;6;202303;Mar;Thu;Afternoon;Med;Coffee;Gourmet brewed coffee;Ethiopia Lg;Hell's Kitchen
25.00;10;6;202303;Mar;Thu;Afternoon;Med;Tea;Brewed Chai tea;Traditional Blend Chai Rg;Lower Manhattan
45.00;12;10;202303;Mar;Thu;Afternoon;High;Drinking Chocolate;Hot chocolate;Sustainably Grown Organic Rg;Astoria
28.60;13;8;202303;Mar;Thu;Afternoon;Med;Coffee;Organic brewed coffee;Brazilian Sm;Astoria
18.75;5;5;202303;Mar;Thu;Afternoon;Low;Bakery;Scone;Jumbo Savory Scone;Astoria
18.00;6;5;202303;Mar;Thu;Afternoon;Low;Tea;Brewed Green tea;Serenity Green Tea Lg;Lower Manhattan
11.25;3;3;202303;Mar;Thu;Afternoon;Low;Bakery;Pastry;Chocolate Croissant;Lower Manhattan
22.50;6;4;202303;Mar;Thu;Afternoon;Med;Drinking Chocolate;Hot chocolate;Sustainably Grown Organic Rg;Hell's Kitchen
24.00;8;6;202303;Mar;Thu;Afternoon;Med;Tea;Brewed herbal tea;Peppermint Lg;Lower Manhattan
23.44;6;6;202303;Mar;Thu;Afternoon;Med;Bakery;Scone;Jumbo Savory Scone;Lower Manhattan
24.00;12;7;202303;Mar;Thu;Afternoon;Med;Coffee;Gourmet brewed coffee;Columbian Medium Roast Sm;Hell's Kitchen
27.90;9;5;202303;Mar;Thu;Afternoon;Med;Coffee;Premium brewed coffee;Jamaican Coffee River Rg;Hell's Kitchen
25.00;10;5;202303;Mar;Thu;Afternoon;Med;Tea;Brewed Black tea;Earl Grey Rg;Astoria
30.00;12;9;202303;Mar;Thu;Afternoon;Med;Tea;Brewed Black tea;Earl Grey Rg;Hell's Kitchen
28.00;8;7;202303;Mar;Thu;Afternoon;Med;Drinking Chocolate;Hot chocolate;Dark chocolate Rg;Astoria
15.40;7;5;202303;Mar;Thu;Afternoon;Low;Coffee;Organic brewed coffee;Brazilian Sm;Lower Manhattan
43.40;14;8;202303;Mar;Thu;Afternoon;High;Tea;Brewed Chai tea;Spicy Eye Opener Chai Lg;Lower Manhattan
33.00;11;8;202303;Mar;Thu;Afternoon;Med;Coffee;Organic brewed coffee;Brazilian Rg;Hell's Kitchen
38.50;11;9;202303;Mar;Thu;Afternoon;Med;Coffee;Gourmet brewed coffee;Ethiopia Lg;Astoria
17.50;5;5;202303;Mar;Thu;Afternoon;Low;Bakery;Biscotti;Ginger Biscotti;Astoria
12.00;4;4;202303;Mar;Thu;Afternoon;Low;Tea;Brewed herbal tea;Lemon Grass Lg;Hell's Kitchen
33.00;11;8;202303;Mar;Thu;Afternoon;Med;Coffee;Barista Espresso;Ouro Brasileiro shot;Lower Manhattan
32.50;13;9;202303;Mar;Thu;Afternoon;Med;Tea;Brewed herbal tea;Peppermint Rg;Hell's Kitchen
9.00;3;3;202303;Mar;Thu;Afternoon;Low;Tea;Brewed Black tea;English Breakfast Lg;Lower Manhattan
46.75;11;9;202303;Mar;Thu;Afternoon;High;Coffee;Barista Espresso;Cappuccino Lg;Astoria
52.50;14;9;202303;Mar;Thu;Afternoon;High;Coffee;Barista Espresso;Cappuccino;Astoria
15.00;4;4;202303;Mar;Thu;Afternoon;Low;Bakery;Pastry;Almond Croissant;Astoria
15.00;5;3;202303;Mar;Thu;Afternoon;Low;Coffee;Gourmet brewed coffee;Columbian Medium Roast Lg;Lower Manhattan
33.00;11;8;202303;Mar;Thu;Afternoon;Med;Coffee;Organic brewed coffee;Brazilian Rg;Lower Manhattan
17.85;7;6;202303;Mar;Thu;Afternoon;Low;Tea;Brewed Chai tea;Spicy Eye Opener Chai Rg;Astoria
45.00;18;11;202303;Mar;Thu;Afternoon;High;Tea;Brewed Green tea;Serenity Green Tea Rg;Astoria
22.50;6;4;202303;Mar;Thu;Afternoon;Med;Coffee;Premium brewed coffee;Jamaican Coffee River Lg;Astoria
6.00;2;2;202303;Mar;Thu;Afternoon;Low;Bakery;Scone;Oatmeal Scone;Astoria
10.00;5;3;202303;Mar;Thu;Afternoon;Low;Coffee;Drip coffee;Our Old Time Diner Blend Sm;Hell's Kitchen
18.60;6;4;202303;Mar;Thu;Afternoon;Low;Tea;Brewed Chai tea;Spicy Eye Opener Chai Lg;Astoria
18.00;6;4;202303;Mar;Thu;Afternoon;Low;Tea;Brewed herbal tea;Peppermint Lg;Astoria
22.50;9;5;202303;Mar;Thu;Afternoon;Med;Tea;Brewed herbal tea;Lemon Grass Rg;Lower Manhattan
10.00;5;4;202303;Mar;Thu;Afternoon;Low;Coffee;Gourmet brewed coffee;Columbian Medium Roast Sm;Astoria
45.00;10;6;202303;Mar;Thu;Afternoon;High;Drinking Chocolate;Hot chocolate;Dark chocolate Lg;Astoria
24.00;8;6;202303;Mar;Thu;Afternoon;Med;Tea;Brewed herbal tea;Lemon Grass Lg;Astoria
17.50;7;6;202303;Mar;Thu;Afternoon;Low;Tea;Brewed Chai tea;Traditional Blend Chai Rg;Hell's Kitchen
36.00;8;8;202303;Mar;Thu;Afternoon;Med;Bakery;Scone;Scottish Cream Scone ;Hell's Kitchen
7.88;2;2;202303;Mar;Thu;Afternoon;Low;Bakery;Biscotti;Ginger Biscotti;Lower Manhattan
30.00;10;6;202303;Mar;Thu;Afternoon;Med;Tea;Brewed Black tea;Earl Grey Lg;Lower Manhattan
24.00;8;4;202303;Mar;Thu;Afternoon;Med;Coffee;Barista Espresso;Espresso shot;Hell's Kitchen
9.75;3;3;202303;Mar;Thu;Afternoon;Low;Bakery;Scone;Cranberry Scone;Lower Manhattan
22.50;9;7;202303;Mar;Thu;Afternoon;Med;Tea;Brewed Chai tea;Traditional Blend Chai Rg;Astoria
37.50;10;8;202303;Mar;Thu;Afternoon;Med;Coffee;Premium brewed coffee;Jamaican Coffee River Lg;Lower Manhattan
12.00;4;4;202303;Mar;Thu;Afternoon;Low;Coffee;Drip coffee;Our Old Time Diner Blend Lg;Lower Manhattan
29.75;7;5;202303;Mar;Thu;Afternoon;Med;Coffee;Barista Espresso;Latte Rg;Hell's Kitchen
24.00;8;5;202303;Mar;Thu;Afternoon;Med;Tea;Brewed Black tea;Earl Grey Lg;Astoria
30.00;10;7;202303;Mar;Thu;Afternoon;Med;Coffee;Barista Espresso;Espresso shot;Astoria
19.80;9;6;202303;Mar;Thu;Afternoon;Low;Coffee;Gourmet brewed coffee;Ethiopia Sm;Astoria
12.40;4;3;202303;Mar;Thu;Afternoon;Low;Tea;Brewed Chai tea;Spicy Eye Opener Chai Lg;Hell's Kitchen
24.20;11;7;202303;Mar;Thu;Afternoon;Med;Coffee;Gourmet brewed coffee;Ethiopia Sm;Lower Manhattan
35.00;14;8;202303;Mar;Thu;Afternoon;Med;Tea;Brewed herbal tea;Peppermint Rg;Astoria
48.75;13;9;202303;Mar;Thu;Afternoon;High;Coffee;Barista Espresso;Latte;Astoria
52.50;15;8;202303;Mar;Thu;Afternoon;High;Coffee;Organic brewed coffee;Brazilian Lg;Astoria
21.00;6;6;202303;Mar;Thu;Afternoon;Med;Bakery;Biscotti;Chocolate Chip Biscotti;Astoria
24.00;8;6;202303;Mar;Thu;Afternoon;Med;Coffee;Organic brewed coffee;Brazilian Rg;Astoria
8.80;4;3;202303;Mar;Thu;Afternoon;Low;Coffee;Organic brewed coffee;Brazilian Sm;Hell's Kitchen
22.50;9;8;202303;Mar;Thu;Afternoon;Med;Tea;Brewed Green tea;Serenity Green Tea Rg;Hell's Kitchen
24.00;8;6;202303;Mar;Thu;Afternoon;Med;Coffee;Gourmet brewed coffee;Columbian Medium Roast Lg;Hell's Kitchen
33.25;7;6;202303;Mar;Thu;Afternoon;Med;Drinking Chocolate;Hot chocolate;Sustainably Grown Organic Lg;Hell's Kitchen
4.90;2;2;202303;Mar;Thu;Afternoon;Low;Coffee;Premium brewed coffee;Jamaican Coffee River Sm;Astoria
15.00;6;5;202303;Mar;Thu;Afternoon;Low;Tea;Brewed Chai tea;Morning Sunrise Chai Rg;Hell's Kitchen
6.00;3;2;202303;Mar;Thu;Afternoon;Low;Coffee;Gourmet brewed coffee;Columbian Medium Roast Sm;Lower Manhattan
24.00;8;5;202303;Mar;Thu;Afternoon;Med;Coffee;Barista Espresso;Espresso shot;Lower Manhattan
11.25;3;3;202303;Mar;Thu;Afternoon;Low;Bakery;Pastry;Almond Croissant;Hell's Kitchen
14.70;6;3;202303;Mar;Thu;Afternoon;Low;Coffee;Premium brewed coffee;Jamaican Coffee River Sm;Hell's Kitchen
19.50;6;5;202303;Mar;Thu;Afternoon;Low;Bakery;Scone;Cranberry Scone;Astoria
3.75;1;1;202303;Mar;Thu;Afternoon;Low;Bakery;Pastry;Chocolate Croissant;Hell's Kitchen
41.25;11;7;202303;Mar;Thu;Afternoon;High;Coffee;Barista Espresso;Latte;Hell's Kitchen
25.00;10;6;202303;Mar;Thu;Afternoon;Med;Coffee;Drip coffee;Our Old Time Diner Blend Rg;Lower Manhattan
4.50;1;1;202303;Mar;Thu;Afternoon;Low;Bakery;Scone;Scottish Cream Scone ;Lower Manhattan
7.00;2;2;202303;Mar;Thu;Afternoon;Low;Bakery;Biscotti;Chocolate Chip Biscotti;Hell's Kitchen
26.25;7;4;202303;Mar;Thu;Afternoon;Med;Drinking Chocolate;Hot chocolate;Sustainably Grown Organic Rg;Lower Manhattan
9.00;3;3;202303;Mar;Thu;Afternoon;Low;Bakery;Scone;Oatmeal Scone;Hell's Kitchen
40.00;16;9;202303;Mar;Thu;Afternoon;Med;Tea;Brewed Chai tea;Morning Sunrise Chai Rg;Astoria
13.00;4;4;202303;Mar;Thu;Afternoon;Low;Bakery;Scone;Ginger Scone;Astoria
33.00;11;8;202303;Mar;Thu;Afternoon;Med;Tea;Brewed Black tea;English Breakfast Lg;Astoria
21.25;5;4;202303;Mar;Thu;Afternoon;Med;Coffee;Barista Espresso;Cappuccino Lg;Hell's Kitchen
6.00;2;2;202303;Mar;Thu;Afternoon;Low;Coffee;Gourmet brewed coffee;Columbian Medium Roast Lg;Astoria
12.40;4;3;202303;Mar;Thu;Afternoon;Low;Coffee;Premium brewed coffee;Jamaican Coffee River Rg;Astoria
56.00;16;9;202303;Mar;Thu;Afternoon;High;Coffee;Gourmet brewed coffee;Ethiopia Lg;Lower Manhattan
28.00;8;5;202303;Mar;Thu;Afternoon;Med;Coffee;Organic brewed coffee;Brazilian Lg;Hell's Kitchen
11.25;3;3;202303;Mar;Thu;Afternoon;Low;Bakery;Scone;Jumbo Savory Scone;Hell's Kitchen
15.00;6;4;202303;Mar;Thu;Afternoon;Low;Tea;Brewed Black tea;English Breakfast Rg;Astoria
24.00;8;6;202303;Mar;Thu;Afternoon;Med;Tea;Brewed Chai tea;Traditional Blend Chai Lg;Lower Manhattan
39.00;13;8;202303;Mar;Thu;Afternoon;Med;Tea;Brewed herbal tea;Peppermint Lg;Hell's Kitchen
12.75;5;4;202303;Mar;Thu;Afternoon;Low;Tea;Brewed Chai tea;Spicy Eye Opener Chai Rg;Hell's Kitchen
19.50;6;6;202303;Mar;Thu;Afternoon;Low;Bakery;Biscotti;Hazelnut Biscotti;Lower Manhattan
7.00;2;2;202303;Mar;Thu;Afternoon;Low;Bakery;Biscotti;Chocolate Chip Biscotti;Lower Manhattan
14.00;4;3;202303;Mar;Thu;Afternoon;Low;Drinking Chocolate;Hot chocolate;Dark chocolate Rg;Lower Manhattan
30.00;8;5;202303;Mar;Thu;Afternoon;Med;Coffee;Premium brewed coffee;Jamaican Coffee River Lg;Hell's Kitchen
9.00;3;2;202303;Mar;Thu;Afternoon;Low;Coffee;Gourmet brewed coffee;Ethiopia Rg;Hell's Kitchen
12.00;4;3;202303;Mar;Thu;Afternoon;Low;Tea;Brewed herbal tea;Lemon Grass Lg;Lower Manhattan
35.00;14;8;202303;Mar;Thu;Afternoon;Med;Tea;Brewed herbal tea;Peppermint Rg;Lower Manhattan
19.00;4;3;202303;Mar;Thu;Afternoon;Low;Drinking Chocolate;Hot chocolate;Sustainably Grown Organic Lg;Astoria
11.10;4;3;202303;Mar;Thu;Afternoon;Low;Coffee;Barista Espresso;Ouro Brasileiro shot;Hell's Kitchen
27.00;6;4;202303;Mar;Thu;Afternoon;Med;Drinking Chocolate;Hot chocolate;Dark chocolate Lg;Lower Manhattan
22.00;11;7;202303;Mar;Thu;Afternoon;Med;Coffee;Drip coffee;Our Old Time Diner Blend Sm;Astoria
13.00;4;4;202303;Mar;Thu;Afternoon;Low;Bakery;Biscotti;Hazelnut Biscotti;Astoria
26.25;7;5;202303;Mar;Thu;Afternoon;Med;Coffee;Barista Espresso;Cappuccino;Hell's Kitchen
17.00;4;3;202303;Mar;Thu;Afternoon;Low;Coffee;Barista Espresso;Cappuccino Lg;Lower Manhattan
17.50;7;4;202303;Mar;Thu;Afternoon;Low;Tea;Brewed herbal tea;Lemon Grass Rg;Hell's Kitchen
17.85;7;4;202303;Mar;Thu;Afternoon;Low;Tea;Brewed Chai tea;Spicy Eye Opener Chai Rg;Lower Manhattan
7.50;3;3;202303;Mar;Thu;Afternoon;Low;Tea;Brewed Black tea;English Breakfast Rg;Hell's Kitchen
3.00;1;1;202303;Mar;Thu;Night;Low;Tea;Brewed Black tea;Earl Grey Lg;Astoria
2.20;1;1;202303;Mar;Thu;Night;Low;Coffee;Organic brewed coffee;Brazilian Sm;Hell's Kitchen
6.00;2;1;202303;Mar;Thu;Night;Low;Tea;Brewed herbal tea;Lemon Grass Lg;Astoria
27.00;9;6;202303;Mar;Thu;Evening;Med;Tea;Brewed Black tea;Earl Grey Lg;Astoria
18.00;4;4;202303;Mar;Thu;Evening;Low;Bakery;Scone;Scottish Cream Scone ;Astoria
26.25;7;5;202303;Mar;Thu;Evening;Med;Coffee;Barista Espresso;Cappuccino;Lower Manhattan
2.50;1;1;202303;Mar;Thu;Evening;Low;Tea;Brewed herbal tea;Peppermint Rg;Lower Manhattan
21.00;7;5;202303;Mar;Thu;Evening;Med;Coffee;Organic brewed coffee;Brazilian Rg;Lower Manhattan
25.00;10;7;202303;Mar;Thu;Evening;Med;Tea;Brewed Chai tea;Traditional Blend Chai Rg;Lower Manhattan
19.60;8;6;202303;Mar;Thu;Evening;Low;Coffee;Premium brewed coffee;Jamaican Coffee River Sm;Lower Manhattan
21.00;7;5;202303;Mar;Thu;Evening;Med;Coffee;Barista Espresso;Ouro Brasileiro shot;Lower Manhattan
56.00;16;10;202303;Mar;Thu;Evening;High;Coffee;Gourmet brewed coffee;Ethiopia Lg;Hell's Kitchen
45.00;12;8;202303;Mar;Thu;Evening;High;Coffee;Barista Espresso;Cappuccino;Astoria
24.00;8;5;202303;Mar;Thu;Evening;Med;Tea;Brewed Green tea;Serenity Green Tea Lg;Hell's Kitchen
24.00;8;7;202303;Mar;Thu;Evening;Med;Coffee;Gourmet brewed coffee;Ethiopia Rg;Astoria
54.00;18;12;202303;Mar;Thu;Evening;High;Tea;Brewed Chai tea;Traditional Blend Chai Lg;Astoria
37.50;10;7;202303;Mar;Thu;Evening;Med;Drinking Chocolate;Hot chocolate;Sustainably Grown Organic Rg;Lower Manhattan
4.50;1;1;202303;Mar;Thu;Evening;Low;Bakery;Scone;Scottish Cream Scone ;Lower Manhattan
30.00;10;8;202303;Mar;Thu;Evening;Med;Coffee;Gourmet brewed coffee;Columbian Medium Roast Lg;Astoria
17.50;7;4;202303;Mar;Thu;Evening;Low;Coffee;Drip coffee;Our Old Time Diner Blend Rg;Lower Manhattan
30.00;10;7;202303;Mar;Thu;Evening;Med;Tea;Brewed Black tea;English Breakfast Lg;Hell's Kitchen
24.50;7;4;202303;Mar;Thu;Evening;Med;Coffee;Organic brewed coffee;Brazilian Lg;Astoria
17.50;7;5;202303;Mar;Thu;Evening;Low;Tea;Brewed Chai tea;Morning Sunrise Chai Rg;Hell's Kitchen
52.50;15;9;202303;Mar;Thu;Evening;High;Drinking Chocolate;Hot chocolate;Dark chocolate Rg;Astoria
10.50;3;3;202303;Mar;Thu;Evening;Low;Bakery;Biscotti;Chocolate Chip Biscotti;Astoria
15.00;4;4;202303;Mar;Thu;Evening;Low;Bakery;Scone;Jumbo Savory Scone;Lower Manhattan
28.50;6;4;202303;Mar;Thu;Evening;Med;Drinking Chocolate;Hot chocolate;Sustainably Grown Organic Lg;Hell's Kitchen
37.50;15;11;202303;Mar;Thu;Evening;Med;Tea;Brewed Green tea;Serenity Green Tea Rg;Astoria
20.00;8;6;202303;Mar;Thu;Evening;Low;Tea;Brewed Green tea;Serenity Green Tea Rg;Hell's Kitchen
27.50;11;8;202303;Mar;Thu;Evening;Med;Tea;Brewed Chai tea;Traditional Blend Chai Rg;Hell's Kitchen
17.50;7;4;202303;Mar;Thu;Evening;Low;Tea;Brewed Black tea;Earl Grey Rg;Lower Manhattan
19.80;9;7;202303;Mar;Thu;Evening;Low;Coffee;Gourmet brewed coffee;Ethiopia Sm;Hell's Kitchen
15.50;5;5;202303;Mar;Thu;Evening;Low;Tea;Brewed Chai tea;Spicy Eye Opener Chai Lg;Lower Manhattan
41.25;11;7;202303;Mar;Thu;Evening;High;Coffee;Barista Espresso;Latte;Astoria
19.80;9;7;202303;Mar;Thu;Evening;Low;Coffee;Gourmet brewed coffee;Ethiopia Sm;Astoria
15.00;6;4;202303;Mar;Thu;Evening;Low;Tea;Brewed Chai tea;Morning Sunrise Chai Rg;Astoria
36.00;12;6;202303;Mar;Thu;Evening;Med;Coffee;Gourmet brewed coffee;Ethiopia Rg;Lower Manhattan
25.50;6;4;202303;Mar;Thu;Evening;Med;Coffee;Barista Espresso;Latte Rg;Hell's Kitchen
34.10;11;7;202303;Mar;Thu;Evening;Med;Tea;Brewed Chai tea;Spicy Eye Opener Chai Lg;Hell's Kitchen
9.00;3;3;202303;Mar;Thu;Evening;Low;Bakery;Scone;Oatmeal Scone;Lower Manhattan
34.30;14;9;202303;Mar;Thu;Evening;Med;Coffee;Premium brewed coffee;Jamaican Coffee River Sm;Astoria
52.25;11;8;202303;Mar;Thu;Evening;High;Drinking Chocolate;Hot chocolate;Sustainably Grown Organic Lg;Astoria
10.00;5;3;202303;Mar;Thu;Evening;Low;Coffee;Drip coffee;Our Old Time Diner Blend Sm;Lower Manhattan
25.00;10;6;202303;Mar;Thu;Evening;Med;Tea;Brewed Black tea;Earl Grey Rg;Hell's Kitchen
46.75;11;6;202303;Mar;Thu;Evening;High;Coffee;Barista Espresso;Cappuccino Lg;Lower Manhattan
85.50;19;11;202303;Mar;Thu;Evening;very high;Drinking Chocolate;Hot chocolate;Dark chocolate Lg;Astoria
6.50;2;2;202303;Mar;Thu;Evening;Low;Bakery;Scone;Ginger Scone;Lower Manhattan
21.00;7;4;202303;Mar;Thu;Evening;Med;Tea;Brewed Green tea;Serenity Green Tea Lg;Lower Manhattan
15.40;7;5;202303;Mar;Thu;Evening;Low;Coffee;Organic brewed coffee;Brazilian Sm;Hell's Kitchen
2.20;1;1;202303;Mar;Thu;Evening;Low;Coffee;Organic brewed coffee;Brazilian Sm;Lower Manhattan
32.50;13;10;202303;Mar;Thu;Evening;Med;Tea;Brewed Black tea;English Breakfast Rg;Astoria
30.00;12;7;202303;Mar;Thu;Evening;Med;Tea;Brewed Black tea;Earl Grey Rg;Astoria
17.50;5;5;202303;Mar;Thu;Evening;Low;Bakery;Biscotti;Ginger Biscotti;Astoria
24.00;12;7;202303;Mar;Thu;Evening;Med;Coffee;Drip coffee;Our Old Time Diner Blend Sm;Astoria
10.00;4;2;202303;Mar;Thu;Evening;Low;Coffee;Gourmet brewed coffee;Columbian Medium Roast Rg;Lower Manhattan
10.50;3;2;202303;Mar;Thu;Evening;Low;Coffee;Gourmet brewed coffee;Ethiopia Lg;Lower Manhattan
48.75;13;9;202303;Mar;Thu;Evening;High;Drinking Chocolate;Hot chocolate;Sustainably Grown Organic Rg;Astoria
57.50;23;12;202303;Mar;Thu;Evening;High;Coffee;Gourmet brewed coffee;Columbian Medium Roast Rg;Astoria
28.00;7;4;202303;Mar;Thu;Evening;Med;Tea;Brewed Chai tea;Morning Sunrise Chai Lg;Hell's Kitchen
20.00;8;6;202303;Mar;Thu;Evening;Low;Tea;Brewed herbal tea;Lemon Grass Rg;Hell's Kitchen
8.00;4;3;202303;Mar;Thu;Evening;Low;Coffee;Gourmet brewed coffee;Columbian Medium Roast Sm;Lower Manhattan
27.00;9;6;202303;Mar;Thu;Evening;Med;Tea;Brewed Green tea;Serenity Green Tea Lg;Astoria
22.00;11;9;202303;Mar;Thu;Evening;Med;Coffee;Gourmet brewed coffee;Columbian Medium Roast Sm;Astoria
27.00;9;6;202303;Mar;Thu;Evening;Med;Tea;Brewed herbal tea;Lemon Grass Lg;Hell's Kitchen
16.25;5;5;202303;Mar;Thu;Evening;Low;Bakery;Biscotti;Hazelnut Biscotti;Hell's Kitchen
24.00;8;6;202303;Mar;Thu;Evening;Med;Coffee;Organic brewed coffee;Brazilian Rg;Hell's Kitchen
27.00;9;6;202303;Mar;Thu;Evening;Med;Coffee;Gourmet brewed coffee;Columbian Medium Roast Lg;Hell's Kitchen
5.00;2;2;202303;Mar;Thu;Evening;Low;Tea;Brewed herbal tea;Peppermint Rg;Hell's Kitchen
15.00;4;4;202303;Mar;Thu;Evening;Low;Bakery;Pastry;Chocolate Croissant;Hell's Kitchen
24.00;8;6;202303;Mar;Thu;Evening;Med;Tea;Brewed herbal tea;Lemon Grass Lg;Astoria
18.75;5;5;202303;Mar;Thu;Evening;Low;Bakery;Pastry;Almond Croissant;Astoria
12.00;6;5;202303;Mar;Thu;Evening;Low;Coffee;Gourmet brewed coffee;Columbian Medium Roast Sm;Hell's Kitchen
27.00;9;7;202303;Mar;Thu;Evening;Med;Coffee;Organic brewed coffee;Brazilian Rg;Astoria
42.00;14;9;202303;Mar;Thu;Evening;High;Tea;Brewed herbal tea;Peppermint Lg;Astoria
51.00;17;11;202303;Mar;Thu;Evening;High;Coffee;Gourmet brewed coffee;Ethiopia Rg;Hell's Kitchen
22.50;6;5;202303;Mar;Thu;Evening;Med;Coffee;Premium brewed coffee;Jamaican Coffee River Lg;Hell's Kitchen
18.00;6;3;202303;Mar;Thu;Evening;Low;Tea;Brewed Chai tea;Traditional Blend Chai Lg;Hell's Kitchen
7.65;3;3;202303;Mar;Thu;Evening;Low;Tea;Brewed Chai tea;Spicy Eye Opener Chai Rg;Lower Manhattan
21.00;7;6;202303;Mar;Thu;Evening;Med;Coffee;Barista Espresso;Espresso shot;Astoria
24.50;7;5;202303;Mar;Thu;Evening;Med;Coffee;Organic brewed coffee;Brazilian Lg;Lower Manhattan
13.81;4;4;202303;Mar;Thu;Evening;Low;Bakery;Scone;Cranberry Scone;Lower Manhattan
23.75;5;3;202303;Mar;Thu;Evening;Med;Drinking Chocolate;Hot chocolate;Sustainably Grown Organic Lg;Lower Manhattan
13.00;4;4;202303;Mar;Thu;Evening;Low;Bakery;Scone;Ginger Scone;Hell's Kitchen
32.50;13;8;202303;Mar;Thu;Evening;Med;Tea;Brewed herbal tea;Peppermint Rg;Astoria
31.00;10;8;202303;Mar;Thu;Evening;Med;Tea;Brewed Chai tea;Spicy Eye Opener Chai Lg;Astoria
20.00;5;3;202303;Mar;Thu;Evening;Low;Tea;Brewed Chai tea;Morning Sunrise Chai Lg;Lower Manhattan
21.00;6;4;202303;Mar;Thu;Evening;Med;Coffee;Organic brewed coffee;Brazilian Lg;Hell's Kitchen
24.00;8;6;202303;Mar;Thu;Evening;Med;Tea;Brewed Black tea;English Breakfast Lg;Astoria
29.75;7;4;202303;Mar;Thu;Evening;Med;Coffee;Barista Espresso;Latte Rg;Lower Manhattan
24.80;8;5;202303;Mar;Thu;Evening;Med;Coffee;Premium brewed coffee;Jamaican Coffee River Rg;Astoria
16.20;6;4;202303;Mar;Thu;Evening;Low;Coffee;Barista Espresso;Ouro Brasileiro shot;Hell's Kitchen
42.00;12;7;202303;Mar;Thu;Evening;High;Coffee;Gourmet brewed coffee;Ethiopia Lg;Astoria
48.75;13;7;202303;Mar;Thu;Evening;High;Coffee;Premium brewed coffee;Jamaican Coffee River Lg;Astoria
10.50;3;3;202303;Mar;Thu;Evening;Low;Bakery;Pastry;Croissant;Astoria
32.50;10;10;202303;Mar;Thu;Evening;Med;Bakery;Scone;Cranberry Scone;Hell's Kitchen
17.60;8;6;202303;Mar;Thu;Evening;Low;Coffee;Organic brewed coffee;Brazilian Sm;Astoria
18.75;5;5;202303;Mar;Thu;Evening;Low;Bakery;Pastry;Chocolate Croissant;Astoria
34.00;8;5;202303;Mar;Thu;Evening;Med;Coffee;Barista Espresso;Cappuccino Lg;Hell's Kitchen
24.00;6;4;202303;Mar;Thu;Evening;Med;Tea;Brewed Chai tea;Morning Sunrise Chai Lg;Astoria
18.00;6;6;202303;Mar;Thu;Evening;Low;Bakery;Scone;Oatmeal Scone;Astoria
7.50;2;2;202303;Mar;Thu;Evening;Low;Bakery;Pastry;Almond Croissant;Hell's Kitchen
24.00;8;6;202303;Mar;Thu;Evening;Med;Tea;Brewed Black tea;Earl Grey Lg;Hell's Kitchen
15.00;4;4;202303;Mar;Thu;Evening;Low;Bakery;Scone;Jumbo Savory Scone;Astoria
6.00;3;2;202303;Mar;Thu;Evening;Low;Coffee;Drip coffee;Our Old Time Diner Blend Sm;Hell's Kitchen
49.50;11;6;202303;Mar;Thu;Evening;High;Drinking Chocolate;Hot chocolate;Dark chocolate Lg;Hell's Kitchen
7.50;2;2;202303;Mar;Thu;Evening;Low;Coffee;Barista Espresso;Cappuccino;Hell's Kitchen
20.00;8;5;202303;Mar;Thu;Evening;Low;Coffee;Gourmet brewed coffee;Columbian Medium Roast Rg;Hell's Kitchen
10.00;4;3;202303;Mar;Thu;Evening;Low;Tea;Brewed herbal tea;Lemon Grass Rg;Astoria
15.00;6;4;202303;Mar;Thu;Evening;Low;Tea;Brewed Chai tea;Traditional Blend Chai Rg;Astoria
19.50;6;6;202303;Mar;Thu;Evening;Low;Bakery;Scone;Ginger Scone;Astoria
85.50;18;13;202303;Mar;Fri;Morning;very high;Drinking Chocolate;Hot chocolate;Sustainably Grown Organic Lg;Lower Manhattan
49.50;11;11;202303;Mar;Fri;Morning;High;Bakery;Scone;Scottish Cream Scone ;Lower Manhattan
50.00;20;10;202303;Mar;Fri;Morning;High;Tea;Brewed herbal tea;Lemon Grass Rg;Lower Manhattan
16.25;5;5;202303;Mar;Fri;Morning;Low;Bakery;Biscotti;Hazelnut Biscotti;Lower Manhattan
71.25;19;19;202303;Mar;Fri;Morning;very high;Bakery;Pastry;Chocolate Croissant;Lower Manhattan
47.50;19;12;202303;Mar;Fri;Morning;High;Tea;Brewed Green tea;Serenity Green Tea Rg;Lower Manhattan
57.00;19;12;202303;Mar;Fri;Morning;High;Tea;Brewed herbal tea;Peppermint Lg;Lower Manhattan
36.00;9;4;202303;Mar;Fri;Morning;Med;Tea;Brewed Chai tea;Morning Sunrise Chai Lg;Lower Manhattan
42.50;17;13;202303;Mar;Fri;Morning;High;Tea;Brewed Chai tea;Traditional Blend Chai Rg;Lower Manhattan
72.00;24;13;202303;Mar;Fri;Morning;very high;Coffee;Gourmet brewed coffee;Columbian Medium Roast Lg;Lower Manhattan
48.00;16;11;202303;Mar;Fri;Morning;High;Coffee;Barista Espresso;Espresso shot;Lower Manhattan
97.50;26;15;202303;Mar;Fri;Morning;very high;Coffee;Premium brewed coffee;Jamaican Coffee River Lg;Lower Manhattan
53.55;21;12;202303;Mar;Fri;Morning;High;Tea;Brewed Chai tea;Spicy Eye Opener Chai Rg;Lower Manhattan
93.00;31;17;202303;Mar;Fri;Morning;very high;Coffee;Organic brewed coffee;Brazilian Rg;Lower Manhattan
29.25;9;9;202303;Mar;Fri;Morning;Med;Bakery;Scone;Cranberry Scone;Lower Manhattan
83.70;27;16;202303;Mar;Fri;Morning;very high;Tea;Brewed Chai tea;Spicy Eye Opener Chai Lg;Lower Manhattan
41.05;13;13;202303;Mar;Fri;Morning;High;Bakery;Scone;Ginger Scone;Lower Manhattan
42.50;17;11;202303;Mar;Fri;Morning;High;Coffee;Drip coffee;Our Old Time Diner Blend Rg;Hell's Kitchen
46.55;19;13;202303;Mar;Fri;Morning;High;Coffee;Premium brewed coffee;Jamaican Coffee River Sm;Lower Manhattan
60.00;16;11;202303;Mar;Fri;Morning;High;Drinking Chocolate;Hot chocolate;Sustainably Grown Organic Rg;Lower Manhattan
25.00;10;5;202303;Mar;Fri;Morning;Med;Coffee;Gourmet brewed coffee;Columbian Medium Roast Rg;Hell's Kitchen
85.50;19;14;202303;Mar;Fri;Morning;very high;Drinking Chocolate;Hot chocolate;Dark chocolate Lg;Hell's Kitchen
95.00;20;12;202303;Mar;Fri;Morning;very high;Drinking Chocolate;Hot chocolate;Sustainably Grown Organic Lg;Hell's Kitchen
55.00;22;13;202303;Mar;Fri;Morning;High;Tea;Brewed Black tea;English Breakfast Rg;Lower Manhattan
48.00;16;10;202303;Mar;Fri;Morning;High;Tea;Brewed Black tea;English Breakfast Lg;Hell's Kitchen
86.25;23;12;202303;Mar;Fri;Morning;very high;Coffee;Barista Espresso;Latte;Lower Manhattan
37.50;10;7;202303;Mar;Fri;Morning;Med;Drinking Chocolate;Hot chocolate;Sustainably Grown Organic Rg;Hell's Kitchen
32.00;16;10;202303;Mar;Fri;Morning;Med;Coffee;Drip coffee;Our Old Time Diner Blend Sm;Lower Manhattan
30.80;14;11;202303;Mar;Fri;Morning;Med;Coffee;Organic brewed coffee;Brazilian Sm;Hell's Kitchen
37.50;15;11;202303;Mar;Fri;Morning;Med;Tea;Brewed Black tea;Earl Grey Rg;Hell's Kitchen
75.00;20;14;202303;Mar;Fri;Morning;very high;Coffee;Barista Espresso;Cappuccino;Lower Manhattan
36.00;8;8;202303;Mar;Fri;Morning;Med;Bakery;Scone;Scottish Cream Scone ;Hell's Kitchen
75.00;25;17;202303;Mar;Fri;Morning;very high;Coffee;Gourmet brewed coffee;Ethiopia Rg;Hell's Kitchen
55.00;22;13;202303;Mar;Fri;Morning;High;Coffee;Gourmet brewed coffee;Columbian Medium Roast Rg;Lower Manhattan
30.00;12;9;202303;Mar;Fri;Morning;Med;Tea;Brewed herbal tea;Lemon Grass Rg;Hell's Kitchen
33.75;9;9;202303;Mar;Fri;Morning;Med;Bakery;Pastry;Almond Croissant;Hell's Kitchen
52.70;17;10;202303;Mar;Fri;Morning;High;Coffee;Premium brewed coffee;Jamaican Coffee River Rg;Hell's Kitchen
84.00;28;15;202303;Mar;Fri;Morning;very high;Tea;Brewed Black tea;Earl Grey Lg;Lower Manhattan
51.00;17;13;202303;Mar;Fri;Morning;High;Coffee;Drip coffee;Our Old Time Diner Blend Lg;Hell's Kitchen
50.00;20;11;202303;Mar;Fri;Morning;High;Tea;Brewed herbal tea;Peppermint Rg;Hell's Kitchen
40.00;16;9;202303;Mar;Fri;Morning;Med;Tea;Brewed Chai tea;Morning Sunrise Chai Rg;Lower Manhattan
85.00;34;19;202303;Mar;Fri;Morning;very high;Tea;Brewed Black tea;Earl Grey Rg;Lower Manhattan
126.00;28;16;202303;Mar;Fri;Morning;very high;Drinking Chocolate;Hot chocolate;Dark chocolate Lg;Lower Manhattan
63.75;15;11;202303;Mar;Fri;Morning;very high;Coffee;Barista Espresso;Cappuccino Lg;Lower Manhattan
16.20;6;4;202303;Mar;Fri;Morning;Low;Coffee;Barista Espresso;Ouro Brasileiro shot;Lower Manhattan
84.00;28;18;202303;Mar;Fri;Morning;very high;Coffee;Organic brewed coffee;Brazilian Rg;Hell's Kitchen
33.00;11;6;202303;Mar;Fri;Morning;Med;Tea;Brewed Green tea;Serenity Green Tea Lg;Lower Manhattan
33.00;11;9;202303;Mar;Fri;Morning;Med;Tea;Brewed herbal tea;Peppermint Lg;Hell's Kitchen
48.40;22;14;202303;Mar;Fri;Morning;High;Coffee;Organic brewed coffee;Brazilian Sm;Lower Manhattan
68.40;27;19;202303;Mar;Fri;Morning;very high;Coffee;Barista Espresso;Ouro Brasileiro shot;Hell's Kitchen
48.75;13;11;202303;Mar;Fri;Morning;High;Coffee;Barista Espresso;Cappuccino;Hell's Kitchen
42.00;14;7;202303;Mar;Fri;Morning;High;Coffee;Gourmet brewed coffee;Ethiopia Rg;Lower Manhattan
94.50;27;20;202303;Mar;Fri;Morning;very high;Coffee;Organic brewed coffee;Brazilian Lg;Hell's Kitchen
60.00;15;12;202303;Mar;Fri;Morning;High;Tea;Brewed Chai tea;Morning Sunrise Chai Lg;Hell's Kitchen
62.50;25;17;202303;Mar;Fri;Morning;very high;Tea;Brewed Chai tea;Morning Sunrise Chai Rg;Hell's Kitchen
42.00;14;10;202303;Mar;Fri;Morning;High;Tea;Brewed Black tea;Earl Grey Lg;Hell's Kitchen
33.00;15;9;202303;Mar;Fri;Morning;Med;Coffee;Gourmet brewed coffee;Ethiopia Sm;Lower Manhattan
35.00;14;9;202303;Mar;Fri;Morning;Med;Tea;Brewed Green tea;Serenity Green Tea Rg;Hell's Kitchen
51.00;17;10;202303;Mar;Fri;Morning;High;Tea;Brewed Black tea;English Breakfast Lg;Lower Manhattan
101.50;29;17;202303;Mar;Fri;Morning;very high;Coffee;Gourmet brewed coffee;Ethiopia Lg;Hell's Kitchen
75.00;25;17;202303;Mar;Fri;Morning;very high;Tea;Brewed Green tea;Serenity Green Tea Lg;Hell's Kitchen
33.15;13;8;202303;Mar;Fri;Morning;Med;Tea;Brewed Chai tea;Spicy Eye Opener Chai Rg;Hell's Kitchen
77.00;22;14;202303;Mar;Fri;Morning;very high;Coffee;Gourmet brewed coffee;Ethiopia Lg;Lower Manhattan
35.00;10;10;202303;Mar;Fri;Morning;Med;Bakery;Biscotti;Ginger Biscotti;Hell's Kitchen
93.50;22;14;202303;Mar;Fri;Morning;very high;Coffee;Barista Espresso;Latte Rg;Hell's Kitchen
72.25;17;10;202303;Mar;Fri;Morning;very high;Coffee;Barista Espresso;Latte Rg;Lower Manhattan
26.25;7;7;202303;Mar;Fri;Morning;Med;Bakery;Pastry;Almond Croissant;Lower Manhattan
70.00;20;13;202303;Mar;Fri;Morning;very high;Coffee;Gourmet brewed coffee;Ethiopia Lg;Astoria
30.00;15;11;202303;Mar;Fri;Morning;Med;Coffee;Gourmet brewed coffee;Columbian Medium Roast Sm;Astoria
48.00;16;11;202303;Mar;Fri;Morning;High;Tea;Brewed Green tea;Serenity Green Tea Lg;Astoria
20.00;8;5;202303;Mar;Fri;Morning;Low;Tea;Brewed herbal tea;Lemon Grass Rg;Astoria
39.00;13;8;202303;Mar;Fri;Morning;Med;Coffee;Gourmet brewed coffee;Columbian Medium Roast Lg;Hell's Kitchen
75.00;25;14;202303;Mar;Fri;Morning;very high;Coffee;Drip coffee;Our Old Time Diner Blend Lg;Astoria
57.50;23;13;202303;Mar;Fri;Morning;High;Tea;Brewed Black tea;Earl Grey Rg;Astoria
28.00;8;8;202303;Mar;Fri;Morning;Med;Bakery;Biscotti;Ginger Biscotti;Lower Manhattan
49.50;11;9;202303;Mar;Fri;Morning;High;Drinking Chocolate;Hot chocolate;Dark chocolate Lg;Astoria
57.90;18;13;202303;Mar;Fri;Morning;High;Bakery;Scone;Ginger Scone;Hell's Kitchen
27.50;11;9;202303;Mar;Fri;Morning;Med;Tea;Brewed Chai tea;Traditional Blend Chai Rg;Hell's Kitchen
45.00;15;10;202303;Mar;Fri;Morning;High;Tea;Brewed herbal tea;Lemon Grass Lg;Astoria
60.00;16;10;202303;Mar;Fri;Morning;High;Drinking Chocolate;Hot chocolate;Sustainably Grown Organic Rg;Astoria
40.50;9;9;202303;Mar;Fri;Morning;very high;Bakery;Scone;Scottish Cream Scone ;Astoria
45.00;18;13;202303;Mar;Fri;Morning;High;Coffee;Gourmet brewed coffee;Columbian Medium Roast Rg;Astoria
36.00;12;7;202303;Mar;Fri;Morning;Med;Coffee;Barista Espresso;Espresso shot;Hell's Kitchen
77.50;25;18;202303;Mar;Fri;Morning;very high;Tea;Brewed Chai tea;Spicy Eye Opener Chai Lg;Astoria
96.10;31;18;202303;Mar;Fri;Morning;very high;Coffee;Premium brewed coffee;Jamaican Coffee River Rg;Astoria
35.88;10;10;202303;Mar;Fri;Morning;Med;Bakery;Pastry;Croissant;Lower Manhattan
110.50;26;16;202303;Mar;Fri;Morning;very high;Coffee;Barista Espresso;Cappuccino Lg;Astoria
42.00;12;12;202303;Mar;Fri;Morning;High;Bakery;Biscotti;Ginger Biscotti;Astoria
54.00;18;12;202303;Mar;Fri;Morning;High;Coffee;Gourmet brewed coffee;Columbian Medium Roast Lg;Astoria
63.00;21;15;202303;Mar;Fri;Morning;very high;Tea;Brewed herbal tea;Lemon Grass Lg;Hell's Kitchen
37.50;10;6;202303;Mar;Fri;Morning;Med;Coffee;Barista Espresso;Latte;Astoria
60.00;16;10;202303;Mar;Fri;Morning;High;Coffee;Barista Espresso;Cappuccino;Astoria
30.00;10;10;202303;Mar;Fri;Morning;Med;Bakery;Scone;Oatmeal Scone;Astoria
42.00;14;8;202303;Mar;Fri;Morning;High;Tea;Brewed Black tea;Earl Grey Lg;Astoria
34.00;17;12;202303;Mar;Fri;Morning;Med;Coffee;Drip coffee;Our Old Time Diner Blend Sm;Astoria
32.00;16;10;202303;Mar;Fri;Morning;Med;Coffee;Gourmet brewed coffee;Columbian Medium Roast Sm;Lower Manhattan
30.00;8;7;202303;Mar;Fri;Morning;Med;Coffee;Premium brewed coffee;Jamaican Coffee River Lg;Hell's Kitchen
22.75;7;7;202303;Mar;Fri;Morning;Med;Bakery;Biscotti;Hazelnut Biscotti;Hell's Kitchen
73.50;21;13;202303;Mar;Fri;Morning;very high;Drinking Chocolate;Hot chocolate;Dark chocolate Rg;Lower Manhattan
55.00;22;15;202303;Mar;Fri;Morning;High;Tea;Brewed Black tea;English Breakfast Rg;Hell's Kitchen
38.00;8;6;202303;Mar;Fri;Afternoon;Med;Drinking Chocolate;Hot chocolate;Sustainably Grown Organic Lg;Astoria
22.00;10;6;202303;Mar;Fri;Afternoon;Med;Coffee;Gourmet brewed coffee;Ethiopia Sm;Astoria
26.25;7;7;202303;Mar;Fri;Afternoon;Med;Bakery;Pastry;Chocolate Croissant;Astoria
24.00;8;5;202303;Mar;Fri;Afternoon;Med;Coffee;Organic brewed coffee;Brazilian Rg;Lower Manhattan
32.36;11;7;202303;Mar;Fri;Afternoon;Med;Bakery;Scone;Ginger Scone;Lower Manhattan
14.00;7;4;202303;Mar;Fri;Afternoon;Low;Coffee;Gourmet brewed coffee;Columbian Medium Roast Sm;Astoria
42.00;14;8;202303;Mar;Fri;Afternoon;High;Coffee;Gourmet brewed coffee;Columbian Medium Roast Lg;Lower Manhattan
6.50;2;2;202303;Mar;Fri;Afternoon;Low;Bakery;Scone;Cranberry Scone;Lower Manhattan
27.50;11;7;202303;Mar;Fri;Afternoon;Med;Tea;Brewed herbal tea;Lemon Grass Rg;Astoria
30.00;10;6;202303;Mar;Fri;Afternoon;Med;Tea;Brewed Black tea;English Breakfast Lg;Astoria
18.00;6;6;202303;Mar;Fri;Afternoon;Low;Bakery;Scone;Oatmeal Scone;Astoria
9.00;3;2;202303;Mar;Fri;Afternoon;Low;Tea;Brewed herbal tea;Peppermint Lg;Lower Manhattan
48.00;12;8;202303;Mar;Fri;Afternoon;High;Tea;Brewed Chai tea;Morning Sunrise Chai Lg;Astoria
31.50;9;6;202303;Mar;Fri;Afternoon;Med;Coffee;Gourmet brewed coffee;Ethiopia Lg;Hell's Kitchen
40.00;16;11;202303;Mar;Fri;Afternoon;Med;Tea;Brewed Chai tea;Morning Sunrise Chai Rg;Astoria
45.00;15;10;202303;Mar;Fri;Afternoon;High;Coffee;Organic brewed coffee;Brazilian Rg;Astoria
7.50;2;2;202303;Mar;Fri;Afternoon;Low;Bakery;Scone;Jumbo Savory Scone;Astoria
35.00;14;7;202303;Mar;Fri;Afternoon;Med;Tea;Brewed herbal tea;Lemon Grass Rg;Lower Manhattan
35.00;14;9;202303;Mar;Fri;Afternoon;Med;Coffee;Drip coffee;Our Old Time Diner Blend Rg;Astoria
18.00;6;3;202303;Mar;Fri;Afternoon;Low;Tea;Brewed Chai tea;Traditional Blend Chai Lg;Lower Manhattan
18.00;4;4;202303;Mar;Fri;Afternoon;Low;Bakery;Scone;Scottish Cream Scone ;Lower Manhattan
31.50;9;7;202303;Mar;Fri;Afternoon;Med;Coffee;Organic brewed coffee;Brazilian Lg;Astoria
39.00;13;8;202303;Mar;Fri;Afternoon;Med;Coffee;Gourmet brewed coffee;Ethiopia Rg;Lower Manhattan
33.00;11;6;202303;Mar;Fri;Afternoon;Med;Tea;Brewed Green tea;Serenity Green Tea Lg;Hell's Kitchen
18.60;6;4;202303;Mar;Fri;Afternoon;Low;Coffee;Premium brewed coffee;Jamaican Coffee River Rg;Hell's Kitchen
22.50;9;5;202303;Mar;Fri;Afternoon;Med;Tea;Brewed Chai tea;Traditional Blend Chai Rg;Hell's Kitchen
20.00;10;6;202303;Mar;Fri;Afternoon;Low;Coffee;Drip coffee;Our Old Time Diner Blend Sm;Hell's Kitchen
10.50;3;3;202303;Mar;Fri;Afternoon;Low;Bakery;Biscotti;Chocolate Chip Biscotti;Hell's Kitchen
30.00;10;8;202303;Mar;Fri;Afternoon;Med;Tea;Brewed Black tea;English Breakfast Lg;Hell's Kitchen
15.00;5;4;202303;Mar;Fri;Afternoon;Low;Tea;Brewed Black tea;Earl Grey Lg;Lower Manhattan
54.00;12;6;202303;Mar;Fri;Afternoon;High;Drinking Chocolate;Hot chocolate;Dark chocolate Lg;Astoria
32.50;13;8;202303;Mar;Fri;Afternoon;Med;Tea;Brewed Black tea;Earl Grey Rg;Astoria
38.00;8;4;202303;Mar;Fri;Afternoon;Med;Drinking Chocolate;Hot chocolate;Sustainably Grown Organic Lg;Hell's Kitchen
15.30;6;5;202303;Mar;Fri;Afternoon;Low;Tea;Brewed Chai tea;Spicy Eye Opener Chai Rg;Hell's Kitchen
15.00;5;4;202303;Mar;Fri;Afternoon;Low;Coffee;Gourmet brewed coffee;Columbian Medium Roast Lg;Astoria
30.00;10;7;202303;Mar;Fri;Afternoon;Med;Tea;Brewed herbal tea;Peppermint Lg;Astoria
12.00;4;3;202303;Mar;Fri;Afternoon;Low;Tea;Brewed Green tea;Serenity Green Tea Lg;Lower Manhattan
21.00;7;7;202303;Mar;Fri;Afternoon;Med;Tea;Brewed Black tea;Earl Grey Lg;Astoria
19.50;6;6;202303;Mar;Fri;Afternoon;Low;Bakery;Scone;Ginger Scone;Astoria
33.75;9;7;202303;Mar;Fri;Afternoon;Med;Coffee;Barista Espresso;Cappuccino;Hell's Kitchen
40.50;9;6;202303;Mar;Fri;Afternoon;very high;Drinking Chocolate;Hot chocolate;Dark chocolate Lg;Lower Manhattan
42.00;12;8;202303;Mar;Fri;Afternoon;High;Coffee;Gourmet brewed coffee;Ethiopia Lg;Lower Manhattan
10.50;3;3;202303;Mar;Fri;Afternoon;Low;Bakery;Biscotti;Chocolate Chip Biscotti;Lower Manhattan
31.50;9;6;202303;Mar;Fri;Afternoon;Med;Coffee;Organic brewed coffee;Brazilian Lg;Hell's Kitchen
45.50;13;8;202303;Mar;Fri;Afternoon;High;Drinking Chocolate;Hot chocolate;Dark chocolate Rg;Hell's Kitchen
18.60;6;4;202303;Mar;Fri;Afternoon;Low;Tea;Brewed Chai tea;Spicy Eye Opener Chai Lg;Astoria
59.50;14;9;202303;Mar;Fri;Afternoon;High;Coffee;Barista Espresso;Latte Rg;Astoria
40.00;10;7;202303;Mar;Fri;Afternoon;Med;Tea;Brewed Chai tea;Morning Sunrise Chai Lg;Hell's Kitchen
9.00;2;2;202303;Mar;Fri;Afternoon;Low;Bakery;Scone;Scottish Cream Scone ;Hell's Kitchen
27.00;9;5;202303;Mar;Fri;Afternoon;Med;Coffee;Drip coffee;Our Old Time Diner Blend Lg;Hell's Kitchen
20.00;8;5;202303;Mar;Fri;Afternoon;Low;Tea;Brewed Black tea;Earl Grey Rg;Hell's Kitchen
59.50;14;10;202303;Mar;Fri;Afternoon;High;Coffee;Barista Espresso;Cappuccino Lg;Astoria
31.00;10;6;202303;Mar;Fri;Afternoon;Med;Coffee;Premium brewed coffee;Jamaican Coffee River Rg;Lower Manhattan
24.00;8;6;202303;Mar;Fri;Afternoon;Med;Tea;Brewed herbal tea;Lemon Grass Lg;Astoria
18.75;5;4;202303;Mar;Fri;Afternoon;Low;Drinking Chocolate;Hot chocolate;Sustainably Grown Organic Rg;Astoria
28.05;11;8;202303;Mar;Fri;Afternoon;Med;Tea;Brewed Chai tea;Spicy Eye Opener Chai Rg;Astoria
11.00;5;3;202303;Mar;Fri;Afternoon;Low;Coffee;Organic brewed coffee;Brazilian Sm;Lower Manhattan
7.50;2;2;202303;Mar;Fri;Afternoon;Low;Bakery;Pastry;Almond Croissant;Lower Manhattan
18.00;6;5;202303;Mar;Fri;Afternoon;Low;Tea;Brewed Black tea;English Breakfast Lg;Lower Manhattan
15.30;6;4;202303;Mar;Fri;Afternoon;Low;Tea;Brewed Chai tea;Spicy Eye Opener Chai Rg;Lower Manhattan
24.50;7;7;202303;Mar;Fri;Afternoon;Med;Bakery;Biscotti;Ginger Biscotti;Lower Manhattan
9.00;3;2;202303;Mar;Fri;Afternoon;Low;Tea;Brewed herbal tea;Peppermint Lg;Hell's Kitchen
17.15;7;7;202303;Mar;Fri;Afternoon;Low;Coffee;Premium brewed coffee;Jamaican Coffee River Sm;Astoria
36.00;9;5;202303;Mar;Fri;Afternoon;Med;Tea;Brewed Chai tea;Morning Sunrise Chai Lg;Lower Manhattan
7.00;2;2;202303;Mar;Fri;Afternoon;Low;Bakery;Pastry;Croissant;Lower Manhattan
57.00;19;8;202303;Mar;Fri;Afternoon;High;Tea;Brewed herbal tea;Lemon Grass Lg;Lower Manhattan
46.75;11;8;202303;Mar;Fri;Afternoon;High;Coffee;Barista Espresso;Cappuccino Lg;Hell's Kitchen
12.50;5;5;202303;Mar;Fri;Afternoon;Low;Coffee;Gourmet brewed coffee;Columbian Medium Roast Rg;Hell's Kitchen
17.50;7;4;202303;Mar;Fri;Afternoon;Low;Tea;Brewed Chai tea;Morning Sunrise Chai Rg;Hell's Kitchen
5.00;2;2;202303;Mar;Fri;Afternoon;Low;Coffee;Drip coffee;Our Old Time Diner Blend Rg;Lower Manhattan
20.00;8;7;202303;Mar;Fri;Afternoon;Low;Tea;Brewed herbal tea;Lemon Grass Rg;Hell's Kitchen
15.00;4;4;202303;Mar;Fri;Afternoon;Low;Bakery;Pastry;Almond Croissant;Hell's Kitchen
3.50;1;1;202303;Mar;Fri;Afternoon;Low;Bakery;Pastry;Croissant;Astoria
45.00;12;7;202303;Mar;Fri;Afternoon;High;Coffee;Barista Espresso;Cappuccino;Astoria
33.75;9;6;202303;Mar;Fri;Afternoon;Med;Coffee;Barista Espresso;Latte;Lower Manhattan
17.60;8;7;202303;Mar;Fri;Afternoon;Low;Coffee;Gourmet brewed coffee;Ethiopia Sm;Lower Manhattan
35.00;14;9;202303;Mar;Fri;Afternoon;Med;Tea;Brewed Black tea;English Breakfast Rg;Astoria
9.30;3;2;202303;Mar;Fri;Afternoon;Low;Tea;Brewed Chai tea;Spicy Eye Opener Chai Lg;Hell's Kitchen
11.25;3;3;202303;Mar;Fri;Afternoon;Low;Bakery;Pastry;Almond Croissant;Astoria
10.50;3;3;202303;Mar;Fri;Afternoon;Low;Bakery;Biscotti;Ginger Biscotti;Astoria
34.10;11;7;202303;Mar;Fri;Afternoon;Med;Tea;Brewed Chai tea;Spicy Eye Opener Chai Lg;Lower Manhattan
42.00;14;10;202303;Mar;Fri;Afternoon;High;Coffee;Drip coffee;Our Old Time Diner Blend Lg;Astoria
14.00;4;4;202303;Mar;Fri;Afternoon;Low;Bakery;Biscotti;Ginger Biscotti;Hell's Kitchen
46.75;11;7;202303;Mar;Fri;Afternoon;High;Coffee;Barista Espresso;Latte Rg;Hell's Kitchen
6.50;2;2;202303;Mar;Fri;Afternoon;Low;Bakery;Biscotti;Hazelnut Biscotti;Hell's Kitchen
25.00;10;4;202303;Mar;Fri;Afternoon;Med;Tea;Brewed Black tea;English Breakfast Rg;Lower Manhattan
7.50;3;2;202303;Mar;Fri;Afternoon;Low;Tea;Brewed Chai tea;Traditional Blend Chai Rg;Astoria
11.25;3;3;202303;Mar;Fri;Afternoon;Low;Bakery;Pastry;Chocolate Croissant;Lower Manhattan
60.00;16;9;202303;Mar;Fri;Afternoon;High;Coffee;Barista Espresso;Latte;Astoria
36.00;12;7;202303;Mar;Fri;Afternoon;Med;Coffee;Gourmet brewed coffee;Ethiopia Rg;Astoria
8.00;4;3;202303;Mar;Fri;Afternoon;Low;Coffee;Drip coffee;Our Old Time Diner Blend Sm;Astoria
9.75;3;3;202303;Mar;Fri;Afternoon;Low;Bakery;Scone;Cranberry Scone;Astoria
2.00;1;1;202303;Mar;Fri;Afternoon;Low;Coffee;Gourmet brewed coffee;Columbian Medium Roast Sm;Hell's Kitchen
17.50;7;5;202303;Mar;Fri;Afternoon;Low;Coffee;Gourmet brewed coffee;Columbian Medium Roast Rg;Lower Manhattan
12.50;5;3;202303;Mar;Fri;Afternoon;Low;Tea;Brewed Black tea;English Breakfast Rg;Hell's Kitchen
17.40;7;5;202303;Mar;Fri;Afternoon;Low;Coffee;Barista Espresso;Ouro Brasileiro shot;Hell's Kitchen
33.25;7;3;202303;Mar;Fri;Afternoon;Med;Drinking Chocolate;Hot chocolate;Sustainably Grown Organic Lg;Lower Manhattan
3.25;1;1;202303;Mar;Fri;Afternoon;Low;Bakery;Biscotti;Hazelnut Biscotti;Lower Manhattan
22.50;9;6;202303;Mar;Fri;Afternoon;Med;Tea;Brewed herbal tea;Peppermint Rg;Hell's Kitchen
33.00;11;8;202303;Mar;Fri;Afternoon;Med;Coffee;Barista Espresso;Espresso shot;Astoria
6.00;2;2;202303;Mar;Fri;Afternoon;Low;Bakery;Scone;Oatmeal Scone;Hell's Kitchen
15.00;4;3;202303;Mar;Fri;Afternoon;Low;Drinking Chocolate;Hot chocolate;Sustainably Grown Organic Rg;Lower Manhattan
31.00;10;7;202303;Mar;Fri;Afternoon;Med;Coffee;Premium brewed coffee;Jamaican Coffee River Rg;Astoria
20.00;8;6;202303;Mar;Fri;Afternoon;Low;Tea;Brewed Green tea;Serenity Green Tea Rg;Astoria
27.50;11;8;202303;Mar;Fri;Afternoon;Med;Coffee;Gourmet brewed coffee;Columbian Medium Roast Rg;Astoria
17.15;7;4;202303;Mar;Fri;Afternoon;Low;Coffee;Premium brewed coffee;Jamaican Coffee River Sm;Lower Manhattan
22.50;9;5;202303;Mar;Fri;Afternoon;Med;Tea;Brewed Chai tea;Traditional Blend Chai Rg;Lower Manhattan
22.50;5;4;202303;Mar;Fri;Afternoon;Med;Drinking Chocolate;Hot chocolate;Dark chocolate Lg;Hell's Kitchen
15.00;4;4;202303;Mar;Fri;Afternoon;Low;Bakery;Scone;Jumbo Savory Scone;Hell's Kitchen
21.25;5;4;202303;Mar;Fri;Afternoon;Med;Coffee;Barista Espresso;Latte Rg;Lower Manhattan
20.00;10;5;202303;Mar;Fri;Afternoon;Low;Coffee;Drip coffee;Our Old Time Diner Blend Sm;Lower Manhattan
30.00;10;8;202303;Mar;Fri;Afternoon;Med;Tea;Brewed Chai tea;Traditional Blend Chai Lg;Astoria
12.50;5;4;202303;Mar;Fri;Afternoon;Low;Coffee;Drip coffee;Our Old Time Diner Blend Rg;Hell's Kitchen
6.00;2;1;202303;Mar;Fri;Afternoon;Low;Tea;Brewed herbal tea;Lemon Grass Lg;Hell's Kitchen
13.00;4;4;202303;Mar;Fri;Afternoon;Low;Bakery;Biscotti;Hazelnut Biscotti;Astoria
22.05;9;6;202303;Mar;Fri;Afternoon;Med;Coffee;Premium brewed coffee;Jamaican Coffee River Sm;Hell's Kitchen
20.70;9;4;202303;Mar;Fri;Afternoon;very high;Coffee;Barista Espresso;Ouro Brasileiro shot;Lower Manhattan
27.00;9;7;202303;Mar;Fri;Evening;Med;Coffee;Drip coffee;Our Old Time Diner Blend Lg;Hell's Kitchen
15.00;5;3;202303;Mar;Fri;Evening;Low;Coffee;Organic brewed coffee;Brazilian Rg;Lower Manhattan
20.00;8;7;202303;Mar;Fri;Evening;Low;Tea;Brewed herbal tea;Lemon Grass Rg;Astoria
42.00;14;8;202303;Mar;Fri;Evening;High;Coffee;Barista Espresso;Espresso shot;Astoria
29.75;7;5;202303;Mar;Fri;Evening;Med;Coffee;Barista Espresso;Cappuccino Lg;Astoria
36.00;12;8;202303;Mar;Fri;Evening;Med;Coffee;Gourmet brewed coffee;Columbian Medium Roast Lg;Astoria
33.15;13;8;202303;Mar;Fri;Evening;Med;Tea;Brewed Chai tea;Spicy Eye Opener Chai Rg;Astoria
6.00;2;2;202303;Mar;Fri;Evening;Low;Bakery;Scone;Oatmeal Scone;Astoria
22.50;6;3;202303;Mar;Fri;Evening;Med;Coffee;Barista Espresso;Cappuccino;Lower Manhattan
37.50;10;8;202303;Mar;Fri;Evening;Med;Coffee;Barista Espresso;Latte;Astoria
33.75;9;5;202303;Mar;Fri;Evening;Med;Coffee;Premium brewed coffee;Jamaican Coffee River Lg;Astoria
34.00;17;12;202303;Mar;Fri;Evening;Med;Coffee;Drip coffee;Our Old Time Diner Blend Sm;Astoria
42.00;14;9;202303;Mar;Fri;Evening;High;Tea;Brewed Green tea;Serenity Green Tea Lg;Astoria
10.50;3;3;202303;Mar;Fri;Evening;Low;Bakery;Biscotti;Chocolate Chip Biscotti;Astoria
21.00;6;5;202303;Mar;Fri;Evening;Med;Coffee;Gourmet brewed coffee;Ethiopia Lg;Hell's Kitchen
9.75;3;3;202303;Mar;Fri;Evening;Low;Bakery;Biscotti;Hazelnut Biscotti;Hell's Kitchen
37.50;10;6;202303;Mar;Fri;Evening;Med;Coffee;Barista Espresso;Latte;Hell's Kitchen
17.85;7;6;202303;Mar;Fri;Evening;Low;Tea;Brewed Chai tea;Spicy Eye Opener Chai Rg;Hell's Kitchen
21.00;7;7;202303;Mar;Fri;Evening;Med;Tea;Brewed Black tea;Earl Grey Lg;Lower Manhattan
9.00;3;3;202303;Mar;Fri;Evening;Low;Bakery;Scone;Oatmeal Scone;Lower Manhattan
12.50;5;3;202303;Mar;Fri;Evening;Low;Tea;Brewed Chai tea;Traditional Blend Chai Rg;Lower Manhattan
40.00;16;9;202303;Mar;Fri;Evening;Med;Tea;Brewed Chai tea;Morning Sunrise Chai Rg;Hell's Kitchen
15.00;5;4;202303;Mar;Fri;Evening;Low;Coffee;Gourmet brewed coffee;Ethiopia Rg;Lower Manhattan
52.50;15;11;202303;Mar;Fri;Evening;High;Coffee;Gourmet brewed coffee;Ethiopia Lg;Astoria
51.00;17;11;202303;Mar;Fri;Evening;High;Tea;Brewed Green tea;Serenity Green Tea Lg;Hell's Kitchen
20.00;8;6;202303;Mar;Fri;Evening;Low;Coffee;Drip coffee;Our Old Time Diner Blend Rg;Astoria
57.00;19;12;202303;Mar;Fri;Evening;High;Tea;Brewed Chai tea;Traditional Blend Chai Lg;Hell's Kitchen
3.50;1;1;202303;Mar;Fri;Evening;Low;Bakery;Pastry;Croissant;Hell's Kitchen
64.00;16;10;202303;Mar;Fri;Evening;very high;Tea;Brewed Chai tea;Morning Sunrise Chai Lg;Astoria
89.25;21;14;202303;Mar;Fri;Evening;very high;Coffee;Barista Espresso;Latte Rg;Astoria
45.00;15;9;202303;Mar;Fri;Evening;High;Tea;Brewed Black tea;English Breakfast Lg;Astoria
19.00;4;3;202303;Mar;Fri;Evening;Low;Drinking Chocolate;Hot chocolate;Sustainably Grown Organic Lg;Astoria
16.25;5;5;202303;Mar;Fri;Evening;Low;Bakery;Scone;Cranberry Scone;Astoria
25.00;10;6;202303;Mar;Fri;Evening;Med;Coffee;Gourmet brewed coffee;Columbian Medium Roast Rg;Hell's Kitchen
37.20;12;7;202303;Mar;Fri;Evening;Med;Tea;Brewed Chai tea;Spicy Eye Opener Chai Lg;Hell's Kitchen
3.00;1;1;202303;Mar;Fri;Evening;Low;Coffee;Gourmet brewed coffee;Columbian Medium Roast Lg;Lower Manhattan
9.30;3;3;202303;Mar;Fri;Evening;Low;Coffee;Premium brewed coffee;Jamaican Coffee River Rg;Hell's Kitchen
14.00;7;5;202303;Mar;Fri;Evening;Low;Coffee;Gourmet brewed coffee;Columbian Medium Roast Sm;Hell's Kitchen
22.50;6;6;202303;Mar;Fri;Evening;Med;Bakery;Pastry;Almond Croissant;Hell's Kitchen
18.00;6;5;202303;Mar;Fri;Evening;Low;Coffee;Barista Espresso;Espresso shot;Lower Manhattan
24.00;8;6;202303;Mar;Fri;Evening;Med;Coffee;Gourmet brewed coffee;Ethiopia Rg;Astoria
15.00;6;4;202303;Mar;Fri;Evening;Low;Tea;Brewed Chai tea;Morning Sunrise Chai Rg;Lower Manhattan
10.00;4;4;202303;Mar;Fri;Evening;Low;Tea;Brewed Green tea;Serenity Green Tea Rg;Lower Manhattan
7.50;2;2;202303;Mar;Fri;Evening;Low;Bakery;Pastry;Chocolate Croissant;Lower Manhattan
5.00;2;1;202303;Mar;Fri;Evening;Low;Tea;Brewed Black tea;Earl Grey Rg;Lower Manhattan
7.50;3;3;202303;Mar;Fri;Evening;Low;Tea;Brewed herbal tea;Peppermint Rg;Hell's Kitchen
24.50;10;8;202303;Mar;Fri;Evening;Med;Coffee;Premium brewed coffee;Jamaican Coffee River Sm;Astoria
31.00;10;7;202303;Mar;Fri;Evening;Med;Tea;Brewed Chai tea;Spicy Eye Opener Chai Lg;Astoria
9.00;2;1;202303;Mar;Fri;Evening;Low;Drinking Chocolate;Hot chocolate;Dark chocolate Lg;Lower Manhattan
33.00;11;6;202303;Mar;Fri;Evening;Med;Tea;Brewed herbal tea;Peppermint Lg;Lower Manhattan
42.75;9;6;202303;Mar;Fri;Evening;High;Drinking Chocolate;Hot chocolate;Sustainably Grown Organic Lg;Hell's Kitchen
27.50;11;7;202303;Mar;Fri;Evening;Med;Tea;Brewed Black tea;English Breakfast Rg;Astoria
16.00;8;4;202303;Mar;Fri;Evening;Low;Coffee;Drip coffee;Our Old Time Diner Blend Sm;Hell's Kitchen
14.00;4;3;202303;Mar;Fri;Evening;Low;Coffee;Organic brewed coffee;Brazilian Lg;Astoria
26.25;7;7;202303;Mar;Fri;Evening;Med;Bakery;Pastry;Chocolate Croissant;Astoria
27.90;9;5;202303;Mar;Fri;Evening;Med;Coffee;Premium brewed coffee;Jamaican Coffee River Rg;Astoria
8.80;4;4;202303;Mar;Fri;Evening;Low;Coffee;Gourmet brewed coffee;Ethiopia Sm;Astoria
28.00;8;5;202303;Mar;Fri;Evening;Med;Drinking Chocolate;Hot chocolate;Dark chocolate Rg;Hell's Kitchen
4.50;1;1;202303;Mar;Fri;Evening;Low;Bakery;Scone;Scottish Cream Scone ;Hell's Kitchen
7.50;3;2;202303;Mar;Fri;Evening;Low;Tea;Brewed herbal tea;Lemon Grass Rg;Lower Manhattan
3.50;1;1;202303;Mar;Fri;Evening;Low;Bakery;Pastry;Croissant;Lower Manhattan
30.00;10;6;202303;Mar;Fri;Evening;Med;Tea;Brewed Black tea;English Breakfast Lg;Hell's Kitchen
6.60;3;3;202303;Mar;Fri;Evening;Low;Coffee;Organic brewed coffee;Brazilian Sm;Lower Manhattan
15.00;4;3;202303;Mar;Fri;Evening;Low;Coffee;Barista Espresso;Cappuccino;Astoria
5.10;2;2;202303;Mar;Fri;Evening;Low;Tea;Brewed Chai tea;Spicy Eye Opener Chai Rg;Lower Manhattan
9.00;3;2;202303;Mar;Fri;Evening;Low;Coffee;Barista Espresso;Ouro Brasileiro shot;Lower Manhattan
18.00;6;4;202303;Mar;Fri;Evening;Low;Tea;Brewed Black tea;Earl Grey Lg;Astoria
12.50;5;3;202303;Mar;Fri;Evening;Low;Coffee;Drip coffee;Our Old Time Diner Blend Rg;Hell's Kitchen
37.50;10;7;202303;Mar;Fri;Evening;Med;Drinking Chocolate;Hot chocolate;Sustainably Grown Organic Rg;Astoria
20.00;10;7;202303;Mar;Fri;Evening;Low;Coffee;Gourmet brewed coffee;Columbian Medium Roast Sm;Astoria
15.40;7;4;202303;Mar;Fri;Evening;Low;Coffee;Organic brewed coffee;Brazilian Sm;Hell's Kitchen
12.25;5;4;202303;Mar;Fri;Evening;Low;Coffee;Premium brewed coffee;Jamaican Coffee River Sm;Hell's Kitchen
30.00;10;6;202303;Mar;Fri;Evening;Med;Coffee;Organic brewed coffee;Brazilian Rg;Hell's Kitchen
47.50;10;6;202303;Mar;Fri;Evening;High;Drinking Chocolate;Hot chocolate;Sustainably Grown Organic Lg;Lower Manhattan
17.50;7;5;202303;Mar;Fri;Evening;Low;Tea;Brewed Black tea;Earl Grey Rg;Hell's Kitchen
21.00;7;5;202303;Mar;Fri;Evening;Med;Tea;Brewed herbal tea;Lemon Grass Lg;Lower Manhattan
27.50;11;8;202303;Mar;Fri;Evening;Med;Tea;Brewed Chai tea;Morning Sunrise Chai Rg;Astoria
9.00;3;2;202303;Mar;Fri;Evening;Low;Coffee;Barista Espresso;Espresso shot;Hell's Kitchen
11.25;3;2;202303;Mar;Fri;Evening;Low;Coffee;Barista Espresso;Latte;Lower Manhattan
15.50;5;3;202303;Mar;Fri;Evening;Low;Tea;Brewed Chai tea;Spicy Eye Opener Chai Lg;Lower Manhattan
18.00;9;5;202303;Mar;Fri;Evening;Low;Coffee;Drip coffee;Our Old Time Diner Blend Sm;Lower Manhattan
7.50;2;2;202303;Mar;Fri;Evening;Low;Bakery;Pastry;Almond Croissant;Lower Manhattan
33.00;15;9;202303;Mar;Fri;Evening;Med;Coffee;Organic brewed coffee;Brazilian Sm;Astoria
5.00;2;1;202303;Mar;Fri;Evening;Low;Tea;Brewed Black tea;English Breakfast Rg;Lower Manhattan
16.25;5;5;202303;Mar;Fri;Evening;Low;Bakery;Scone;Ginger Scone;Astoria
24.50;7;5;202303;Mar;Fri;Evening;Med;Drinking Chocolate;Hot chocolate;Dark chocolate Rg;Lower Manhattan
15.00;4;3;202303;Mar;Fri;Evening;Low;Coffee;Barista Espresso;Cappuccino;Hell's Kitchen
10.50;3;2;202303;Mar;Fri;Evening;Low;Coffee;Organic brewed coffee;Brazilian Lg;Lower Manhattan
12.75;3;3;202303;Mar;Fri;Evening;Low;Coffee;Barista Espresso;Cappuccino Lg;Lower Manhattan
4.25;1;1;202303;Mar;Fri;Evening;Low;Coffee;Barista Espresso;Latte Rg;Hell's Kitchen
7.00;2;2;202303;Mar;Fri;Evening;Low;Bakery;Biscotti;Chocolate Chip Biscotti;Hell's Kitchen
8.80;4;3;202303;Mar;Fri;Evening;Low;Coffee;Gourmet brewed coffee;Ethiopia Sm;Hell's Kitchen
10.50;3;3;202303;Mar;Fri;Evening;Low;Bakery;Biscotti;Ginger Biscotti;Lower Manhattan
12.50;5;4;202303;Mar;Fri;Evening;Low;Tea;Brewed herbal tea;Lemon Grass Rg;Hell's Kitchen
7.50;3;2;202303;Mar;Fri;Evening;Low;Coffee;Gourmet brewed coffee;Columbian Medium Roast Rg;Lower Manhattan
3.00;1;1;202303;Mar;Fri;Evening;Low;Coffee;Gourmet brewed coffee;Ethiopia Rg;Hell's Kitchen
14.00;4;4;202303;Mar;Fri;Evening;Low;Bakery;Biscotti;Ginger Biscotti;Hell's Kitchen
9.00;3;3;202303;Mar;Fri;Evening;Low;Tea;Brewed herbal tea;Lemon Grass Lg;Hell's Kitchen
26.25;7;4;202303;Mar;Fri;Evening;Med;Drinking Chocolate;Hot chocolate;Sustainably Grown Organic Rg;Hell's Kitchen
22.50;9;5;202303;Mar;Fri;Evening;Med;Tea;Brewed Chai tea;Traditional Blend Chai Rg;Hell's Kitchen
8.10;3;3;202303;Mar;Fri;Evening;Low;Coffee;Barista Espresso;Ouro Brasileiro shot;Hell's Kitchen
38.50;11;6;202303;Mar;Fri;Evening;Med;Coffee;Organic brewed coffee;Brazilian Lg;Hell's Kitchen
18.75;5;5;202303;Mar;Fri;Evening;Low;Bakery;Pastry;Chocolate Croissant;Hell's Kitchen
20.00;8;5;202303;Mar;Fri;Evening;Low;Tea;Brewed Chai tea;Traditional Blend Chai Rg;Astoria
36.00;12;9;202303;Mar;Fri;Evening;Med;Coffee;Organic brewed coffee;Brazilian Rg;Astoria
15.00;5;4;202303;Mar;Fri;Evening;Low;Coffee;Drip coffee;Our Old Time Diner Blend Lg;Astoria
21.00;7;6;202303;Mar;Fri;Evening;Med;Tea;Brewed herbal tea;Lemon Grass Lg;Astoria
24.00;8;7;202303;Mar;Fri;Evening;Med;Tea;Brewed Chai tea;Traditional Blend Chai Lg;Astoria
13.50;3;2;202303;Mar;Fri;Evening;Low;Drinking Chocolate;Hot chocolate;Dark chocolate Lg;Hell's Kitchen
30.00;12;8;202303;Mar;Fri;Evening;Med;Tea;Brewed Black tea;Earl Grey Rg;Astoria
27.00;9;7;202303;Mar;Fri;Evening;Med;Tea;Brewed herbal tea;Peppermint Lg;Hell's Kitchen
30.00;12;8;202303;Mar;Fri;Evening;Med;Tea;Brewed Green tea;Serenity Green Tea Rg;Astoria
20.00;8;6;202303;Mar;Fri;Evening;Low;Coffee;Gourmet brewed coffee;Columbian Medium Roast Rg;Astoria
24.00;8;5;202303;Mar;Sat;Morning;Med;Tea;Brewed Green tea;Serenity Green Tea Lg;Lower Manhattan
24.00;12;7;202303;Mar;Sat;Morning;Med;Coffee;Gourmet brewed coffee;Columbian Medium Roast Sm;Lower Manhattan
25.00;10;8;202303;Mar;Sat;Morning;Med;Tea;Brewed herbal tea;Lemon Grass Rg;Lower Manhattan
66.00;22;12;202303;Mar;Sat;Morning;very high;Coffee;Gourmet brewed coffee;Columbian Medium Roast Lg;Lower Manhattan
33.15;13;7;202303;Mar;Sat;Morning;Med;Tea;Brewed Chai tea;Spicy Eye Opener Chai Rg;Lower Manhattan
56.00;14;7;202303;Mar;Sat;Morning;High;Tea;Brewed Chai tea;Morning Sunrise Chai Lg;Lower Manhattan
66.00;22;12;202303;Mar;Sat;Morning;very high;Tea;Brewed herbal tea;Peppermint Lg;Lower Manhattan
63.00;21;12;202303;Mar;Sat;Morning;very high;Tea;Brewed Chai tea;Traditional Blend Chai Lg;Lower Manhattan
48.75;13;10;202303;Mar;Sat;Morning;High;Coffee;Premium brewed coffee;Jamaican Coffee River Lg;Lower Manhattan
67.50;15;10;202303;Mar;Sat;Morning;very high;Drinking Chocolate;Hot chocolate;Dark chocolate Lg;Lower Manhattan
18.75;5;5;202303;Mar;Sat;Morning;Low;Bakery;Pastry;Almond Croissant;Lower Manhattan
37.40;17;11;202303;Mar;Sat;Morning;Med;Coffee;Gourmet brewed coffee;Ethiopia Sm;Lower Manhattan
59.50;14;9;202303;Mar;Sat;Morning;High;Coffee;Barista Espresso;Latte Rg;Hell's Kitchen
30.00;10;6;202303;Mar;Sat;Morning;Med;Coffee;Organic brewed coffee;Brazilian Rg;Hell's Kitchen
33.25;7;6;202303;Mar;Sat;Morning;Med;Drinking Chocolate;Hot chocolate;Sustainably Grown Organic Lg;Hell's Kitchen
45.50;14;14;202303;Mar;Sat;Morning;High;Bakery;Scone;Ginger Scone;Hell's Kitchen
37.40;17;10;202303;Mar;Sat;Morning;Med;Coffee;Organic brewed coffee;Brazilian Sm;Hell's Kitchen
49.00;14;8;202303;Mar;Sat;Morning;High;Drinking Chocolate;Hot chocolate;Dark chocolate Rg;Hell's Kitchen
30.00;12;8;202303;Mar;Sat;Morning;Med;Tea;Brewed Black tea;Earl Grey Rg;Hell's Kitchen
35.00;14;10;202303;Mar;Sat;Morning;Med;Tea;Brewed Green tea;Serenity Green Tea Rg;Hell's Kitchen
18.75;5;5;202303;Mar;Sat;Morning;Low;Bakery;Scone;Jumbo Savory Scone;Hell's Kitchen
69.00;23;14;202303;Mar;Sat;Morning;very high;Tea;Brewed Black tea;English Breakfast Lg;Hell's Kitchen
25.00;10;7;202303;Mar;Sat;Morning;Med;Coffee;Gourmet brewed coffee;Columbian Medium Roast Rg;Hell's Kitchen
27.50;11;7;202303;Mar;Sat;Morning;Med;Coffee;Drip coffee;Our Old Time Diner Blend Rg;Lower Manhattan
45.50;13;9;202303;Mar;Sat;Morning;High;Coffee;Organic brewed coffee;Brazilian Lg;Lower Manhattan
76.00;16;12;202303;Mar;Sat;Morning;very high;Drinking Chocolate;Hot chocolate;Sustainably Grown Organic Lg;Lower Manhattan
35.00;14;8;202303;Mar;Sat;Morning;Med;Tea;Brewed Chai tea;Morning Sunrise Chai Rg;Lower Manhattan
45.00;12;12;202303;Mar;Sat;Morning;High;Bakery;Pastry;Chocolate Croissant;Lower Manhattan
67.50;18;10;202303;Mar;Sat;Morning;very high;Coffee;Barista Espresso;Cappuccino;Lower Manhattan
45.00;12;8;202303;Mar;Sat;Morning;High;Coffee;Premium brewed coffee;Jamaican Coffee River Lg;Hell's Kitchen
50.00;20;9;202303;Mar;Sat;Morning;High;Coffee;Gourmet brewed coffee;Columbian Medium Roast Rg;Lower Manhattan
35.00;14;10;202303;Mar;Sat;Morning;Med;Tea;Brewed herbal tea;Peppermint Rg;Hell's Kitchen
34.00;8;6;202303;Mar;Sat;Morning;Med;Coffee;Barista Espresso;Cappuccino Lg;Lower Manhattan
26.00;8;8;202303;Mar;Sat;Morning;Med;Bakery;Biscotti;Hazelnut Biscotti;Lower Manhattan
110.50;26;15;202303;Mar;Sat;Morning;very high;Coffee;Barista Espresso;Latte Rg;Lower Manhattan
51.00;17;10;202303;Mar;Sat;Morning;High;Coffee;Drip coffee;Our Old Time Diner Blend Lg;Hell's Kitchen
59.50;17;10;202303;Mar;Sat;Morning;High;Coffee;Gourmet brewed coffee;Ethiopia Lg;Hell's Kitchen
45.00;12;6;202303;Mar;Sat;Morning;High;Drinking Chocolate;Hot chocolate;Sustainably Grown Organic Rg;Lower Manhattan
33.00;11;7;202303;Mar;Sat;Morning;Med;Tea;Brewed herbal tea;Peppermint Lg;Hell's Kitchen
35.00;14;9;202303;Mar;Sat;Morning;Med;Tea;Brewed Black tea;English Breakfast Rg;Hell's Kitchen
21.00;7;3;202303;Mar;Sat;Morning;Med;Tea;Brewed herbal tea;Lemon Grass Lg;Lower Manhattan
31.50;9;9;202303;Mar;Sat;Morning;Med;Bakery;Biscotti;Ginger Biscotti;Hell's Kitchen
30.00;10;6;202303;Mar;Sat;Morning;Med;Tea;Brewed Black tea;Earl Grey Lg;Hell's Kitchen
63.75;17;11;202303;Mar;Sat;Morning;very high;Drinking Chocolate;Hot chocolate;Sustainably Grown Organic Rg;Hell's Kitchen
66.00;22;12;202303;Mar;Sat;Morning;very high;Tea;Brewed Black tea;Earl Grey Lg;Lower Manhattan
51.00;12;9;202303;Mar;Sat;Morning;High;Coffee;Barista Espresso;Cappuccino Lg;Hell's Kitchen
18.00;6;5;202303;Mar;Sat;Morning;Low;Coffee;Gourmet brewed coffee;Columbian Medium Roast Lg;Hell's Kitchen
56.25;15;9;202303;Mar;Sat;Morning;High;Coffee;Barista Espresso;Latte;Lower Manhattan
37.50;15;10;202303;Mar;Sat;Morning;Med;Tea;Brewed Chai tea;Traditional Blend Chai Rg;Hell's Kitchen
36.00;12;7;202303;Mar;Sat;Morning;Med;Coffee;Organic brewed coffee;Brazilian Rg;Lower Manhattan
17.85;7;6;202303;Mar;Sat;Morning;Low;Tea;Brewed Chai tea;Spicy Eye Opener Chai Rg;Hell's Kitchen
30.00;10;8;202303;Mar;Sat;Morning;Med;Tea;Brewed herbal tea;Lemon Grass Lg;Hell's Kitchen
49.00;14;10;202303;Mar;Sat;Morning;High;Drinking Chocolate;Hot chocolate;Dark chocolate Rg;Lower Manhattan
27.50;11;9;202303;Mar;Sat;Morning;Med;Tea;Brewed Black tea;Earl Grey Rg;Lower Manhattan
31.50;7;7;202303;Mar;Sat;Morning;Med;Bakery;Scone;Scottish Cream Scone ;Lower Manhattan
18.60;6;3;202303;Mar;Sat;Morning;Low;Coffee;Premium brewed coffee;Jamaican Coffee River Rg;Lower Manhattan
68.00;17;11;202303;Mar;Sat;Morning;very high;Tea;Brewed Chai tea;Morning Sunrise Chai Lg;Hell's Kitchen
30.00;12;10;202303;Mar;Sat;Morning;Med;Tea;Brewed Black tea;English Breakfast Rg;Lower Manhattan
52.70;17;11;202303;Mar;Sat;Morning;High;Tea;Brewed Chai tea;Spicy Eye Opener Chai Lg;Hell's Kitchen
44.10;18;11;202303;Mar;Sat;Morning;High;Coffee;Premium brewed coffee;Jamaican Coffee River Sm;Hell's Kitchen
36.00;12;11;202303;Mar;Sat;Morning;Med;Bakery;Scone;Ginger Scone;Lower Manhattan
18.00;9;6;202303;Mar;Sat;Morning;Low;Coffee;Gourmet brewed coffee;Columbian Medium Roast Sm;Hell's Kitchen
50.60;23;15;202303;Mar;Sat;Morning;High;Coffee;Gourmet brewed coffee;Ethiopia Sm;Astoria
58.90;19;11;202303;Mar;Sat;Morning;High;Coffee;Premium brewed coffee;Jamaican Coffee River Rg;Hell's Kitchen
29.25;9;9;202303;Mar;Sat;Morning;Med;Bakery;Biscotti;Hazelnut Biscotti;Hell's Kitchen
30.00;10;6;202303;Mar;Sat;Morning;Med;Coffee;Gourmet brewed coffee;Ethiopia Rg;Lower Manhattan
31.50;9;7;202303;Mar;Sat;Morning;Med;Coffee;Gourmet brewed coffee;Ethiopia Lg;Astoria
33.00;11;8;202303;Mar;Sat;Morning;Med;Coffee;Barista Espresso;Espresso shot;Lower Manhattan
37.50;10;7;202303;Mar;Sat;Morning;Med;Drinking Chocolate;Hot chocolate;Sustainably Grown Organic Rg;Astoria
68.00;16;10;202303;Mar;Sat;Morning;very high;Coffee;Barista Espresso;Latte Rg;Astoria
48.00;16;11;202303;Mar;Sat;Morning;High;Tea;Brewed Black tea;English Breakfast Lg;Astoria
14.00;4;4;202303;Mar;Sat;Morning;Low;Bakery;Pastry;Croissant;Lower Manhattan
22.50;5;3;202303;Mar;Sat;Morning;Med;Drinking Chocolate;Hot chocolate;Dark chocolate Lg;Hell's Kitchen
21.00;7;6;202303;Mar;Sat;Morning;Med;Coffee;Gourmet brewed coffee;Columbian Medium Roast Lg;Astoria
22.50;9;6;202303;Mar;Sat;Morning;Med;Coffee;Drip coffee;Our Old Time Diner Blend Rg;Hell's Kitchen
52.50;14;14;202303;Mar;Sat;Morning;High;Bakery;Pastry;Chocolate Croissant;Astoria
14.00;4;4;202303;Mar;Sat;Morning;Low;Bakery;Biscotti;Ginger Biscotti;Astoria
32.50;13;9;202303;Mar;Sat;Morning;Med;Coffee;Gourmet brewed coffee;Columbian Medium Roast Rg;Astoria
18.00;6;5;202303;Mar;Sat;Morning;Low;Coffee;Barista Espresso;Espresso shot;Astoria
15.00;4;4;202303;Mar;Sat;Morning;Low;Bakery;Scone;Jumbo Savory Scone;Lower Manhattan
30.00;10;6;202303;Mar;Sat;Morning;Med;Coffee;Drip coffee;Our Old Time Diner Blend Lg;Astoria
30.00;12;8;202303;Mar;Sat;Morning;Med;Tea;Brewed herbal tea;Lemon Grass Rg;Astoria
75.00;20;13;202303;Mar;Sat;Morning;very high;Coffee;Barista Espresso;Cappuccino;Hell's Kitchen
49.00;14;10;202303;Mar;Sat;Morning;High;Coffee;Organic brewed coffee;Brazilian Lg;Astoria
48.75;13;13;202303;Mar;Sat;Morning;High;Bakery;Pastry;Chocolate Croissant;Hell's Kitchen
18.75;5;3;202303;Mar;Sat;Night;Low;Coffee;Barista Espresso;Cappuccino;Hell's Kitchen
10.50;3;3;202303;Mar;Sat;Night;Low;Bakery;Biscotti;Ginger Biscotti;Hell's Kitchen
3.00;1;1;202303;Mar;Sat;Night;Low;Tea;Brewed herbal tea;Peppermint Lg;Astoria
5.00;2;2;202303;Mar;Sat;Night;Low;Coffee;Gourmet brewed coffee;Columbian Medium Roast Rg;Lower Manhattan
30.00;10;5;202303;Mar;Sat;Afternoon;Med;Coffee;Barista Espresso;Ouro Brasileiro shot;Lower Manhattan
18.00;6;6;202303;Mar;Sat;Afternoon;Low;Bakery;Scone;Oatmeal Scone;Lower Manhattan
21.00;7;6;202303;Mar;Sat;Afternoon;Med;Coffee;Gourmet brewed coffee;Columbian Medium Roast Lg;Lower Manhattan
20.00;5;4;202303;Mar;Sat;Afternoon;Low;Tea;Brewed Chai tea;Morning Sunrise Chai Lg;Astoria
9.00;3;3;202303;Mar;Sat;Afternoon;Low;Tea;Brewed Black tea;English Breakfast Lg;Hell's Kitchen
33.00;11;7;202303;Mar;Sat;Afternoon;Med;Tea;Brewed herbal tea;Peppermint Lg;Lower Manhattan
15.00;6;4;202303;Mar;Sat;Afternoon;Low;Tea;Brewed Green tea;Serenity Green Tea Rg;Hell's Kitchen
25.00;10;6;202303;Mar;Sat;Afternoon;Med;Tea;Brewed Chai tea;Traditional Blend Chai Rg;Astoria
12.00;6;4;202303;Mar;Sat;Afternoon;Low;Coffee;Gourmet brewed coffee;Columbian Medium Roast Sm;Lower Manhattan
22.00;10;7;202303;Mar;Sat;Afternoon;Med;Coffee;Organic brewed coffee;Brazilian Sm;Astoria
23.10;8;5;202303;Mar;Sat;Afternoon;Med;Coffee;Barista Espresso;Ouro Brasileiro shot;Hell's Kitchen
30.60;12;7;202303;Mar;Sat;Afternoon;Med;Tea;Brewed Chai tea;Spicy Eye Opener Chai Rg;Astoria
34.10;11;8;202303;Mar;Sat;Afternoon;Med;Coffee;Premium brewed coffee;Jamaican Coffee River Rg;Astoria
11.25;3;3;202303;Mar;Sat;Afternoon;Low;Bakery;Pastry;Almond Croissant;Astoria
38.50;11;5;202303;Mar;Sat;Afternoon;Med;Coffee;Gourmet brewed coffee;Ethiopia Lg;Lower Manhattan
32.50;13;9;202303;Mar;Sat;Afternoon;Med;Tea;Brewed Black tea;English Breakfast Rg;Astoria
19.80;9;6;202303;Mar;Sat;Afternoon;Low;Coffee;Organic brewed coffee;Brazilian Sm;Hell's Kitchen
27.00;9;5;202303;Mar;Sat;Afternoon;Med;Tea;Brewed herbal tea;Peppermint Lg;Astoria
30.00;8;6;202303;Mar;Sat;Afternoon;Med;Coffee;Premium brewed coffee;Jamaican Coffee River Lg;Astoria
27.00;9;5;202303;Mar;Sat;Afternoon;Med;Coffee;Barista Espresso;Espresso shot;Hell's Kitchen
32.50;13;7;202303;Mar;Sat;Afternoon;Med;Tea;Brewed Chai tea;Traditional Blend Chai Rg;Lower Manhattan
48.75;13;8;202303;Mar;Sat;Afternoon;High;Coffee;Barista Espresso;Cappuccino;Hell's Kitchen
5.00;2;1;202303;Mar;Sat;Afternoon;Low;Tea;Brewed Black tea;Earl Grey Rg;Lower Manhattan
9.00;3;2;202303;Mar;Sat;Afternoon;Low;Tea;Brewed Chai tea;Traditional Blend Chai Lg;Lower Manhattan
13.20;6;4;202303;Mar;Sat;Afternoon;Low;Coffee;Gourmet brewed coffee;Ethiopia Sm;Astoria
17.50;7;6;202303;Mar;Sat;Afternoon;Low;Tea;Brewed Black tea;Earl Grey Rg;Hell's Kitchen
67.50;15;9;202303;Mar;Sat;Afternoon;very high;Drinking Chocolate;Hot chocolate;Dark chocolate Lg;Astoria
11.25;3;3;202303;Mar;Sat;Afternoon;Low;Bakery;Pastry;Chocolate Croissant;Astoria
7.35;3;2;202303;Mar;Sat;Afternoon;Low;Coffee;Premium brewed coffee;Jamaican Coffee River Sm;Astoria
52.50;14;9;202303;Mar;Sat;Afternoon;High;Coffee;Barista Espresso;Cappuccino;Lower Manhattan
7.00;2;2;202303;Mar;Sat;Afternoon;Low;Bakery;Pastry;Croissant;Lower Manhattan
12.00;4;3;202303;Mar;Sat;Afternoon;Low;Tea;Brewed Green tea;Serenity Green Tea Lg;Hell's Kitchen
10.00;5;4;202303;Mar;Sat;Afternoon;Low;Coffee;Gourmet brewed coffee;Columbian Medium Roast Sm;Astoria
21.00;6;4;202303;Mar;Sat;Afternoon;Med;Drinking Chocolate;Hot chocolate;Dark chocolate Rg;Astoria
29.25;9;9;202303;Mar;Sat;Afternoon;Med;Bakery;Biscotti;Hazelnut Biscotti;Astoria
22.50;6;5;202303;Mar;Sat;Afternoon;Med;Coffee;Barista Espresso;Latte;Astoria
24.00;8;5;202303;Mar;Sat;Afternoon;Med;Coffee;Organic brewed coffee;Brazilian Rg;Astoria
22.50;9;6;202303;Mar;Sat;Afternoon;Med;Coffee;Drip coffee;Our Old Time Diner Blend Rg;Astoria
51.00;17;11;202303;Mar;Sat;Afternoon;High;Coffee;Gourmet brewed coffee;Columbian Medium Roast Lg;Astoria
41.25;11;8;202303;Mar;Sat;Afternoon;High;Drinking Chocolate;Hot chocolate;Sustainably Grown Organic Rg;Hell's Kitchen
15.00;4;4;202303;Mar;Sat;Afternoon;Low;Bakery;Scone;Jumbo Savory Scone;Astoria
34.30;14;9;202303;Mar;Sat;Afternoon;Med;Coffee;Premium brewed coffee;Jamaican Coffee River Sm;Lower Manhattan
14.00;4;4;202303;Mar;Sat;Afternoon;Low;Coffee;Gourmet brewed coffee;Ethiopia Lg;Astoria
36.00;12;8;202303;Mar;Sat;Afternoon;Med;Tea;Brewed Black tea;Earl Grey Lg;Astoria
3.50;1;1;202303;Mar;Sat;Afternoon;Low;Bakery;Biscotti;Chocolate Chip Biscotti;Astoria
27.00;9;5;202303;Mar;Sat;Afternoon;Med;Coffee;Barista Espresso;Espresso shot;Astoria
21.70;7;5;202303;Mar;Sat;Afternoon;Med;Tea;Brewed Chai tea;Spicy Eye Opener Chai Lg;Lower Manhattan
2.00;1;1;202303;Mar;Sat;Afternoon;Low;Coffee;Drip coffee;Our Old Time Diner Blend Sm;Astoria
25.50;6;5;202303;Mar;Sat;Afternoon;Med;Coffee;Barista Espresso;Cappuccino Lg;Astoria
6.00;2;2;202303;Mar;Sat;Afternoon;Low;Tea;Brewed Green tea;Serenity Green Tea Lg;Astoria
37.50;15;11;202303;Mar;Sat;Afternoon;Med;Coffee;Gourmet brewed coffee;Columbian Medium Roast Rg;Astoria
7.00;2;2;202303;Mar;Sat;Afternoon;Low;Bakery;Pastry;Croissant;Astoria
59.50;14;9;202303;Mar;Sat;Afternoon;High;Coffee;Barista Espresso;Latte Rg;Astoria
31.50;9;6;202303;Mar;Sat;Afternoon;Med;Coffee;Gourmet brewed coffee;Ethiopia Lg;Hell's Kitchen
24.50;7;5;202303;Mar;Sat;Afternoon;Med;Coffee;Organic brewed coffee;Brazilian Lg;Lower Manhattan
45.00;10;6;202303;Mar;Sat;Afternoon;High;Drinking Chocolate;Hot chocolate;Dark chocolate Lg;Hell's Kitchen
18.75;5;4;202303;Mar;Sat;Afternoon;Low;Drinking Chocolate;Hot chocolate;Sustainably Grown Organic Rg;Astoria
45.00;10;7;202303;Mar;Sat;Afternoon;High;Drinking Chocolate;Hot chocolate;Dark chocolate Lg;Lower Manhattan
25.00;10;7;202303;Mar;Sat;Afternoon;Med;Tea;Brewed herbal tea;Peppermint Rg;Lower Manhattan
17.15;7;5;202303;Mar;Sat;Afternoon;Low;Coffee;Premium brewed coffee;Jamaican Coffee River Sm;Hell's Kitchen
9.75;3;3;202303;Mar;Sat;Afternoon;Low;Bakery;Scone;Cranberry Scone;Astoria
22.50;9;7;202303;Mar;Sat;Afternoon;Med;Tea;Brewed Black tea;Earl Grey Rg;Astoria
21.70;7;5;202303;Mar;Sat;Afternoon;Med;Tea;Brewed Chai tea;Spicy Eye Opener Chai Lg;Hell's Kitchen
33.15;13;7;202303;Mar;Sat;Afternoon;Med;Tea;Brewed Chai tea;Spicy Eye Opener Chai Rg;Hell's Kitchen
17.50;7;4;202303;Mar;Sat;Afternoon;Low;Tea;Brewed Chai tea;Morning Sunrise Chai Rg;Astoria
24.00;6;5;202303;Mar;Sat;Afternoon;Med;Tea;Brewed Chai tea;Morning Sunrise Chai Lg;Lower Manhattan
24.00;8;4;202303;Mar;Sat;Afternoon;Med;Coffee;Drip coffee;Our Old Time Diner Blend Lg;Astoria
15.50;5;4;202303;Mar;Sat;Afternoon;Low;Tea;Brewed Chai tea;Spicy Eye Opener Chai Lg;Astoria
3.25;1;1;202303;Mar;Sat;Afternoon;Low;Bakery;Biscotti;Hazelnut Biscotti;Hell's Kitchen
29.75;7;4;202303;Mar;Sat;Afternoon;Med;Coffee;Barista Espresso;Latte Rg;Hell's Kitchen
18.00;6;4;202303;Mar;Sat;Afternoon;Low;Tea;Brewed herbal tea;Lemon Grass Lg;Astoria
12.50;5;4;202303;Mar;Sat;Afternoon;Low;Tea;Brewed herbal tea;Lemon Grass Rg;Hell's Kitchen
7.00;2;2;202303;Mar;Sat;Afternoon;Low;Bakery;Biscotti;Chocolate Chip Biscotti;Hell's Kitchen
5.00;2;2;202303;Mar;Sat;Afternoon;Low;Tea;Brewed Green tea;Serenity Green Tea Rg;Astoria
30.00;8;7;202303;Mar;Sat;Afternoon;Med;Coffee;Premium brewed coffee;Jamaican Coffee River Lg;Hell's Kitchen
15.00;5;3;202303;Mar;Sat;Afternoon;Low;Tea;Brewed Black tea;English Breakfast Lg;Astoria
12.50;5;3;202303;Mar;Sat;Afternoon;Low;Coffee;Drip coffee;Our Old Time Diner Blend Rg;Hell's Kitchen
24.00;8;5;202303;Mar;Sat;Afternoon;Med;Tea;Brewed Black tea;Earl Grey Lg;Lower Manhattan
15.00;5;4;202303;Mar;Sat;Afternoon;Low;Tea;Brewed Black tea;Earl Grey Lg;Hell's Kitchen
33.00;11;7;202303;Mar;Sat;Afternoon;Med;Tea;Brewed Black tea;English Breakfast Lg;Lower Manhattan
28.50;6;4;202303;Mar;Sat;Afternoon;Med;Drinking Chocolate;Hot chocolate;Sustainably Grown Organic Lg;Hell's Kitchen
7.50;3;2;202303;Mar;Sat;Afternoon;Low;Tea;Brewed herbal tea;Lemon Grass Rg;Lower Manhattan
18.75;5;5;202303;Mar;Sat;Afternoon;Low;Bakery;Pastry;Almond Croissant;Hell's Kitchen
12.50;5;4;202303;Mar;Sat;Afternoon;Low;Coffee;Gourmet brewed coffee;Columbian Medium Roast Rg;Hell's Kitchen
9.00;3;3;202303;Mar;Sat;Afternoon;Low;Coffee;Gourmet brewed coffee;Columbian Medium Roast Lg;Hell's Kitchen
30.00;8;6;202303;Mar;Sat;Afternoon;Med;Coffee;Barista Espresso;Cappuccino;Astoria
18.00;6;4;202303;Mar;Sat;Afternoon;Low;Coffee;Organic brewed coffee;Brazilian Rg;Lower Manhattan
21.00;6;4;202303;Mar;Sat;Afternoon;Med;Drinking Chocolate;Hot chocolate;Dark chocolate Rg;Lower Manhattan
48.00;16;10;202303;Mar;Sat;Afternoon;High;Tea;Brewed Chai tea;Traditional Blend Chai Lg;Astoria
9.00;3;2;202303;Mar;Sat;Afternoon;Low;Coffee;Drip coffee;Our Old Time Diner Blend Lg;Lower Manhattan
12.50;5;3;202303;Mar;Sat;Afternoon;Low;Tea;Brewed Black tea;English Breakfast Rg;Hell's Kitchen
30.00;8;5;202303;Mar;Sat;Afternoon;Med;Coffee;Premium brewed coffee;Jamaican Coffee River Lg;Lower Manhattan
3.25;1;1;202303;Mar;Sat;Afternoon;Low;Bakery;Scone;Ginger Scone;Lower Manhattan
6.00;2;2;202303;Mar;Sat;Afternoon;Low;Bakery;Scone;Oatmeal Scone;Astoria
27.50;11;6;202303;Mar;Sat;Afternoon;Med;Tea;Brewed Chai tea;Morning Sunrise Chai Rg;Hell's Kitchen
11.00;5;4;202303;Mar;Sat;Afternoon;Low;Coffee;Gourmet brewed coffee;Ethiopia Sm;Hell's Kitchen
33.00;11;6;202303;Mar;Sat;Afternoon;Med;Tea;Brewed herbal tea;Lemon Grass Lg;Hell's Kitchen
12.00;4;4;202303;Mar;Sat;Afternoon;Low;Coffee;Drip coffee;Our Old Time Diner Blend Lg;Hell's Kitchen
12.50;5;4;202303;Mar;Sat;Afternoon;Low;Tea;Brewed Green tea;Serenity Green Tea Rg;Lower Manhattan
28.50;6;4;202303;Mar;Sat;Afternoon;Med;Drinking Chocolate;Hot chocolate;Sustainably Grown Organic Lg;Astoria
42.75;9;6;202303;Mar;Sat;Afternoon;High;Drinking Chocolate;Hot chocolate;Sustainably Grown Organic Lg;Lower Manhattan
13.20;6;3;202303;Mar;Sat;Afternoon;Low;Coffee;Organic brewed coffee;Brazilian Sm;Lower Manhattan
7.50;2;2;202303;Mar;Sat;Afternoon;Low;Bakery;Pastry;Chocolate Croissant;Hell's Kitchen
52.50;14;9;202303;Mar;Sat;Afternoon;High;Drinking Chocolate;Hot chocolate;Sustainably Grown Organic Rg;Lower Manhattan
11.25;3;3;202303;Mar;Sat;Afternoon;Low;Bakery;Pastry;Almond Croissant;Lower Manhattan
15.00;6;4;202303;Mar;Sat;Afternoon;Low;Coffee;Drip coffee;Our Old Time Diner Blend Rg;Lower Manhattan
6.00;2;2;202303;Mar;Sat;Afternoon;Low;Coffee;Gourmet brewed coffee;Ethiopia Rg;Astoria
6.00;3;2;202303;Mar;Sat;Afternoon;Low;Coffee;Drip coffee;Our Old Time Diner Blend Sm;Lower Manhattan
6.00;2;1;202303;Mar;Sat;Afternoon;Low;Coffee;Gourmet brewed coffee;Ethiopia Rg;Hell's Kitchen
26.25;7;4;202303;Mar;Sat;Afternoon;Med;Coffee;Barista Espresso;Latte;Lower Manhattan
27.00;9;5;202303;Mar;Sat;Afternoon;Med;Coffee;Gourmet brewed coffee;Ethiopia Rg;Lower Manhattan
20.00;8;4;202303;Mar;Sat;Afternoon;Low;Tea;Brewed Black tea;English Breakfast Rg;Lower Manhattan
17.50;7;4;202303;Mar;Sat;Afternoon;Low;Tea;Brewed Chai tea;Morning Sunrise Chai Rg;Lower Manhattan
24.00;8;4;202303;Mar;Sat;Afternoon;Med;Tea;Brewed Chai tea;Traditional Blend Chai Lg;Hell's Kitchen
6.20;2;1;202303;Mar;Sat;Night;Low;Tea;Brewed Chai tea;Spicy Eye Opener Chai Lg;Astoria
3.00;1;1;202303;Mar;Sat;Night;Low;Bakery;Scone;Oatmeal Scone;Astoria
24.00;8;5;202303;Mar;Sat;Evening;Med;Coffee;Drip coffee;Our Old Time Diner Blend Lg;Astoria
33.25;7;4;202303;Mar;Sat;Evening;Med;Drinking Chocolate;Hot chocolate;Sustainably Grown Organic Lg;Astoria
11.00;5;4;202303;Mar;Sat;Evening;Low;Coffee;Organic brewed coffee;Brazilian Sm;Astoria
33.75;9;8;202303;Mar;Sat;Evening;Med;Coffee;Premium brewed coffee;Jamaican Coffee River Lg;Hell's Kitchen
21.00;7;5;202303;Mar;Sat;Evening;Med;Tea;Brewed Black tea;English Breakfast Lg;Lower Manhattan
18.75;5;5;202303;Mar;Sat;Evening;Low;Bakery;Pastry;Almond Croissant;Lower Manhattan
27.50;11;7;202303;Mar;Sat;Evening;Med;Tea;Brewed Black tea;Earl Grey Rg;Astoria
9.00;3;3;202303;Mar;Sat;Evening;Low;Bakery;Scone;Oatmeal Scone;Astoria
20.00;8;4;202303;Mar;Sat;Evening;Low;Tea;Brewed Black tea;Earl Grey Rg;Lower Manhattan
15.00;6;5;202303;Mar;Sat;Evening;Low;Tea;Brewed Chai tea;Traditional Blend Chai Rg;Astoria
9.00;3;3;202303;Mar;Sat;Evening;Low;Coffee;Drip coffee;Our Old Time Diner Blend Lg;Lower Manhattan
32.00;8;5;202303;Mar;Sat;Evening;Med;Tea;Brewed Chai tea;Morning Sunrise Chai Lg;Hell's Kitchen
30.00;8;5;202303;Mar;Sat;Evening;Med;Coffee;Barista Espresso;Cappuccino;Lower Manhattan
26.25;7;5;202303;Mar;Sat;Evening;Med;Coffee;Premium brewed coffee;Jamaican Coffee River Lg;Lower Manhattan
27.00;9;6;202303;Mar;Sat;Evening;Med;Tea;Brewed Black tea;English Breakfast Lg;Astoria
22.50;6;6;202303;Mar;Sat;Evening;Med;Bakery;Pastry;Chocolate Croissant;Astoria
22.00;11;9;202303;Mar;Sat;Evening;Med;Coffee;Drip coffee;Our Old Time Diner Blend Sm;Astoria
20.00;8;6;202303;Mar;Sat;Evening;Low;Tea;Brewed Chai tea;Morning Sunrise Chai Rg;Astoria
36.00;12;8;202303;Mar;Sat;Evening;Med;Coffee;Gourmet brewed coffee;Ethiopia Rg;Astoria
7.50;2;2;202303;Mar;Sat;Evening;Low;Bakery;Pastry;Almond Croissant;Astoria
13.50;3;3;202303;Mar;Sat;Evening;Low;Bakery;Scone;Scottish Cream Scone ;Astoria
6.50;2;2;202303;Mar;Sat;Evening;Low;Bakery;Scone;Cranberry Scone;Hell's Kitchen
20.00;8;4;202303;Mar;Sat;Evening;Low;Tea;Brewed herbal tea;Lemon Grass Rg;Astoria
3.75;1;1;202303;Mar;Sat;Evening;Low;Bakery;Pastry;Chocolate Croissant;Lower Manhattan
42.00;14;8;202303;Mar;Sat;Evening;High;Tea;Brewed herbal tea;Lemon Grass Lg;Astoria
24.00;8;3;202303;Mar;Sat;Evening;Med;Tea;Brewed herbal tea;Peppermint Lg;Lower Manhattan
17.50;5;5;202303;Mar;Sat;Evening;Low;Bakery;Biscotti;Ginger Biscotti;Lower Manhattan
17.60;8;5;202303;Mar;Sat;Evening;Low;Coffee;Gourmet brewed coffee;Ethiopia Sm;Hell's Kitchen
18.60;6;4;202303;Mar;Sat;Evening;Low;Tea;Brewed Chai tea;Spicy Eye Opener Chai Lg;Lower Manhattan
33.75;9;5;202303;Mar;Sat;Evening;Med;Coffee;Barista Espresso;Cappuccino;Astoria
10.50;3;2;202303;Mar;Sat;Evening;Low;Drinking Chocolate;Hot chocolate;Dark chocolate Rg;Hell's Kitchen
31.00;10;6;202303;Mar;Sat;Evening;Med;Tea;Brewed Chai tea;Spicy Eye Opener Chai Lg;Hell's Kitchen
22.05;9;4;202303;Mar;Sat;Evening;Med;Coffee;Premium brewed coffee;Jamaican Coffee River Sm;Lower Manhattan
14.00;4;3;202303;Mar;Sat;Evening;Low;Coffee;Organic brewed coffee;Brazilian Lg;Hell's Kitchen
11.00;5;3;202303;Mar;Sat;Evening;Low;Coffee;Gourmet brewed coffee;Ethiopia Sm;Lower Manhattan
17.50;7;5;202303;Mar;Sat;Evening;Low;Tea;Brewed Chai tea;Traditional Blend Chai Rg;Hell's Kitchen
38.50;11;7;202303;Mar;Sat;Evening;Med;Drinking Chocolate;Hot chocolate;Dark chocolate Rg;Astoria
8.80;4;3;202303;Mar;Sat;Evening;Low;Coffee;Organic brewed coffee;Brazilian Sm;Lower Manhattan
24.50;7;4;202303;Mar;Sat;Evening;Med;Coffee;Gourmet brewed coffee;Ethiopia Lg;Astoria
7.00;2;2;202303;Mar;Sat;Evening;Low;Drinking Chocolate;Hot chocolate;Dark chocolate Rg;Lower Manhattan
28.00;14;9;202303;Mar;Sat;Evening;Med;Coffee;Gourmet brewed coffee;Columbian Medium Roast Sm;Astoria
8.00;4;2;202303;Mar;Sat;Evening;Low;Coffee;Drip coffee;Our Old Time Diner Blend Sm;Hell's Kitchen
10.00;5;3;202303;Mar;Sat;Evening;Low;Coffee;Gourmet brewed coffee;Columbian Medium Roast Sm;Lower Manhattan
10.00;5;4;202303;Mar;Sat;Evening;Low;Coffee;Drip coffee;Our Old Time Diner Blend Sm;Lower Manhattan
12.50;5;4;202303;Mar;Sat;Evening;Low;Tea;Brewed Black tea;English Breakfast Rg;Astoria
6.00;2;2;202303;Mar;Sat;Evening;Low;Coffee;Gourmet brewed coffee;Columbian Medium Roast Lg;Lower Manhattan
39.00;13;9;202303;Mar;Sat;Evening;Med;Tea;Brewed Black tea;Earl Grey Lg;Astoria
8.00;4;2;202303;Mar;Sat;Evening;Low;Coffee;Gourmet brewed coffee;Columbian Medium Roast Sm;Hell's Kitchen
21.25;5;3;202303;Mar;Sat;Evening;Med;Coffee;Barista Espresso;Cappuccino Lg;Astoria
3.00;1;1;202303;Mar;Sat;Evening;Low;Tea;Brewed Black tea;English Breakfast Lg;Hell's Kitchen
21.00;6;3;202303;Mar;Sat;Evening;Med;Coffee;Organic brewed coffee;Brazilian Lg;Lower Manhattan
45.00;10;7;202303;Mar;Sat;Evening;High;Drinking Chocolate;Hot chocolate;Dark chocolate Lg;Hell's Kitchen
14.00;4;2;202303;Mar;Sat;Evening;Low;Coffee;Gourmet brewed coffee;Ethiopia Lg;Hell's Kitchen
27.00;6;4;202303;Mar;Sat;Evening;Med;Drinking Chocolate;Hot chocolate;Dark chocolate Lg;Astoria
21.00;6;5;202303;Mar;Sat;Evening;Med;Coffee;Organic brewed coffee;Brazilian Lg;Astoria
6.00;2;2;202303;Mar;Sat;Evening;Low;Coffee;Drip coffee;Our Old Time Diner Blend Lg;Hell's Kitchen
27.00;6;3;202303;Mar;Sat;Evening;Med;Drinking Chocolate;Hot chocolate;Dark chocolate Lg;Lower Manhattan
18.00;6;4;202303;Mar;Sat;Evening;Low;Tea;Brewed Green tea;Serenity Green Tea Lg;Hell's Kitchen
17.85;7;4;202303;Mar;Sat;Evening;Low;Tea;Brewed Chai tea;Spicy Eye Opener Chai Rg;Astoria
25.50;6;4;202303;Mar;Sat;Evening;Med;Coffee;Barista Espresso;Latte Rg;Astoria
7.50;3;2;202303;Mar;Sat;Evening;Low;Tea;Brewed Green tea;Serenity Green Tea Rg;Hell's Kitchen
12.50;5;4;202303;Mar;Sat;Evening;Low;Coffee;Drip coffee;Our Old Time Diner Blend Rg;Astoria
27.00;9;6;202303;Mar;Sat;Evening;Med;Coffee;Organic brewed coffee;Brazilian Rg;Hell's Kitchen
52.70;17;10;202303;Mar;Sat;Evening;High;Tea;Brewed Chai tea;Spicy Eye Opener Chai Lg;Astoria
22.50;9;5;202303;Mar;Sat;Evening;Med;Tea;Brewed Black tea;Earl Grey Rg;Hell's Kitchen
19.50;6;6;202303;Mar;Sat;Evening;Low;Bakery;Biscotti;Hazelnut Biscotti;Astoria
9.30;4;2;202303;Mar;Sat;Evening;Low;Coffee;Barista Espresso;Ouro Brasileiro shot;Lower Manhattan
10.00;4;3;202303;Mar;Sat;Evening;Low;Coffee;Gourmet brewed coffee;Columbian Medium Roast Rg;Hell's Kitchen
4.50;1;1;202303;Mar;Sat;Evening;Low;Bakery;Scone;Scottish Cream Scone ;Hell's Kitchen
24.00;8;5;202303;Mar;Sat;Evening;Med;Tea;Brewed Chai tea;Traditional Blend Chai Lg;Astoria
9.75;3;3;202303;Mar;Sat;Evening;Low;Bakery;Scone;Ginger Scone;Astoria
12.50;5;3;202303;Mar;Sat;Evening;Low;Tea;Brewed Green tea;Serenity Green Tea Rg;Lower Manhattan
15.00;5;4;202303;Mar;Sat;Evening;Low;Coffee;Barista Espresso;Espresso shot;Lower Manhattan
15.00;6;4;202303;Mar;Sat;Evening;Low;Coffee;Drip coffee;Our Old Time Diner Blend Rg;Lower Manhattan
27.00;9;8;202303;Mar;Sat;Evening;Med;Coffee;Organic brewed coffee;Brazilian Rg;Astoria
12.00;4;3;202303;Mar;Sat;Evening;Low;Tea;Brewed Chai tea;Traditional Blend Chai Lg;Hell's Kitchen
36.00;12;6;202303;Mar;Sat;Evening;Med;Coffee;Barista Espresso;Espresso shot;Astoria
9.75;3;3;202303;Mar;Sat;Evening;Low;Bakery;Scone;Cranberry Scone;Astoria
15.00;6;4;202303;Mar;Sat;Evening;Low;Tea;Brewed herbal tea;Peppermint Rg;Hell's Kitchen
3.25;1;1;202303;Mar;Sat;Evening;Low;Bakery;Biscotti;Hazelnut Biscotti;Hell's Kitchen
10.00;4;3;202303;Mar;Sat;Evening;Low;Tea;Brewed herbal tea;Lemon Grass Rg;Hell's Kitchen
6.50;2;2;202303;Mar;Sat;Evening;Low;Bakery;Scone;Ginger Scone;Hell's Kitchen
17.50;5;5;202303;Mar;Sat;Evening;Low;Bakery;Biscotti;Ginger Biscotti;Astoria
4.25;1;1;202303;Mar;Sat;Evening;Low;Coffee;Barista Espresso;Cappuccino Lg;Hell's Kitchen
10.50;3;3;202303;Mar;Sat;Evening;Low;Bakery;Pastry;Croissant;Astoria
12.75;3;2;202303;Mar;Sat;Evening;Low;Coffee;Barista Espresso;Latte Rg;Hell's Kitchen
3.50;1;1;202303;Mar;Sat;Evening;Low;Bakery;Biscotti;Chocolate Chip Biscotti;Hell's Kitchen
12.40;4;3;202303;Mar;Sat;Evening;Low;Coffee;Premium brewed coffee;Jamaican Coffee River Rg;Astoria
42.75;9;6;202303;Mar;Sat;Evening;High;Drinking Chocolate;Hot chocolate;Sustainably Grown Organic Lg;Hell's Kitchen
7.00;2;2;202303;Mar;Sat;Evening;Low;Bakery;Pastry;Croissant;Hell's Kitchen
27.50;11;6;202303;Mar;Sat;Evening;Med;Coffee;Drip coffee;Our Old Time Diner Blend Rg;Hell's Kitchen
24.00;8;6;202303;Mar;Sat;Evening;Med;Coffee;Barista Espresso;Espresso shot;Hell's Kitchen
3.75;1;1;202303;Mar;Sat;Evening;Low;Bakery;Pastry;Almond Croissant;Hell's Kitchen
7.00;2;2;202303;Mar;Sat;Evening;Low;Bakery;Biscotti;Ginger Biscotti;Hell's Kitchen
7.50;2;2;202303;Mar;Sat;Evening;Low;Drinking Chocolate;Hot chocolate;Sustainably Grown Organic Rg;Hell's Kitchen
47.50;19;12;202303;Mar;Sun;Morning;High;Tea;Brewed Black tea;English Breakfast Rg;Lower Manhattan
36.00;9;7;202303;Mar;Sun;Morning;Med;Tea;Brewed Chai tea;Morning Sunrise Chai Lg;Lower Manhattan
78.00;26;17;202303;Mar;Sun;Morning;very high;Tea;Brewed herbal tea;Peppermint Lg;Lower Manhattan
42.50;17;10;202303;Mar;Sun;Morning;High;Tea;Brewed Black tea;Earl Grey Rg;Lower Manhattan
38.50;11;11;202303;Mar;Sun;Morning;Med;Bakery;Pastry;Croissant;Lower Manhattan
78.00;26;16;202303;Mar;Sun;Morning;very high;Tea;Brewed Black tea;English Breakfast Lg;Lower Manhattan
37.40;17;9;202303;Mar;Sun;Morning;Med;Coffee;Gourmet brewed coffee;Ethiopia Sm;Lower Manhattan
11.00;5;4;202303;Mar;Sun;Morning;Low;Coffee;Organic brewed coffee;Brazilian Sm;Lower Manhattan
30.00;10;6;202303;Mar;Sun;Morning;Med;Coffee;Gourmet brewed coffee;Columbian Medium Roast Lg;Lower Manhattan
63.00;14;8;202303;Mar;Sun;Morning;very high;Drinking Chocolate;Hot chocolate;Dark chocolate Lg;Lower Manhattan
51.00;17;9;202303;Mar;Sun;Morning;High;Tea;Brewed herbal tea;Lemon Grass Lg;Lower Manhattan
24.00;8;4;202303;Mar;Sun;Morning;Med;Tea;Brewed Black tea;Earl Grey Lg;Lower Manhattan
26.00;13;8;202303;Mar;Sun;Morning;Med;Coffee;Gourmet brewed coffee;Columbian Medium Roast Sm;Lower Manhattan
19.50;6;6;202303;Mar;Sun;Morning;Low;Bakery;Biscotti;Hazelnut Biscotti;Lower Manhattan
33.00;11;9;202303;Mar;Sun;Morning;Med;Tea;Brewed Chai tea;Traditional Blend Chai Lg;Lower Manhattan
24.00;8;5;202303;Mar;Sun;Morning;Med;Coffee;Drip coffee;Our Old Time Diner Blend Lg;Lower Manhattan
30.00;8;8;202303;Mar;Sun;Morning;Med;Bakery;Scone;Jumbo Savory Scone;Lower Manhattan
63.00;21;13;202303;Mar;Sun;Morning;very high;Tea;Brewed Black tea;Earl Grey Lg;Hell's Kitchen
37.20;12;7;202303;Mar;Sun;Morning;Med;Coffee;Premium brewed coffee;Jamaican Coffee River Rg;Lower Manhattan
40.00;16;10;202303;Mar;Sun;Morning;Med;Tea;Brewed Chai tea;Morning Sunrise Chai Rg;Lower Manhattan
32.50;10;10;202303;Mar;Sun;Morning;Med;Bakery;Scone;Cranberry Scone;Lower Manhattan
33.75;9;9;202303;Mar;Sun;Morning;Med;Bakery;Scone;Jumbo Savory Scone;Hell's Kitchen
31.50;9;6;202303;Mar;Sun;Morning;Med;Coffee;Gourmet brewed coffee;Ethiopia Lg;Lower Manhattan
18.00;6;3;202303;Mar;Sun;Morning;Low;Coffee;Barista Espresso;Espresso shot;Lower Manhattan
42.00;14;9;202303;Mar;Sun;Morning;High;Coffee;Organic brewed coffee;Brazilian Rg;Hell's Kitchen
25.00;10;8;202303;Mar;Sun;Morning;Med;Coffee;Gourmet brewed coffee;Columbian Medium Roast Rg;Hell's Kitchen
48.75;13;8;202303;Mar;Sun;Morning;High;Drinking Chocolate;Hot chocolate;Sustainably Grown Organic Rg;Hell's Kitchen
52.50;21;12;202303;Mar;Sun;Morning;High;Coffee;Gourmet brewed coffee;Columbian Medium Roast Rg;Lower Manhattan
76.00;16;13;202303;Mar;Sun;Morning;very high;Drinking Chocolate;Hot chocolate;Sustainably Grown Organic Lg;Hell's Kitchen
59.50;14;10;202303;Mar;Sun;Morning;High;Coffee;Barista Espresso;Cappuccino Lg;Lower Manhattan
54.00;18;11;202303;Mar;Sun;Morning;High;Tea;Brewed Black tea;English Breakfast Lg;Hell's Kitchen
39.00;13;9;202303;Mar;Sun;Morning;Med;Tea;Brewed Green tea;Serenity Green Tea Lg;Hell's Kitchen
81.00;18;13;202303;Mar;Sun;Morning;very high;Drinking Chocolate;Hot chocolate;Dark chocolate Lg;Hell's Kitchen
35.00;14;10;202303;Mar;Sun;Morning;Med;Tea;Brewed Chai tea;Traditional Blend Chai Rg;Hell's Kitchen
18.00;6;4;202303;Mar;Sat;Evening;Low;Tea;Brewed Black tea;Earl Grey Lg;Hell's Kitchen
31.50;9;9;202303;Mar;Sun;Morning;Med;Bakery;Biscotti;Ginger Biscotti;Lower Manhattan
47.50;19;11;202303;Mar;Sun;Morning;High;Coffee;Drip coffee;Our Old Time Diner Blend Rg;Lower Manhattan
26.25;7;6;202303;Mar;Sun;Morning;Med;Coffee;Barista Espresso;Latte;Lower Manhattan
49.00;14;10;202303;Mar;Sun;Morning;High;Coffee;Organic brewed coffee;Brazilian Lg;Hell's Kitchen
22.05;9;6;202303;Mar;Sun;Morning;Med;Coffee;Premium brewed coffee;Jamaican Coffee River Sm;Lower Manhattan
12.00;4;4;202303;Mar;Sun;Morning;Low;Bakery;Scone;Oatmeal Scone;Lower Manhattan
40.00;16;12;202303;Mar;Sun;Morning;Med;Tea;Brewed Black tea;Earl Grey Rg;Hell's Kitchen
60.00;20;13;202303;Mar;Sun;Morning;High;Tea;Brewed herbal tea;Lemon Grass Lg;Hell's Kitchen
37.50;15;9;202303;Mar;Sun;Morning;Med;Coffee;Drip coffee;Our Old Time Diner Blend Rg;Hell's Kitchen
25.00;10;7;202303;Mar;Sun;Morning;Med;Tea;Brewed Chai tea;Morning Sunrise Chai Rg;Hell's Kitchen
48.75;13;9;202303;Mar;Sun;Morning;High;Drinking Chocolate;Hot chocolate;Sustainably Grown Organic Rg;Lower Manhattan
30.60;12;7;202303;Mar;Sun;Morning;Med;Tea;Brewed Chai tea;Spicy Eye Opener Chai Rg;Lower Manhattan
48.75;13;9;202303;Mar;Sun;Morning;High;Coffee;Premium brewed coffee;Jamaican Coffee River Lg;Hell's Kitchen
33.00;11;8;202303;Mar;Sun;Morning;Med;Tea;Brewed Chai tea;Traditional Blend Chai Lg;Hell's Kitchen
29.25;9;9;202303;Mar;Sun;Morning;Med;Bakery;Scone;Ginger Scone;Lower Manhattan
26.00;8;7;202303;Mar;Sun;Morning;Med;Bakery;Scone;Ginger Scone;Hell's Kitchen
35.00;14;11;202303;Mar;Sun;Morning;Med;Tea;Brewed herbal tea;Peppermint Rg;Hell's Kitchen
60.00;20;11;202303;Mar;Sun;Morning;High;Tea;Brewed herbal tea;Peppermint Lg;Hell's Kitchen
21.70;7;7;202303;Mar;Sun;Morning;Med;Coffee;Premium brewed coffee;Jamaican Coffee River Rg;Hell's Kitchen
28.00;8;8;202303;Mar;Sun;Morning;Med;Bakery;Biscotti;Ginger Biscotti;Hell's Kitchen
48.00;16;10;202303;Mar;Sun;Morning;High;Coffee;Drip coffee;Our Old Time Diner Blend Lg;Hell's Kitchen
38.50;11;11;202303;Mar;Sun;Morning;Med;Bakery;Pastry;Croissant;Hell's Kitchen
60.00;16;16;202303;Mar;Sun;Morning;High;Bakery;Pastry;Chocolate Croissant;Hell's Kitchen
56.00;14;9;202303;Mar;Sun;Morning;High;Tea;Brewed Chai tea;Morning Sunrise Chai Lg;Hell's Kitchen
30.00;8;7;202303;Mar;Sun;Morning;Med;Coffee;Barista Espresso;Latte;Hell's Kitchen
27.00;9;6;202303;Mar;Sun;Morning;Med;Coffee;Barista Espresso;Ouro Brasileiro shot;Lower Manhattan
30.00;15;10;202303;Mar;Sun;Morning;Med;Coffee;Drip coffee;Our Old Time Diner Blend Sm;Hell's Kitchen
33.75;9;6;202303;Mar;Sun;Morning;Med;Coffee;Barista Espresso;Cappuccino;Lower Manhattan
60.00;16;10;202303;Mar;Sun;Morning;High;Coffee;Barista Espresso;Cappuccino;Hell's Kitchen
42.00;12;8;202303;Mar;Sun;Morning;High;Drinking Chocolate;Hot chocolate;Dark chocolate Rg;Lower Manhattan
37.20;12;7;202303;Mar;Sun;Morning;Med;Tea;Brewed Chai tea;Spicy Eye Opener Chai Lg;Lower Manhattan
33.00;15;10;202303;Mar;Sun;Morning;Med;Coffee;Gourmet brewed coffee;Ethiopia Sm;Hell's Kitchen
33.00;11;8;202303;Mar;Sun;Morning;Med;Coffee;Gourmet brewed coffee;Columbian Medium Roast Lg;Hell's Kitchen
73.50;21;12;202303;Mar;Sun;Morning;very high;Coffee;Organic brewed coffee;Brazilian Lg;Lower Manhattan
85.00;20;13;202303;Mar;Sun;Morning;very high;Coffee;Barista Espresso;Latte Rg;Hell's Kitchen
45.00;15;7;202303;Mar;Sun;Morning;High;Coffee;Organic brewed coffee;Brazilian Rg;Lower Manhattan
44.00;20;15;202303;Mar;Sun;Morning;High;Coffee;Organic brewed coffee;Brazilian Sm;Hell's Kitchen
37.50;10;10;202303;Mar;Sun;Morning;Med;Bakery;Pastry;Chocolate Croissant;Lower Manhattan
30.60;12;9;202303;Mar;Sun;Morning;Med;Tea;Brewed Chai tea;Spicy Eye Opener Chai Rg;Astoria
14.00;7;5;202303;Mar;Sun;Morning;Low;Coffee;Drip coffee;Our Old Time Diner Blend Sm;Lower Manhattan
57.00;12;7;202303;Mar;Sun;Morning;High;Drinking Chocolate;Hot chocolate;Sustainably Grown Organic Lg;Lower Manhattan
24.50;10;7;202303;Mar;Sun;Morning;Med;Coffee;Premium brewed coffee;Jamaican Coffee River Sm;Hell's Kitchen
25.00;10;7;202303;Mar;Sun;Morning;Med;Tea;Brewed Black tea;English Breakfast Rg;Astoria
57.50;23;15;202303;Mar;Sun;Morning;High;Coffee;Gourmet brewed coffee;Columbian Medium Roast Rg;Astoria
42.00;14;8;202303;Mar;Sun;Morning;High;Coffee;Organic brewed coffee;Brazilian Rg;Astoria
65.00;26;16;202303;Mar;Sun;Morning;very high;Tea;Brewed Black tea;Earl Grey Rg;Astoria
32.50;13;8;202303;Mar;Sun;Morning;Med;Tea;Brewed Chai tea;Morning Sunrise Chai Rg;Astoria
32.50;10;10;202303;Mar;Sun;Morning;Med;Bakery;Scone;Ginger Scone;Astoria
30.00;10;7;202303;Mar;Sun;Morning;Med;Tea;Brewed herbal tea;Peppermint Lg;Astoria
39.00;12;12;202303;Mar;Sun;Morning;Med;Bakery;Scone;Cranberry Scone;Astoria
24.00;12;8;202303;Mar;Sun;Morning;Med;Coffee;Drip coffee;Our Old Time Diner Blend Sm;Astoria
37.50;15;8;202303;Mar;Sun;Morning;Med;Tea;Brewed Green tea;Serenity Green Tea Rg;Lower Manhattan
17.85;7;5;202303;Mar;Sun;Morning;Low;Tea;Brewed Chai tea;Spicy Eye Opener Chai Rg;Hell's Kitchen
31.85;13;9;202303;Mar;Sun;Morning;Med;Coffee;Premium brewed coffee;Jamaican Coffee River Sm;Astoria
56.00;16;11;202303;Mar;Sun;Morning;High;Drinking Chocolate;Hot chocolate;Dark chocolate Rg;Astoria
30.00;8;8;202303;Mar;Sun;Morning;Med;Bakery;Pastry;Almond Croissant;Astoria
30.00;12;7;202303;Mar;Sun;Morning;Med;Tea;Brewed Black tea;English Breakfast Rg;Hell's Kitchen
30.00;12;7;202303;Mar;Sun;Morning;Med;Tea;Brewed herbal tea;Peppermint Rg;Lower Manhattan
48.00;16;7;202303;Mar;Sun;Morning;High;Tea;Brewed Green tea;Serenity Green Tea Lg;Lower Manhattan
35.20;16;12;202303;Mar;Sun;Morning;Med;Coffee;Gourmet brewed coffee;Ethiopia Sm;Astoria
42.00;14;10;202303;Mar;Sun;Morning;High;Coffee;Drip coffee;Our Old Time Diner Blend Lg;Astoria
37.50;10;7;202303;Mar;Sun;Morning;Med;Drinking Chocolate;Hot chocolate;Sustainably Grown Organic Rg;Astoria
48.00;16;10;202303;Mar;Sun;Morning;High;Coffee;Barista Espresso;Espresso shot;Astoria
14.00;4;4;202303;Mar;Sun;Morning;Low;Bakery;Biscotti;Ginger Biscotti;Astoria
33.00;11;7;202303;Mar;Sun;Morning;Med;Coffee;Gourmet brewed coffee;Ethiopia Rg;Astoria
30.00;15;9;202303;Mar;Sun;Morning;Med;Coffee;Gourmet brewed coffee;Columbian Medium Roast Sm;Astoria
15.00;5;4;202303;Mar;Sun;Morning;Low;Tea;Brewed herbal tea;Lemon Grass Lg;Astoria
55.80;18;11;202303;Mar;Sun;Morning;High;Coffee;Premium brewed coffee;Jamaican Coffee River Rg;Astoria
35.00;10;8;202303;Mar;Sun;Morning;Med;Drinking Chocolate;Hot chocolate;Dark chocolate Rg;Hell's Kitchen
45.00;18;12;202303;Mar;Sun;Morning;High;Tea;Brewed Chai tea;Traditional Blend Chai Rg;Astoria
20.00;10;5;202303;Mar;Sun;Afternoon;Low;Coffee;Gourmet brewed coffee;Columbian Medium Roast Sm;Astoria
33.00;11;8;202303;Mar;Sun;Afternoon;Med;Tea;Brewed herbal tea;Peppermint Lg;Astoria
37.50;10;6;202303;Mar;Sun;Afternoon;Med;Coffee;Barista Espresso;Latte;Astoria
15.00;6;5;202303;Mar;Sun;Afternoon;Low;Tea;Brewed Green tea;Serenity Green Tea Rg;Astoria
12.00;3;2;202303;Mar;Sun;Afternoon;Low;Tea;Brewed Chai tea;Morning Sunrise Chai Lg;Astoria
21.70;7;4;202303;Mar;Sun;Afternoon;Med;Coffee;Premium brewed coffee;Jamaican Coffee River Rg;Lower Manhattan
21.25;5;3;202303;Mar;Sun;Afternoon;Med;Coffee;Barista Espresso;Cappuccino Lg;Astoria
13.20;6;4;202303;Mar;Sun;Afternoon;Low;Coffee;Organic brewed coffee;Brazilian Sm;Astoria
16.00;8;6;202303;Mar;Sun;Afternoon;Low;Coffee;Drip coffee;Our Old Time Diner Blend Sm;Astoria
21.00;7;4;202303;Mar;Sun;Afternoon;Med;Coffee;Gourmet brewed coffee;Columbian Medium Roast Lg;Lower Manhattan
42.75;9;5;202303;Mar;Sun;Afternoon;High;Drinking Chocolate;Hot chocolate;Sustainably Grown Organic Lg;Lower Manhattan
36.00;12;6;202303;Mar;Sun;Afternoon;Med;Coffee;Barista Espresso;Ouro Brasileiro shot;Lower Manhattan
27.00;6;4;202303;Mar;Sun;Afternoon;Med;Drinking Chocolate;Hot chocolate;Dark chocolate Lg;Astoria
6.00;3;2;202303;Mar;Sun;Afternoon;Low;Coffee;Drip coffee;Our Old Time Diner Blend Sm;Hell's Kitchen
22.50;9;6;202303;Mar;Sun;Afternoon;Med;Tea;Brewed herbal tea;Peppermint Rg;Hell's Kitchen
17.00;4;4;202303;Mar;Sun;Afternoon;Low;Coffee;Barista Espresso;Cappuccino Lg;Lower Manhattan
21.00;6;6;202303;Mar;Sun;Afternoon;Med;Bakery;Biscotti;Chocolate Chip Biscotti;Lower Manhattan
12.00;4;2;202303;Mar;Sun;Afternoon;Low;Tea;Brewed herbal tea;Lemon Grass Lg;Hell's Kitchen
12.00;4;2;202303;Mar;Sun;Afternoon;Low;Tea;Brewed Black tea;Earl Grey Lg;Astoria
21.00;7;4;202303;Mar;Sun;Afternoon;Med;Tea;Brewed Green tea;Serenity Green Tea Lg;Astoria
20.40;8;5;202303;Mar;Sun;Afternoon;very high;Tea;Brewed Chai tea;Spicy Eye Opener Chai Rg;Hell's Kitchen
30.00;10;7;202303;Mar;Sun;Afternoon;Med;Tea;Brewed Black tea;English Breakfast Lg;Astoria
12.50;5;4;202303;Mar;Sun;Afternoon;Low;Tea;Brewed Black tea;Earl Grey Rg;Lower Manhattan
37.50;15;10;202303;Mar;Sun;Afternoon;Med;Coffee;Drip coffee;Our Old Time Diner Blend Rg;Lower Manhattan
36.00;12;8;202303;Mar;Sun;Afternoon;Med;Coffee;Barista Espresso;Espresso shot;Astoria
36.00;12;6;202303;Mar;Sun;Afternoon;Med;Tea;Brewed herbal tea;Peppermint Lg;Lower Manhattan
22.50;5;5;202303;Mar;Sun;Afternoon;Med;Bakery;Scone;Scottish Cream Scone ;Lower Manhattan
25.00;10;6;202303;Mar;Sun;Afternoon;Med;Tea;Brewed Chai tea;Traditional Blend Chai Rg;Astoria
22.50;9;5;202303;Mar;Sun;Afternoon;Med;Tea;Brewed Chai tea;Traditional Blend Chai Rg;Lower Manhattan
37.50;10;7;202303;Mar;Sun;Afternoon;Med;Drinking Chocolate;Hot chocolate;Sustainably Grown Organic Rg;Lower Manhattan
42.00;14;8;202303;Mar;Sun;Afternoon;High;Coffee;Organic brewed coffee;Brazilian Rg;Astoria
22.50;9;5;202303;Mar;Sun;Afternoon;Med;Coffee;Drip coffee;Our Old Time Diner Blend Rg;Astoria
20.00;8;6;202303;Mar;Sun;Afternoon;Low;Tea;Brewed Green tea;Serenity Green Tea Rg;Hell's Kitchen
60.00;16;10;202303;Mar;Sun;Afternoon;High;Drinking Chocolate;Hot chocolate;Sustainably Grown Organic Rg;Astoria
24.00;8;5;202303;Mar;Sun;Afternoon;Med;Tea;Brewed herbal tea;Peppermint Lg;Hell's Kitchen
40.30;13;7;202303;Mar;Sun;Afternoon;very high;Coffee;Premium brewed coffee;Jamaican Coffee River Rg;Astoria
33.75;9;7;202303;Mar;Sun;Afternoon;Med;Coffee;Premium brewed coffee;Jamaican Coffee River Lg;Astoria
19.50;6;6;202303;Mar;Sun;Afternoon;Low;Bakery;Scone;Cranberry Scone;Astoria
12.00;3;2;202303;Mar;Sun;Afternoon;Low;Tea;Brewed Chai tea;Morning Sunrise Chai Lg;Lower Manhattan
24.50;7;7;202303;Mar;Sun;Afternoon;Med;Bakery;Biscotti;Chocolate Chip Biscotti;Astoria
6.00;2;2;202303;Mar;Sun;Afternoon;Low;Tea;Brewed Chai tea;Traditional Blend Chai Lg;Hell's Kitchen
15.00;6;3;202303;Mar;Sun;Afternoon;Low;Tea;Brewed Black tea;Earl Grey Rg;Hell's Kitchen
15.00;4;3;202303;Mar;Sun;Afternoon;Low;Coffee;Premium brewed coffee;Jamaican Coffee River Lg;Lower Manhattan
3.50;1;1;202303;Mar;Sun;Afternoon;Low;Bakery;Pastry;Croissant;Hell's Kitchen
15.00;4;4;202303;Mar;Sun;Afternoon;Low;Bakery;Pastry;Chocolate Croissant;Astoria
13.20;6;4;202303;Mar;Sun;Afternoon;Low;Coffee;Gourmet brewed coffee;Ethiopia Sm;Astoria
13.00;4;4;202303;Mar;Sun;Afternoon;Low;Bakery;Biscotti;Hazelnut Biscotti;Astoria
36.00;12;9;202303;Mar;Wed;Morning;Med;Tea;Brewed Black tea;English Breakfast Lg;Astoria
36.00;12;7;202303;Mar;Wed;Afternoon;Med;Coffee;Organic brewed coffee;Brazilian Rg;Hell's Kitchen
33.00;11;7;202303;Mar;Wed;Evening;Med;Coffee;Gourmet brewed coffee;Ethiopia Rg;Astoria
12.00;4;4;202303;Mar;Wed;Evening;Low;Bakery;Scone;Oatmeal Scone;Lower Manhattan
3.50;1;1;202303;Mar;Wed;Evening;Low;Bakery;Biscotti;Chocolate Chip Biscotti;Hell's Kitchen
57.00;19;14;202303;Mar;Wed;Evening;High;Coffee;Organic brewed coffee;Brazilian Rg;Astoria
104.50;22;15;202303;Mar;Thu;Morning;very high;Drinking Chocolate;Hot chocolate;Sustainably Grown Organic Lg;Hell's Kitchen
51.00;17;13;202303;Mar;Thu;Morning;High;Tea;Brewed herbal tea;Lemon Grass Lg;Hell's Kitchen
60.00;20;14;202303;Mar;Thu;Morning;High;Coffee;Gourmet brewed coffee;Columbian Medium Roast Lg;Lower Manhattan
35.00;10;8;202303;Mar;Thu;Morning;Med;Coffee;Organic brewed coffee;Brazilian Lg;Astoria
48.00;16;11;202303;Mar;Thu;Morning;High;Coffee;Organic brewed coffee;Brazilian Rg;Astoria
36.00;9;6;202303;Mar;Thu;Afternoon;Med;Tea;Brewed Chai tea;Morning Sunrise Chai Lg;Lower Manhattan
12.25;5;3;202303;Mar;Thu;Afternoon;Low;Coffee;Premium brewed coffee;Jamaican Coffee River Sm;Lower Manhattan
9.75;3;3;202303;Mar;Thu;Afternoon;Low;Bakery;Scone;Ginger Scone;Hell's Kitchen
10.50;3;2;202303;Mar;Thu;Afternoon;Low;Drinking Chocolate;Hot chocolate;Dark chocolate Rg;Hell's Kitchen
10.00;4;4;202303;Mar;Thu;Afternoon;Low;Tea;Brewed Green tea;Serenity Green Tea Rg;Lower Manhattan
15.00;6;4;202303;Mar;Thu;Afternoon;Low;Tea;Brewed Chai tea;Morning Sunrise Chai Rg;Lower Manhattan
18.00;4;4;202303;Mar;Thu;Evening;Low;Drinking Chocolate;Hot chocolate;Dark chocolate Lg;Lower Manhattan
14.00;4;4;202303;Mar;Thu;Evening;Low;Bakery;Pastry;Croissant;Lower Manhattan
18.00;6;3;202303;Mar;Thu;Evening;Low;Tea;Brewed Black tea;Earl Grey Lg;Lower Manhattan
11.25;3;3;202303;Mar;Thu;Evening;Low;Bakery;Pastry;Almond Croissant;Lower Manhattan
39.00;13;7;202303;Mar;Thu;Evening;Med;Coffee;Barista Espresso;Espresso shot;Hell's Kitchen
12.50;5;3;202303;Mar;Thu;Evening;Low;Coffee;Drip coffee;Our Old Time Diner Blend Rg;Astoria
51.00;17;12;202303;Mar;Fri;Morning;High;Tea;Brewed herbal tea;Lemon Grass Lg;Lower Manhattan
36.00;12;8;202303;Mar;Fri;Morning;Med;Coffee;Drip coffee;Our Old Time Diner Blend Lg;Lower Manhattan
33.75;9;9;202303;Mar;Fri;Morning;Med;Bakery;Scone;Jumbo Savory Scone;Lower Manhattan
30.00;8;6;202303;Mar;Fri;Afternoon;Med;Coffee;Barista Espresso;Latte;Hell's Kitchen
7.50;2;2;202303;Mar;Fri;Afternoon;Low;Drinking Chocolate;Hot chocolate;Sustainably Grown Organic Rg;Hell's Kitchen
15.40;7;5;202303;Mar;Fri;Afternoon;Low;Coffee;Organic brewed coffee;Brazilian Sm;Astoria
9.00;3;3;202303;Mar;Fri;Afternoon;Low;Coffee;Gourmet brewed coffee;Columbian Medium Roast Lg;Hell's Kitchen
9.00;3;3;202303;Mar;Fri;Afternoon;Low;Coffee;Organic brewed coffee;Brazilian Rg;Hell's Kitchen
33.75;9;5;202303;Mar;Fri;Afternoon;Med;Coffee;Premium brewed coffee;Jamaican Coffee River Lg;Astoria
15.00;4;4;202303;Mar;Fri;Evening;Low;Bakery;Scone;Jumbo Savory Scone;Astoria
25.00;10;6;202303;Mar;Fri;Evening;Med;Tea;Brewed Green tea;Serenity Green Tea Rg;Hell's Kitchen
87.50;25;16;202303;Mar;Fri;Evening;very high;Drinking Chocolate;Hot chocolate;Dark chocolate Rg;Astoria
18.75;5;5;202303;Mar;Fri;Evening;Low;Bakery;Pastry;Almond Croissant;Astoria
25.50;6;4;202303;Mar;Fri;Evening;Med;Coffee;Barista Espresso;Cappuccino Lg;Hell's Kitchen
15.00;6;3;202303;Mar;Fri;Evening;Low;Coffee;Drip coffee;Our Old Time Diner Blend Rg;Lower Manhattan
48.00;12;8;202303;Mar;Fri;Evening;High;Tea;Brewed Chai tea;Morning Sunrise Chai Lg;Hell's Kitchen
7.50;2;2;202303;Mar;Fri;Evening;Low;Bakery;Scone;Jumbo Savory Scone;Hell's Kitchen
21.00;7;6;202303;Mar;Sat;Morning;Med;Coffee;Gourmet brewed coffee;Ethiopia Rg;Hell's Kitchen
45.50;13;8;202303;Mar;Sat;Morning;High;Coffee;Organic brewed coffee;Brazilian Lg;Hell's Kitchen
24.20;11;6;202303;Mar;Sat;Morning;Med;Coffee;Organic brewed coffee;Brazilian Sm;Lower Manhattan
32.50;13;8;202303;Mar;Sat;Morning;Med;Tea;Brewed herbal tea;Peppermint Rg;Lower Manhattan
28.60;13;9;202303;Mar;Sat;Morning;Med;Coffee;Gourmet brewed coffee;Ethiopia Sm;Hell's Kitchen
24.50;7;7;202303;Mar;Sat;Morning;Med;Bakery;Pastry;Croissant;Hell's Kitchen
49.50;11;11;202303;Mar;Sat;Morning;High;Bakery;Scone;Scottish Cream Scone ;Hell's Kitchen
15.00;6;4;202303;Mar;Sat;Afternoon;Low;Tea;Brewed herbal tea;Peppermint Rg;Hell's Kitchen
12.50;5;4;202303;Mar;Sat;Afternoon;Low;Tea;Brewed herbal tea;Lemon Grass Rg;Astoria
28.05;11;7;202303;Mar;Sat;Afternoon;Med;Tea;Brewed Chai tea;Spicy Eye Opener Chai Rg;Lower Manhattan
15.00;4;4;202303;Mar;Sat;Afternoon;Low;Bakery;Pastry;Chocolate Croissant;Lower Manhattan
28.00;8;5;202303;Mar;Sat;Afternoon;Med;Coffee;Organic brewed coffee;Brazilian Lg;Astoria
8.00;4;3;202303;Mar;Sat;Afternoon;Low;Coffee;Drip coffee;Our Old Time Diner Blend Sm;Hell's Kitchen
6.50;2;2;202303;Mar;Sat;Afternoon;Low;Bakery;Scone;Ginger Scone;Astoria
3.10;1;1;202303;Mar;Sat;Afternoon;Low;Coffee;Premium brewed coffee;Jamaican Coffee River Rg;Hell's Kitchen
37.50;15;9;202303;Mar;Sat;Evening;Med;Tea;Brewed herbal tea;Peppermint Rg;Astoria
6.20;2;2;202303;Mar;Sat;Evening;Low;Coffee;Premium brewed coffee;Jamaican Coffee River Rg;Hell's Kitchen
28.60;13;8;202303;Mar;Sat;Evening;Med;Coffee;Organic brewed coffee;Brazilian Sm;Hell's Kitchen
32.50;13;8;202303;Mar;Sat;Evening;Med;Tea;Brewed Green tea;Serenity Green Tea Rg;Astoria
19.00;4;3;202303;Mar;Sat;Evening;Low;Drinking Chocolate;Hot chocolate;Sustainably Grown Organic Lg;Lower Manhattan
23.10;8;6;202303;Mar;Sat;Evening;Med;Coffee;Barista Espresso;Ouro Brasileiro shot;Hell's Kitchen
9.80;4;3;202303;Mar;Sat;Evening;Low;Coffee;Premium brewed coffee;Jamaican Coffee River Sm;Astoria
30.00;10;7;202303;Mar;Sat;Evening;Med;Tea;Brewed herbal tea;Peppermint Lg;Astoria
7.65;3;2;202303;Mar;Sat;Evening;Low;Tea;Brewed Chai tea;Spicy Eye Opener Chai Rg;Hell's Kitchen
12.50;5;3;202303;Mar;Sat;Evening;Low;Coffee;Gourmet brewed coffee;Columbian Medium Roast Rg;Lower Manhattan
17.50;5;5;202303;Mar;Sat;Evening;Low;Bakery;Biscotti;Chocolate Chip Biscotti;Lower Manhattan
28.00;7;6;202303;Mar;Sat;Evening;Med;Tea;Brewed Chai tea;Morning Sunrise Chai Lg;Astoria
93.75;25;16;202303;Mar;Sun;Morning;very high;Coffee;Premium brewed coffee;Jamaican Coffee River Lg;Lower Manhattan
18.75;5;5;202303;Mar;Sun;Morning;Low;Bakery;Pastry;Almond Croissant;Lower Manhattan
27.90;9;8;202303;Mar;Sun;Morning;Med;Tea;Brewed Chai tea;Spicy Eye Opener Chai Lg;Hell's Kitchen
37.50;15;10;202303;Mar;Sun;Morning;Med;Tea;Brewed herbal tea;Lemon Grass Rg;Hell's Kitchen
31.50;9;7;202303;Mar;Sun;Afternoon;Med;Coffee;Gourmet brewed coffee;Ethiopia Lg;Astoria
14.00;4;2;202303;Mar;Sun;Afternoon;Low;Coffee;Organic brewed coffee;Brazilian Lg;Lower Manhattan
16.25;5;5;202303;Mar;Sun;Afternoon;Low;Bakery;Biscotti;Hazelnut Biscotti;Lower Manhattan
26.95;11;8;202303;Mar;Sun;Afternoon;Med;Coffee;Premium brewed coffee;Jamaican Coffee River Sm;Lower Manhattan
22.50;9;7;202303;Mar;Sun;Afternoon;Med;Tea;Brewed Chai tea;Morning Sunrise Chai Rg;Hell's Kitchen
27.00;9;5;202303;Mar;Sat;Evening;Med;Tea;Brewed Green tea;Serenity Green Tea Lg;Astoria
46.50;15;11;202303;Mar;Sun;Afternoon;High;Tea;Brewed Chai tea;Spicy Eye Opener Chai Lg;Hell's Kitchen
22.05;9;5;202303;Mar;Sun;Afternoon;Med;Coffee;Premium brewed coffee;Jamaican Coffee River Sm;Hell's Kitchen
10.00;4;3;202303;Mar;Sun;Afternoon;Low;Tea;Brewed Green tea;Serenity Green Tea Rg;Lower Manhattan
14.25;3;2;202303;Mar;Sun;Afternoon;Low;Drinking Chocolate;Hot chocolate;Sustainably Grown Organic Lg;Hell's Kitchen
32.50;13;9;202303;Mar;Sun;Afternoon;Med;Tea;Brewed herbal tea;Peppermint Rg;Astoria
10.50;3;2;202303;Mar;Sun;Afternoon;Low;Drinking Chocolate;Hot chocolate;Dark chocolate Rg;Astoria
14.00;4;2;202303;Mar;Sun;Afternoon;Low;Drinking Chocolate;Hot chocolate;Dark chocolate Rg;Lower Manhattan
18.75;5;5;202303;Mar;Sun;Afternoon;Low;Bakery;Scone;Jumbo Savory Scone;Lower Manhattan
27.00;9;6;202303;Mar;Sun;Afternoon;Med;Tea;Brewed herbal tea;Lemon Grass Lg;Astoria
11.00;5;3;202303;Mar;Sun;Afternoon;Low;Coffee;Gourmet brewed coffee;Ethiopia Sm;Lower Manhattan
21.00;7;4;202303;Mar;Sun;Afternoon;Med;Coffee;Drip coffee;Our Old Time Diner Blend Lg;Astoria
15.00;5;4;202303;Mar;Sun;Afternoon;Low;Tea;Brewed Chai tea;Traditional Blend Chai Lg;Astoria
15.00;4;4;202303;Mar;Sun;Afternoon;Low;Bakery;Scone;Jumbo Savory Scone;Astoria
30.00;10;6;202303;Mar;Sun;Afternoon;Med;Coffee;Gourmet brewed coffee;Ethiopia Rg;Astoria
12.75;5;4;202303;Mar;Sun;Afternoon;Low;Tea;Brewed Chai tea;Spicy Eye Opener Chai Rg;Astoria
12.00;6;4;202303;Mar;Sun;Afternoon;Low;Coffee;Gourmet brewed coffee;Columbian Medium Roast Sm;Lower Manhattan
22.50;6;5;202303;Mar;Sun;Afternoon;Med;Coffee;Barista Espresso;Cappuccino;Hell's Kitchen
7.50;2;2;202303;Mar;Sun;Afternoon;Low;Bakery;Pastry;Chocolate Croissant;Hell's Kitchen
15.00;6;4;202303;Mar;Sun;Afternoon;Low;Coffee;Gourmet brewed coffee;Columbian Medium Roast Rg;Lower Manhattan
34.00;8;6;202303;Mar;Sun;Afternoon;Med;Coffee;Barista Espresso;Latte Rg;Hell's Kitchen
22.50;6;4;202303;Mar;Sun;Afternoon;Med;Coffee;Barista Espresso;Latte;Hell's Kitchen
2.50;1;1;202303;Mar;Sun;Afternoon;Low;Tea;Brewed Black tea;English Breakfast Rg;Hell's Kitchen
6.00;2;2;202303;Mar;Sun;Afternoon;Low;Bakery;Scone;Oatmeal Scone;Hell's Kitchen
22.50;9;5;202303;Mar;Sun;Afternoon;Med;Coffee;Gourmet brewed coffee;Columbian Medium Roast Rg;Astoria
27.00;9;6;202303;Mar;Sun;Afternoon;Med;Tea;Brewed Green tea;Serenity Green Tea Lg;Lower Manhattan
19.80;9;5;202303;Mar;Sun;Afternoon;Low;Coffee;Organic brewed coffee;Brazilian Sm;Hell's Kitchen
9.75;3;3;202303;Mar;Sun;Afternoon;Low;Bakery;Scone;Cranberry Scone;Hell's Kitchen
24.00;8;4;202303;Mar;Sun;Afternoon;Med;Coffee;Barista Espresso;Espresso shot;Hell's Kitchen
5.00;2;1;202303;Mar;Sun;Afternoon;Low;Coffee;Drip coffee;Our Old Time Diner Blend Rg;Hell's Kitchen
9.75;3;3;202303;Mar;Sun;Afternoon;Low;Bakery;Scone;Ginger Scone;Astoria
24.50;7;4;202303;Mar;Sun;Afternoon;Med;Coffee;Organic brewed coffee;Brazilian Lg;Astoria
31.50;9;6;202303;Mar;Sun;Afternoon;Med;Coffee;Gourmet brewed coffee;Ethiopia Lg;Lower Manhattan
8.00;4;3;202303;Mar;Sun;Afternoon;Low;Coffee;Gourmet brewed coffee;Columbian Medium Roast Sm;Hell's Kitchen
6.60;3;2;202303;Mar;Sun;Afternoon;Low;Coffee;Gourmet brewed coffee;Ethiopia Sm;Hell's Kitchen
21.00;7;4;202303;Mar;Sun;Afternoon;Med;Coffee;Gourmet brewed coffee;Ethiopia Rg;Hell's Kitchen
20.00;8;6;202303;Mar;Sun;Afternoon;Low;Tea;Brewed Chai tea;Morning Sunrise Chai Rg;Astoria
46.75;11;7;202303;Mar;Sun;Afternoon;High;Coffee;Barista Espresso;Latte Rg;Astoria
4.50;1;1;202303;Mar;Sun;Afternoon;Low;Bakery;Scone;Scottish Cream Scone ;Astoria
9.00;3;3;202303;Mar;Sun;Afternoon;Low;Bakery;Scone;Oatmeal Scone;Astoria
22.50;9;4;202303;Mar;Sun;Afternoon;Med;Tea;Brewed Chai tea;Morning Sunrise Chai Rg;Lower Manhattan
13.00;4;4;202303;Mar;Sun;Afternoon;Low;Bakery;Scone;Ginger Scone;Lower Manhattan
25.50;6;4;202303;Mar;Sun;Afternoon;Med;Coffee;Barista Espresso;Latte Rg;Lower Manhattan
10.50;3;3;202303;Mar;Sun;Afternoon;Low;Bakery;Pastry;Croissant;Lower Manhattan
21.70;7;5;202303;Mar;Sun;Afternoon;Med;Tea;Brewed Chai tea;Spicy Eye Opener Chai Lg;Lower Manhattan
9.00;3;2;202303;Mar;Sun;Afternoon;Low;Coffee;Drip coffee;Our Old Time Diner Blend Lg;Hell's Kitchen
7.65;3;2;202303;Mar;Sun;Afternoon;Low;Tea;Brewed Chai tea;Spicy Eye Opener Chai Rg;Lower Manhattan
9.00;3;3;202303;Mar;Sun;Afternoon;Low;Tea;Brewed Black tea;Earl Grey Lg;Hell's Kitchen
21.00;7;5;202303;Mar;Sun;Afternoon;Med;Coffee;Organic brewed coffee;Brazilian Rg;Hell's Kitchen
7.00;2;2;202303;Mar;Sun;Afternoon;Low;Bakery;Pastry;Croissant;Astoria
20.00;8;5;202303;Mar;Sun;Afternoon;Low;Tea;Brewed Black tea;Earl Grey Rg;Astoria
33.00;11;6;202303;Mar;Sun;Afternoon;Med;Tea;Brewed Black tea;Earl Grey Lg;Lower Manhattan
10.00;5;4;202303;Mar;Sun;Afternoon;Low;Coffee;Drip coffee;Our Old Time Diner Blend Sm;Lower Manhattan
4.90;2;2;202303;Mar;Sun;Afternoon;Low;Coffee;Premium brewed coffee;Jamaican Coffee River Sm;Astoria
31.50;12;8;202303;Mar;Sun;Afternoon;Med;Coffee;Barista Espresso;Ouro Brasileiro shot;Hell's Kitchen
18.00;4;3;202303;Mar;Sun;Afternoon;Low;Drinking Chocolate;Hot chocolate;Dark chocolate Lg;Lower Manhattan
7.00;2;1;202303;Mar;Sun;Afternoon;Low;Coffee;Gourmet brewed coffee;Ethiopia Lg;Hell's Kitchen
14.00;4;2;202303;Mar;Sun;Afternoon;Low;Drinking Chocolate;Hot chocolate;Dark chocolate Rg;Hell's Kitchen
12.50;5;4;202303;Mar;Sun;Afternoon;Low;Tea;Brewed Chai tea;Traditional Blend Chai Rg;Hell's Kitchen
15.00;4;2;202303;Mar;Sun;Afternoon;Low;Coffee;Premium brewed coffee;Jamaican Coffee River Lg;Hell's Kitchen
13.00;4;4;202303;Mar;Sun;Afternoon;Low;Bakery;Biscotti;Hazelnut Biscotti;Hell's Kitchen
7.50;3;2;202303;Mar;Sun;Afternoon;Low;Coffee;Gourmet brewed coffee;Columbian Medium Roast Rg;Hell's Kitchen
3.10;1;1;202303;Mar;Sun;Afternoon;Low;Coffee;Premium brewed coffee;Jamaican Coffee River Rg;Hell's Kitchen
42.00;14;6;202303;Mar;Sun;Afternoon;High;Tea;Brewed Black tea;English Breakfast Lg;Lower Manhattan
7.00;2;2;202303;Mar;Sun;Afternoon;Low;Bakery;Biscotti;Ginger Biscotti;Lower Manhattan
11.25;3;3;202303;Mar;Sun;Afternoon;Low;Bakery;Pastry;Almond Croissant;Lower Manhattan
3.00;1;1;202303;Mar;Sun;Afternoon;Low;Coffee;Drip coffee;Our Old Time Diner Blend Lg;Lower Manhattan
7.00;2;2;202303;Mar;Sun;Afternoon;Low;Bakery;Biscotti;Ginger Biscotti;Astoria
3.75;1;1;202303;Mar;Sun;Afternoon;Low;Coffee;Barista Espresso;Cappuccino;Astoria
10.00;4;4;202303;Mar;Sun;Afternoon;Low;Tea;Brewed Black tea;English Breakfast Rg;Lower Manhattan
26.25;7;6;202303;Mar;Sun;Afternoon;Med;Drinking Chocolate;Hot chocolate;Sustainably Grown Organic Rg;Hell's Kitchen
12.00;4;4;202303;Mar;Sun;Afternoon;Low;Coffee;Gourmet brewed coffee;Ethiopia Rg;Lower Manhattan
3.00;1;1;202303;Mar;Sun;Night;Low;Coffee;Organic brewed coffee;Brazilian Rg;Astoria
15.50;5;3;202303;Mar;Sun;Night;Low;Coffee;Premium brewed coffee;Jamaican Coffee River Rg;Hell's Kitchen
27.00;6;3;202303;Mar;Sun;Night;Med;Drinking Chocolate;Hot chocolate;Dark chocolate Lg;Lower Manhattan
24.00;8;5;202303;Mar;Sun;Evening;Med;Tea;Brewed herbal tea;Lemon Grass Lg;Astoria
28.00;7;4;202303;Mar;Sun;Evening;Med;Tea;Brewed Chai tea;Morning Sunrise Chai Lg;Astoria
35.00;14;10;202303;Mar;Sun;Evening;Med;Tea;Brewed herbal tea;Lemon Grass Rg;Astoria
27.00;9;7;202303;Mar;Sun;Evening;Med;Coffee;Gourmet brewed coffee;Ethiopia Rg;Astoria
12.50;5;3;202303;Mar;Sun;Evening;Low;Tea;Brewed herbal tea;Lemon Grass Rg;Hell's Kitchen
17.50;7;5;202303;Mar;Sun;Evening;Low;Tea;Brewed Green tea;Serenity Green Tea Rg;Astoria
5.00;2;2;202303;Mar;Sun;Evening;Low;Tea;Brewed Chai tea;Traditional Blend Chai Rg;Lower Manhattan
27.00;9;6;202303;Mar;Sun;Evening;Med;Coffee;Organic brewed coffee;Brazilian Rg;Astoria
7.50;3;2;202303;Mar;Sun;Evening;Low;Tea;Brewed Chai tea;Morning Sunrise Chai Rg;Hell's Kitchen
7.50;3;2;202303;Mar;Sun;Evening;Low;Tea;Brewed Green tea;Serenity Green Tea Rg;Lower Manhattan
13.00;4;4;202303;Mar;Sun;Evening;Low;Bakery;Biscotti;Hazelnut Biscotti;Lower Manhattan
24.00;8;5;202303;Mar;Sun;Evening;Med;Coffee;Barista Espresso;Espresso shot;Astoria
14.00;4;2;202303;Mar;Sun;Evening;Low;Coffee;Gourmet brewed coffee;Ethiopia Lg;Hell's Kitchen
22.00;11;7;202303;Mar;Sun;Evening;Med;Coffee;Gourmet brewed coffee;Columbian Medium Roast Sm;Hell's Kitchen
27.50;11;9;202303;Mar;Sun;Evening;Med;Tea;Brewed Chai tea;Traditional Blend Chai Rg;Astoria
12.50;5;3;202303;Mar;Sun;Evening;Low;Tea;Brewed herbal tea;Lemon Grass Rg;Lower Manhattan
4.50;1;1;202303;Mar;Sun;Evening;Low;Bakery;Scone;Scottish Cream Scone ;Lower Manhattan
18.00;9;6;202303;Mar;Sun;Evening;Low;Coffee;Drip coffee;Our Old Time Diner Blend Sm;Hell's Kitchen
13.50;3;3;202303;Mar;Sun;Evening;Low;Bakery;Scone;Scottish Cream Scone ;Hell's Kitchen
21.00;7;6;202303;Mar;Sun;Evening;Med;Coffee;Drip coffee;Our Old Time Diner Blend Lg;Astoria
32.50;13;8;202303;Mar;Sun;Evening;Med;Tea;Brewed Black tea;English Breakfast Rg;Hell's Kitchen
33.75;9;6;202303;Mar;Sun;Evening;Med;Coffee;Barista Espresso;Latte;Astoria
41.80;19;13;202303;Mar;Sun;Evening;High;Coffee;Organic brewed coffee;Brazilian Sm;Hell's Kitchen
43.40;14;8;202303;Mar;Sun;Evening;High;Coffee;Premium brewed coffee;Jamaican Coffee River Rg;Astoria
90.00;24;15;202303;Mar;Sun;Evening;very high;Drinking Chocolate;Hot chocolate;Sustainably Grown Organic Rg;Astoria
20.00;8;6;202303;Mar;Sun;Evening;Low;Tea;Brewed herbal tea;Peppermint Rg;Astoria
12.50;5;4;202303;Mar;Sun;Evening;Low;Coffee;Drip coffee;Our Old Time Diner Blend Rg;Lower Manhattan
15.50;5;3;202303;Mar;Sun;Evening;Low;Tea;Brewed Chai tea;Spicy Eye Opener Chai Lg;Astoria
15.00;4;3;202303;Mar;Sun;Evening;Low;Drinking Chocolate;Hot chocolate;Sustainably Grown Organic Rg;Lower Manhattan
17.50;5;5;202303;Mar;Sun;Evening;Low;Bakery;Pastry;Croissant;Astoria
22.50;9;6;202303;Mar;Sun;Evening;Med;Tea;Brewed Chai tea;Morning Sunrise Chai Rg;Astoria
11.25;3;3;202303;Mar;Sun;Evening;Low;Bakery;Pastry;Almond Croissant;Astoria
15.00;6;4;202303;Mar;Sun;Evening;Low;Tea;Brewed Black tea;Earl Grey Rg;Astoria
9.00;3;2;202303;Mar;Sun;Evening;Low;Tea;Brewed Black tea;Earl Grey Lg;Hell's Kitchen
51.00;12;9;202303;Mar;Sun;Evening;High;Coffee;Barista Espresso;Latte Rg;Astoria
18.00;4;3;202303;Mar;Sun;Evening;Low;Drinking Chocolate;Hot chocolate;Dark chocolate Lg;Hell's Kitchen
22.50;9;6;202303;Mar;Sun;Evening;Med;Tea;Brewed Black tea;Earl Grey Rg;Hell's Kitchen
31.50;9;6;202303;Mar;Sun;Evening;Med;Coffee;Organic brewed coffee;Brazilian Lg;Lower Manhattan
23.75;5;3;202303;Mar;Sun;Evening;Med;Drinking Chocolate;Hot chocolate;Sustainably Grown Organic Lg;Hell's Kitchen
21.00;7;6;202303;Mar;Sun;Evening;Med;Tea;Brewed Green tea;Serenity Green Tea Lg;Astoria
9.00;3;2;202303;Mar;Sun;Evening;Low;Tea;Brewed herbal tea;Peppermint Lg;Astoria
9.00;3;2;202303;Mar;Sun;Evening;Low;Tea;Brewed herbal tea;Peppermint Lg;Hell's Kitchen
18.75;5;3;202303;Mar;Sun;Evening;Low;Coffee;Premium brewed coffee;Jamaican Coffee River Lg;Lower Manhattan
12.40;4;3;202303;Mar;Sun;Evening;Low;Tea;Brewed Chai tea;Spicy Eye Opener Chai Lg;Hell's Kitchen
39.00;13;9;202303;Mar;Sun;Evening;Med;Tea;Brewed Black tea;English Breakfast Lg;Astoria
9.00;3;2;202303;Mar;Sun;Evening;Low;Coffee;Organic brewed coffee;Brazilian Rg;Lower Manhattan
6.50;2;2;202303;Mar;Sun;Evening;Low;Bakery;Scone;Cranberry Scone;Lower Manhattan
10.00;4;3;202303;Mar;Sun;Evening;Low;Tea;Brewed herbal tea;Peppermint Rg;Hell's Kitchen
13.00;4;3;202303;Mar;Sun;Evening;Low;Bakery;Scone;Ginger Scone;Hell's Kitchen
10.00;4;3;202303;Mar;Sun;Evening;Low;Tea;Brewed Black tea;English Breakfast Rg;Lower Manhattan
7.50;2;2;202303;Mar;Sun;Evening;Low;Coffee;Barista Espresso;Latte;Hell's Kitchen
15.30;6;4;202303;Mar;Sun;Evening;Low;Tea;Brewed Chai tea;Spicy Eye Opener Chai Rg;Lower Manhattan
21.00;7;4;202303;Mar;Sun;Evening;Med;Coffee;Gourmet brewed coffee;Ethiopia Rg;Lower Manhattan
42.00;14;9;202303;Mar;Sun;Evening;High;Coffee;Gourmet brewed coffee;Columbian Medium Roast Lg;Astoria
15.50;5;3;202303;Mar;Sun;Evening;Low;Coffee;Premium brewed coffee;Jamaican Coffee River Rg;Hell's Kitchen
18.75;5;3;202303;Mar;Sun;Evening;Low;Coffee;Premium brewed coffee;Jamaican Coffee River Lg;Hell's Kitchen
38.00;8;6;202303;Mar;Sun;Evening;Med;Drinking Chocolate;Hot chocolate;Sustainably Grown Organic Lg;Astoria
15.00;5;3;202303;Mar;Sun;Evening;Low;Tea;Brewed Green tea;Serenity Green Tea Lg;Lower Manhattan
33.00;11;9;202303;Mar;Sun;Evening;Med;Tea;Brewed Black tea;English Breakfast Lg;Hell's Kitchen
18.00;6;4;202303;Mar;Sun;Evening;Low;Tea;Brewed Green tea;Serenity Green Tea Lg;Hell's Kitchen
4.90;2;1;202303;Mar;Sun;Evening;Low;Coffee;Premium brewed coffee;Jamaican Coffee River Sm;Hell's Kitchen
10.50;3;3;202303;Mar;Sun;Evening;Low;Bakery;Biscotti;Chocolate Chip Biscotti;Hell's Kitchen
25.50;10;7;202303;Mar;Sun;Evening;Med;Tea;Brewed Chai tea;Spicy Eye Opener Chai Rg;Astoria
9.75;3;3;202303;Mar;Sun;Evening;Low;Bakery;Scone;Cranberry Scone;Astoria
3.25;1;1;202303;Mar;Sun;Evening;Low;Bakery;Scone;Ginger Scone;Astoria
42.00;12;6;202303;Mar;Sun;Evening;High;Drinking Chocolate;Hot chocolate;Dark chocolate Rg;Astoria
22.50;5;3;202303;Mar;Sun;Evening;Med;Drinking Chocolate;Hot chocolate;Dark chocolate Lg;Astoria
21.00;7;4;202303;Mar;Sun;Evening;Med;Coffee;Gourmet brewed coffee;Columbian Medium Roast Lg;Hell's Kitchen
22.50;9;6;202303;Mar;Sun;Evening;Med;Tea;Brewed Chai tea;Traditional Blend Chai Rg;Hell's Kitchen
55.25;13;9;202303;Mar;Sun;Evening;High;Coffee;Barista Espresso;Cappuccino Lg;Hell's Kitchen
15.00;5;3;202303;Mar;Sun;Evening;Low;Tea;Brewed Chai tea;Traditional Blend Chai Lg;Astoria
25.50;6;4;202303;Mar;Sun;Evening;Med;Coffee;Barista Espresso;Cappuccino Lg;Lower Manhattan
20.00;8;5;202303;Mar;Sun;Evening;Low;Coffee;Drip coffee;Our Old Time Diner Blend Rg;Astoria
15.00;6;4;202303;Mar;Sun;Evening;Low;Tea;Brewed Black tea;Earl Grey Rg;Lower Manhattan
15.00;4;4;202303;Mar;Sun;Evening;Low;Bakery;Scone;Jumbo Savory Scone;Astoria
15.00;4;3;202303;Mar;Sun;Evening;Low;Drinking Chocolate;Hot chocolate;Sustainably Grown Organic Rg;Hell's Kitchen
6.00;3;2;202303;Mar;Sun;Evening;Low;Coffee;Drip coffee;Our Old Time Diner Blend Sm;Lower Manhattan
7.50;2;2;202303;Mar;Sun;Evening;Low;Bakery;Pastry;Almond Croissant;Lower Manhattan
18.00;4;2;202303;Mar;Sun;Evening;Low;Drinking Chocolate;Hot chocolate;Dark chocolate Lg;Lower Manhattan
21.00;7;3;202303;Mar;Sun;Evening;Med;Tea;Brewed herbal tea;Lemon Grass Lg;Lower Manhattan
34.00;8;5;202303;Mar;Sun;Evening;Med;Coffee;Barista Espresso;Latte Rg;Lower Manhattan
24.00;8;6;202303;Mar;Sun;Evening;Med;Tea;Brewed Black tea;Earl Grey Lg;Astoria
15.00;6;5;202303;Mar;Sun;Evening;Low;Coffee;Drip coffee;Our Old Time Diner Blend Rg;Hell's Kitchen
22.50;9;5;202303;Mar;Sun;Evening;Med;Tea;Brewed Black tea;English Breakfast Rg;Astoria
42.50;10;7;202303;Mar;Sun;Evening;High;Coffee;Barista Espresso;Cappuccino Lg;Astoria
9.00;3;3;202303;Mar;Sun;Evening;Low;Coffee;Gourmet brewed coffee;Ethiopia Rg;Hell's Kitchen
22.50;6;4;202303;Mar;Sun;Evening;Med;Coffee;Barista Espresso;Latte;Lower Manhattan
3.50;1;1;202303;Mar;Sun;Evening;Low;Coffee;Gourmet brewed coffee;Ethiopia Lg;Astoria
8.00;4;3;202303;Mar;Sun;Evening;Low;Coffee;Gourmet brewed coffee;Columbian Medium Roast Sm;Astoria
9.00;3;2;202303;Mar;Sun;Evening;Low;Coffee;Gourmet brewed coffee;Columbian Medium Roast Lg;Lower Manhattan
3.00;1;1;202303;Mar;Sun;Evening;Low;Coffee;Barista Espresso;Espresso shot;Lower Manhattan
18.00;6;6;202303;Mar;Sun;Evening;Low;Bakery;Scone;Oatmeal Scone;Astoria
13.20;6;4;202303;Mar;Sun;Evening;Low;Coffee;Organic brewed coffee;Brazilian Sm;Astoria
3.75;1;1;202303;Mar;Sun;Evening;Low;Bakery;Pastry;Almond Croissant;Hell's Kitchen
20.00;8;5;202303;Mar;Sun;Evening;Low;Coffee;Gourmet brewed coffee;Columbian Medium Roast Rg;Hell's Kitchen
18.00;6;3;202303;Mar;Sun;Evening;Low;Coffee;Barista Espresso;Espresso shot;Hell's Kitchen
18.00;6;4;202303;Mar;Sun;Evening;Low;Coffee;Drip coffee;Our Old Time Diner Blend Lg;Hell's Kitchen
25.50;10;7;202303;Mar;Sun;Evening;Med;Tea;Brewed Chai tea;Spicy Eye Opener Chai Rg;Hell's Kitchen
12.00;4;3;202303;Mar;Sun;Evening;Low;Tea;Brewed Chai tea;Traditional Blend Chai Lg;Hell's Kitchen
14.00;4;4;202303;Mar;Sun;Evening;Low;Bakery;Biscotti;Ginger Biscotti;Astoria
17.60;8;5;202303;Mar;Sun;Evening;Low;Coffee;Gourmet brewed coffee;Ethiopia Sm;Astoria
9.00;3;2;202303;Mar;Sun;Evening;Low;Coffee;Organic brewed coffee;Brazilian Rg;Hell's Kitchen
11.25;3;3;202303;Mar;Sun;Evening;Low;Bakery;Pastry;Chocolate Croissant;Hell's Kitchen
10.50;3;3;202303;Mar;Sun;Evening;Low;Coffee;Organic brewed coffee;Brazilian Lg;Hell's Kitchen
12.30;5;4;202303;Mar;Sun;Evening;Low;Coffee;Barista Espresso;Ouro Brasileiro shot;Hell's Kitchen
24.50;7;5;202303;Mar;Sun;Evening;Med;Coffee;Organic brewed coffee;Brazilian Lg;Astoria
12.25;5;4;202303;Mar;Sun;Evening;Low;Coffee;Premium brewed coffee;Jamaican Coffee River Sm;Astoria
18.00;9;6;202303;Mar;Sun;Evening;Low;Coffee;Drip coffee;Our Old Time Diner Blend Sm;Astoria
4.50;1;1;202303;Mar;Sun;Evening;Low;Bakery;Scone;Scottish Cream Scone ;Astoria
18.75;5;5;202303;Mar;Sun;Evening;Low;Bakery;Pastry;Chocolate Croissant;Astoria
24.00;6;4;202303;Mar;Sun;Evening;Med;Tea;Brewed Chai tea;Morning Sunrise Chai Lg;Hell's Kitchen
30.00;8;6;202303;Mar;Sun;Evening;Med;Coffee;Premium brewed coffee;Jamaican Coffee River Lg;Astoria
7.00;2;2;202303;Mar;Sun;Evening;Low;Bakery;Biscotti;Ginger Biscotti;Hell's Kitchen
38.25;9;6;202303;Mar;Sun;Evening;Med;Coffee;Barista Espresso;Latte Rg;Hell's Kitchen
7.00;2;2;202303;Mar;Sun;Evening;Low;Bakery;Biscotti;Chocolate Chip Biscotti;Astoria
65.00;26;15;202303;Mar;Mon;Morning;very high;Tea;Brewed herbal tea;Peppermint Rg;Lower Manhattan
60.00;15;9;202303;Mar;Mon;Morning;High;Tea;Brewed Chai tea;Morning Sunrise Chai Lg;Lower Manhattan
48.40;16;16;202303;Mar;Mon;Morning;High;Bakery;Scone;Ginger Scone;Lower Manhattan
57.00;19;10;202303;Mar;Mon;Morning;High;Coffee;Organic brewed coffee;Brazilian Rg;Lower Manhattan
69.00;23;11;202303;Mar;Mon;Morning;very high;Tea;Brewed Black tea;English Breakfast Lg;Lower Manhattan
65.10;21;11;202303;Mar;Mon;Morning;very high;Coffee;Premium brewed coffee;Jamaican Coffee River Rg;Lower Manhattan
87.50;35;19;202303;Mar;Mon;Morning;very high;Tea;Brewed herbal tea;Lemon Grass Rg;Lower Manhattan
55.00;22;14;202303;Mar;Mon;Morning;High;Tea;Brewed Black tea;English Breakfast Rg;Lower Manhattan
26.40;12;6;202303;Mar;Mon;Morning;Med;Coffee;Organic brewed coffee;Brazilian Sm;Lower Manhattan
45.90;18;9;202303;Mar;Mon;Morning;High;Tea;Brewed Chai tea;Spicy Eye Opener Chai Rg;Lower Manhattan
33.00;11;8;202303;Mar;Mon;Morning;Med;Tea;Brewed Green tea;Serenity Green Tea Lg;Lower Manhattan
56.25;15;15;202303;Mar;Mon;Morning;High;Bakery;Pastry;Chocolate Croissant;Lower Manhattan
45.00;18;11;202303;Mar;Mon;Morning;High;Tea;Brewed Green tea;Serenity Green Tea Rg;Lower Manhattan
56.00;16;9;202303;Mar;Mon;Morning;High;Coffee;Gourmet brewed coffee;Ethiopia Lg;Lower Manhattan
69.00;23;13;202303;Mar;Mon;Morning;very high;Coffee;Gourmet brewed coffee;Columbian Medium Roast Lg;Lower Manhattan
37.50;15;12;202303;Mar;Mon;Morning;Med;Tea;Brewed Black tea;English Breakfast Rg;Hell's Kitchen
18.00;6;4;202303;Mar;Mon;Morning;Low;Coffee;Drip coffee;Our Old Time Diner Blend Lg;Lower Manhattan
63.75;15;8;202303;Mar;Mon;Morning;very high;Coffee;Barista Espresso;Latte Rg;Lower Manhattan
37.50;10;6;202303;Mar;Mon;Morning;Med;Coffee;Barista Espresso;Latte;Hell's Kitchen
10.50;3;3;202303;Mar;Mon;Morning;Low;Bakery;Biscotti;Ginger Biscotti;Hell's Kitchen
40.00;16;10;202303;Mar;Mon;Morning;Med;Tea;Brewed herbal tea;Lemon Grass Rg;Hell's Kitchen
38.50;11;11;202303;Mar;Mon;Morning;Med;Bakery;Biscotti;Chocolate Chip Biscotti;Lower Manhattan
68.85;27;17;202303;Mar;Mon;Morning;very high;Tea;Brewed Chai tea;Spicy Eye Opener Chai Rg;Hell's Kitchen
15.00;5;5;202303;Mar;Mon;Morning;Low;Bakery;Scone;Oatmeal Scone;Hell's Kitchen
33.00;15;9;202303;Mar;Mon;Morning;Med;Coffee;Gourmet brewed coffee;Ethiopia Sm;Hell's Kitchen
26.00;8;8;202303;Mar;Mon;Morning;Med;Bakery;Scone;Cranberry Scone;Hell's Kitchen
66.60;24;14;202303;Mar;Mon;Morning;very high;Coffee;Barista Espresso;Ouro Brasileiro shot;Lower Manhattan
75.00;25;15;202303;Mar;Mon;Morning;very high;Coffee;Gourmet brewed coffee;Ethiopia Rg;Hell's Kitchen
43.40;14;8;202303;Mar;Mon;Morning;High;Tea;Brewed Chai tea;Spicy Eye Opener Chai Lg;Lower Manhattan
82.50;22;22;202303;Mar;Mon;Morning;very high;Bakery;Pastry;Chocolate Croissant;Hell's Kitchen
62.50;25;16;202303;Mar;Mon;Morning;very high;Tea;Brewed Chai tea;Morning Sunrise Chai Rg;Hell's Kitchen
52.50;15;8;202303;Mar;Mon;Morning;High;Drinking Chocolate;Hot chocolate;Dark chocolate Rg;Lower Manhattan
41.25;11;6;202303;Mar;Mon;Morning;High;Drinking Chocolate;Hot chocolate;Sustainably Grown Organic Rg;Hell's Kitchen
72.00;24;15;202303;Mar;Mon;Morning;very high;Coffee;Drip coffee;Our Old Time Diner Blend Lg;Hell's Kitchen
57.00;19;12;202303;Mar;Mon;Morning;High;Tea;Brewed herbal tea;Lemon Grass Lg;Hell's Kitchen
24.50;10;6;202303;Mar;Mon;Morning;Med;Coffee;Premium brewed coffee;Jamaican Coffee River Sm;Hell's Kitchen
33.00;11;11;202303;Mar;Mon;Morning;Med;Bakery;Scone;Oatmeal Scone;Lower Manhattan
21.00;7;5;202303;Mar;Mon;Morning;Med;Coffee;Barista Espresso;Espresso shot;Lower Manhattan
54.00;18;11;202303;Mar;Mon;Morning;High;Coffee;Gourmet brewed coffee;Columbian Medium Roast Lg;Hell's Kitchen
30.00;10;9;202303;Mar;Mon;Morning;Med;Coffee;Organic brewed coffee;Brazilian Rg;Hell's Kitchen
94.50;21;12;202303;Mar;Mon;Morning;very high;Drinking Chocolate;Hot chocolate;Dark chocolate Lg;Hell's Kitchen
59.50;17;12;202303;Mar;Mon;Morning;High;Coffee;Gourmet brewed coffee;Ethiopia Lg;Hell's Kitchen
54.00;18;12;202303;Mar;Mon;Morning;High;Tea;Brewed herbal tea;Peppermint Lg;Lower Manhattan
41.65;17;10;202303;Mar;Mon;Morning;High;Coffee;Premium brewed coffee;Jamaican Coffee River Sm;Lower Manhattan
52.00;26;15;202303;Mar;Mon;Morning;High;Coffee;Gourmet brewed coffee;Columbian Medium Roast Sm;Hell's Kitchen
47.50;10;7;202303;Mar;Mon;Morning;High;Drinking Chocolate;Hot chocolate;Sustainably Grown Organic Lg;Lower Manhattan
31.50;9;5;202303;Mar;Mon;Morning;Med;Drinking Chocolate;Hot chocolate;Dark chocolate Rg;Hell's Kitchen
26.40;12;8;202303;Mar;Mon;Morning;Med;Coffee;Organic brewed coffee;Brazilian Sm;Hell's Kitchen
32.50;10;10;202303;Mar;Mon;Morning;Med;Bakery;Biscotti;Hazelnut Biscotti;Lower Manhattan
47.50;19;14;202303;Mar;Mon;Morning;High;Tea;Brewed Chai tea;Traditional Blend Chai Rg;Hell's Kitchen
72.25;17;12;202303;Mar;Mon;Morning;very high;Coffee;Barista Espresso;Latte Rg;Hell's Kitchen
30.00;15;9;202303;Mar;Mon;Morning;Med;Coffee;Gourmet brewed coffee;Columbian Medium Roast Sm;Lower Manhattan
40.00;20;11;202303;Mar;Mon;Morning;Med;Coffee;Drip coffee;Our Old Time Diner Blend Sm;Lower Manhattan
76.00;16;12;202303;Mar;Mon;Morning;very high;Drinking Chocolate;Hot chocolate;Sustainably Grown Organic Lg;Hell's Kitchen
42.00;14;9;202303;Mar;Mon;Morning;High;Tea;Brewed Chai tea;Traditional Blend Chai Lg;Hell's Kitchen
39.00;12;12;202303;Mar;Mon;Morning;Med;Bakery;Scone;Cranberry Scone;Lower Manhattan
42.00;14;8;202303;Mar;Mon;Morning;High;Coffee;Gourmet brewed coffee;Ethiopia Rg;Lower Manhattan
42.00;12;12;202303;Mar;Mon;Morning;High;Bakery;Pastry;Croissant;Lower Manhattan
91.80;33;22;202303;Mar;Mon;Morning;very high;Coffee;Barista Espresso;Ouro Brasileiro shot;Hell's Kitchen
146.25;39;22;202303;Mar;Mon;Morning;very high;Drinking Chocolate;Hot chocolate;Sustainably Grown Organic Rg;Lower Manhattan
31.50;9;5;202303;Mar;Mon;Morning;Med;Coffee;Organic brewed coffee;Brazilian Lg;Lower Manhattan
78.75;21;11;202303;Mar;Mon;Morning;very high;Coffee;Barista Espresso;Cappuccino;Lower Manhattan
27.50;11;7;202303;Mar;Mon;Morning;Med;Tea;Brewed Black tea;Earl Grey Rg;Lower Manhattan
36.00;12;9;202303;Mar;Mon;Morning;Med;Tea;Brewed herbal tea;Peppermint Lg;Hell's Kitchen
16.25;5;5;202303;Mar;Mon;Morning;Low;Bakery;Biscotti;Hazelnut Biscotti;Hell's Kitchen
52.50;14;9;202303;Mar;Mon;Morning;High;Coffee;Barista Espresso;Latte;Lower Manhattan
30.00;15;10;202303;Mar;Mon;Morning;Med;Coffee;Drip coffee;Our Old Time Diner Blend Sm;Hell's Kitchen
66.00;22;13;202303;Mar;Mon;Morning;very high;Tea;Brewed Chai tea;Traditional Blend Chai Lg;Lower Manhattan
30.00;10;7;202303;Mar;Mon;Morning;Med;Tea;Brewed Black tea;Earl Grey Lg;Hell's Kitchen
64.00;16;9;202303;Mar;Mon;Morning;very high;Tea;Brewed Chai tea;Morning Sunrise Chai Lg;Hell's Kitchen
22.50;9;8;202303;Mar;Mon;Morning;Med;Coffee;Drip coffee;Our Old Time Diner Blend Rg;Astoria
24.50;7;7;202303;Mar;Mon;Morning;Med;Bakery;Biscotti;Chocolate Chip Biscotti;Astoria
57.00;19;12;202303;Mar;Mon;Morning;High;Coffee;Barista Espresso;Espresso shot;Hell's Kitchen
45.00;15;10;202303;Mar;Mon;Morning;High;Tea;Brewed herbal tea;Lemon Grass Lg;Astoria
18.75;5;5;202303;Mar;Mon;Morning;Low;Bakery;Scone;Jumbo Savory Scone;Lower Manhattan
31.50;7;7;202303;Mar;Mon;Morning;Med;Drinking Chocolate;Hot chocolate;Dark chocolate Lg;Astoria
22.50;9;7;202303;Mar;Mon;Morning;Med;Tea;Brewed herbal tea;Peppermint Rg;Astoria
42.00;14;10;202303;Mar;Mon;Morning;High;Tea;Brewed Black tea;English Breakfast Lg;Hell's Kitchen
51.00;17;11;202303;Mar;Mon;Morning;High;Coffee;Gourmet brewed coffee;Columbian Medium Roast Lg;Astoria
38.50;11;11;202303;Mar;Mon;Morning;Med;Bakery;Biscotti;Ginger Biscotti;Astoria
30.80;14;11;202303;Mar;Mon;Morning;Med;Coffee;Gourmet brewed coffee;Ethiopia Sm;Astoria
39.00;12;12;202303;Mar;Mon;Morning;Med;Bakery;Scone;Ginger Scone;Astoria
42.50;17;11;202303;Mar;Mon;Morning;High;Tea;Brewed Green tea;Serenity Green Tea Rg;Astoria
67.50;18;18;202303;Mar;Mon;Morning;very high;Bakery;Pastry;Chocolate Croissant;Astoria
30.00;12;9;202303;Mar;Mon;Morning;Med;Tea;Brewed Black tea;English Breakfast Rg;Astoria
12.00;6;6;202303;Mar;Mon;Morning;Low;Coffee;Gourmet brewed coffee;Columbian Medium Roast Sm;Astoria
39.00;13;8;202303;Mar;Mon;Morning;Med;Tea;Brewed Green tea;Serenity Green Tea Lg;Hell's Kitchen
25.00;10;7;202303;Mar;Mon;Morning;Med;Tea;Brewed Chai tea;Traditional Blend Chai Rg;Astoria
15.00;4;4;202303;Mar;Mon;Morning;Low;Bakery;Pastry;Almond Croissant;Astoria
76.00;19;14;202303;Mar;Mon;Morning;very high;Tea;Brewed Chai tea;Morning Sunrise Chai Lg;Astoria
76.50;18;8;202303;Mar;Mon;Morning;very high;Coffee;Barista Espresso;Cappuccino Lg;Lower Manhattan
54.00;18;11;202303;Mar;Mon;Morning;High;Tea;Brewed Black tea;Earl Grey Lg;Lower Manhattan
24.50;7;7;202303;Mar;Mon;Morning;Med;Bakery;Biscotti;Chocolate Chip Biscotti;Hell's Kitchen
24.80;8;5;202303;Mar;Mon;Morning;Med;Coffee;Premium brewed coffee;Jamaican Coffee River Rg;Hell's Kitchen
4.25;1;1;202303;Mar;Mon;Night;Low;Coffee;Barista Espresso;Latte Rg;Lower Manhattan
6.00;2;1;202303;Mar;Mon;Night;Low;Tea;Brewed Black tea;English Breakfast Lg;Astoria
18.60;6;5;202303;Mar;Mon;Afternoon;Low;Tea;Brewed Chai tea;Spicy Eye Opener Chai Lg;Hell's Kitchen
30.00;10;6;202303;Mar;Mon;Afternoon;Med;Coffee;Gourmet brewed coffee;Ethiopia Rg;Hell's Kitchen
26.00;13;9;202303;Mar;Mon;Afternoon;Med;Coffee;Drip coffee;Our Old Time Diner Blend Sm;Hell's Kitchen
16.00;8;5;202303;Mar;Mon;Afternoon;Low;Coffee;Drip coffee;Our Old Time Diner Blend Sm;Astoria
9.75;3;3;202303;Mar;Mon;Afternoon;Low;Bakery;Scone;Cranberry Scone;Astoria
11.00;5;3;202303;Mar;Mon;Afternoon;Low;Coffee;Gourmet brewed coffee;Ethiopia Sm;Astoria
21.00;7;4;202303;Mar;Mon;Afternoon;Med;Tea;Brewed herbal tea;Lemon Grass Lg;Astoria
13.00;4;4;202303;Mar;Mon;Afternoon;Low;Bakery;Biscotti;Hazelnut Biscotti;Astoria
17.50;7;5;202303;Mar;Mon;Afternoon;Low;Coffee;Gourmet brewed coffee;Columbian Medium Roast Rg;Astoria
17.50;5;5;202303;Mar;Mon;Afternoon;Low;Bakery;Biscotti;Ginger Biscotti;Astoria
10.50;3;3;202303;Mar;Mon;Afternoon;Low;Drinking Chocolate;Hot chocolate;Dark chocolate Rg;Astoria
15.00;5;3;202303;Mar;Mon;Afternoon;Low;Tea;Brewed herbal tea;Lemon Grass Lg;Lower Manhattan
17.50;5;5;202303;Mar;Mon;Afternoon;Low;Bakery;Biscotti;Chocolate Chip Biscotti;Lower Manhattan
17.50;7;4;202303;Mar;Mon;Afternoon;Low;Tea;Brewed herbal tea;Lemon Grass Rg;Lower Manhattan
34.10;11;9;202303;Mar;Mon;Afternoon;Med;Tea;Brewed Chai tea;Spicy Eye Opener Chai Lg;Astoria
21.00;7;5;202303;Mar;Mon;Afternoon;Med;Tea;Brewed Black tea;English Breakfast Lg;Lower Manhattan
15.00;5;3;202303;Mar;Mon;Afternoon;Low;Tea;Brewed Chai tea;Traditional Blend Chai Lg;Hell's Kitchen
17.85;7;4;202303;Mar;Mon;Afternoon;Low;Tea;Brewed Chai tea;Spicy Eye Opener Chai Rg;Astoria
18.75;5;5;202303;Mar;Mon;Afternoon;Low;Bakery;Pastry;Almond Croissant;Astoria
31.50;9;6;202303;Mar;Mon;Afternoon;Med;Coffee;Gourmet brewed coffee;Ethiopia Lg;Lower Manhattan
7.00;2;2;202303;Mar;Mon;Afternoon;Low;Bakery;Biscotti;Ginger Biscotti;Lower Manhattan
30.00;8;5;202303;Mar;Mon;Afternoon;Med;Drinking Chocolate;Hot chocolate;Sustainably Grown Organic Rg;Hell's Kitchen
33.15;13;8;202303;Mar;Mon;Afternoon;Med;Tea;Brewed Chai tea;Spicy Eye Opener Chai Rg;Hell's Kitchen
18.75;5;5;202303;Mar;Mon;Afternoon;Low;Bakery;Pastry;Chocolate Croissant;Astoria
15.00;5;4;202303;Mar;Mon;Afternoon;Low;Tea;Brewed Green tea;Serenity Green Tea Lg;Hell's Kitchen
12.50;5;4;202303;Mar;Mon;Afternoon;Low;Coffee;Drip coffee;Our Old Time Diner Blend Rg;Lower Manhattan
10.00;4;2;202303;Mar;Mon;Afternoon;Low;Tea;Brewed Black tea;Earl Grey Rg;Hell's Kitchen
32.50;13;7;202303;Mar;Mon;Afternoon;Med;Tea;Brewed Black tea;English Breakfast Rg;Lower Manhattan
15.40;7;5;202303;Mar;Mon;Afternoon;Low;Coffee;Organic brewed coffee;Brazilian Sm;Hell's Kitchen
11.25;3;3;202303;Mar;Mon;Afternoon;Low;Bakery;Pastry;Almond Croissant;Hell's Kitchen
45.00;12;8;202303;Mar;Mon;Afternoon;High;Drinking Chocolate;Hot chocolate;Sustainably Grown Organic Rg;Lower Manhattan
30.00;10;5;202303;Mar;Mon;Afternoon;Med;Coffee;Drip coffee;Our Old Time Diner Blend Lg;Hell's Kitchen
12.00;4;3;202303;Mar;Mon;Afternoon;Low;Coffee;Gourmet brewed coffee;Columbian Medium Roast Lg;Hell's Kitchen
27.00;9;5;202303;Mar;Mon;Afternoon;Med;Tea;Brewed Chai tea;Traditional Blend Chai Lg;Lower Manhattan
15.00;4;4;202303;Mar;Mon;Afternoon;Low;Bakery;Scone;Jumbo Savory Scone;Lower Manhattan
33.00;11;7;202303;Mar;Mon;Afternoon;Med;Coffee;Gourmet brewed coffee;Columbian Medium Roast Lg;Astoria
17.00;4;3;202303;Mar;Mon;Afternoon;Low;Coffee;Barista Espresso;Cappuccino Lg;Astoria
17.50;7;6;202303;Mar;Mon;Afternoon;Low;Tea;Brewed Black tea;Earl Grey Rg;Astoria
37.50;15;7;202303;Mar;Mon;Afternoon;Med;Tea;Brewed Green tea;Serenity Green Tea Rg;Lower Manhattan
21.00;7;4;202303;Mar;Mon;Afternoon;Med;Tea;Brewed Black tea;English Breakfast Lg;Hell's Kitchen
31.00;10;5;202303;Mar;Mon;Afternoon;Med;Coffee;Premium brewed coffee;Jamaican Coffee River Rg;Hell's Kitchen
35.00;10;6;202303;Mar;Mon;Afternoon;Med;Coffee;Organic brewed coffee;Brazilian Lg;Astoria
47.50;10;7;202303;Mar;Mon;Afternoon;High;Drinking Chocolate;Hot chocolate;Sustainably Grown Organic Lg;Astoria
22.75;7;7;202303;Mar;Mon;Afternoon;Med;Bakery;Scone;Ginger Scone;Astoria
18.00;6;3;202303;Mar;Mon;Afternoon;Low;Coffee;Organic brewed coffee;Brazilian Rg;Hell's Kitchen
22.50;9;6;202303;Mar;Mon;Afternoon;Med;Coffee;Gourmet brewed coffee;Columbian Medium Roast Rg;Hell's Kitchen
18.00;6;4;202303;Mar;Mon;Afternoon;Low;Tea;Brewed Green tea;Serenity Green Tea Lg;Astoria
18.00;6;3;202303;Mar;Mon;Afternoon;Low;Coffee;Gourmet brewed coffee;Columbian Medium Roast Lg;Lower Manhattan
16.25;5;5;202303;Mar;Mon;Afternoon;Low;Bakery;Scone;Ginger Scone;Hell's Kitchen
27.00;9;5;202303;Mar;Mon;Afternoon;Med;Coffee;Barista Espresso;Espresso shot;Lower Manhattan
30.00;12;7;202303;Mar;Mon;Afternoon;Med;Tea;Brewed Chai tea;Morning Sunrise Chai Rg;Lower Manhattan
38.25;9;5;202303;Mar;Mon;Afternoon;Med;Coffee;Barista Espresso;Cappuccino Lg;Hell's Kitchen
36.00;9;8;202303;Mar;Mon;Afternoon;Med;Tea;Brewed Chai tea;Morning Sunrise Chai Lg;Astoria
45.00;12;10;202303;Mar;Mon;Afternoon;High;Coffee;Premium brewed coffee;Jamaican Coffee River Lg;Astoria
33.75;9;4;202303;Mar;Mon;Afternoon;Med;Coffee;Barista Espresso;Latte;Lower Manhattan
8.80;4;3;202303;Mar;Mon;Afternoon;Low;Coffee;Gourmet brewed coffee;Ethiopia Sm;Hell's Kitchen
24.00;8;6;202303;Mar;Mon;Afternoon;Med;Coffee;Barista Espresso;Espresso shot;Hell's Kitchen
18.75;5;4;202303;Mar;Mon;Afternoon;Low;Coffee;Barista Espresso;Cappuccino;Astoria
6.00;3;2;202303;Mar;Mon;Afternoon;Low;Coffee;Gourmet brewed coffee;Columbian Medium Roast Sm;Lower Manhattan
24.50;7;5;202303;Mar;Mon;Afternoon;Med;Coffee;Organic brewed coffee;Brazilian Lg;Hell's Kitchen
11.25;3;3;202303;Mar;Mon;Afternoon;Low;Bakery;Pastry;Chocolate Croissant;Hell's Kitchen
15.00;6;5;202303;Mar;Mon;Afternoon;Low;Tea;Brewed Green tea;Serenity Green Tea Rg;Astoria
54.00;12;7;202303;Mar;Mon;Afternoon;High;Drinking Chocolate;Hot chocolate;Dark chocolate Lg;Lower Manhattan
30.00;8;4;202303;Mar;Mon;Afternoon;Med;Coffee;Barista Espresso;Latte;Hell's Kitchen
11.25;3;2;202303;Mar;Mon;Afternoon;Low;Coffee;Premium brewed coffee;Jamaican Coffee River Lg;Hell's Kitchen
22.50;6;4;202303;Mar;Mon;Afternoon;Med;Drinking Chocolate;Hot chocolate;Sustainably Grown Organic Rg;Astoria
26.10;9;5;202303;Mar;Mon;Afternoon;Med;Coffee;Barista Espresso;Ouro Brasileiro shot;Hell's Kitchen
17.50;7;5;202303;Mar;Mon;Afternoon;Low;Coffee;Gourmet brewed coffee;Columbian Medium Roast Rg;Lower Manhattan
22.50;5;5;202303;Mar;Mon;Afternoon;Med;Bakery;Scone;Scottish Cream Scone ;Lower Manhattan
15.00;5;3;202303;Mar;Mon;Afternoon;Low;Coffee;Gourmet brewed coffee;Ethiopia Rg;Lower Manhattan
5.00;2;2;202303;Mar;Mon;Afternoon;Low;Tea;Brewed Chai tea;Traditional Blend Chai Rg;Lower Manhattan
22.50;9;6;202303;Mar;Mon;Afternoon;Med;Coffee;Drip coffee;Our Old Time Diner Blend Rg;Hell's Kitchen
27.50;11;6;202303;Mar;Mon;Afternoon;Med;Tea;Brewed Green tea;Serenity Green Tea Rg;Hell's Kitchen
45.00;10;7;202303;Mar;Mon;Afternoon;High;Drinking Chocolate;Hot chocolate;Dark chocolate Lg;Astoria
15.00;6;4;202303;Mar;Mon;Afternoon;Low;Coffee;Drip coffee;Our Old Time Diner Blend Rg;Astoria
17.00;4;3;202303;Mar;Mon;Afternoon;Low;Coffee;Barista Espresso;Cappuccino Lg;Lower Manhattan
15.00;5;3;202303;Mar;Mon;Afternoon;Low;Tea;Brewed herbal tea;Peppermint Lg;Hell's Kitchen
12.00;4;2;202303;Mar;Mon;Afternoon;Low;Coffee;Gourmet brewed coffee;Ethiopia Rg;Astoria
9.80;4;3;202303;Mar;Mon;Afternoon;Low;Coffee;Premium brewed coffee;Jamaican Coffee River Sm;Astoria
7.50;3;2;202303;Mar;Mon;Afternoon;Low;Tea;Brewed Chai tea;Traditional Blend Chai Rg;Hell's Kitchen
15.50;5;3;202303;Mar;Mon;Afternoon;Low;Tea;Brewed Chai tea;Spicy Eye Opener Chai Lg;Lower Manhattan
6.50;2;2;202303;Mar;Mon;Afternoon;Low;Bakery;Scone;Cranberry Scone;Hell's Kitchen
18.75;5;4;202303;Mar;Mon;Afternoon;Low;Coffee;Barista Espresso;Latte;Astoria
3.50;1;1;202303;Mar;Mon;Afternoon;Low;Bakery;Biscotti;Ginger Biscotti;Hell's Kitchen
24.00;8;4;202303;Mar;Mon;Afternoon;Med;Coffee;Organic brewed coffee;Brazilian Rg;Lower Manhattan
80.50;23;12;202303;Mar;Mon;Afternoon;very high;Drinking Chocolate;Hot chocolate;Dark chocolate Rg;Lower Manhattan
21.00;6;4;202303;Mar;Mon;Afternoon;Med;Drinking Chocolate;Hot chocolate;Dark chocolate Rg;Hell's Kitchen
61.75;13;9;202303;Mar;Mon;Afternoon;very high;Drinking Chocolate;Hot chocolate;Sustainably Grown Organic Lg;Hell's Kitchen
12.00;6;4;202303;Mar;Mon;Afternoon;Low;Coffee;Gourmet brewed coffee;Columbian Medium Roast Sm;Hell's Kitchen
32.00;8;4;202303;Mar;Mon;Afternoon;Med;Tea;Brewed Chai tea;Morning Sunrise Chai Lg;Lower Manhattan
6.00;2;2;202303;Mar;Mon;Afternoon;Low;Bakery;Scone;Oatmeal Scone;Lower Manhattan
9.00;3;2;202303;Mar;Mon;Afternoon;Low;Tea;Brewed herbal tea;Lemon Grass Lg;Hell's Kitchen
15.00;5;4;202303;Mar;Mon;Afternoon;Low;Tea;Brewed herbal tea;Peppermint Lg;Astoria
17.50;7;5;202303;Mar;Mon;Afternoon;Low;Tea;Brewed herbal tea;Peppermint Rg;Astoria
3.00;1;1;202303;Mar;Mon;Afternoon;Low;Tea;Brewed Black tea;Earl Grey Lg;Hell's Kitchen
36.00;8;5;202303;Mar;Mon;Afternoon;Med;Drinking Chocolate;Hot chocolate;Dark chocolate Lg;Hell's Kitchen
17.50;7;3;202303;Mar;Mon;Afternoon;Low;Tea;Brewed herbal tea;Peppermint Rg;Lower Manhattan
15.50;5;4;202303;Mar;Mon;Afternoon;Low;Coffee;Premium brewed coffee;Jamaican Coffee River Rg;Lower Manhattan
15.00;4;4;202303;Mar;Mon;Afternoon;Low;Bakery;Pastry;Chocolate Croissant;Lower Manhattan
7.50;2;1;202303;Mar;Mon;Afternoon;Low;Coffee;Barista Espresso;Cappuccino;Lower Manhattan
21.00;7;6;202303;Mar;Mon;Afternoon;Med;Tea;Brewed Black tea;Earl Grey Lg;Astoria
18.75;5;3;202303;Mar;Mon;Afternoon;Low;Coffee;Premium brewed coffee;Jamaican Coffee River Lg;Lower Manhattan
15.00;5;4;202303;Mar;Mon;Afternoon;Low;Tea;Brewed Black tea;English Breakfast Lg;Astoria
15.00;6;4;202303;Mar;Mon;Afternoon;Low;Tea;Brewed Black tea;English Breakfast Rg;Astoria
15.00;4;4;202303;Mar;Mon;Afternoon;Low;Bakery;Scone;Jumbo Savory Scone;Astoria
21.00;7;5;202303;Mar;Mon;Afternoon;Med;Coffee;Organic brewed coffee;Brazilian Rg;Astoria
19.60;8;5;202303;Mar;Mon;Afternoon;Low;Coffee;Premium brewed coffee;Jamaican Coffee River Sm;Lower Manhattan
9.75;3;3;202303;Mar;Mon;Afternoon;Low;Bakery;Biscotti;Hazelnut Biscotti;Lower Manhattan
10.50;3;3;202303;Mar;Mon;Afternoon;Low;Bakery;Pastry;Croissant;Astoria
51.00;12;6;202303;Mar;Mon;Afternoon;High;Coffee;Barista Espresso;Latte Rg;Lower Manhattan
24.50;7;5;202303;Mar;Mon;Afternoon;Med;Coffee;Organic brewed coffee;Brazilian Lg;Lower Manhattan
20.00;8;5;202303;Mar;Mon;Afternoon;Low;Tea;Brewed herbal tea;Lemon Grass Rg;Hell's Kitchen
18.00;4;4;202303;Mar;Mon;Afternoon;Low;Bakery;Scone;Scottish Cream Scone ;Hell's Kitchen
12.40;4;3;202303;Mar;Mon;Afternoon;Low;Coffee;Premium brewed coffee;Jamaican Coffee River Rg;Astoria
15.00;6;4;202303;Mar;Mon;Afternoon;Low;Tea;Brewed herbal tea;Lemon Grass Rg;Astoria
2.55;1;1;202303;Mar;Mon;Night;Low;Tea;Brewed Chai tea;Spicy Eye Opener Chai Rg;Lower Manhattan
17.50;7;5;202303;Mar;Mon;Evening;Low;Tea;Brewed Chai tea;Traditional Blend Chai Rg;Astoria
37.20;12;8;202303;Mar;Mon;Evening;Med;Tea;Brewed Chai tea;Spicy Eye Opener Chai Lg;Hell's Kitchen
11.25;3;3;202303;Mar;Mon;Evening;Low;Bakery;Pastry;Chocolate Croissant;Hell's Kitchen
32.50;13;8;202303;Mar;Mon;Evening;Med;Coffee;Drip coffee;Our Old Time Diner Blend Rg;Astoria
33.75;9;6;202303;Mar;Mon;Evening;Med;Coffee;Barista Espresso;Cappuccino;Hell's Kitchen
21.00;7;5;202303;Mar;Mon;Evening;Med;Coffee;Barista Espresso;Ouro Brasileiro shot;Lower Manhattan
20.00;5;3;202303;Mar;Mon;Evening;Low;Tea;Brewed Chai tea;Morning Sunrise Chai Lg;Lower Manhattan
9.75;3;3;202303;Mar;Mon;Evening;Low;Bakery;Biscotti;Hazelnut Biscotti;Lower Manhattan
30.00;12;8;202303;Mar;Mon;Evening;Med;Tea;Brewed herbal tea;Lemon Grass Rg;Hell's Kitchen
13.00;4;4;202303;Mar;Mon;Evening;Low;Bakery;Scone;Ginger Scone;Hell's Kitchen
20.00;8;6;202303;Mar;Mon;Evening;Low;Tea;Brewed Chai tea;Morning Sunrise Chai Rg;Astoria
33.00;11;5;202303;Mar;Mon;Evening;Med;Tea;Brewed Black tea;Earl Grey Lg;Lower Manhattan
4.00;2;2;202303;Mar;Mon;Evening;Low;Coffee;Drip coffee;Our Old Time Diner Blend Sm;Lower Manhattan
12.40;4;2;202303;Mar;Mon;Evening;Low;Coffee;Premium brewed coffee;Jamaican Coffee River Rg;Hell's Kitchen
22.50;6;3;202303;Mar;Mon;Evening;Med;Coffee;Barista Espresso;Latte;Lower Manhattan
10.00;5;3;202303;Mar;Mon;Evening;Low;Coffee;Gourmet brewed coffee;Columbian Medium Roast Sm;Hell's Kitchen
9.30;3;2;202303;Mar;Mon;Evening;Low;Coffee;Premium brewed coffee;Jamaican Coffee River Rg;Lower Manhattan
21.00;7;4;202303;Mar;Mon;Evening;Med;Tea;Brewed Chai tea;Traditional Blend Chai Lg;Astoria
9.00;3;3;202303;Mar;Mon;Evening;Low;Bakery;Scone;Oatmeal Scone;Astoria
38.50;11;8;202303;Mar;Mon;Evening;Med;Coffee;Organic brewed coffee;Brazilian Lg;Hell's Kitchen
27.00;9;6;202303;Mar;Mon;Evening;Med;Coffee;Organic brewed coffee;Brazilian Rg;Lower Manhattan
3.50;1;1;202303;Mar;Mon;Evening;Low;Drinking Chocolate;Hot chocolate;Dark chocolate Rg;Lower Manhattan
25.00;10;5;202303;Mar;Mon;Evening;Med;Tea;Brewed Chai tea;Traditional Blend Chai Rg;Lower Manhattan
9.00;3;2;202303;Mar;Mon;Evening;Low;Coffee;Gourmet brewed coffee;Ethiopia Rg;Lower Manhattan
24.00;8;5;202303;Mar;Mon;Evening;Med;Coffee;Drip coffee;Our Old Time Diner Blend Lg;Hell's Kitchen
33.25;7;4;202303;Mar;Mon;Evening;Med;Drinking Chocolate;Hot chocolate;Sustainably Grown Organic Lg;Astoria
18.00;6;4;202303;Mar;Mon;Evening;Low;Coffee;Gourmet brewed coffee;Columbian Medium Roast Lg;Astoria
18.75;5;4;202303;Mar;Mon;Evening;Low;Coffee;Barista Espresso;Latte;Hell's Kitchen
12.00;4;3;202303;Mar;Mon;Evening;Low;Coffee;Organic brewed coffee;Brazilian Rg;Astoria
11.25;3;3;202303;Mar;Mon;Evening;Low;Bakery;Scone;Jumbo Savory Scone;Astoria
45.00;12;8;202303;Mar;Mon;Evening;High;Coffee;Premium brewed coffee;Jamaican Coffee River Lg;Astoria
8.50;2;2;202303;Mar;Mon;Evening;Low;Coffee;Barista Espresso;Cappuccino Lg;Hell's Kitchen
6.00;2;2;202303;Mar;Mon;Evening;Low;Bakery;Scone;Oatmeal Scone;Hell's Kitchen
10.00;4;2;202303;Mar;Mon;Evening;Low;Tea;Brewed Black tea;English Breakfast Rg;Lower Manhattan
15.00;6;4;202303;Mar;Mon;Evening;Low;Tea;Brewed Green tea;Serenity Green Tea Rg;Hell's Kitchen
38.50;11;6;202303;Mar;Mon;Evening;Med;Drinking Chocolate;Hot chocolate;Dark chocolate Rg;Astoria
26.25;7;7;202303;Mar;Mon;Evening;Med;Bakery;Pastry;Almond Croissant;Astoria
9.00;3;3;202303;Mar;Mon;Evening;Low;Tea;Brewed Black tea;English Breakfast Lg;Lower Manhattan
31.50;7;5;202303;Mar;Mon;Evening;Med;Drinking Chocolate;Hot chocolate;Dark chocolate Lg;Lower Manhattan
6.00;2;2;202303;Mar;Mon;Evening;Low;Bakery;Scone;Oatmeal Scone;Lower Manhattan
20.00;8;6;202303;Mar;Mon;Evening;Low;Tea;Brewed herbal tea;Peppermint Rg;Astoria
28.00;8;5;202303;Mar;Mon;Evening;Med;Drinking Chocolate;Hot chocolate;Dark chocolate Rg;Hell's Kitchen
44.00;11;6;202303;Mar;Mon;Evening;High;Tea;Brewed Chai tea;Morning Sunrise Chai Lg;Hell's Kitchen
29.10;10;6;202303;Mar;Mon;Evening;Med;Coffee;Barista Espresso;Ouro Brasileiro shot;Hell's Kitchen
17.60;8;6;202303;Mar;Mon;Evening;Low;Coffee;Organic brewed coffee;Brazilian Sm;Astoria
15.00;4;4;202303;Mar;Mon;Evening;Low;Bakery;Pastry;Chocolate Croissant;Astoria
33.00;11;6;202303;Mar;Mon;Evening;Med;Coffee;Gourmet brewed coffee;Columbian Medium Roast Lg;Lower Manhattan
3.75;1;1;202303;Mar;Mon;Evening;Low;Bakery;Pastry;Almond Croissant;Lower Manhattan
28.00;14;9;202303;Mar;Mon;Evening;Med;Coffee;Drip coffee;Our Old Time Diner Blend Sm;Astoria
14.00;4;4;202303;Mar;Mon;Evening;Low;Bakery;Biscotti;Ginger Biscotti;Hell's Kitchen
34.00;8;5;202303;Mar;Mon;Evening;Med;Coffee;Barista Espresso;Cappuccino Lg;Lower Manhattan
12.50;5;3;202303;Mar;Mon;Evening;Low;Tea;Brewed Black tea;English Breakfast Rg;Astoria
16.25;5;5;202303;Mar;Mon;Evening;Low;Bakery;Scone;Cranberry Scone;Lower Manhattan
21.00;7;4;202303;Mar;Mon;Evening;Med;Coffee;Organic brewed coffee;Brazilian Rg;Hell's Kitchen
9.80;4;2;202303;Mar;Mon;Evening;Low;Coffee;Premium brewed coffee;Jamaican Coffee River Sm;Hell's Kitchen
8.50;2;1;202303;Mar;Mon;Evening;Low;Coffee;Barista Espresso;Latte Rg;Lower Manhattan
17.50;7;5;202303;Mar;Mon;Evening;Low;Tea;Brewed Chai tea;Traditional Blend Chai Rg;Hell's Kitchen
27.00;9;5;202303;Mar;Mon;Evening;Med;Coffee;Drip coffee;Our Old Time Diner Blend Lg;Lower Manhattan
17.60;8;5;202303;Mar;Mon;Evening;Low;Coffee;Organic brewed coffee;Brazilian Sm;Lower Manhattan
12.00;4;2;202303;Mar;Mon;Evening;Low;Tea;Brewed Black tea;Earl Grey Lg;Astoria
12.50;5;3;202303;Mar;Mon;Evening;Low;Tea;Brewed Black tea;Earl Grey Rg;Lower Manhattan
15.00;6;3;202303;Mar;Mon;Evening;Low;Tea;Brewed herbal tea;Lemon Grass Rg;Lower Manhattan
33.75;9;4;202303;Mar;Mon;Evening;Med;Coffee;Premium brewed coffee;Jamaican Coffee River Lg;Lower Manhattan
3.50;1;1;202303;Mar;Mon;Evening;Low;Bakery;Biscotti;Chocolate Chip Biscotti;Hell's Kitchen
49.50;11;8;202303;Mar;Mon;Evening;High;Drinking Chocolate;Hot chocolate;Dark chocolate Lg;Astoria
27.90;9;5;202303;Mar;Mon;Evening;Med;Tea;Brewed Chai tea;Spicy Eye Opener Chai Lg;Lower Manhattan
30.00;10;6;202303;Mar;Mon;Evening;Med;Tea;Brewed herbal tea;Lemon Grass Lg;Hell's Kitchen
10.50;3;3;202303;Mar;Mon;Evening;Low;Bakery;Biscotti;Chocolate Chip Biscotti;Lower Manhattan
3.75;1;1;202303;Mar;Mon;Evening;Low;Coffee;Barista Espresso;Cappuccino;Lower Manhattan
22.50;6;3;202303;Mar;Mon;Evening;Med;Coffee;Barista Espresso;Cappuccino;Astoria
35.00;14;8;202303;Mar;Mon;Evening;Med;Coffee;Gourmet brewed coffee;Columbian Medium Roast Rg;Lower Manhattan
14.00;4;3;202303;Mar;Mon;Evening;Low;Coffee;Gourmet brewed coffee;Ethiopia Lg;Hell's Kitchen
22.00;11;6;202303;Mar;Mon;Evening;Med;Coffee;Drip coffee;Our Old Time Diner Blend Sm;Hell's Kitchen
25.00;10;6;202303;Mar;Mon;Evening;Med;Tea;Brewed Chai tea;Morning Sunrise Chai Rg;Hell's Kitchen
11.00;5;3;202303;Mar;Mon;Evening;Low;Coffee;Gourmet brewed coffee;Ethiopia Sm;Lower Manhattan
24.00;8;5;202303;Mar;Mon;Evening;Med;Coffee;Drip coffee;Our Old Time Diner Blend Lg;Astoria
9.00;3;2;202303;Mar;Mon;Evening;Low;Tea;Brewed herbal tea;Peppermint Lg;Hell's Kitchen
30.00;12;6;202303;Mar;Mon;Evening;Med;Tea;Brewed Black tea;Earl Grey Rg;Hell's Kitchen
12.75;3;3;202303;Mar;Mon;Evening;Low;Coffee;Barista Espresso;Latte Rg;Hell's Kitchen
14.00;4;4;202303;Mar;Mon;Evening;Low;Bakery;Biscotti;Ginger Biscotti;Astoria
3.10;1;1;202303;Mar;Mon;Evening;Low;Coffee;Premium brewed coffee;Jamaican Coffee River Rg;Astoria
15.00;5;2;202303;Mar;Mon;Evening;Low;Tea;Brewed herbal tea;Lemon Grass Lg;Lower Manhattan
15.00;6;5;202303;Mar;Mon;Evening;Low;Tea;Brewed herbal tea;Lemon Grass Rg;Astoria
9.00;3;3;202303;Mar;Mon;Evening;Low;Coffee;Gourmet brewed coffee;Ethiopia Rg;Astoria
9.00;3;2;202303;Mar;Mon;Evening;Low;Tea;Brewed herbal tea;Peppermint Lg;Lower Manhattan
21.00;7;4;202303;Mar;Mon;Evening;Med;Tea;Brewed Green tea;Serenity Green Tea Lg;Hell's Kitchen
24.20;11;7;202303;Mar;Mon;Evening;Med;Coffee;Gourmet brewed coffee;Ethiopia Sm;Astoria
30.00;10;5;202303;Mar;Mon;Evening;Med;Tea;Brewed Black tea;English Breakfast Lg;Hell's Kitchen
21.00;7;5;202303;Mar;Mon;Evening;Med;Coffee;Gourmet brewed coffee;Ethiopia Rg;Hell's Kitchen
21.70;7;5;202303;Mar;Mon;Evening;Med;Tea;Brewed Chai tea;Spicy Eye Opener Chai Lg;Astoria
19.00;4;2;202303;Mar;Mon;Evening;Low;Drinking Chocolate;Hot chocolate;Sustainably Grown Organic Lg;Hell's Kitchen
18.00;6;4;202303;Mar;Mon;Evening;Low;Tea;Brewed Chai tea;Traditional Blend Chai Lg;Hell's Kitchen
12.50;5;3;202303;Mar;Mon;Evening;Low;Tea;Brewed herbal tea;Peppermint Rg;Hell's Kitchen
12.00;4;3;202303;Mar;Mon;Evening;Low;Coffee;Barista Espresso;Espresso shot;Astoria
7.50;3;3;202303;Mar;Mon;Evening;Low;Tea;Brewed Black tea;Earl Grey Rg;Astoria
10.50;3;3;202303;Mar;Mon;Evening;Low;Bakery;Pastry;Croissant;Astoria
21.00;7;7;202303;Mar;Mon;Evening;Med;Tea;Brewed Black tea;English Breakfast Lg;Astoria
12.75;5;4;202303;Mar;Mon;Evening;Low;Tea;Brewed Chai tea;Spicy Eye Opener Chai Rg;Astoria
31.50;9;6;202303;Mar;Mon;Evening;Med;Coffee;Organic brewed coffee;Brazilian Lg;Astoria
3.75;1;1;202303;Mar;Mon;Evening;Low;Drinking Chocolate;Hot chocolate;Sustainably Grown Organic Rg;Astoria
18.00;4;4;202303;Mar;Mon;Evening;Low;Bakery;Scone;Scottish Cream Scone ;Astoria
7.00;2;1;202303;Mar;Mon;Evening;Low;Coffee;Gourmet brewed coffee;Ethiopia Lg;Astoria
22.50;5;3;202303;Mar;Mon;Evening;Med;Drinking Chocolate;Hot chocolate;Dark chocolate Lg;Hell's Kitchen
28.00;7;5;202303;Mar;Mon;Evening;Med;Tea;Brewed Chai tea;Morning Sunrise Chai Lg;Astoria
9.50;2;1;202303;Mar;Tue;Night;Low;Drinking Chocolate;Hot chocolate;Sustainably Grown Organic Lg;Lower Manhattan
3.00;1;1;202303;Mar;Tue;Night;Low;Tea;Brewed Black tea;English Breakfast Lg;Lower Manhattan
7.60;1;1;202303;Mar;Tue;Night;Low;Packaged Chocolate;Organic Chocolate;Sustainably Grown Organic;Lower Manhattan
3.00;1;1;202303;Mar;Tue;Night;Low;Tea;Brewed herbal tea;Peppermint Lg;Lower Manhattan
4.40;2;1;202303;Mar;Tue;Night;Low;Coffee;Gourmet brewed coffee;Ethiopia Sm;Lower Manhattan
30.00;15;10;202303;Mar;Tue;Morning;Med;Coffee;Gourmet brewed coffee;Columbian Medium Roast Sm;Astoria
15.40;7;5;202303;Mar;Tue;Morning;Low;Coffee;Gourmet brewed coffee;Ethiopia Sm;Astoria
27.00;9;6;202303;Mar;Tue;Morning;Med;Tea;Brewed Green tea;Serenity Green Tea Lg;Lower Manhattan
12.00;4;4;202303;Mar;Tue;Morning;Low;Bakery;Scone;Oatmeal Scone;Lower Manhattan
40.00;16;10;202303;Mar;Tue;Morning;Med;Tea;Brewed Black tea;Earl Grey Rg;Astoria
28.00;8;6;202303;Mar;Tue;Morning;Med;Drinking Chocolate;Hot chocolate;Dark chocolate Rg;Astoria
80.75;19;13;202303;Mar;Tue;Morning;very high;Coffee;Barista Espresso;Cappuccino Lg;Astoria
28.00;8;8;202303;Mar;Tue;Morning;Med;Bakery;Biscotti;Chocolate Chip Biscotti;Astoria
32.50;13;9;202303;Mar;Tue;Morning;Med;Tea;Brewed Chai tea;Traditional Blend Chai Rg;Astoria
33.75;9;7;202303;Mar;Tue;Morning;Med;Coffee;Premium brewed coffee;Jamaican Coffee River Lg;Astoria
11.25;3;3;202303;Mar;Tue;Morning;Low;Bakery;Pastry;Almond Croissant;Astoria
45.90;18;9;202303;Mar;Tue;Morning;High;Tea;Brewed Chai tea;Spicy Eye Opener Chai Rg;Lower Manhattan
35.40;12;9;202303;Mar;Tue;Morning;Med;Bakery;Scone;Ginger Scone;Lower Manhattan
56.25;15;15;202303;Mar;Tue;Morning;High;Bakery;Pastry;Chocolate Croissant;Lower Manhattan
22.00;10;7;202303;Mar;Tue;Morning;Med;Coffee;Gourmet brewed coffee;Ethiopia Sm;Lower Manhattan
41.25;11;7;202303;Mar;Tue;Morning;High;Drinking Chocolate;Hot chocolate;Sustainably Grown Organic Rg;Astoria
42.00;14;11;202303;Mar;Tue;Morning;High;Tea;Brewed herbal tea;Lemon Grass Lg;Lower Manhattan
33.00;11;8;202303;Mar;Tue;Morning;Med;Tea;Brewed herbal tea;Peppermint Lg;Lower Manhattan
35.00;14;11;202303;Mar;Tue;Morning;Med;Tea;Brewed Chai tea;Morning Sunrise Chai Rg;Astoria
76.50;18;11;202303;Mar;Tue;Morning;very high;Coffee;Barista Espresso;Latte Rg;Lower Manhattan
10.40;13;10;202303;Mar;Tue;Morning;Low;Flavours;Regular syrup;Carmel syrup;Lower Manhattan
52.50;14;14;202303;Mar;Tue;Morning;High;Bakery;Pastry;Chocolate Croissant;Astoria
30.00;12;9;202303;Mar;Tue;Morning;Med;Coffee;Drip coffee;Our Old Time Diner Blend Rg;Astoria
60.00;20;12;202303;Mar;Tue;Morning;High;Coffee;Gourmet brewed coffee;Columbian Medium Roast Lg;Astoria
10.00;4;3;202303;Mar;Tue;Morning;Low;Tea;Brewed Chai tea;Morning Sunrise Chai Rg;Lower Manhattan
31.85;13;7;202303;Mar;Tue;Morning;Med;Coffee;Premium brewed coffee;Jamaican Coffee River Sm;Astoria
52.70;17;11;202303;Mar;Tue;Morning;High;Tea;Brewed Chai tea;Spicy Eye Opener Chai Lg;Astoria
55.00;22;13;202303;Mar;Tue;Morning;High;Tea;Brewed Black tea;English Breakfast Rg;Lower Manhattan
29.25;9;9;202303;Mar;Tue;Morning;Med;Bakery;Scone;Cranberry Scone;Lower Manhattan
72.00;18;13;202303;Mar;Tue;Morning;very high;Tea;Brewed Chai tea;Morning Sunrise Chai Lg;Lower Manhattan
76.50;18;12;202303;Mar;Tue;Morning;very high;Coffee;Barista Espresso;Cappuccino Lg;Lower Manhattan
42.00;2;2;202303;Mar;Tue;Morning;High;Coffee beans;Gourmet Beans;Ethiopia;Lower Manhattan
51.00;17;10;202303;Mar;Tue;Morning;High;Tea;Brewed Black tea;Earl Grey Lg;Lower Manhattan
29.40;12;7;202303;Mar;Tue;Morning;Med;Coffee;Premium brewed coffee;Jamaican Coffee River Sm;Lower Manhattan
107.00;4;4;202303;Mar;Tue;Morning;very high;Coffee beans;Organic Beans;Organic Decaf Blend;Lower Manhattan
30.00;12;8;202303;Mar;Tue;Morning;Med;Tea;Brewed Black tea;Earl Grey Rg;Lower Manhattan
52.50;21;11;202303;Mar;Tue;Morning;High;Tea;Brewed Green tea;Serenity Green Tea Rg;Lower Manhattan
35.00;14;9;202303;Mar;Tue;Morning;Med;Tea;Brewed herbal tea;Lemon Grass Rg;Lower Manhattan
57.00;19;13;202303;Mar;Tue;Morning;High;Coffee;Organic brewed coffee;Brazilian Rg;Lower Manhattan
31.00;10;6;202303;Mar;Tue;Morning;Med;Coffee;Premium brewed coffee;Jamaican Coffee River Rg;Lower Manhattan
93.50;22;15;202303;Mar;Tue;Morning;very high;Coffee;Barista Espresso;Cappuccino Lg;Hell's Kitchen
35.00;14;10;202303;Mar;Tue;Morning;Med;Tea;Brewed herbal tea;Peppermint Rg;Hell's Kitchen
29.25;9;9;202303;Mar;Tue;Morning;Med;Bakery;Scone;Ginger Scone;Hell's Kitchen
33.00;11;8;202303;Mar;Tue;Morning;Med;Tea;Brewed Black tea;English Breakfast Lg;Hell's Kitchen
58.50;13;13;202303;Mar;Tue;Morning;High;Bakery;Scone;Scottish Cream Scone ;Hell's Kitchen
48.00;16;11;202303;Mar;Tue;Morning;High;Tea;Brewed Black tea;English Breakfast Lg;Astoria
63.00;21;15;202303;Mar;Tue;Morning;very high;Coffee;Organic brewed coffee;Brazilian Rg;Hell's Kitchen
15.20;19;14;202303;Mar;Tue;Morning;Low;Flavours;Regular syrup;Chocolate syrup;Hell's Kitchen
32.50;10;10;202303;Mar;Tue;Morning;Med;Bakery;Biscotti;Hazelnut Biscotti;Hell's Kitchen
85.00;20;12;202303;Mar;Tue;Morning;very high;Coffee;Barista Espresso;Latte Rg;Hell's Kitchen
36.00;18;10;202303;Mar;Tue;Morning;Med;Coffee;Drip coffee;Our Old Time Diner Blend Sm;Lower Manhattan
32.50;13;9;202303;Mar;Tue;Morning;Med;Tea;Brewed Black tea;English Breakfast Rg;Astoria
16.00;8;7;202303;Mar;Tue;Morning;Low;Coffee;Gourmet brewed coffee;Columbian Medium Roast Sm;Lower Manhattan
12.00;15;11;202303;Mar;Tue;Morning;Low;Flavours;Regular syrup;Carmel syrup;Hell's Kitchen
56.25;15;10;202303;Mar;Tue;Morning;High;Coffee;Premium brewed coffee;Jamaican Coffee River Lg;Lower Manhattan
21.00;6;6;202303;Mar;Tue;Morning;Med;Bakery;Pastry;Croissant;Lower Manhattan
9.30;3;3;202303;Mar;Tue;Morning;Low;Coffee;Premium brewed coffee;Jamaican Coffee River Rg;Astoria
38.25;15;9;202303;Mar;Tue;Morning;Med;Tea;Brewed Chai tea;Spicy Eye Opener Chai Rg;Astoria
60.00;20;13;202303;Mar;Tue;Morning;High;Coffee;Organic brewed coffee;Brazilian Rg;Astoria
63.75;15;10;202303;Mar;Tue;Morning;very high;Coffee;Barista Espresso;Latte Rg;Astoria
39.00;13;9;202303;Mar;Tue;Morning;Med;Coffee;Drip coffee;Our Old Time Diner Blend Lg;Hell's Kitchen
45.00;15;10;202303;Mar;Tue;Morning;High;Coffee;Barista Espresso;Espresso shot;Lower Manhattan
10.40;13;8;202303;Mar;Tue;Morning;Low;Flavours;Regular syrup;Hazelnut syrup;Lower Manhattan
39.00;13;8;202303;Mar;Tue;Morning;Med;Tea;Brewed Black tea;Earl Grey Lg;Hell's Kitchen
8.95;1;1;202303;Mar;Tue;Morning;Low;Loose Tea;Black tea;English Breakfast;Lower Manhattan
42.50;17;12;202303;Mar;Tue;Morning;High;Tea;Brewed Black tea;Earl Grey Rg;Hell's Kitchen
49.50;11;6;202303;Mar;Tue;Morning;High;Drinking Chocolate;Hot chocolate;Dark chocolate Lg;Lower Manhattan
52.00;13;10;202303;Mar;Tue;Morning;High;Tea;Brewed Chai tea;Morning Sunrise Chai Lg;Hell's Kitchen
47.50;10;8;202303;Mar;Tue;Morning;High;Drinking Chocolate;Hot chocolate;Sustainably Grown Organic Lg;Hell's Kitchen
35.00;14;11;202303;Mar;Tue;Morning;Med;Tea;Brewed Chai tea;Traditional Blend Chai Rg;Lower Manhattan
39.00;13;9;202303;Mar;Tue;Morning;Med;Tea;Brewed Green tea;Serenity Green Tea Lg;Hell's Kitchen
26.25;7;5;202303;Mar;Tue;Morning;Med;Coffee;Barista Espresso;Cappuccino;Astoria
9.75;3;3;202303;Mar;Tue;Morning;Low;Bakery;Scone;Cranberry Scone;Astoria
86.25;23;13;202303;Mar;Tue;Morning;very high;Coffee;Barista Espresso;Cappuccino;Lower Manhattan
39.60;18;11;202303;Mar;Tue;Morning;Med;Coffee;Organic brewed coffee;Brazilian Sm;Hell's Kitchen
24.00;8;6;202303;Mar;Tue;Morning;Med;Coffee;Gourmet brewed coffee;Ethiopia Rg;Astoria
75.00;20;13;202303;Mar;Tue;Morning;very high;Coffee;Premium brewed coffee;Jamaican Coffee River Lg;Hell's Kitchen
19.80;9;7;202303;Mar;Tue;Morning;Low;Coffee;Organic brewed coffee;Brazilian Sm;Astoria
54.00;18;11;202303;Mar;Tue;Morning;High;Coffee;Gourmet brewed coffee;Ethiopia Rg;Lower Manhattan
15.20;19;12;202303;Mar;Tue;Morning;Low;Flavours;Regular syrup;Chocolate syrup;Lower Manhattan
47.50;19;11;202303;Mar;Tue;Morning;High;Coffee;Gourmet brewed coffee;Columbian Medium Roast Rg;Lower Manhattan
31.50;9;9;202303;Mar;Tue;Morning;Med;Bakery;Pastry;Croissant;Hell's Kitchen
22.50;6;6;202303;Mar;Tue;Morning;Med;Bakery;Pastry;Almond Croissant;Hell's Kitchen
32.50;13;9;202303;Mar;Tue;Morning;Med;Tea;Brewed herbal tea;Peppermint Rg;Astoria
38.00;19;13;202303;Mar;Tue;Morning;Med;Coffee;Drip coffee;Our Old Time Diner Blend Sm;Astoria
30.00;15;9;202303;Mar;Tue;Morning;Med;Coffee;Gourmet brewed coffee;Columbian Medium Roast Sm;Hell's Kitchen
67.50;18;12;202303;Mar;Tue;Morning;very high;Coffee;Barista Espresso;Latte;Astoria
27.50;11;7;202303;Mar;Tue;Morning;Med;Coffee;Gourmet brewed coffee;Columbian Medium Roast Rg;Hell's Kitchen
45.00;12;7;202303;Mar;Tue;Morning;High;Coffee;Barista Espresso;Latte;Lower Manhattan
9.60;12;7;202303;Mar;Tue;Morning;Low;Flavours;Sugar free syrup;Sugar Free Vanilla syrup;Lower Manhattan
78.75;21;11;202303;Mar;Tue;Morning;very high;Drinking Chocolate;Hot chocolate;Sustainably Grown Organic Rg;Lower Manhattan
31.00;10;7;202303;Mar;Tue;Morning;Med;Coffee;Premium brewed coffee;Jamaican Coffee River Rg;Hell's Kitchen
32.50;10;10;202303;Mar;Tue;Morning;Med;Bakery;Scone;Cranberry Scone;Hell's Kitchen
22.50;9;8;202303;Mar;Tue;Morning;Med;Tea;Brewed Chai tea;Morning Sunrise Chai Rg;Hell's Kitchen
97.50;26;16;202303;Mar;Tue;Morning;very high;Coffee;Barista Espresso;Cappuccino;Hell's Kitchen
12.00;15;10;202303;Mar;Tue;Morning;Low;Flavours;Sugar free syrup;Sugar Free Vanilla syrup;Hell's Kitchen
61.25;25;16;202303;Mar;Tue;Morning;very high;Coffee;Premium brewed coffee;Jamaican Coffee River Sm;Hell's Kitchen
21.00;6;4;202303;Mar;Tue;Morning;Med;Coffee;Organic brewed coffee;Brazilian Lg;Astoria
49.50;11;8;202303;Mar;Tue;Morning;High;Drinking Chocolate;Hot chocolate;Dark chocolate Lg;Astoria
11.25;3;3;202303;Mar;Tue;Morning;Low;Bakery;Scone;Jumbo Savory Scone;Astoria
24.20;11;8;202303;Mar;Tue;Morning;Med;Coffee;Organic brewed coffee;Brazilian Sm;Lower Manhattan
75.00;25;13;202303;Mar;Tue;Morning;very high;Coffee;Drip coffee;Our Old Time Diner Blend Lg;Lower Manhattan
42.00;21;14;202303;Mar;Tue;Morning;High;Coffee;Drip coffee;Our Old Time Diner Blend Sm;Hell's Kitchen
19.50;6;6;202303;Mar;Tue;Morning;Low;Bakery;Biscotti;Hazelnut Biscotti;Lower Manhattan
50.00;20;13;202303;Mar;Tue;Morning;High;Tea;Brewed Chai tea;Traditional Blend Chai Rg;Hell's Kitchen
71.25;19;19;202303;Mar;Tue;Morning;very high;Bakery;Pastry;Chocolate Croissant;Hell's Kitchen
47.50;19;15;202303;Mar;Tue;Morning;High;Tea;Brewed herbal tea;Lemon Grass Rg;Hell's Kitchen
38.50;11;11;202303;Mar;Tue;Morning;Med;Bakery;Biscotti;Chocolate Chip Biscotti;Lower Manhattan
13.00;4;4;202303;Mar;Tue;Morning;Low;Bakery;Scone;Ginger Scone;Astoria
24.20;11;9;202303;Mar;Tue;Morning;Med;Coffee;Gourmet brewed coffee;Ethiopia Sm;Hell's Kitchen
45.00;15;10;202303;Mar;Tue;Morning;High;Coffee;Gourmet brewed coffee;Columbian Medium Roast Lg;Hell's Kitchen
32.50;13;8;202303;Mar;Tue;Morning;Med;Tea;Brewed Green tea;Serenity Green Tea Rg;Hell's Kitchen
46.50;15;9;202303;Mar;Tue;Morning;High;Tea;Brewed Chai tea;Spicy Eye Opener Chai Lg;Hell's Kitchen
53.55;21;14;202303;Mar;Tue;Morning;High;Tea;Brewed Chai tea;Spicy Eye Opener Chai Rg;Hell's Kitchen
30.00;8;8;202303;Mar;Tue;Morning;Med;Bakery;Scone;Jumbo Savory Scone;Hell's Kitchen
72.00;16;12;202303;Mar;Tue;Morning;very high;Drinking Chocolate;Hot chocolate;Dark chocolate Lg;Hell's Kitchen
27.00;9;5;202303;Mar;Tue;Morning;Med;Tea;Brewed herbal tea;Lemon Grass Lg;Astoria
20.00;8;6;202303;Mar;Tue;Morning;Low;Coffee;Drip coffee;Our Old Time Diner Blend Rg;Hell's Kitchen
28.00;8;8;202303;Mar;Tue;Morning;Med;Bakery;Biscotti;Ginger Biscotti;Hell's Kitchen
18.00;1;1;202303;Mar;Tue;Morning;Low;Coffee beans;Organic Beans;Brazilian - Organic;Hell's Kitchen
30.00;10;8;202303;Mar;Tue;Morning;Med;Coffee;Drip coffee;Our Old Time Diner Blend Lg;Astoria
28.00;8;7;202303;Mar;Tue;Morning;Med;Coffee;Gourmet brewed coffee;Ethiopia Lg;Astoria
24.50;7;5;202303;Mar;Tue;Morning;Med;Drinking Chocolate;Hot chocolate;Dark chocolate Rg;Lower Manhattan
54.00;18;14;202303;Mar;Tue;Morning;High;Tea;Brewed Chai tea;Traditional Blend Chai Lg;Hell's Kitchen
27.50;11;7;202303;Mar;Tue;Morning;Med;Coffee;Gourmet brewed coffee;Columbian Medium Roast Rg;Astoria
37.50;10;10;202303;Mar;Tue;Morning;Med;Bakery;Pastry;Almond Croissant;Lower Manhattan
56.00;16;11;202303;Mar;Tue;Morning;High;Coffee;Organic brewed coffee;Brazilian Lg;Lower Manhattan
36.00;12;8;202303;Mar;Tue;Morning;Med;Tea;Brewed Chai tea;Traditional Blend Chai Lg;Lower Manhattan
8.95;1;1;202303;Mar;Tue;Morning;Low;Loose Tea;Herbal tea;Peppermint;Lower Manhattan
45.00;15;11;202303;Mar;Tue;Morning;High;Coffee;Gourmet brewed coffee;Ethiopia Rg;Hell's Kitchen
3.00;1;1;202303;Mar;Tue;Morning;Low;Bakery;Scone;Oatmeal Scone;Astoria
35.00;14;7;202303;Mar;Tue;Morning;Med;Tea;Brewed herbal tea;Peppermint Rg;Lower Manhattan
27.00;9;6;202303;Mar;Tue;Morning;Med;Tea;Brewed Black tea;Earl Grey Lg;Astoria
16.25;5;5;202303;Mar;Tue;Morning;Low;Bakery;Biscotti;Hazelnut Biscotti;Astoria
35.00;10;6;202303;Mar;Tue;Morning;Med;Drinking Chocolate;Hot chocolate;Dark chocolate Rg;Hell's Kitchen
51.00;17;10;202303;Mar;Tue;Morning;High;Tea;Brewed herbal tea;Peppermint Lg;Hell's Kitchen
8.95;1;1;202303;Mar;Tue;Morning;Low;Loose Tea;Black tea;Earl Grey;Hell's Kitchen
20.45;1;1;202303;Mar;Tue;Morning;very high;Coffee beans;Espresso Beans;Primo Espresso Roast;Hell's Kitchen
48.00;12;8;202303;Mar;Tue;Morning;High;Tea;Brewed Chai tea;Morning Sunrise Chai Lg;Astoria
40.00;16;11;202303;Mar;Tue;Morning;Med;Tea;Brewed Black tea;English Breakfast Rg;Hell's Kitchen
54.00;18;12;202303;Mar;Tue;Morning;High;Tea;Brewed herbal tea;Peppermint Lg;Astoria
35.00;10;7;202303;Mar;Tue;Morning;Med;Coffee;Gourmet brewed coffee;Ethiopia Lg;Hell's Kitchen
25.00;10;6;202303;Mar;Tue;Morning;Med;Tea;Brewed herbal tea;Lemon Grass Rg;Astoria
45.00;15;10;202303;Mar;Tue;Morning;High;Coffee;Gourmet brewed coffee;Columbian Medium Roast Lg;Lower Manhattan
21.00;6;6;202303;Mar;Tue;Morning;Med;Bakery;Pastry;Croissant;Astoria
21.70;7;5;202303;Mar;Tue;Morning;Med;Tea;Brewed Chai tea;Spicy Eye Opener Chai Lg;Lower Manhattan
27.00;9;6;202303;Mar;Tue;Morning;Med;Tea;Brewed Chai tea;Traditional Blend Chai Lg;Astoria
37.50;15;8;202303;Mar;Tue;Morning;Med;Coffee;Drip coffee;Our Old Time Diner Blend Rg;Lower Manhattan
3.00;1;1;202303;Mar;Tue;Night;Low;Coffee;Gourmet brewed coffee;Ethiopia Rg;Astoria
24.50;10;6;202303;Mar;Tue;Afternoon;Med;Coffee;Premium brewed coffee;Jamaican Coffee River Sm;Astoria
27.90;9;7;202303;Mar;Tue;Afternoon;Med;Tea;Brewed Chai tea;Spicy Eye Opener Chai Lg;Astoria
27.00;9;6;202303;Mar;Tue;Afternoon;Med;Tea;Brewed Black tea;Earl Grey Lg;Lower Manhattan
12.50;5;4;202303;Mar;Tue;Afternoon;Low;Coffee;Gourmet brewed coffee;Columbian Medium Roast Rg;Hell's Kitchen
15.00;5;3;202303;Mar;Tue;Afternoon;Low;Coffee;Gourmet brewed coffee;Columbian Medium Roast Lg;Astoria
24.00;6;4;202303;Mar;Tue;Afternoon;Med;Tea;Brewed Chai tea;Morning Sunrise Chai Lg;Astoria
22.50;6;4;202303;Mar;Tue;Afternoon;Med;Coffee;Barista Espresso;Latte;Astoria
9.00;3;2;202303;Mar;Tue;Afternoon;Low;Tea;Brewed Green tea;Serenity Green Tea Lg;Astoria
8.50;2;1;202303;Mar;Tue;Afternoon;Low;Coffee;Barista Espresso;Latte Rg;Lower Manhattan
1.60;2;1;202303;Mar;Tue;Afternoon;Low;Flavours;Regular syrup;Hazelnut syrup;Lower Manhattan
35.00;10;6;202303;Mar;Tue;Afternoon;Med;Coffee;Gourmet brewed coffee;Ethiopia Lg;Astoria
7.50;2;2;202303;Mar;Tue;Afternoon;Low;Bakery;Pastry;Almond Croissant;Astoria
42.00;12;7;202303;Mar;Tue;Afternoon;High;Coffee;Gourmet brewed coffee;Ethiopia Lg;Hell's Kitchen
17.50;7;5;202303;Mar;Tue;Afternoon;Low;Coffee;Drip coffee;Our Old Time Diner Blend Rg;Hell's Kitchen
8.00;4;3;202303;Mar;Tue;Afternoon;Low;Coffee;Gourmet brewed coffee;Columbian Medium Roast Sm;Astoria
28.00;7;6;202303;Mar;Tue;Afternoon;Med;Tea;Brewed Chai tea;Morning Sunrise Chai Lg;Hell's Kitchen
26.25;7;5;202303;Mar;Tue;Afternoon;Med;Coffee;Barista Espresso;Latte;Hell's Kitchen
2.40;3;2;202303;Mar;Tue;Afternoon;Low;Flavours;Sugar free syrup;Sugar Free Vanilla syrup;Hell's Kitchen
9.00;3;2;202303;Mar;Tue;Afternoon;Low;Tea;Brewed herbal tea;Peppermint Lg;Lower Manhattan
25.50;6;4;202303;Mar;Tue;Afternoon;Med;Coffee;Barista Espresso;Latte Rg;Hell's Kitchen
4.00;5;3;202303;Mar;Tue;Afternoon;Low;Flavours;Regular syrup;Carmel syrup;Hell's Kitchen
10.00;4;3;202303;Mar;Tue;Afternoon;Low;Coffee;Drip coffee;Our Old Time Diner Blend Rg;Astoria
9.00;3;2;202303;Mar;Tue;Afternoon;Low;Tea;Brewed herbal tea;Lemon Grass Lg;Lower Manhattan
18.75;5;4;202303;Mar;Tue;Afternoon;Low;Coffee;Barista Espresso;Cappuccino;Astoria
27.00;6;4;202303;Mar;Tue;Afternoon;Med;Drinking Chocolate;Hot chocolate;Dark chocolate Lg;Astoria
36.00;12;8;202303;Mar;Tue;Afternoon;Med;Coffee;Gourmet brewed coffee;Ethiopia Rg;Lower Manhattan
10.00;4;3;202303;Mar;Tue;Afternoon;Low;Tea;Brewed Chai tea;Traditional Blend Chai Rg;Hell's Kitchen
27.50;11;7;202303;Mar;Tue;Afternoon;Med;Tea;Brewed herbal tea;Lemon Grass Rg;Astoria
4.40;2;2;202303;Mar;Tue;Afternoon;Low;Coffee;Gourmet brewed coffee;Ethiopia Sm;Hell's Kitchen
10.00;4;4;202303;Mar;Tue;Afternoon;Low;Tea;Brewed Black tea;English Breakfast Rg;Astoria
15.50;5;3;202303;Mar;Tue;Afternoon;Low;Tea;Brewed Chai tea;Spicy Eye Opener Chai Lg;Hell's Kitchen
9.75;3;3;202303;Mar;Tue;Afternoon;Low;Bakery;Scone;Cranberry Scone;Hell's Kitchen
25.50;6;4;202303;Mar;Tue;Afternoon;Med;Coffee;Barista Espresso;Latte Rg;Astoria
27.00;9;5;202303;Mar;Tue;Afternoon;Med;Coffee;Gourmet brewed coffee;Ethiopia Rg;Astoria
12.00;4;3;202303;Mar;Tue;Afternoon;Low;Tea;Brewed Green tea;Serenity Green Tea Lg;Hell's Kitchen
15.00;6;4;202303;Mar;Tue;Afternoon;Low;Tea;Brewed Chai tea;Morning Sunrise Chai Rg;Hell's Kitchen
33.25;7;4;202303;Mar;Tue;Afternoon;Med;Drinking Chocolate;Hot chocolate;Sustainably Grown Organic Lg;Astoria
10.50;3;3;202303;Mar;Tue;Afternoon;Low;Bakery;Biscotti;Chocolate Chip Biscotti;Astoria
2.50;1;1;202303;Mar;Tue;Afternoon;Low;Tea;Brewed Chai tea;Morning Sunrise Chai Rg;Astoria
4.40;2;1;202303;Mar;Tue;Afternoon;Low;Coffee;Organic brewed coffee;Brazilian Sm;Astoria
12.00;4;4;202303;Mar;Tue;Afternoon;Low;Coffee;Organic brewed coffee;Brazilian Rg;Astoria
24.00;8;5;202303;Mar;Tue;Afternoon;Med;Coffee;Gourmet brewed coffee;Ethiopia Rg;Hell's Kitchen
35.00;14;9;202303;Mar;Tue;Afternoon;Med;Tea;Brewed Green tea;Serenity Green Tea Rg;Hell's Kitchen
27.50;11;6;202303;Mar;Tue;Afternoon;Med;Tea;Brewed Green tea;Serenity Green Tea Rg;Astoria
20.00;8;6;202303;Mar;Tue;Afternoon;Low;Tea;Brewed Black tea;Earl Grey Rg;Astoria
21.70;7;5;202303;Mar;Tue;Afternoon;Med;Coffee;Premium brewed coffee;Jamaican Coffee River Rg;Astoria
9.00;3;3;202303;Mar;Tue;Afternoon;Low;Tea;Brewed Chai tea;Traditional Blend Chai Lg;Astoria
9.00;3;3;202303;Mar;Tue;Afternoon;Low;Coffee;Drip coffee;Our Old Time Diner Blend Lg;Astoria
11.25;3;3;202303;Mar;Tue;Afternoon;Low;Bakery;Pastry;Chocolate Croissant;Astoria
15.40;7;4;202303;Mar;Tue;Afternoon;Low;Coffee;Organic brewed coffee;Brazilian Sm;Hell's Kitchen
9.75;3;3;202303;Mar;Tue;Afternoon;Low;Bakery;Biscotti;Hazelnut Biscotti;Astoria
9.00;3;2;202303;Mar;Tue;Afternoon;Low;Tea;Brewed herbal tea;Lemon Grass Lg;Hell's Kitchen
12.00;4;3;202303;Mar;Tue;Afternoon;Low;Tea;Brewed Black tea;English Breakfast Lg;Astoria
24.00;8;6;202303;Mar;Tue;Afternoon;Med;Coffee;Organic brewed coffee;Brazilian Rg;Hell's Kitchen
12.00;4;4;202303;Mar;Tue;Afternoon;Low;Bakery;Scone;Oatmeal Scone;Hell's Kitchen
17.50;7;6;202303;Mar;Tue;Afternoon;Low;Tea;Brewed herbal tea;Peppermint Rg;Astoria
16.00;8;5;202303;Mar;Tue;Afternoon;Low;Coffee;Drip coffee;Our Old Time Diner Blend Sm;Hell's Kitchen
13.50;3;3;202303;Mar;Tue;Afternoon;Low;Bakery;Scone;Scottish Cream Scone ;Hell's Kitchen
21.25;5;4;202303;Mar;Tue;Afternoon;Med;Coffee;Barista Espresso;Cappuccino Lg;Astoria
24.00;8;4;202303;Mar;Tue;Afternoon;Med;Tea;Brewed Black tea;English Breakfast Lg;Hell's Kitchen
26.25;7;6;202303;Mar;Tue;Afternoon;Med;Coffee;Barista Espresso;Cappuccino;Hell's Kitchen
6.00;3;2;202303;Mar;Tue;Afternoon;Low;Coffee;Drip coffee;Our Old Time Diner Blend Sm;Astoria
7.65;3;2;202303;Mar;Tue;Afternoon;Low;Tea;Brewed Chai tea;Spicy Eye Opener Chai Rg;Astoria
18.75;5;3;202303;Mar;Tue;Afternoon;Low;Coffee;Premium brewed coffee;Jamaican Coffee River Lg;Hell's Kitchen
3.25;1;1;202303;Mar;Tue;Afternoon;Low;Bakery;Scone;Ginger Scone;Hell's Kitchen
7.50;3;2;202303;Mar;Tue;Afternoon;Low;Tea;Brewed Chai tea;Traditional Blend Chai Rg;Astoria
21.00;6;3;202303;Mar;Tue;Afternoon;Med;Coffee;Organic brewed coffee;Brazilian Lg;Hell's Kitchen
3.00;1;1;202303;Mar;Tue;Afternoon;Low;Bakery;Scone;Oatmeal Scone;Astoria
1.60;2;1;202303;Mar;Tue;Afternoon;Low;Flavours;Regular syrup;Chocolate syrup;Hell's Kitchen
56.00;16;10;202303;Mar;Tue;Evening;High;Coffee;Organic brewed coffee;Brazilian Lg;Hell's Kitchen
6.60;3;2;202303;Mar;Tue;Evening;Low;Coffee;Organic brewed coffee;Brazilian Sm;Astoria
21.00;7;6;202303;Mar;Tue;Evening;Med;Tea;Brewed herbal tea;Lemon Grass Lg;Astoria
16.25;5;5;202303;Mar;Tue;Evening;Low;Bakery;Scone;Ginger Scone;Astoria
21.00;7;5;202303;Mar;Tue;Evening;Med;Coffee;Barista Espresso;Espresso shot;Hell's Kitchen
5.60;7;5;202303;Mar;Tue;Evening;Low;Flavours;Regular syrup;Carmel syrup;Hell's Kitchen
31.00;10;7;202303;Mar;Tue;Evening;Med;Coffee;Premium brewed coffee;Jamaican Coffee River Rg;Hell's Kitchen
48.00;16;9;202303;Mar;Tue;Evening;High;Tea;Brewed herbal tea;Peppermint Lg;Hell's Kitchen
10.50;3;3;202303;Mar;Tue;Evening;Low;Coffee;Organic brewed coffee;Brazilian Lg;Astoria
13.00;4;4;202303;Mar;Tue;Evening;Low;Bakery;Biscotti;Hazelnut Biscotti;Astoria
26.25;7;4;202303;Mar;Tue;Evening;Med;Coffee;Premium brewed coffee;Jamaican Coffee River Lg;Astoria
35.00;14;11;202303;Mar;Tue;Evening;Med;Coffee;Drip coffee;Our Old Time Diner Blend Rg;Hell's Kitchen
14.70;6;5;202303;Mar;Tue;Evening;Low;Coffee;Premium brewed coffee;Jamaican Coffee River Sm;Astoria
20.00;8;6;202303;Mar;Tue;Evening;Low;Tea;Brewed herbal tea;Peppermint Rg;Hell's Kitchen
21.00;6;3;202303;Mar;Tue;Evening;Med;Coffee;Gourmet brewed coffee;Ethiopia Lg;Astoria
9.30;3;2;202303;Mar;Tue;Evening;Low;Coffee;Premium brewed coffee;Jamaican Coffee River Rg;Astoria
21.00;7;5;202303;Mar;Tue;Evening;Med;Coffee;Barista Espresso;Espresso shot;Astoria
20.00;8;5;202303;Mar;Tue;Evening;Low;Tea;Brewed Chai tea;Traditional Blend Chai Rg;Hell's Kitchen
10.00;4;3;202303;Mar;Tue;Evening;Low;Tea;Brewed Green tea;Serenity Green Tea Rg;Astoria
34.00;8;5;202303;Mar;Tue;Evening;Med;Coffee;Barista Espresso;Cappuccino Lg;Astoria
15.00;5;3;202303;Mar;Tue;Evening;Low;Coffee;Gourmet brewed coffee;Ethiopia Rg;Hell's Kitchen
15.00;4;3;202303;Mar;Tue;Evening;Low;Drinking Chocolate;Hot chocolate;Sustainably Grown Organic Rg;Astoria
37.50;10;6;202303;Mar;Tue;Evening;Med;Coffee;Barista Espresso;Latte;Hell's Kitchen
22.50;9;5;202303;Mar;Tue;Evening;Med;Tea;Brewed Chai tea;Traditional Blend Chai Rg;Astoria
32.00;8;5;202303;Mar;Tue;Evening;Med;Tea;Brewed Chai tea;Morning Sunrise Chai Lg;Hell's Kitchen
15.00;6;4;202303;Mar;Tue;Evening;Low;Tea;Brewed herbal tea;Peppermint Rg;Astoria
31.50;9;6;202303;Mar;Tue;Evening;Med;Coffee;Gourmet brewed coffee;Ethiopia Lg;Hell's Kitchen
9.80;4;3;202303;Mar;Tue;Evening;Low;Coffee;Premium brewed coffee;Jamaican Coffee River Sm;Hell's Kitchen
18.75;5;5;202303;Mar;Tue;Evening;Low;Bakery;Scone;Jumbo Savory Scone;Hell's Kitchen
36.00;18;11;202303;Mar;Tue;Evening;Med;Coffee;Gourmet brewed coffee;Columbian Medium Roast Sm;Astoria
18.00;6;5;202303;Mar;Tue;Evening;Low;Tea;Brewed Black tea;Earl Grey Lg;Hell's Kitchen
17.50;7;7;202303;Mar;Tue;Evening;Low;Tea;Brewed Black tea;Earl Grey Rg;Hell's Kitchen
12.00;4;4;202303;Mar;Tue;Evening;Low;Tea;Brewed Black tea;English Breakfast Lg;Astoria
6.00;3;2;202303;Mar;Tue;Evening;Low;Coffee;Drip coffee;Our Old Time Diner Blend Sm;Hell's Kitchen
18.75;5;3;202303;Mar;Tue;Evening;Low;Coffee;Barista Espresso;Cappuccino;Hell's Kitchen
33.00;11;9;202303;Mar;Tue;Evening;Med;Tea;Brewed herbal tea;Lemon Grass Lg;Hell's Kitchen
18.00;6;4;202303;Mar;Tue;Evening;Low;Tea;Brewed Green tea;Serenity Green Tea Lg;Astoria
7.00;2;2;202303;Mar;Tue;Evening;Low;Bakery;Biscotti;Ginger Biscotti;Hell's Kitchen
66.50;14;8;202303;Mar;Tue;Evening;very high;Drinking Chocolate;Hot chocolate;Sustainably Grown Organic Lg;Astoria
20.00;8;7;202303;Mar;Tue;Evening;Low;Coffee;Gourmet brewed coffee;Columbian Medium Roast Rg;Astoria
30.00;8;7;202303;Mar;Tue;Evening;Med;Coffee;Premium brewed coffee;Jamaican Coffee River Lg;Hell's Kitchen
11.25;3;3;202303;Mar;Tue;Evening;Low;Bakery;Pastry;Almond Croissant;Hell's Kitchen
44.00;11;6;202303;Mar;Tue;Evening;High;Tea;Brewed Chai tea;Morning Sunrise Chai Lg;Astoria
27.00;9;6;202303;Mar;Tue;Evening;Med;Tea;Brewed Black tea;Earl Grey Lg;Astoria
27.50;11;8;202303;Mar;Tue;Evening;Med;Tea;Brewed Black tea;Earl Grey Rg;Astoria
3.50;1;1;202303;Mar;Tue;Evening;Low;Bakery;Pastry;Croissant;Astoria
27.50;11;7;202303;Mar;Tue;Evening;Med;Tea;Brewed Green tea;Serenity Green Tea Rg;Hell's Kitchen
25.50;6;5;202303;Mar;Tue;Evening;Med;Coffee;Barista Espresso;Latte Rg;Hell's Kitchen
3.20;4;3;202303;Mar;Tue;Evening;Low;Flavours;Regular syrup;Chocolate syrup;Hell's Kitchen
10.00;4;2;202303;Mar;Tue;Evening;Low;Tea;Brewed Chai tea;Morning Sunrise Chai Rg;Hell's Kitchen
13.20;6;3;202303;Mar;Tue;Evening;Low;Coffee;Gourmet brewed coffee;Ethiopia Sm;Astoria
20.00;8;6;202303;Mar;Tue;Evening;Low;Coffee;Gourmet brewed coffee;Columbian Medium Roast Rg;Hell's Kitchen
12.00;4;2;202303;Mar;Tue;Evening;Low;Tea;Brewed Chai tea;Traditional Blend Chai Lg;Hell's Kitchen
30.00;12;8;202303;Mar;Tue;Evening;Med;Tea;Brewed Black tea;English Breakfast Rg;Astoria
26.25;7;4;202303;Mar;Tue;Evening;Med;Coffee;Barista Espresso;Latte;Astoria
3.75;1;1;202303;Mar;Tue;Evening;Low;Bakery;Pastry;Chocolate Croissant;Astoria
12.50;5;3;202303;Mar;Tue;Evening;Low;Tea;Brewed herbal tea;Lemon Grass Rg;Hell's Kitchen
36.00;8;8;202303;Mar;Tue;Evening;Med;Bakery;Scone;Scottish Cream Scone ;Hell's Kitchen
27.00;9;5;202303;Mar;Tue;Evening;Med;Coffee;Organic brewed coffee;Brazilian Rg;Astoria
9.75;3;3;202303;Mar;Tue;Evening;Low;Bakery;Scone;Cranberry Scone;Astoria
19.50;6;6;202303;Mar;Tue;Evening;Low;Bakery;Scone;Cranberry Scone;Hell's Kitchen
5.00;2;2;202303;Mar;Tue;Evening;Low;Tea;Brewed herbal tea;Lemon Grass Rg;Astoria
30.00;10;5;202303;Mar;Tue;Evening;Med;Coffee;Gourmet brewed coffee;Ethiopia Rg;Astoria
11.25;3;2;202303;Mar;Tue;Evening;Low;Drinking Chocolate;Hot chocolate;Sustainably Grown Organic Rg;Hell's Kitchen
14.00;4;3;202303;Mar;Tue;Evening;Low;Drinking Chocolate;Hot chocolate;Dark chocolate Rg;Hell's Kitchen
21.00;7;7;202303;Mar;Tue;Evening;Med;Bakery;Scone;Oatmeal Scone;Hell's Kitchen
21.00;6;3;202303;Mar;Tue;Evening;Med;Drinking Chocolate;Hot chocolate;Dark chocolate Rg;Astoria
12.00;4;3;202303;Mar;Tue;Evening;Low;Tea;Brewed Chai tea;Traditional Blend Chai Lg;Astoria
11.25;3;3;202303;Mar;Tue;Evening;Low;Bakery;Scone;Jumbo Savory Scone;Astoria
17.00;4;2;202303;Mar;Tue;Evening;Low;Coffee;Barista Espresso;Latte Rg;Astoria
11.00;5;5;202303;Mar;Tue;Evening;Low;Coffee;Organic brewed coffee;Brazilian Sm;Hell's Kitchen
15.30;6;4;202303;Mar;Tue;Evening;Low;Tea;Brewed Chai tea;Spicy Eye Opener Chai Rg;Hell's Kitchen
36.00;12;8;202303;Mar;Tue;Evening;Med;Coffee;Drip coffee;Our Old Time Diner Blend Lg;Hell's Kitchen
2.50;1;1;202303;Mar;Wed;Night;Low;Tea;Brewed Black tea;English Breakfast Rg;Hell's Kitchen
3.75;1;1;202303;Mar;Wed;Night;Low;Bakery;Pastry;Almond Croissant;Hell's Kitchen
6.00;2;1;202303;Mar;Wed;Night;Low;Tea;Brewed herbal tea;Peppermint Lg;Hell's Kitchen
3.00;1;1;202303;Mar;Wed;Night;Low;Coffee;Organic brewed coffee;Brazilian Rg;Hell's Kitchen
7.50;2;2;202303;Mar;Wed;Night;Low;Drinking Chocolate;Hot chocolate;Sustainably Grown Organic Rg;Hell's Kitchen
4.50;1;1;202303;Mar;Wed;Night;Low;Bakery;Scone;Scottish Cream Scone ;Hell's Kitchen
2.50;1;1;202303;Mar;Wed;Night;Low;Coffee;Drip coffee;Our Old Time Diner Blend Rg;Hell's Kitchen
9.30;3;2;202303;Mar;Wed;Night;Low;Tea;Brewed Chai tea;Spicy Eye Opener Chai Lg;Hell's Kitchen
3.50;1;1;202303;Mar;Wed;Night;Low;Drinking Chocolate;Hot chocolate;Dark chocolate Rg;Hell's Kitchen
7.50;3;2;202303;Mar;Wed;Night;Low;Coffee;Gourmet brewed coffee;Columbian Medium Roast Rg;Hell's Kitchen
4.40;2;1;202303;Mar;Wed;Night;Low;Coffee;Gourmet brewed coffee;Ethiopia Sm;Hell's Kitchen
6.00;2;1;202303;Mar;Wed;Night;Low;Coffee;Barista Espresso;Espresso shot;Hell's Kitchen
1.60;2;1;202303;Mar;Wed;Night;Low;Flavours;Regular syrup;Chocolate syrup;Hell's Kitchen
9.00;3;2;202303;Mar;Wed;Night;Low;Coffee;Drip coffee;Our Old Time Diner Blend Lg;Hell's Kitchen
6.00;3;2;202303;Mar;Wed;Night;Low;Coffee;Gourmet brewed coffee;Columbian Medium Roast Sm;Hell's Kitchen
9.00;2;1;202303;Mar;Wed;Night;Low;Drinking Chocolate;Hot chocolate;Dark chocolate Lg;Hell's Kitchen
14.00;7;5;202303;Mar;Wed;Morning;Low;Coffee;Drip coffee;Our Old Time Diner Blend Sm;Hell's Kitchen
6.40;8;5;202303;Mar;Wed;Morning;Low;Flavours;Regular syrup;Chocolate syrup;Hell's Kitchen
85.00;20;15;202303;Mar;Wed;Morning;very high;Coffee;Barista Espresso;Cappuccino Lg;Astoria
19.75;1;1;202303;Mar;Wed;Morning;Low;Coffee beans;Premium Beans;Jamacian Coffee River;Astoria
71.25;19;12;202303;Mar;Wed;Morning;very high;Coffee;Barista Espresso;Latte;Hell's Kitchen
4.00;5;3;202303;Mar;Wed;Morning;Low;Flavours;Regular syrup;Carmel syrup;Hell's Kitchen
33.00;11;8;202303;Mar;Wed;Morning;Med;Tea;Brewed herbal tea;Lemon Grass Lg;Hell's Kitchen
39.00;12;11;202303;Mar;Wed;Morning;Med;Bakery;Scone;Cranberry Scone;Astoria
13.33;1;1;202303;Mar;Wed;Morning;Low;Packaged Chocolate;Drinking Chocolate;Chili Mayan;Astoria
9.60;12;8;202303;Mar;Wed;Morning;Low;Flavours;Sugar free syrup;Sugar Free Vanilla syrup;Hell's Kitchen
20.00;8;5;202303;Mar;Wed;Morning;Low;Coffee;Gourmet brewed coffee;Columbian Medium Roast Rg;Lower Manhattan
9.60;12;7;202303;Mar;Wed;Morning;Low;Flavours;Regular syrup;Carmel syrup;Lower Manhattan
48.75;13;9;202303;Mar;Wed;Morning;High;Drinking Chocolate;Hot chocolate;Sustainably Grown Organic Rg;Astoria
11.00;5;3;202303;Mar;Wed;Morning;Low;Coffee;Gourmet brewed coffee;Ethiopia Sm;Lower Manhattan
21.00;1;1;202303;Mar;Wed;Morning;Med;Coffee beans;Gourmet Beans;Ethiopia;Hell's Kitchen
36.00;12;9;202303;Mar;Wed;Morning;Med;Coffee;Drip coffee;Our Old Time Diner Blend Lg;Lower Manhattan
32.50;13;9;202303;Mar;Wed;Morning;Med;Tea;Brewed Chai tea;Morning Sunrise Chai Rg;Lower Manhattan
44.00;20;12;202303;Mar;Wed;Morning;High;Coffee;Organic brewed coffee;Brazilian Sm;Hell's Kitchen
19.00;2;2;202303;Mar;Wed;Morning;Low;Loose Tea;Chai tea;Morning Sunrise Chai;Hell's Kitchen
42.00;12;11;202303;Mar;Wed;Morning;High;Bakery;Biscotti;Chocolate Chip Biscotti;Astoria
90.00;5;5;202303;Mar;Wed;Morning;very high;Coffee beans;Organic Beans;Brazilian - Organic;Lower Manhattan
8.80;11;7;202303;Mar;Wed;Morning;Low;Flavours;Regular syrup;Hazelnut syrup;Hell's Kitchen
13.60;17;12;202303;Mar;Wed;Morning;Low;Flavours;Regular syrup;Hazelnut syrup;Lower Manhattan
50.00;20;13;202303;Mar;Wed;Morning;High;Tea;Brewed herbal tea;Lemon Grass Rg;Lower Manhattan
33.00;15;11;202303;Mar;Wed;Morning;Med;Coffee;Organic brewed coffee;Brazilian Sm;Astoria
39.00;13;8;202303;Mar;Wed;Morning;Med;Coffee;Gourmet brewed coffee;Ethiopia Rg;Astoria
18.50;2;2;202303;Mar;Wed;Morning;Low;Loose Tea;Green tea;Serenity Green Tea;Astoria
86.25;23;14;202303;Mar;Wed;Morning;very high;Coffee;Premium brewed coffee;Jamaican Coffee River Lg;Astoria
34.10;11;7;202303;Mar;Wed;Morning;Med;Tea;Brewed Chai tea;Spicy Eye Opener Chai Lg;Astoria
8.95;1;1;202303;Mar;Wed;Morning;Low;Loose Tea;Herbal tea;Peppermint;Lower Manhattan
28.00;8;8;202303;Mar;Wed;Morning;Med;Bakery;Biscotti;Chocolate Chip Biscotti;Hell's Kitchen
54.00;12;8;202303;Mar;Wed;Morning;High;Drinking Chocolate;Hot chocolate;Dark chocolate Lg;Hell's Kitchen
24.50;7;5;202303;Mar;Wed;Morning;Med;Bakery;Biscotti;Ginger Biscotti;Astoria
17.15;7;4;202303;Mar;Wed;Morning;Low;Coffee;Premium brewed coffee;Jamaican Coffee River Sm;Astoria
45.00;15;10;202303;Mar;Wed;Morning;High;Tea;Brewed Chai tea;Traditional Blend Chai Lg;Astoria
22.75;7;6;202303;Mar;Wed;Morning;Med;Bakery;Scone;Ginger Scone;Astoria
46.50;17;13;202303;Mar;Wed;Morning;High;Coffee;Barista Espresso;Ouro Brasileiro shot;Hell's Kitchen
18.00;1;1;202303;Mar;Wed;Morning;Low;Coffee beans;Organic Beans;Brazilian - Organic;Hell's Kitchen
37.50;15;10;202303;Mar;Wed;Morning;Med;Coffee;Gourmet brewed coffee;Columbian Medium Roast Rg;Astoria
55.80;18;13;202303;Mar;Wed;Morning;High;Coffee;Premium brewed coffee;Jamaican Coffee River Rg;Astoria
46.50;15;7;202303;Mar;Wed;Morning;High;Coffee;Premium brewed coffee;Jamaican Coffee River Rg;Lower Manhattan
18.75;5;5;202303;Mar;Wed;Morning;Low;Bakery;Scone;Jumbo Savory Scone;Hell's Kitchen
34.20;12;8;202303;Mar;Wed;Morning;Med;Bakery;Scone;Ginger Scone;Lower Manhattan
14.75;1;1;202303;Mar;Wed;Morning;Low;Coffee beans;Espresso Beans;Espresso Roast;Lower Manhattan
42.00;14;9;202303;Mar;Wed;Morning;High;Coffee;Drip coffee;Our Old Time Diner Blend Lg;Astoria
24.00;12;9;202303;Mar;Wed;Morning;Med;Coffee;Gourmet brewed coffee;Columbian Medium Roast Sm;Astoria
12.00;1;1;202303;Mar;Wed;Morning;Low;Branded;Housewares;I Need My Bean! Diner mug;Astoria
61.35;3;3;202303;Mar;Wed;Morning;very high;Coffee beans;Espresso Beans;Primo Espresso Roast;Hell's Kitchen
12.80;16;6;202303;Mar;Wed;Morning;Low;Flavours;Sugar free syrup;Sugar Free Vanilla syrup;Lower Manhattan
32.50;13;9;202303;Mar;Wed;Morning;Med;Tea;Brewed herbal tea;Peppermint Rg;Lower Manhattan
32.50;10;10;202303;Mar;Wed;Morning;Med;Bakery;Scone;Cranberry Scone;Hell's Kitchen
21.00;7;7;202303;Mar;Wed;Morning;Med;Bakery;Scone;Oatmeal Scone;Hell's Kitchen
15.00;4;4;202303;Mar;Wed;Morning;Low;Bakery;Pastry;Almond Croissant;Lower Manhattan
28.00;2;2;202303;Mar;Wed;Morning;Med;Branded;Housewares;I Need My Bean! Latte cup;Lower Manhattan
20.00;8;7;202303;Mar;Wed;Morning;Low;Tea;Brewed Green tea;Serenity Green Tea Rg;Astoria
57.50;23;15;202303;Mar;Wed;Morning;High;Tea;Brewed herbal tea;Peppermint Rg;Astoria
9.50;1;1;202303;Mar;Wed;Morning;Low;Loose Tea;Chai tea;Morning Sunrise Chai;Lower Manhattan
8.95;1;1;202303;Mar;Wed;Morning;Low;Loose Tea;Chai tea;Traditional Blend Chai;Hell's Kitchen
48.75;13;12;202303;Mar;Wed;Morning;High;Bakery;Pastry;Almond Croissant;Astoria
59.50;14;9;202303;Mar;Wed;Morning;High;Coffee;Barista Espresso;Latte Rg;Astoria
37.50;10;9;202303;Mar;Wed;Morning;Med;Bakery;Pastry;Chocolate Croissant;Astoria
3.10;1;1;202303;Mar;Wed;Night;Low;Coffee;Premium brewed coffee;Jamaican Coffee River Rg;Astoria
15.00;5;4;202303;Mar;Wed;Afternoon;Low;Tea;Brewed herbal tea;Peppermint Lg;Astoria
21.00;6;4;202303;Mar;Wed;Afternoon;Med;Bakery;Biscotti;Ginger Biscotti;Astoria
15.00;5;3;202303;Mar;Wed;Afternoon;Low;Tea;Brewed Green tea;Serenity Green Tea Lg;Lower Manhattan
24.00;8;6;202303;Mar;Wed;Afternoon;Med;Coffee;Barista Espresso;Espresso shot;Lower Manhattan
0.80;1;1;202303;Mar;Wed;Afternoon;Low;Flavours;Sugar free syrup;Sugar Free Vanilla syrup;Lower Manhattan
3.00;1;1;202303;Mar;Wed;Afternoon;Low;Bakery;Scone;Oatmeal Scone;Hell's Kitchen
14.00;4;3;202303;Mar;Wed;Afternoon;Low;Bakery;Biscotti;Chocolate Chip Biscotti;Astoria
21.00;7;4;202303;Mar;Wed;Afternoon;Med;Coffee;Organic brewed coffee;Brazilian Rg;Lower Manhattan
18.00;4;3;202303;Mar;Wed;Afternoon;Low;Drinking Chocolate;Hot chocolate;Dark chocolate Lg;Lower Manhattan
12.75;3;2;202303;Mar;Wed;Afternoon;Low;Coffee;Barista Espresso;Cappuccino Lg;Hell's Kitchen
15.00;1;1;202303;Mar;Wed;Afternoon;Low;Coffee beans;Gourmet Beans;Columbian Medium Roast;Lower Manhattan
45.00;1;1;202303;Mar;Wed;Afternoon;High;Coffee beans;Premium Beans;Civet Cat;Astoria
9.50;1;1;202303;Mar;Wed;Afternoon;Low;Loose Tea;Chai tea;Morning Sunrise Chai;Astoria
5.60;7;3;202303;Mar;Wed;Afternoon;Low;Flavours;Regular syrup;Hazelnut syrup;Lower Manhattan
1.60;2;2;202303;Mar;Wed;Afternoon;Low;Flavours;Regular syrup;Carmel syrup;Lower Manhattan
21.00;7;4;202303;Mar;Wed;Afternoon;Med;Coffee;Barista Espresso;Espresso shot;Hell's Kitchen
2.40;3;2;202303;Mar;Wed;Afternoon;Low;Flavours;Sugar free syrup;Sugar Free Vanilla syrup;Hell's Kitchen
1.60;2;2;202303;Mar;Wed;Afternoon;Low;Flavours;Regular syrup;Carmel syrup;Hell's Kitchen
7.00;2;2;202303;Mar;Wed;Afternoon;Low;Bakery;Biscotti;Chocolate Chip Biscotti;Hell's Kitchen
28.00;8;5;202303;Mar;Wed;Afternoon;Med;Coffee;Gourmet brewed coffee;Ethiopia Lg;Astoria
30.00;12;7;202303;Mar;Wed;Afternoon;Med;Tea;Brewed Black tea;English Breakfast Rg;Lower Manhattan
7.50;3;2;202303;Mar;Wed;Afternoon;Low;Tea;Brewed Green tea;Serenity Green Tea Rg;Hell's Kitchen
13.00;4;4;202303;Mar;Wed;Afternoon;Low;Bakery;Scone;Cranberry Scone;Hell's Kitchen
37.50;15;9;202303;Mar;Wed;Afternoon;Med;Tea;Brewed Chai tea;Traditional Blend Chai Rg;Lower Manhattan
10.50;3;2;202303;Mar;Wed;Afternoon;Low;Drinking Chocolate;Hot chocolate;Dark chocolate Rg;Lower Manhattan
0.80;1;1;202303;Mar;Wed;Afternoon;Low;Flavours;Regular syrup;Chocolate syrup;Hell's Kitchen
15.00;6;4;202303;Mar;Wed;Afternoon;Low;Tea;Brewed Black tea;Earl Grey Rg;Lower Manhattan
7.60;1;1;202303;Mar;Wed;Afternoon;Low;Packaged Chocolate;Organic Chocolate;Sustainably Grown Organic;Hell's Kitchen
15.00;4;2;202303;Mar;Wed;Night;Low;Coffee;Barista Espresso;Cappuccino;Lower Manhattan
1.60;2;2;202303;Mar;Wed;Night;Low;Flavours;Regular syrup;Hazelnut syrup;Lower Manhattan
17.50;5;5;202303;Mar;Wed;Evening;Low;Bakery;Biscotti;Ginger Biscotti;Hell's Kitchen
1.60;2;1;202303;Mar;Wed;Evening;Low;Flavours;Regular syrup;Carmel syrup;Hell's Kitchen
18.00;4;4;202303;Mar;Wed;Evening;Low;Bakery;Scone;Scottish Cream Scone ;Hell's Kitchen
3.00;1;1;202303;Mar;Wed;Evening;Low;Coffee;Gourmet brewed coffee;Ethiopia Rg;Hell's Kitchen
55.25;13;9;202303;Mar;Wed;Evening;High;Coffee;Barista Espresso;Cappuccino Lg;Astoria
8.95;1;1;202303;Mar;Wed;Evening;Low;Loose Tea;Black tea;English Breakfast;Astoria
13.20;6;4;202303;Mar;Wed;Evening;Low;Coffee;Organic brewed coffee;Brazilian Sm;Hell's Kitchen
5.60;7;3;202303;Mar;Wed;Evening;Low;Flavours;Sugar free syrup;Sugar Free Vanilla syrup;Lower Manhattan
20.00;8;5;202303;Mar;Wed;Evening;Low;Tea;Brewed Chai tea;Traditional Blend Chai Rg;Hell's Kitchen
9.00;3;2;202303;Mar;Wed;Evening;Low;Tea;Brewed Chai tea;Traditional Blend Chai Lg;Lower Manhattan
3.25;1;1;202303;Mar;Wed;Evening;Low;Bakery;Biscotti;Hazelnut Biscotti;Lower Manhattan
15.40;7;5;202303;Mar;Wed;Evening;Low;Coffee;Organic brewed coffee;Brazilian Sm;Astoria
22.50;5;5;202303;Mar;Wed;Evening;Med;Drinking Chocolate;Hot chocolate;Dark chocolate Lg;Lower Manhattan
12.50;5;3;202303;Mar;Wed;Evening;Low;Tea;Brewed herbal tea;Peppermint Rg;Hell's Kitchen
26.25;7;6;202303;Mar;Wed;Evening;Med;Coffee;Barista Espresso;Cappuccino;Lower Manhattan
6.60;3;3;202303;Mar;Wed;Evening;Low;Coffee;Organic brewed coffee;Brazilian Sm;Lower Manhattan
8.95;1;1;202303;Mar;Wed;Evening;Low;Loose Tea;Black tea;English Breakfast;Hell's Kitchen
22.50;1;1;202303;Mar;Wed;Evening;Med;Coffee beans;Organic Beans;Organic Decaf Blend;Hell's Kitchen
37.50;15;9;202303;Mar;Wed;Evening;Med;Tea;Brewed Black tea;English Breakfast Rg;Lower Manhattan
18.75;5;4;202303;Mar;Wed;Evening;Low;Drinking Chocolate;Hot chocolate;Sustainably Grown Organic Rg;Lower Manhattan
9.00;3;3;202303;Mar;Wed;Evening;Low;Tea;Brewed Black tea;Earl Grey Lg;Hell's Kitchen
10.00;1;1;202303;Mar;Wed;Evening;Low;Coffee beans;Green beans;Guatemalan Sustainably Grown;Hell's Kitchen
21.55;7;6;202303;Mar;Wed;Evening;Med;Bakery;Scone;Ginger Scone;Lower Manhattan
12.75;3;2;202303;Mar;Wed;Evening;Low;Coffee;Barista Espresso;Cappuccino Lg;Lower Manhattan
6.00;2;2;202303;Mar;Wed;Evening;Low;Coffee;Gourmet brewed coffee;Columbian Medium Roast Lg;Astoria
19.75;1;1;202303;Mar;Wed;Evening;Low;Coffee beans;Premium Beans;Jamacian Coffee River;Astoria
16.00;4;2;202303;Mar;Wed;Evening;Low;Tea;Brewed Chai tea;Morning Sunrise Chai Lg;Lower Manhattan
7.60;1;1;202303;Mar;Wed;Evening;Low;Packaged Chocolate;Organic Chocolate;Sustainably Grown Organic;Lower Manhattan
12.00;4;3;202303;Mar;Wed;Evening;Low;Tea;Brewed Green tea;Serenity Green Tea Lg;Lower Manhattan
21.00;1;1;202303;Mar;Wed;Evening;Med;Coffee beans;Gourmet Beans;Ethiopia;Lower Manhattan
4.80;6;2;202303;Mar;Wed;Evening;Low;Flavours;Regular syrup;Hazelnut syrup;Lower Manhattan
10.00;1;1;202303;Mar;Wed;Evening;Low;Coffee beans;Green beans;Guatemalan Sustainably Grown;Astoria
28.00;2;2;202303;Mar;Wed;Evening;Med;Branded;Housewares;I Need My Bean! Latte cup;Astoria
17.90;2;2;202303;Mar;Wed;Evening;Low;Loose Tea;Herbal tea;Peppermint;Astoria
15.00;5;2;202303;Mar;Wed;Evening;Low;Tea;Brewed Black tea;Earl Grey Lg;Lower Manhattan
22.50;9;5;202303;Mar;Wed;Evening;Med;Tea;Brewed Black tea;Earl Grey Rg;Lower Manhattan
6.60;3;2;202303;Mar;Thu;Night;Low;Coffee;Gourmet brewed coffee;Ethiopia Sm;Hell's Kitchen
7.50;3;2;202303;Mar;Thu;Night;Low;Tea;Brewed Black tea;Earl Grey Rg;Hell's Kitchen
15.00;5;3;202303;Mar;Thu;Night;Low;Tea;Brewed Green tea;Serenity Green Tea Lg;Hell's Kitchen
2.45;1;1;202303;Mar;Thu;Night;Low;Coffee;Premium brewed coffee;Jamaican Coffee River Sm;Hell's Kitchen
10.50;3;3;202303;Mar;Thu;Night;Low;Bakery;Biscotti;Chocolate Chip Biscotti;Hell's Kitchen
9.30;3;2;202303;Mar;Thu;Night;Low;Coffee;Premium brewed coffee;Jamaican Coffee River Rg;Hell's Kitchen
9.00;2;2;202303;Mar;Thu;Night;Low;Bakery;Scone;Scottish Cream Scone ;Hell's Kitchen
5.00;2;2;202303;Mar;Thu;Night;Low;Coffee;Drip coffee;Our Old Time Diner Blend Rg;Hell's Kitchen
3.50;1;1;202303;Mar;Thu;Night;Low;Bakery;Pastry;Croissant;Hell's Kitchen
8.00;4;3;202303;Mar;Thu;Night;Low;Coffee;Gourmet brewed coffee;Columbian Medium Roast Sm;Hell's Kitchen
5.00;2;1;202303;Mar;Thu;Night;Low;Coffee;Gourmet brewed coffee;Columbian Medium Roast Rg;Hell's Kitchen
17.00;4;3;202303;Mar;Thu;Night;Low;Coffee;Barista Espresso;Latte Rg;Hell's Kitchen
18.00;1;1;202303;Mar;Thu;Night;Low;Coffee beans;Organic Beans;Brazilian - Organic;Hell's Kitchen
3.50;1;1;202303;Mar;Thu;Night;Low;Bakery;Biscotti;Ginger Biscotti;Hell's Kitchen
15.00;5;3;202303;Mar;Thu;Night;Low;Tea;Brewed Black tea;Earl Grey Lg;Hell's Kitchen
90.00;24;18;202303;Mar;Thu;Morning;very high;Coffee;Premium brewed coffee;Jamaican Coffee River Lg;Astoria
8.80;11;8;202303;Mar;Thu;Morning;Low;Flavours;Sugar free syrup;Sugar Free Vanilla syrup;Hell's Kitchen
13.60;17;11;202303;Mar;Thu;Morning;Low;Flavours;Regular syrup;Carmel syrup;Hell's Kitchen
45.00;18;12;202303;Mar;Thu;Morning;High;Tea;Brewed Chai tea;Traditional Blend Chai Rg;Hell's Kitchen
72.00;24;13;202303;Mar;Thu;Morning;very high;Tea;Brewed Green tea;Serenity Green Tea Lg;Astoria
67.50;15;11;202303;Mar;Thu;Morning;very high;Drinking Chocolate;Hot chocolate;Dark chocolate Lg;Astoria
16.00;20;13;202303;Mar;Thu;Morning;Low;Flavours;Regular syrup;Hazelnut syrup;Hell's Kitchen
80.00;20;14;202303;Mar;Thu;Morning;very high;Tea;Brewed Chai tea;Morning Sunrise Chai Lg;Astoria
56.25;15;11;202303;Mar;Thu;Morning;High;Coffee;Barista Espresso;Latte;Astoria
76.50;18;12;202303;Mar;Thu;Morning;very high;Coffee;Barista Espresso;Latte Rg;Lower Manhattan
43.40;14;9;202303;Mar;Thu;Morning;High;Coffee;Premium brewed coffee;Jamaican Coffee River Rg;Astoria
54.00;18;12;202303;Mar;Thu;Morning;High;Coffee;Drip coffee;Our Old Time Diner Blend Lg;Astoria
16.25;5;5;202303;Mar;Thu;Morning;Low;Bakery;Scone;Ginger Scone;Astoria
75.00;20;13;202303;Mar;Thu;Morning;very high;Drinking Chocolate;Hot chocolate;Sustainably Grown Organic Rg;Astoria
7.60;1;1;202303;Mar;Thu;Morning;Low;Packaged Chocolate;Organic Chocolate;Sustainably Grown Organic;Astoria
15.20;19;10;202303;Mar;Thu;Morning;Low;Flavours;Sugar free syrup;Sugar Free Vanilla syrup;Lower Manhattan
47.50;19;13;202303;Mar;Thu;Morning;High;Tea;Brewed Black tea;Earl Grey Rg;Astoria
18.00;1;1;202303;Mar;Thu;Morning;Low;Coffee beans;Organic Beans;Brazilian - Organic;Astoria
71.25;19;11;202303;Mar;Thu;Morning;very high;Coffee;Barista Espresso;Latte;Lower Manhattan
57.00;19;11;202303;Mar;Thu;Morning;High;Tea;Brewed Chai tea;Traditional Blend Chai Lg;Hell's Kitchen
47.26;10;10;202303;Mar;Thu;Morning;High;Bakery;Scone;Scottish Cream Scone ;Lower Manhattan
35.80;4;4;202303;Mar;Thu;Morning;Med;Loose Tea;Black tea;English Breakfast;Lower Manhattan
34.93;10;10;202303;Mar;Thu;Morning;Med;Bakery;Biscotti;Hazelnut Biscotti;Lower Manhattan
21.00;1;1;202303;Mar;Thu;Morning;Med;Coffee beans;Gourmet Beans;Ethiopia;Astoria
24.50;10;7;202303;Mar;Thu;Morning;Med;Coffee;Premium brewed coffee;Jamaican Coffee River Sm;Astoria
24.50;7;7;202303;Mar;Thu;Morning;Med;Bakery;Biscotti;Ginger Biscotti;Astoria
42.00;12;9;202303;Mar;Thu;Morning;High;Coffee;Organic brewed coffee;Brazilian Lg;Hell's Kitchen
17.50;5;4;202303;Mar;Thu;Morning;Low;Bakery;Biscotti;Chocolate Chip Biscotti;Astoria
39.00;13;9;202303;Mar;Thu;Morning;Med;Tea;Brewed Black tea;English Breakfast Lg;Lower Manhattan
42.00;14;9;202303;Mar;Thu;Morning;High;Tea;Brewed Black tea;Earl Grey Lg;Hell's Kitchen
24.50;7;7;202303;Mar;Thu;Morning;Med;Bakery;Pastry;Croissant;Astoria
36.00;2;2;202303;Mar;Thu;Morning;Med;Coffee beans;House blend Beans;Our Old Time Diner Blend;Hell's Kitchen
35.00;14;9;202303;Mar;Thu;Morning;Med;Tea;Brewed herbal tea;Peppermint Rg;Astoria
70.00;20;14;202303;Mar;Thu;Morning;very high;Coffee;Gourmet brewed coffee;Ethiopia Lg;Astoria
42.50;17;11;202303;Mar;Thu;Morning;High;Tea;Brewed Black tea;Earl Grey Rg;Lower Manhattan
12.80;2;2;202303;Mar;Thu;Morning;Low;Packaged Chocolate;Drinking Chocolate;Dark chocolate;Hell's Kitchen
33.00;15;11;202303;Mar;Thu;Morning;Med;Coffee;Organic brewed coffee;Brazilian Sm;Astoria
63.75;17;11;202303;Mar;Thu;Morning;very high;Coffee;Premium brewed coffee;Jamaican Coffee River Lg;Hell's Kitchen
72.00;6;1;202303;Mar;Thu;Morning;very high;Branded;Housewares;I Need My Bean! Diner mug;Lower Manhattan
8.95;1;1;202303;Mar;Thu;Morning;Low;Loose Tea;Herbal tea;Peppermint;Astoria
42.00;14;8;202303;Mar;Thu;Morning;High;Tea;Brewed Black tea;Earl Grey Lg;Lower Manhattan
36.00;12;7;202303;Mar;Thu;Morning;Med;Tea;Brewed Black tea;Earl Grey Lg;Astoria
20.45;1;1;202303;Mar;Thu;Morning;very high;Coffee beans;Espresso Beans;Primo Espresso Roast;Lower Manhattan
30.00;8;8;202303;Mar;Thu;Morning;Med;Bakery;Pastry;Almond Croissant;Hell's Kitchen
57.00;19;11;202303;Mar;Thu;Morning;High;Tea;Brewed herbal tea;Peppermint Lg;Lower Manhattan
49.60;16;13;202303;Mar;Thu;Morning;High;Tea;Brewed Chai tea;Spicy Eye Opener Chai Lg;Astoria
17.90;2;2;202303;Mar;Thu;Morning;Low;Loose Tea;Chai tea;Traditional Blend Chai;Hell's Kitchen
33.75;9;5;202303;Mar;Thu;Morning;Med;Coffee;Barista Espresso;Cappuccino;Lower Manhattan
4.80;6;4;202303;Mar;Thu;Morning;Low;Flavours;Regular syrup;Carmel syrup;Lower Manhattan
4.80;6;4;202303;Mar;Thu;Morning;Low;Flavours;Regular syrup;Hazelnut syrup;Lower Manhattan
39.50;2;2;202303;Mar;Thu;Morning;Med;Coffee beans;Premium Beans;Jamacian Coffee River;Lower Manhattan
60.00;20;10;202303;Mar;Thu;Morning;High;Coffee;Gourmet brewed coffee;Ethiopia Rg;Lower Manhattan
32.50;13;9;202303;Mar;Thu;Morning;Med;Tea;Brewed Black tea;English Breakfast Rg;Astoria
27.50;11;9;202303;Mar;Thu;Morning;Med;Coffee;Drip coffee;Our Old Time Diner Blend Rg;Astoria
28.13;7;7;202303;Mar;Thu;Morning;Med;Bakery;Scone;Jumbo Savory Scone;Lower Manhattan
8.95;1;1;202303;Mar;Thu;Morning;Low;Loose Tea;Herbal tea;Peppermint;Lower Manhattan
37.50;15;8;202303;Mar;Thu;Morning;Med;Tea;Brewed Chai tea;Traditional Blend Chai Rg;Lower Manhattan
8.95;1;1;202303;Mar;Thu;Morning;Low;Loose Tea;Black tea;Earl Grey;Lower Manhattan
42.00;3;2;202303;Mar;Thu;Morning;High;Branded;Housewares;I Need My Bean! Latte cup;Lower Manhattan
52.50;21;12;202303;Mar;Thu;Morning;High;Tea;Brewed Green tea;Serenity Green Tea Rg;Lower Manhattan
10.00;1;1;202303;Mar;Thu;Morning;Low;Coffee beans;Green beans;Guatemalan Sustainably Grown;Lower Manhattan
39.00;13;9;202303;Mar;Thu;Morning;Med;Tea;Brewed Black tea;English Breakfast Lg;Astoria
52.50;15;10;202303;Mar;Thu;Morning;High;Drinking Chocolate;Hot chocolate;Dark chocolate Rg;Astoria
22.50;1;1;202303;Mar;Thu;Morning;Med;Coffee beans;Organic Beans;Organic Decaf Blend;Hell's Kitchen
22.50;5;4;202303;Mar;Thu;Morning;Med;Bakery;Scone;Scottish Cream Scone ;Astoria
13.33;1;1;202303;Mar;Thu;Morning;Low;Packaged Chocolate;Drinking Chocolate;Chili Mayan;Lower Manhattan
44.76;15;12;202303;Mar;Thu;Morning;High;Bakery;Scone;Ginger Scone;Lower Manhattan
15.20;2;2;202303;Mar;Thu;Morning;Low;Packaged Chocolate;Organic Chocolate;Sustainably Grown Organic;Hell's Kitchen
3.00;1;1;202303;Mar;Thu;Night;Low;Tea;Brewed herbal tea;Peppermint Lg;Hell's Kitchen
6.00;2;2;202303;Mar;Thu;Night;Low;Bakery;Scone;Oatmeal Scone;Hell's Kitchen
38.00;8;5;202303;Mar;Thu;Afternoon;Med;Drinking Chocolate;Hot chocolate;Sustainably Grown Organic Lg;Lower Manhattan
17.50;7;5;202303;Mar;Thu;Afternoon;Low;Coffee;Gourmet brewed coffee;Columbian Medium Roast Rg;Lower Manhattan
18.00;6;5;202303;Mar;Thu;Afternoon;Low;Tea;Brewed Chai tea;Traditional Blend Chai Lg;Hell's Kitchen
7.00;2;2;202303;Mar;Thu;Afternoon;Low;Bakery;Biscotti;Ginger Biscotti;Hell's Kitchen
18.00;6;4;202303;Mar;Thu;Afternoon;Low;Tea;Brewed Black tea;Earl Grey Lg;Hell's Kitchen
19.75;1;1;202303;Mar;Thu;Afternoon;Low;Coffee beans;Premium Beans;Jamacian Coffee River;Astoria
9.00;3;2;202303;Mar;Thu;Afternoon;Low;Tea;Brewed Green tea;Serenity Green Tea Lg;Hell's Kitchen
13.33;1;1;202303;Mar;Thu;Afternoon;Low;Packaged Chocolate;Drinking Chocolate;Chili Mayan;Astoria
21.00;1;1;202303;Mar;Thu;Afternoon;Med;Coffee beans;Gourmet Beans;Ethiopia;Lower Manhattan
22.50;5;3;202303;Mar;Thu;Afternoon;Med;Drinking Chocolate;Hot chocolate;Dark chocolate Lg;Hell's Kitchen
10.00;4;3;202303;Mar;Thu;Afternoon;Low;Coffee;Gourmet brewed coffee;Columbian Medium Roast Rg;Hell's Kitchen
3.20;4;4;202303;Mar;Thu;Afternoon;Low;Flavours;Regular syrup;Hazelnut syrup;Hell's Kitchen
12.40;4;3;202303;Mar;Thu;Afternoon;Low;Coffee;Premium brewed coffee;Jamaican Coffee River Rg;Lower Manhattan
2.20;1;1;202303;Mar;Thu;Afternoon;Low;Coffee;Gourmet brewed coffee;Ethiopia Sm;Hell's Kitchen
20.00;5;4;202303;Mar;Thu;Afternoon;Low;Tea;Brewed Chai tea;Morning Sunrise Chai Lg;Hell's Kitchen
1.60;2;1;202303;Mar;Thu;Afternoon;Low;Flavours;Sugar free syrup;Sugar Free Vanilla syrup;Hell's Kitchen
2.00;1;1;202303;Mar;Thu;Afternoon;Low;Coffee;Drip coffee;Our Old Time Diner Blend Sm;Lower Manhattan
18.00;1;1;202303;Mar;Thu;Afternoon;Low;Coffee beans;House blend Beans;Our Old Time Diner Blend;Astoria
9.00;3;3;202303;Mar;Thu;Afternoon;Low;Bakery;Scone;Oatmeal Scone;Lower Manhattan
7.60;1;1;202303;Mar;Thu;Afternoon;Low;Packaged Chocolate;Organic Chocolate;Sustainably Grown Organic;Lower Manhattan
27.50;11;5;202303;Mar;Thu;Afternoon;Med;Tea;Brewed Black tea;English Breakfast Rg;Lower Manhattan
12.50;5;3;202303;Mar;Thu;Evening;Low;Tea;Brewed Chai tea;Morning Sunrise Chai Rg;Lower Manhattan
10.20;4;3;202303;Mar;Thu;Evening;Low;Tea;Brewed Chai tea;Spicy Eye Opener Chai Rg;Hell's Kitchen
44.25;3;3;202303;Mar;Thu;Evening;High;Coffee beans;Espresso Beans;Espresso Roast;Hell's Kitchen
15.00;1;1;202303;Mar;Thu;Evening;Low;Coffee beans;Gourmet Beans;Columbian Medium Roast;Astoria
15.00;6;4;202303;Mar;Thu;Evening;Low;Coffee;Drip coffee;Our Old Time Diner Blend Rg;Hell's Kitchen
6.00;2;2;202303;Mar;Thu;Evening;Low;Tea;Brewed Chai tea;Traditional Blend Chai Lg;Lower Manhattan
15.00;4;3;202303;Mar;Thu;Evening;Low;Coffee;Barista Espresso;Latte;Lower Manhattan
4.40;2;1;202303;Mar;Thu;Evening;Low;Coffee;Gourmet brewed coffee;Ethiopia Sm;Lower Manhattan
7.60;1;1;202303;Mar;Thu;Evening;Low;Packaged Chocolate;Organic Chocolate;Sustainably Grown Organic;Astoria
14.00;4;2;202303;Mar;Thu;Evening;Low;Drinking Chocolate;Hot chocolate;Dark chocolate Rg;Hell's Kitchen
15.94;4;4;202303;Mar;Thu;Evening;Low;Bakery;Pastry;Chocolate Croissant;Lower Manhattan
4.80;6;4;202303;Mar;Thu;Evening;Low;Flavours;Regular syrup;Hazelnut syrup;Hell's Kitchen
3.50;1;1;202303;Mar;Thu;Evening;Low;Bakery;Biscotti;Ginger Biscotti;Hell's Kitchen
22.50;9;4;202303;Mar;Thu;Evening;Med;Tea;Brewed Green tea;Serenity Green Tea Rg;Lower Manhattan
15.50;5;3;202303;Mar;Thu;Evening;Low;Coffee;Premium brewed coffee;Jamaican Coffee River Rg;Hell's Kitchen
11.37;3;3;202303;Mar;Thu;Evening;Low;Bakery;Biscotti;Hazelnut Biscotti;Lower Manhattan
14.00;1;1;202303;Mar;Thu;Evening;Low;Branded;Housewares;I Need My Bean! Latte cup;Lower Manhattan
6.50;2;2;202303;Mar;Thu;Evening;Low;Bakery;Biscotti;Hazelnut Biscotti;Astoria
10.95;1;1;202303;Mar;Thu;Evening;Low;Loose Tea;Chai tea;Spicy Eye Opener Chai;Astoria
4.00;5;3;202303;Mar;Thu;Evening;Low;Flavours;Regular syrup;Carmel syrup;Hell's Kitchen
36.00;3;3;202303;Mar;Thu;Evening;Med;Branded;Housewares;I Need My Bean! Diner mug;Lower Manhattan
9.50;1;1;202303;Mar;Thu;Evening;Low;Loose Tea;Chai tea;Morning Sunrise Chai;Astoria
9.50;1;1;202303;Mar;Thu;Evening;Low;Loose Tea;Chai tea;Morning Sunrise Chai;Lower Manhattan
15.00;5;4;202303;Mar;Thu;Evening;Low;Coffee;Gourmet brewed coffee;Columbian Medium Roast Lg;Lower Manhattan
17.50;7;4;202303;Mar;Thu;Evening;Low;Tea;Brewed herbal tea;Lemon Grass Rg;Lower Manhattan
7.00;2;1;202303;Mar;Thu;Evening;Low;Drinking Chocolate;Hot chocolate;Dark chocolate Rg;Lower Manhattan
15.00;5;2;202303;Mar;Thu;Evening;Low;Tea;Brewed Black tea;English Breakfast Lg;Lower Manhattan
15.00;5;3;202303;Mar;Thu;Evening;Low;Coffee;Drip coffee;Our Old Time Diner Blend Lg;Lower Manhattan
5.00;2;1;202303;Mar;Fri;Night;Low;Coffee;Drip coffee;Our Old Time Diner Blend Rg;Lower Manhattan
7.50;3;2;202303;Mar;Fri;Night;Low;Tea;Brewed Chai tea;Morning Sunrise Chai Rg;Lower Manhattan
10.00;4;2;202303;Mar;Fri;Night;Low;Tea;Brewed Black tea;English Breakfast Rg;Lower Manhattan
45.00;10;6;202303;Mar;Fri;Night;High;Drinking Chocolate;Hot chocolate;Dark chocolate Lg;Lower Manhattan
9.00;3;2;202303;Mar;Fri;Night;Low;Tea;Brewed Chai tea;Traditional Blend Chai Lg;Lower Manhattan
11.25;3;3;202303;Mar;Fri;Night;Low;Bakery;Scone;Jumbo Savory Scone;Lower Manhattan
3.00;1;1;202303;Mar;Fri;Night;Low;Tea;Brewed Black tea;Earl Grey Lg;Lower Manhattan
7.50;3;2;202303;Mar;Fri;Night;Low;Tea;Brewed Chai tea;Traditional Blend Chai Rg;Lower Manhattan
10.00;4;2;202303;Mar;Fri;Night;Low;Tea;Brewed Black tea;Earl Grey Rg;Hell's Kitchen
7.65;3;2;202303;Mar;Fri;Night;Low;Tea;Brewed Chai tea;Spicy Eye Opener Chai Rg;Lower Manhattan
21.00;7;3;202303;Mar;Fri;Night;Med;Coffee;Drip coffee;Our Old Time Diner Blend Lg;Lower Manhattan
6.20;2;1;202303;Mar;Fri;Night;Low;Tea;Brewed Chai tea;Spicy Eye Opener Chai Lg;Hell's Kitchen
20.00;8;4;202303;Mar;Fri;Night;Low;Coffee;Gourmet brewed coffee;Columbian Medium Roast Rg;Lower Manhattan
9.00;3;2;202303;Mar;Fri;Night;Low;Tea;Brewed herbal tea;Lemon Grass Lg;Hell's Kitchen
8.10;3;2;202303;Mar;Fri;Night;Low;Coffee;Barista Espresso;Ouro Brasileiro shot;Hell's Kitchen
3.75;1;1;202303;Mar;Fri;Night;Low;Coffee;Barista Espresso;Latte;Lower Manhattan
3.20;4;2;202303;Mar;Fri;Night;Low;Flavours;Sugar free syrup;Sugar Free Vanilla syrup;Lower Manhattan
9.30;3;3;202303;Mar;Fri;Night;Low;Tea;Brewed Chai tea;Spicy Eye Opener Chai Lg;Lower Manhattan
4.40;2;2;202303;Mar;Fri;Night;Low;Coffee;Gourmet brewed coffee;Ethiopia Sm;Lower Manhattan
3.00;1;1;202303;Mar;Fri;Night;Low;Tea;Brewed herbal tea;Lemon Grass Lg;Lower Manhattan
4.00;2;2;202303;Mar;Fri;Night;Low;Coffee;Gourmet brewed coffee;Columbian Medium Roast Sm;Hell's Kitchen
15.00;6;4;202303;Mar;Fri;Night;Low;Tea;Brewed Black tea;Earl Grey Rg;Lower Manhattan
15.00;5;3;202303;Mar;Fri;Night;Low;Tea;Brewed herbal tea;Peppermint Lg;Lower Manhattan
12.00;4;2;202303;Mar;Fri;Night;Low;Coffee;Organic brewed coffee;Brazilian Rg;Hell's Kitchen
7.50;3;3;202303;Mar;Fri;Night;Low;Tea;Brewed Chai tea;Morning Sunrise Chai Rg;Hell's Kitchen
3.75;1;1;202303;Mar;Fri;Night;Low;Bakery;Scone;Jumbo Savory Scone;Hell's Kitchen
11.00;5;2;202303;Mar;Fri;Night;Low;Coffee;Organic brewed coffee;Brazilian Sm;Lower Manhattan
10.00;5;2;202303;Mar;Fri;Night;Low;Coffee;Drip coffee;Our Old Time Diner Blend Sm;Lower Manhattan
18.00;1;1;202303;Mar;Fri;Night;Low;Coffee beans;Organic Beans;Brazilian - Organic;Lower Manhattan
17.60;22;14;202303;Mar;Fri;Morning;Low;Flavours;Regular syrup;Hazelnut syrup;Lower Manhattan
7.20;9;7;202303;Mar;Fri;Morning;Low;Flavours;Sugar free syrup;Sugar Free Vanilla syrup;Lower Manhattan
28.00;8;8;202303;Mar;Fri;Morning;Med;Bakery;Biscotti;Chocolate Chip Biscotti;Hell's Kitchen
27.00;9;6;202303;Mar;Fri;Morning;Med;Tea;Brewed Chai tea;Traditional Blend Chai Lg;Hell's Kitchen
44.25;3;3;202303;Mar;Fri;Morning;High;Coffee beans;Espresso Beans;Espresso Roast;Hell's Kitchen
15.00;1;1;202303;Mar;Fri;Morning;Low;Coffee beans;Gourmet Beans;Columbian Medium Roast;Hell's Kitchen
10.40;13;8;202303;Mar;Fri;Morning;Low;Flavours;Regular syrup;Hazelnut syrup;Astoria
37.50;10;10;202303;Mar;Fri;Morning;Med;Bakery;Pastry;Chocolate Croissant;Astoria
30.00;2;2;202303;Mar;Fri;Morning;Med;Coffee beans;Gourmet Beans;Columbian Medium Roast;Astoria
45.00;12;12;202303;Mar;Fri;Morning;High;Bakery;Pastry;Chocolate Croissant;Hell's Kitchen
9.60;12;10;202303;Mar;Fri;Morning;Low;Flavours;Regular syrup;Carmel syrup;Lower Manhattan
50.00;20;14;202303;Mar;Fri;Morning;High;Coffee;Drip coffee;Our Old Time Diner Blend Rg;Astoria
30.00;8;8;202303;Mar;Fri;Morning;Med;Bakery;Pastry;Almond Croissant;Astoria
30.00;12;7;202303;Mar;Fri;Morning;Med;Tea;Brewed herbal tea;Peppermint Rg;Lower Manhattan
19.50;6;6;202303;Mar;Fri;Morning;Low;Bakery;Scone;Cranberry Scone;Hell's Kitchen
42.00;14;10;202303;Mar;Fri;Morning;High;Coffee;Barista Espresso;Espresso shot;Astoria
16.00;20;15;202303;Mar;Fri;Morning;Low;Flavours;Regular syrup;Carmel syrup;Astoria
16.80;21;14;202303;Mar;Fri;Morning;Low;Flavours;Regular syrup;Chocolate syrup;Lower Manhattan
37.50;15;11;202303;Mar;Fri;Morning;Med;Tea;Brewed Black tea;English Breakfast Rg;Astoria
48.00;16;13;202303;Mar;Fri;Morning;High;Coffee;Gourmet brewed coffee;Ethiopia Rg;Astoria
19.75;1;1;202303;Mar;Fri;Morning;Low;Coffee beans;Premium Beans;Jamacian Coffee River;Astoria
9.60;12;8;202303;Mar;Fri;Morning;Low;Flavours;Sugar free syrup;Sugar Free Vanilla syrup;Astoria
51.00;17;9;202303;Mar;Fri;Morning;High;Tea;Brewed Chai tea;Traditional Blend Chai Lg;Astoria
35.00;10;10;202303;Mar;Fri;Morning;Med;Bakery;Pastry;Croissant;Hell's Kitchen
49.60;16;10;202303;Mar;Fri;Morning;High;Tea;Brewed Chai tea;Spicy Eye Opener Chai Lg;Hell's Kitchen
39.00;13;13;202303;Mar;Fri;Morning;Med;Bakery;Scone;Oatmeal Scone;Hell's Kitchen
35.00;14;7;202303;Mar;Fri;Morning;Med;Tea;Brewed herbal tea;Peppermint Rg;Astoria
24.00;12;7;202303;Mar;Fri;Morning;Med;Coffee;Drip coffee;Our Old Time Diner Blend Sm;Hell's Kitchen
57.50;23;16;202303;Mar;Fri;Morning;High;Tea;Brewed Chai tea;Traditional Blend Chai Rg;Astoria
36.00;12;8;202303;Mar;Fri;Morning;Med;Tea;Brewed herbal tea;Peppermint Lg;Astoria
52.50;15;15;202303;Mar;Fri;Morning;High;Bakery;Biscotti;Chocolate Chip Biscotti;Astoria
37.40;17;13;202303;Mar;Fri;Morning;Med;Coffee;Gourmet brewed coffee;Ethiopia Sm;Astoria
28.60;13;9;202303;Mar;Fri;Morning;Med;Coffee;Gourmet brewed coffee;Ethiopia Sm;Hell's Kitchen
45.00;15;9;202303;Mar;Fri;Morning;High;Tea;Brewed Black tea;English Breakfast Lg;Astoria
41.25;11;11;202303;Mar;Fri;Morning;High;Bakery;Scone;Jumbo Savory Scone;Hell's Kitchen
6.40;8;5;202303;Mar;Fri;Morning;Low;Flavours;Regular syrup;Chocolate syrup;Hell's Kitchen
9.75;3;3;202303;Mar;Fri;Morning;Low;Bakery;Biscotti;Hazelnut Biscotti;Astoria
40.80;16;10;202303;Mar;Fri;Morning;very high;Tea;Brewed Chai tea;Spicy Eye Opener Chai Rg;Astoria
77.00;22;14;202303;Mar;Fri;Morning;very high;Coffee;Organic brewed coffee;Brazilian Lg;Lower Manhattan
45.00;1;1;202303;Mar;Fri;Morning;High;Coffee beans;Premium Beans;Civet Cat;Lower Manhattan
6.40;8;6;202303;Mar;Fri;Morning;Low;Flavours;Regular syrup;Hazelnut syrup;Hell's Kitchen
17.50;5;3;202303;Mar;Fri;Night;Low;Drinking Chocolate;Hot chocolate;Dark chocolate Rg;Lower Manhattan
13.33;1;1;202303;Mar;Fri;Morning;Low;Packaged Chocolate;Drinking Chocolate;Chili Mayan;Hell's Kitchen
48.00;12;8;202303;Mar;Fri;Morning;High;Tea;Brewed Chai tea;Morning Sunrise Chai Lg;Astoria
11.20;14;9;202303;Mar;Fri;Morning;Low;Flavours;Regular syrup;Chocolate syrup;Astoria
22.00;11;7;202303;Mar;Fri;Morning;Med;Coffee;Gourmet brewed coffee;Columbian Medium Roast Sm;Hell's Kitchen
36.00;2;2;202303;Mar;Fri;Morning;Med;Coffee beans;House blend Beans;Our Old Time Diner Blend;Hell's Kitchen
75.00;20;14;202303;Mar;Fri;Morning;very high;Coffee;Premium brewed coffee;Jamaican Coffee River Lg;Astoria
42.50;17;10;202303;Mar;Fri;Morning;High;Tea;Brewed Green tea;Serenity Green Tea Rg;Astoria
28.00;8;6;202303;Mar;Fri;Morning;Med;Drinking Chocolate;Hot chocolate;Dark chocolate Rg;Hell's Kitchen
62.50;25;15;202303;Mar;Fri;Morning;very high;Tea;Brewed Chai tea;Morning Sunrise Chai Rg;Astoria
119.00;28;18;202303;Mar;Fri;Morning;very high;Coffee;Barista Espresso;Latte Rg;Astoria
22.75;7;7;202303;Mar;Fri;Morning;Med;Bakery;Scone;Cranberry Scone;Astoria
22.80;3;3;202303;Mar;Fri;Morning;Med;Packaged Chocolate;Organic Chocolate;Sustainably Grown Organic;Hell's Kitchen
49.00;20;15;202303;Mar;Fri;Morning;High;Coffee;Premium brewed coffee;Jamaican Coffee River Sm;Astoria
57.00;19;11;202303;Mar;Fri;Morning;High;Tea;Brewed Chai tea;Traditional Blend Chai Lg;Lower Manhattan
10.40;13;9;202303;Mar;Fri;Morning;Low;Flavours;Regular syrup;Carmel syrup;Hell's Kitchen
30.00;8;6;202303;Mar;Fri;Morning;Med;Coffee;Barista Espresso;Latte;Hell's Kitchen
6.40;8;6;202303;Mar;Fri;Morning;Low;Flavours;Sugar free syrup;Sugar Free Vanilla syrup;Hell's Kitchen
8.95;1;1;202303;Mar;Fri;Morning;Low;Loose Tea;Black tea;Earl Grey;Lower Manhattan
43.40;14;8;202303;Mar;Fri;Morning;High;Coffee;Premium brewed coffee;Jamaican Coffee River Rg;Lower Manhattan
46.75;11;8;202303;Mar;Fri;Morning;High;Coffee;Barista Espresso;Cappuccino Lg;Hell's Kitchen
18.50;2;2;202303;Mar;Fri;Morning;Low;Loose Tea;Green tea;Serenity Green Tea;Lower Manhattan
28.00;1;1;202303;Mar;Fri;Morning;Med;Branded;Clothing;I Need My Bean! T-shirt;Lower Manhattan
12.80;2;2;202303;Mar;Fri;Morning;Low;Packaged Chocolate;Drinking Chocolate;Dark chocolate;Hell's Kitchen
76.00;16;11;202303;Mar;Fri;Morning;very high;Drinking Chocolate;Hot chocolate;Sustainably Grown Organic Lg;Astoria
36.00;12;8;202303;Mar;Fri;Morning;Med;Coffee;Organic brewed coffee;Brazilian Rg;Astoria
26.40;12;9;202303;Mar;Fri;Morning;Med;Coffee;Organic brewed coffee;Brazilian Sm;Astoria
12.00;1;1;202303;Mar;Fri;Morning;Low;Branded;Housewares;I Need My Bean! Diner mug;Hell's Kitchen
19.75;1;1;202303;Mar;Fri;Morning;Low;Coffee beans;Premium Beans;Jamacian Coffee River;Lower Manhattan
24.00;2;2;202303;Mar;Fri;Morning;Med;Branded;Housewares;I Need My Bean! Diner mug;Lower Manhattan
4.00;5;3;202303;Mar;Fri;Afternoon;Low;Flavours;Regular syrup;Chocolate syrup;Astoria
25.00;10;5;202303;Mar;Fri;Afternoon;Med;Tea;Brewed Green tea;Serenity Green Tea Rg;Lower Manhattan
12.00;4;3;202303;Mar;Fri;Afternoon;Low;Tea;Brewed Chai tea;Traditional Blend Chai Lg;Hell's Kitchen
20.00;8;4;202303;Mar;Fri;Afternoon;Low;Tea;Brewed herbal tea;Peppermint Rg;Lower Manhattan
4.80;6;4;202303;Mar;Fri;Afternoon;Low;Flavours;Regular syrup;Carmel syrup;Lower Manhattan
30.00;10;7;202303;Mar;Fri;Afternoon;Med;Tea;Brewed Green tea;Serenity Green Tea Lg;Astoria
18.00;6;6;202303;Mar;Fri;Afternoon;Low;Coffee;Barista Espresso;Espresso shot;Hell's Kitchen
6.40;8;4;202303;Mar;Fri;Afternoon;Low;Flavours;Sugar free syrup;Sugar Free Vanilla syrup;Hell's Kitchen
10.50;3;2;202303;Mar;Fri;Afternoon;Low;Drinking Chocolate;Hot chocolate;Dark chocolate Rg;Astoria
2.20;1;1;202303;Mar;Fri;Afternoon;Low;Coffee;Organic brewed coffee;Brazilian Sm;Hell's Kitchen
2.40;3;2;202303;Mar;Fri;Afternoon;Low;Flavours;Sugar free syrup;Sugar Free Vanilla syrup;Astoria
2.40;3;2;202303;Mar;Fri;Afternoon;Low;Flavours;Regular syrup;Hazelnut syrup;Hell's Kitchen
8.80;4;3;202303;Mar;Fri;Afternoon;Low;Coffee;Gourmet brewed coffee;Ethiopia Sm;Hell's Kitchen
10.00;1;1;202303;Mar;Fri;Afternoon;Low;Coffee beans;Green beans;Guatemalan Sustainably Grown;Hell's Kitchen
20.00;8;5;202303;Mar;Fri;Afternoon;Low;Tea;Brewed Green tea;Serenity Green Tea Rg;Hell's Kitchen
27.50;11;7;202303;Mar;Fri;Afternoon;Med;Tea;Brewed Chai tea;Morning Sunrise Chai Rg;Lower Manhattan
24.00;2;2;202303;Mar;Fri;Afternoon;Med;Branded;Housewares;I Need My Bean! Diner mug;Astoria
27.19;7;7;202303;Mar;Fri;Afternoon;Med;Bakery;Scone;Jumbo Savory Scone;Lower Manhattan
34.00;8;4;202303;Mar;Fri;Afternoon;Med;Coffee;Barista Espresso;Cappuccino Lg;Lower Manhattan
4.80;6;3;202303;Mar;Fri;Afternoon;Low;Flavours;Regular syrup;Carmel syrup;Hell's Kitchen
17.50;5;3;202303;Mar;Fri;Afternoon;Low;Drinking Chocolate;Hot chocolate;Dark chocolate Rg;Lower Manhattan
9.50;1;1;202303;Mar;Fri;Afternoon;Low;Loose Tea;Chai tea;Morning Sunrise Chai;Hell's Kitchen
15.00;5;4;202303;Mar;Fri;Afternoon;Low;Coffee;Drip coffee;Our Old Time Diner Blend Lg;Lower Manhattan
12.00;4;3;202303;Mar;Fri;Afternoon;Low;Coffee;Barista Espresso;Espresso shot;Lower Manhattan
7.20;9;5;202303;Mar;Fri;Afternoon;Low;Flavours;Regular syrup;Chocolate syrup;Lower Manhattan
17.90;2;2;202303;Mar;Fri;Afternoon;Low;Loose Tea;Black tea;Earl Grey;Hell's Kitchen
8.95;1;1;202303;Mar;Fri;Evening;Low;Loose Tea;Chai tea;Traditional Blend Chai;Lower Manhattan
9.00;3;3;202303;Mar;Fri;Evening;Low;Tea;Brewed Green tea;Serenity Green Tea Lg;Lower Manhattan
31.50;7;7;202303;Mar;Fri;Evening;Med;Bakery;Scone;Scottish Cream Scone ;Astoria
7.50;2;2;202303;Mar;Fri;Evening;Low;Drinking Chocolate;Hot chocolate;Sustainably Grown Organic Rg;Lower Manhattan
0.80;1;1;202303;Mar;Fri;Evening;Low;Flavours;Regular syrup;Carmel syrup;Astoria
3.50;1;1;202303;Mar;Fri;Evening;Low;Bakery;Pastry;Croissant;Astoria
15.00;4;2;202303;Mar;Fri;Evening;Low;Coffee;Premium brewed coffee;Jamaican Coffee River Lg;Hell's Kitchen
24.00;6;4;202303;Mar;Fri;Evening;Med;Tea;Brewed Chai tea;Morning Sunrise Chai Lg;Lower Manhattan
1.60;2;1;202303;Mar;Fri;Evening;Low;Flavours;Regular syrup;Chocolate syrup;Astoria
12.50;5;3;202303;Mar;Fri;Evening;Low;Tea;Brewed Black tea;English Breakfast Rg;Hell's Kitchen
15.40;7;5;202303;Mar;Fri;Evening;Low;Coffee;Gourmet brewed coffee;Ethiopia Sm;Lower Manhattan
9.00;3;3;202303;Mar;Fri;Evening;Low;Tea;Brewed Black tea;Earl Grey Lg;Hell's Kitchen
18.00;1;1;202303;Mar;Fri;Evening;Low;Coffee beans;Organic Beans;Brazilian - Organic;Astoria
9.00;3;2;202303;Mar;Fri;Evening;Low;Tea;Brewed Black tea;English Breakfast Lg;Lower Manhattan
19.50;6;6;202303;Mar;Fri;Evening;Low;Bakery;Biscotti;Hazelnut Biscotti;Lower Manhattan
6.40;1;1;202303;Mar;Fri;Evening;Low;Packaged Chocolate;Drinking Chocolate;Dark chocolate;Hell's Kitchen
10.50;3;3;202303;Mar;Fri;Evening;Low;Bakery;Biscotti;Chocolate Chip Biscotti;Lower Manhattan
29.75;7;3;202303;Mar;Fri;Evening;Med;Coffee;Barista Espresso;Latte Rg;Lower Manhattan
4.00;5;3;202303;Mar;Fri;Evening;Low;Flavours;Regular syrup;Hazelnut syrup;Lower Manhattan
16.25;5;5;202303;Mar;Fri;Evening;Low;Bakery;Scone;Cranberry Scone;Hell's Kitchen
7.00;2;1;202303;Mar;Fri;Evening;Low;Coffee;Gourmet brewed coffee;Ethiopia Lg;Lower Manhattan
0.80;1;1;202303;Mar;Fri;Evening;Low;Flavours;Regular syrup;Hazelnut syrup;Astoria
10.95;1;1;202303;Mar;Fri;Evening;Low;Loose Tea;Chai tea;Spicy Eye Opener Chai;Astoria
2.40;3;2;202303;Mar;Fri;Evening;Low;Flavours;Regular syrup;Chocolate syrup;Hell's Kitchen
45.00;1;1;202303;Mar;Fri;Evening;High;Coffee beans;Premium Beans;Civet Cat;Astoria
8.95;1;1;202303;Mar;Fri;Evening;Low;Loose Tea;Herbal tea;Peppermint;Astoria
8.95;1;1;202303;Mar;Fri;Evening;Low;Loose Tea;Black tea;English Breakfast;Astoria
9.00;3;3;202303;Mar;Sat;Night;Low;Tea;Brewed herbal tea;Lemon Grass Lg;Lower Manhattan
9.00;2;2;202303;Mar;Sat;Night;Low;Bakery;Scone;Scottish Cream Scone ;Lower Manhattan
11.25;3;3;202303;Mar;Sat;Night;Low;Bakery;Pastry;Chocolate Croissant;Lower Manhattan
6.00;3;2;202303;Mar;Sat;Night;Low;Coffee;Gourmet brewed coffee;Columbian Medium Roast Sm;Lower Manhattan
15.00;4;2;202303;Mar;Sat;Night;Low;Coffee;Barista Espresso;Cappuccino;Lower Manhattan
5.60;7;4;202303;Mar;Sat;Night;Low;Flavours;Regular syrup;Chocolate syrup;Lower Manhattan
6.50;2;2;202303;Mar;Sat;Night;Low;Bakery;Biscotti;Hazelnut Biscotti;Lower Manhattan
15.00;5;3;202303;Mar;Sat;Night;Low;Tea;Brewed Green tea;Serenity Green Tea Lg;Lower Manhattan
3.75;1;1;202303;Mar;Sat;Night;Low;Coffee;Premium brewed coffee;Jamaican Coffee River Lg;Lower Manhattan
15.00;6;3;202303;Mar;Sat;Night;Low;Tea;Brewed Black tea;Earl Grey Rg;Lower Manhattan
7.50;3;2;202303;Mar;Sat;Night;Low;Tea;Brewed Chai tea;Traditional Blend Chai Rg;Lower Manhattan
17.50;7;4;202303;Mar;Sat;Night;Low;Tea;Brewed Green tea;Serenity Green Tea Rg;Lower Manhattan
17.00;4;2;202303;Mar;Sat;Night;Low;Coffee;Barista Espresso;Cappuccino Lg;Lower Manhattan
3.20;4;2;202303;Mar;Sat;Night;Low;Flavours;Regular syrup;Carmel syrup;Lower Manhattan
5.00;2;2;202303;Mar;Sat;Night;Low;Tea;Brewed herbal tea;Peppermint Rg;Lower Manhattan
10.00;4;3;202303;Mar;Sat;Night;Low;Coffee;Drip coffee;Our Old Time Diner Blend Rg;Lower Manhattan
12.00;4;3;202303;Mar;Sat;Night;Low;Coffee;Barista Espresso;Espresso shot;Lower Manhattan
6.60;3;2;202303;Mar;Sat;Night;Low;Coffee;Gourmet brewed coffee;Ethiopia Sm;Hell's Kitchen
13.00;4;4;202303;Mar;Sat;Night;Low;Bakery;Biscotti;Hazelnut Biscotti;Hell's Kitchen
10.00;4;2;202303;Mar;Sat;Night;Low;Tea;Brewed Green tea;Serenity Green Tea Rg;Hell's Kitchen
5.00;2;1;202303;Mar;Sat;Night;Low;Tea;Brewed herbal tea;Lemon Grass Rg;Lower Manhattan
9.00;3;2;202303;Mar;Sat;Night;Low;Coffee;Organic brewed coffee;Brazilian Rg;Lower Manhattan
13.20;6;3;202303;Mar;Sat;Night;Low;Coffee;Organic brewed coffee;Brazilian Sm;Lower Manhattan
7.50;3;2;202303;Mar;Sat;Night;Low;Coffee;Gourmet brewed coffee;Columbian Medium Roast Rg;Hell's Kitchen
10.50;3;2;202303;Mar;Sat;Night;Low;Drinking Chocolate;Hot chocolate;Dark chocolate Rg;Hell's Kitchen
13.50;3;3;202303;Mar;Sat;Night;Low;Bakery;Scone;Scottish Cream Scone ;Hell's Kitchen
17.00;4;2;202303;Mar;Sat;Night;Low;Coffee;Barista Espresso;Cappuccino Lg;Hell's Kitchen
1.60;2;1;202303;Mar;Sat;Night;Low;Flavours;Regular syrup;Hazelnut syrup;Hell's Kitchen
12.00;4;3;202303;Mar;Sat;Night;Low;Coffee;Drip coffee;Our Old Time Diner Blend Lg;Lower Manhattan
4.00;5;3;202303;Mar;Sat;Night;Low;Flavours;Regular syrup;Hazelnut syrup;Lower Manhattan
3.10;1;1;202303;Mar;Sat;Night;Low;Coffee;Premium brewed coffee;Jamaican Coffee River Rg;Hell's Kitchen
10.50;3;2;202303;Mar;Sat;Night;Low;Drinking Chocolate;Hot chocolate;Dark chocolate Rg;Lower Manhattan
4.00;2;1;202303;Mar;Sat;Night;Low;Coffee;Drip coffee;Our Old Time Diner Blend Sm;Lower Manhattan
3.00;1;1;202303;Mar;Sat;Night;Low;Coffee;Gourmet brewed coffee;Columbian Medium Roast Lg;Hell's Kitchen
9.50;1;1;202303;Mar;Sat;Night;Low;Loose Tea;Chai tea;Morning Sunrise Chai;Hell's Kitchen
24.00;8;4;202303;Mar;Sat;Morning;Med;Coffee;Drip coffee;Our Old Time Diner Blend Lg;Lower Manhattan
19.00;2;2;202303;Mar;Sat;Morning;Low;Loose Tea;Chai tea;Morning Sunrise Chai;Lower Manhattan
55.80;18;9;202303;Mar;Sat;Morning;High;Tea;Brewed Chai tea;Spicy Eye Opener Chai Lg;Lower Manhattan
10.00;1;1;202303;Mar;Sat;Morning;Low;Coffee beans;Green beans;Guatemalan Sustainably Grown;Lower Manhattan
22.00;11;8;202303;Mar;Sat;Morning;Med;Coffee;Drip coffee;Our Old Time Diner Blend Sm;Hell's Kitchen
36.75;15;9;202303;Mar;Sat;Morning;Med;Coffee;Premium brewed coffee;Jamaican Coffee River Sm;Lower Manhattan
42.00;14;8;202303;Mar;Sat;Morning;High;Tea;Brewed Green tea;Serenity Green Tea Lg;Astoria
86.25;23;16;202303;Mar;Sat;Morning;very high;Coffee;Barista Espresso;Latte;Hell's Kitchen
5.60;7;5;202303;Mar;Sat;Morning;Low;Flavours;Sugar free syrup;Sugar Free Vanilla syrup;Hell's Kitchen
49.80;19;15;202303;Mar;Sat;Morning;High;Coffee;Barista Espresso;Ouro Brasileiro shot;Hell's Kitchen
12.00;6;5;202303;Mar;Sat;Morning;Low;Coffee;Drip coffee;Our Old Time Diner Blend Sm;Lower Manhattan
39.00;13;8;202303;Mar;Sat;Morning;Med;Tea;Brewed Green tea;Serenity Green Tea Lg;Hell's Kitchen
56.00;2;2;202303;Mar;Sat;Morning;High;Branded;Clothing;I Need My Bean! T-shirt;Hell's Kitchen
37.50;15;11;202303;Mar;Sat;Morning;Med;Tea;Brewed Chai tea;Morning Sunrise Chai Rg;Astoria
42.50;17;10;202303;Mar;Sat;Morning;High;Tea;Brewed Black tea;Earl Grey Rg;Astoria
17.60;22;14;202303;Mar;Sat;Morning;Low;Flavours;Sugar free syrup;Sugar Free Vanilla syrup;Lower Manhattan
41.25;11;9;202303;Mar;Sat;Morning;High;Coffee;Barista Espresso;Cappuccino;Astoria
7.20;9;5;202303;Mar;Sat;Morning;Low;Flavours;Sugar free syrup;Sugar Free Vanilla syrup;Astoria
28.00;2;2;202303;Mar;Sat;Morning;Med;Branded;Housewares;I Need My Bean! Latte cup;Astoria
25.00;10;6;202303;Mar;Sat;Morning;Med;Coffee;Drip coffee;Our Old Time Diner Blend Rg;Astoria
32.00;8;6;202303;Mar;Sat;Morning;Med;Tea;Brewed Chai tea;Morning Sunrise Chai Lg;Astoria
17.60;22;14;202303;Mar;Sat;Morning;Low;Flavours;Regular syrup;Chocolate syrup;Astoria
8.80;11;7;202303;Mar;Sat;Morning;Low;Flavours;Regular syrup;Chocolate syrup;Lower Manhattan
41.25;11;8;202303;Mar;Sat;Morning;High;Coffee;Premium brewed coffee;Jamaican Coffee River Lg;Astoria
25.00;10;6;202303;Mar;Sat;Morning;Med;Tea;Brewed Black tea;English Breakfast Rg;Astoria
47.50;10;6;202303;Mar;Sat;Morning;High;Drinking Chocolate;Hot chocolate;Sustainably Grown Organic Lg;Astoria
22.50;9;6;202303;Mar;Sat;Morning;Med;Tea;Brewed Chai tea;Traditional Blend Chai Rg;Astoria
12.00;15;11;202303;Mar;Sat;Morning;Low;Flavours;Regular syrup;Carmel syrup;Lower Manhattan
56.25;15;9;202303;Mar;Sat;Morning;High;Coffee;Barista Espresso;Latte;Astoria
17.60;8;6;202303;Mar;Sat;Morning;Low;Coffee;Organic brewed coffee;Brazilian Sm;Astoria
15.00;5;3;202303;Mar;Sat;Morning;Low;Tea;Brewed Black tea;Earl Grey Lg;Astoria
7.20;9;7;202303;Mar;Sat;Morning;Low;Flavours;Regular syrup;Hazelnut syrup;Lower Manhattan
17.50;5;5;202303;Mar;Sat;Morning;Low;Bakery;Biscotti;Chocolate Chip Biscotti;Lower Manhattan
20.00;10;8;202303;Mar;Sat;Morning;Low;Coffee;Drip coffee;Our Old Time Diner Blend Sm;Astoria
24.00;8;5;202303;Mar;Sat;Morning;Med;Coffee;Barista Espresso;Espresso shot;Hell's Kitchen
16.80;21;13;202303;Mar;Sat;Morning;Low;Flavours;Regular syrup;Chocolate syrup;Hell's Kitchen
37.50;15;11;202303;Mar;Sat;Morning;Med;Tea;Brewed Chai tea;Morning Sunrise Chai Rg;Hell's Kitchen
9.00;3;2;202303;Mar;Sat;Morning;Low;Tea;Brewed Black tea;English Breakfast Lg;Lower Manhattan
4.80;6;3;202303;Mar;Sat;Morning;Low;Flavours;Regular syrup;Carmel syrup;Hell's Kitchen
36.00;18;10;202303;Mar;Sat;Morning;Med;Coffee;Gourmet brewed coffee;Columbian Medium Roast Sm;Astoria
0.80;1;1;202303;Mar;Sat;Morning;Low;Flavours;Regular syrup;Carmel syrup;Astoria
45.00;18;11;202303;Mar;Sat;Morning;High;Tea;Brewed herbal tea;Peppermint Rg;Astoria
45.00;15;10;202303;Mar;Sat;Morning;High;Coffee;Gourmet brewed coffee;Ethiopia Rg;Astoria
15.00;5;5;202303;Mar;Sat;Morning;Low;Bakery;Scone;Oatmeal Scone;Hell's Kitchen
19.50;6;6;202303;Mar;Sat;Morning;Low;Bakery;Scone;Cranberry Scone;Hell's Kitchen
9.75;3;3;202303;Mar;Sat;Morning;Low;Bakery;Scone;Cranberry Scone;Lower Manhattan
21.70;7;4;202303;Mar;Sat;Morning;Med;Coffee;Premium brewed coffee;Jamaican Coffee River Rg;Astoria
18.00;4;4;202303;Mar;Sat;Morning;Low;Bakery;Scone;Scottish Cream Scone ;Astoria
27.00;9;9;202303;Mar;Sat;Morning;Med;Bakery;Scone;Oatmeal Scone;Lower Manhattan
8.95;1;1;202303;Mar;Sat;Morning;Low;Loose Tea;Black tea;Earl Grey;Lower Manhattan
42.00;14;9;202303;Mar;Sat;Morning;High;Coffee;Organic brewed coffee;Brazilian Rg;Astoria
72.00;16;9;202303;Mar;Sat;Morning;very high;Drinking Chocolate;Hot chocolate;Dark chocolate Lg;Astoria
22.50;9;6;202303;Mar;Sat;Morning;Med;Tea;Brewed Green tea;Serenity Green Tea Rg;Astoria
2.40;3;3;202303;Mar;Sat;Morning;Low;Flavours;Regular syrup;Hazelnut syrup;Astoria
15.00;5;5;202303;Mar;Sat;Morning;Low;Bakery;Scone;Oatmeal Scone;Astoria
30.00;10;6;202303;Mar;Sat;Morning;Med;Tea;Brewed Chai tea;Traditional Blend Chai Lg;Astoria
27.00;9;8;202303;Mar;Sat;Morning;Med;Tea;Brewed herbal tea;Peppermint Lg;Astoria
45.00;2;2;202303;Mar;Sat;Morning;High;Coffee beans;Organic Beans;Organic Decaf Blend;Astoria
22.50;6;4;202303;Mar;Sun;Evening;Med;Coffee;Barista Espresso;Cappuccino;Astoria
31.50;9;9;202303;Mar;Mon;Morning;Med;Bakery;Biscotti;Ginger Biscotti;Lower Manhattan
18.00;9;6;202303;Mar;Mon;Afternoon;Low;Coffee;Gourmet brewed coffee;Columbian Medium Roast Sm;Astoria
24.00;8;5;202303;Mar;Mon;Afternoon;Med;Coffee;Drip coffee;Our Old Time Diner Blend Lg;Astoria
4.40;2;2;202303;Mar;Mon;Afternoon;Low;Coffee;Organic brewed coffee;Brazilian Sm;Lower Manhattan
21.00;7;5;202303;Mar;Mon;Evening;Med;Coffee;Gourmet brewed coffee;Columbian Medium Roast Lg;Hell's Kitchen
48.75;13;8;202303;Mar;Tue;Morning;High;Coffee;Barista Espresso;Latte;Hell's Kitchen
3.00;1;1;202303;Mar;Tue;Afternoon;Low;Tea;Brewed Chai tea;Traditional Blend Chai Lg;Hell's Kitchen
16.25;5;5;202303;Mar;Tue;Evening;Low;Bakery;Biscotti;Hazelnut Biscotti;Hell's Kitchen
2.40;3;2;202303;Mar;Tue;Evening;Low;Flavours;Regular syrup;Hazelnut syrup;Hell's Kitchen
52.50;15;8;202303;Mar;Wed;Morning;High;Drinking Chocolate;Hot chocolate;Dark chocolate Rg;Lower Manhattan
30.00;12;8;202303;Mar;Wed;Afternoon;Med;Coffee;Gourmet brewed coffee;Columbian Medium Roast Rg;Astoria
13.33;1;1;202303;Mar;Wed;Evening;Low;Packaged Chocolate;Drinking Chocolate;Chili Mayan;Hell's Kitchen
10.50;3;3;202303;Mar;Wed;Evening;Low;Bakery;Pastry;Croissant;Hell's Kitchen
1.60;2;1;202303;Mar;Thu;Night;Low;Flavours;Sugar free syrup;Sugar Free Vanilla syrup;Hell's Kitchen
3.00;1;1;202303;Mar;Thu;Night;Low;Coffee;Organic brewed coffee;Brazilian Rg;Hell's Kitchen
21.90;2;2;202303;Mar;Thu;Morning;Med;Loose Tea;Chai tea;Spicy Eye Opener Chai;Lower Manhattan
18.00;6;5;202303;Mar;Thu;Morning;Low;Coffee;Barista Espresso;Espresso shot;Astoria
57.50;23;16;202303;Mar;Thu;Morning;High;Coffee;Gourmet brewed coffee;Columbian Medium Roast Rg;Hell's Kitchen
19.50;6;6;202303;Mar;Thu;Morning;Low;Bakery;Biscotti;Hazelnut Biscotti;Astoria
14.00;4;4;202303;Mar;Thu;Evening;Low;Bakery;Biscotti;Chocolate Chip Biscotti;Hell's Kitchen
18.00;6;4;202303;Mar;Thu;Evening;Low;Tea;Brewed herbal tea;Peppermint Lg;Hell's Kitchen
13.50;3;3;202303;Mar;Fri;Night;Low;Bakery;Scone;Scottish Cream Scone ;Lower Manhattan
27.00;9;9;202303;Mar;Fri;Morning;Med;Bakery;Scone;Oatmeal Scone;Lower Manhattan
35.00;14;8;202303;Mar;Fri;Morning;Med;Coffee;Drip coffee;Our Old Time Diner Blend Rg;Lower Manhattan
28.00;8;8;202303;Mar;Fri;Morning;Med;Bakery;Pastry;Croissant;Astoria
1.60;2;2;202303;Mar;Fri;Afternoon;Low;Flavours;Regular syrup;Carmel syrup;Astoria
3.20;4;3;202303;Mar;Fri;Evening;Low;Flavours;Sugar free syrup;Sugar Free Vanilla syrup;Hell's Kitchen
9.00;3;2;202303;Mar;Sat;Night;Low;Tea;Brewed Chai tea;Traditional Blend Chai Lg;Lower Manhattan
42.75;9;5;202303;Mar;Sat;Night;High;Drinking Chocolate;Hot chocolate;Sustainably Grown Organic Lg;Lower Manhattan
24.80;8;6;202303;Mar;Sat;Morning;Med;Tea;Brewed Chai tea;Spicy Eye Opener Chai Lg;Astoria
20.00;8;6;202303;Mar;Mon;Evening;Low;Coffee;Gourmet brewed coffee;Columbian Medium Roast Rg;Astoria
35.00;14;12;202303;Mar;Thu;Morning;Med;Tea;Brewed Chai tea;Morning Sunrise Chai Rg;Astoria
38.50;11;9;202303;Mar;Sat;Morning;Med;Drinking Chocolate;Hot chocolate;Dark chocolate Rg;Astoria
10.50;3;3;202303;Mar;Sat;Morning;Low;Bakery;Pastry;Croissant;Astoria
48.00;16;10;202303;Mar;Sat;Morning;High;Tea;Brewed Chai tea;Traditional Blend Chai Lg;Hell's Kitchen
15.00;5;3;202303;Mar;Sat;Morning;Low;Tea;Brewed herbal tea;Lemon Grass Lg;Astoria
45.00;1;1;202303;Mar;Sat;Morning;High;Coffee beans;Premium Beans;Civet Cat;Astoria
40.90;2;2;202303;Mar;Sat;Morning;very high;Coffee beans;Espresso Beans;Primo Espresso Roast;Hell's Kitchen
26.95;11;8;202303;Mar;Sat;Morning;Med;Coffee;Premium brewed coffee;Jamaican Coffee River Sm;Astoria
26.85;3;3;202303;Mar;Sat;Morning;Med;Loose Tea;Herbal tea;Lemon Grass;Hell's Kitchen
26.00;8;8;202303;Mar;Sat;Morning;Med;Bakery;Scone;Cranberry Scone;Astoria
18.75;5;5;202303;Mar;Sat;Morning;Low;Bakery;Pastry;Almond Croissant;Hell's Kitchen
20.00;8;5;202303;Mar;Sat;Morning;Low;Tea;Brewed herbal tea;Lemon Grass Rg;Hell's Kitchen
7.00;2;1;202303;Mar;Sat;Morning;Low;Coffee;Gourmet brewed coffee;Ethiopia Lg;Lower Manhattan
18.00;1;1;202303;Mar;Sat;Morning;Low;Coffee beans;Organic Beans;Brazilian - Organic;Astoria
19.50;6;6;202303;Mar;Sat;Morning;Low;Bakery;Biscotti;Hazelnut Biscotti;Astoria
8.00;10;6;202303;Mar;Sat;Morning;Low;Flavours;Regular syrup;Hazelnut syrup;Hell's Kitchen
18.00;1;1;202303;Mar;Sat;Morning;Low;Coffee beans;House blend Beans;Our Old Time Diner Blend;Lower Manhattan
2.50;1;1;202303;Mar;Sat;Night;Low;Tea;Brewed Chai tea;Morning Sunrise Chai Rg;Lower Manhattan
7.50;3;2;202303;Mar;Sat;Afternoon;Low;Coffee;Gourmet brewed coffee;Columbian Medium Roast Rg;Lower Manhattan
6.50;2;2;202303;Mar;Sat;Afternoon;Low;Bakery;Scone;Cranberry Scone;Lower Manhattan
4.50;1;1;202303;Mar;Sat;Afternoon;Low;Bakery;Scone;Scottish Cream Scone ;Astoria
21.00;6;4;202303;Mar;Sat;Afternoon;Med;Drinking Chocolate;Hot chocolate;Dark chocolate Rg;Hell's Kitchen
9.00;3;2;202303;Mar;Sat;Afternoon;Low;Coffee;Barista Espresso;Espresso shot;Lower Manhattan
8.00;10;5;202303;Mar;Sat;Afternoon;Low;Flavours;Sugar free syrup;Sugar Free Vanilla syrup;Lower Manhattan
7.00;2;2;202303;Mar;Sat;Afternoon;Low;Bakery;Biscotti;Ginger Biscotti;Lower Manhattan
3.00;1;1;202303;Mar;Sat;Afternoon;Low;Tea;Brewed herbal tea;Peppermint Lg;Hell's Kitchen
14.00;1;1;202303;Mar;Sat;Afternoon;Low;Branded;Housewares;I Need My Bean! Latte cup;Astoria
12.00;4;2;202303;Mar;Sat;Afternoon;Low;Tea;Brewed Green tea;Serenity Green Tea Lg;Lower Manhattan
45.00;1;1;202303;Mar;Sat;Afternoon;High;Coffee beans;Premium Beans;Civet Cat;Lower Manhattan
18.00;9;6;202303;Mar;Sat;Afternoon;Low;Coffee;Gourmet brewed coffee;Columbian Medium Roast Sm;Hell's Kitchen
41.25;11;6;202303;Mar;Sat;Afternoon;High;Coffee;Barista Espresso;Latte;Hell's Kitchen
28.00;1;1;202303;Mar;Sat;Afternoon;Med;Branded;Clothing;I Need My Bean! T-shirt;Astoria
26.85;3;3;202303;Mar;Sat;Afternoon;Med;Loose Tea;Chai tea;Traditional Blend Chai;Lower Manhattan
8.95;1;1;202303;Mar;Sat;Afternoon;Low;Loose Tea;Chai tea;Traditional Blend Chai;Hell's Kitchen
2.40;3;2;202303;Mar;Sat;Afternoon;Low;Flavours;Regular syrup;Chocolate syrup;Hell's Kitchen
5.60;7;4;202303;Mar;Sat;Afternoon;Low;Flavours;Regular syrup;Hazelnut syrup;Lower Manhattan
9.75;3;3;202303;Mar;Sat;Afternoon;Low;Bakery;Biscotti;Hazelnut Biscotti;Lower Manhattan
9.25;1;1;202303;Mar;Sat;Afternoon;Low;Loose Tea;Green tea;Serenity Green Tea;Lower Manhattan
3.20;4;2;202303;Mar;Sat;Afternoon;Low;Flavours;Sugar free syrup;Sugar Free Vanilla syrup;Hell's Kitchen
18.00;1;1;202303;Mar;Sat;Afternoon;Low;Coffee beans;Organic Beans;Brazilian - Organic;Hell's Kitchen
18.75;5;5;202303;Mar;Sat;Afternoon;Low;Bakery;Scone;Jumbo Savory Scone;Lower Manhattan
12.75;3;3;202303;Mar;Sat;Afternoon;Low;Coffee;Barista Espresso;Cappuccino Lg;Lower Manhattan
4.00;5;3;202303;Mar;Sat;Afternoon;Low;Flavours;Sugar free syrup;Sugar Free Vanilla syrup;Astoria
2.40;3;2;202303;Mar;Sat;Afternoon;Low;Flavours;Regular syrup;Carmel syrup;Lower Manhattan
2.40;3;2;202303;Mar;Sat;Afternoon;Low;Flavours;Regular syrup;Hazelnut syrup;Astoria
4.80;6;3;202303;Mar;Sat;Afternoon;Low;Flavours;Regular syrup;Chocolate syrup;Lower Manhattan
17.50;7;4;202303;Mar;Sat;Afternoon;Low;Tea;Brewed herbal tea;Peppermint Rg;Astoria
18.00;6;4;202303;Mar;Sat;Afternoon;Low;Tea;Brewed herbal tea;Lemon Grass Lg;Lower Manhattan
17.60;8;4;202303;Mar;Sat;Afternoon;Low;Coffee;Gourmet brewed coffee;Ethiopia Sm;Lower Manhattan
3.00;1;1;202303;Mar;Sat;Afternoon;Low;Bakery;Scone;Oatmeal Scone;Hell's Kitchen
12.75;3;2;202303;Mar;Sat;Night;Low;Coffee;Barista Espresso;Latte Rg;Lower Manhattan
3.25;1;1;202303;Mar;Sat;Night;Low;Bakery;Scone;Ginger Scone;Lower Manhattan
3.00;1;1;202303;Mar;Sat;Evening;Low;Tea;Brewed Chai tea;Traditional Blend Chai Lg;Lower Manhattan
17.60;8;6;202303;Mar;Sat;Evening;Low;Coffee;Gourmet brewed coffee;Ethiopia Sm;Astoria
6.20;2;1;202303;Mar;Sat;Evening;Low;Coffee;Premium brewed coffee;Jamaican Coffee River Rg;Lower Manhattan
15.00;5;4;202303;Mar;Sat;Evening;Low;Tea;Brewed Black tea;Earl Grey Lg;Lower Manhattan
3.25;1;1;202303;Mar;Sat;Evening;Low;Bakery;Biscotti;Hazelnut Biscotti;Lower Manhattan
18.00;6;3;202303;Mar;Sat;Evening;Low;Coffee;Gourmet brewed coffee;Columbian Medium Roast Lg;Astoria
9.00;3;3;202303;Mar;Sat;Evening;Low;Coffee;Gourmet brewed coffee;Ethiopia Rg;Hell's Kitchen
18.75;5;3;202303;Mar;Sat;Evening;Low;Coffee;Barista Espresso;Latte;Lower Manhattan
1.60;2;1;202303;Mar;Sat;Evening;Low;Flavours;Regular syrup;Hazelnut syrup;Lower Manhattan
12.50;5;3;202303;Mar;Sat;Evening;Low;Tea;Brewed Black tea;English Breakfast Rg;Hell's Kitchen
3.20;4;3;202303;Mar;Sat;Evening;Low;Flavours;Regular syrup;Carmel syrup;Astoria
3.20;4;3;202303;Mar;Sat;Evening;Low;Flavours;Sugar free syrup;Sugar Free Vanilla syrup;Astoria
41.25;11;6;202303;Mar;Sat;Evening;High;Coffee;Premium brewed coffee;Jamaican Coffee River Lg;Astoria
7.60;1;1;202303;Mar;Sat;Evening;Low;Packaged Chocolate;Organic Chocolate;Sustainably Grown Organic;Astoria
18.75;5;3;202303;Mar;Sat;Evening;Low;Coffee;Barista Espresso;Cappuccino;Hell's Kitchen
1.60;2;1;202303;Mar;Sat;Evening;Low;Flavours;Regular syrup;Carmel syrup;Hell's Kitchen
3.00;1;1;202303;Mar;Sat;Evening;Low;Tea;Brewed herbal tea;Lemon Grass Lg;Hell's Kitchen
7.35;3;2;202303;Mar;Sat;Evening;Low;Coffee;Premium brewed coffee;Jamaican Coffee River Sm;Hell's Kitchen
5.60;7;5;202303;Mar;Sat;Evening;Low;Flavours;Sugar free syrup;Sugar Free Vanilla syrup;Lower Manhattan
3.00;1;1;202303;Mar;Sat;Evening;Low;Coffee;Organic brewed coffee;Brazilian Rg;Lower Manhattan
9.00;2;2;202303;Mar;Sat;Evening;Low;Bakery;Scone;Scottish Cream Scone ;Lower Manhattan
3.20;4;2;202303;Mar;Sat;Evening;Low;Flavours;Regular syrup;Chocolate syrup;Hell's Kitchen
2.40;3;2;202303;Mar;Sat;Evening;Low;Flavours;Regular syrup;Chocolate syrup;Astoria
18.00;6;3;202303;Mar;Sat;Evening;Low;Coffee;Gourmet brewed coffee;Columbian Medium Roast Lg;Hell's Kitchen
12.00;1;1;202303;Mar;Sat;Evening;Low;Branded;Housewares;I Need My Bean! Diner mug;Astoria
2.50;1;1;202303;Mar;Sat;Evening;Low;Tea;Brewed Chai tea;Traditional Blend Chai Rg;Lower Manhattan
7.00;2;2;202303;Mar;Sat;Evening;Low;Bakery;Pastry;Croissant;Lower Manhattan
6.40;1;1;202303;Mar;Sat;Evening;Low;Packaged Chocolate;Drinking Chocolate;Dark chocolate;Hell's Kitchen
7.50;2;1;202303;Mar;Sat;Evening;Low;Coffee;Barista Espresso;Latte;Hell's Kitchen
1.60;2;1;202303;Mar;Sat;Evening;Low;Flavours;Regular syrup;Hazelnut syrup;Hell's Kitchen
15.00;4;4;202303;Mar;Sat;Evening;Low;Bakery;Pastry;Chocolate Croissant;Hell's Kitchen
9.00;3;3;202303;Mar;Sat;Evening;Low;Tea;Brewed herbal tea;Peppermint Lg;Hell's Kitchen
15.00;6;3;202303;Mar;Sun;Night;Low;Tea;Brewed herbal tea;Lemon Grass Rg;Lower Manhattan
3.50;1;1;202303;Mar;Sun;Night;Low;Bakery;Biscotti;Ginger Biscotti;Lower Manhattan
6.20;2;2;202303;Mar;Sun;Night;Low;Tea;Brewed Chai tea;Spicy Eye Opener Chai Lg;Lower Manhattan
6.00;2;2;202303;Mar;Sun;Night;Low;Coffee;Gourmet brewed coffee;Ethiopia Rg;Lower Manhattan
17.50;7;5;202303;Mar;Sun;Night;Low;Tea;Brewed Chai tea;Morning Sunrise Chai Rg;Lower Manhattan
10.50;3;2;202303;Mar;Sun;Night;Low;Coffee;Organic brewed coffee;Brazilian Lg;Lower Manhattan
17.00;4;2;202303;Mar;Sun;Night;Low;Coffee;Barista Espresso;Cappuccino Lg;Lower Manhattan
5.60;7;3;202303;Mar;Sun;Night;Low;Flavours;Sugar free syrup;Sugar Free Vanilla syrup;Lower Manhattan
9.00;3;2;202303;Mar;Sun;Night;Low;Tea;Brewed Green tea;Serenity Green Tea Lg;Lower Manhattan
11.25;3;2;202303;Mar;Sun;Night;Low;Coffee;Barista Espresso;Cappuccino;Lower Manhattan
3.75;1;1;202303;Mar;Sun;Night;Low;Bakery;Pastry;Almond Croissant;Lower Manhattan
24.00;8;4;202303;Mar;Sun;Night;Med;Tea;Brewed Black tea;Earl Grey Lg;Lower Manhattan
6.60;3;2;202303;Mar;Sun;Night;Low;Coffee;Organic brewed coffee;Brazilian Sm;Lower Manhattan
3.00;1;1;202303;Mar;Sun;Night;Low;Coffee;Drip coffee;Our Old Time Diner Blend Lg;Lower Manhattan
3.00;1;1;202303;Mar;Sun;Night;Low;Bakery;Scone;Oatmeal Scone;Lower Manhattan
10.00;4;3;202303;Mar;Sun;Night;Low;Tea;Brewed herbal tea;Lemon Grass Rg;Hell's Kitchen
3.00;1;1;202303;Mar;Sun;Night;Low;Tea;Brewed herbal tea;Peppermint Lg;Hell's Kitchen
9.00;3;2;202303;Mar;Sun;Night;Low;Tea;Brewed Black tea;English Breakfast Lg;Lower Manhattan
5.00;2;2;202303;Mar;Sun;Night;Low;Tea;Brewed Black tea;English Breakfast Rg;Lower Manhattan
8.80;4;2;202303;Mar;Sun;Night;Low;Coffee;Gourmet brewed coffee;Ethiopia Sm;Hell's Kitchen
9.00;2;2;202303;Mar;Sun;Night;Low;Bakery;Scone;Scottish Cream Scone ;Hell's Kitchen
18.75;5;3;202303;Mar;Sun;Night;Low;Coffee;Barista Espresso;Latte;Lower Manhattan
4.00;5;2;202303;Mar;Sun;Night;Low;Flavours;Regular syrup;Hazelnut syrup;Lower Manhattan
11.25;3;3;202303;Mar;Sun;Night;Low;Bakery;Pastry;Chocolate Croissant;Lower Manhattan
7.50;3;2;202303;Mar;Sun;Night;Low;Coffee;Drip coffee;Our Old Time Diner Blend Rg;Hell's Kitchen
10.00;4;2;202303;Mar;Sun;Night;Low;Tea;Brewed Black tea;English Breakfast Rg;Hell's Kitchen
3.50;1;1;202303;Mar;Sun;Night;Low;Bakery;Pastry;Croissant;Hell's Kitchen
2.50;1;1;202303;Mar;Sun;Night;Low;Tea;Brewed Chai tea;Traditional Blend Chai Rg;Hell's Kitchen
6.00;3;2;202303;Mar;Sun;Night;Low;Coffee;Drip coffee;Our Old Time Diner Blend Sm;Hell's Kitchen
3.25;1;1;202303;Mar;Sun;Night;Low;Bakery;Scone;Ginger Scone;Hell's Kitchen
2.50;1;1;202303;Mar;Sun;Night;Low;Tea;Brewed herbal tea;Peppermint Rg;Hell's Kitchen
4.80;6;3;202303;Mar;Sun;Night;Low;Flavours;Regular syrup;Carmel syrup;Lower Manhattan
3.00;1;1;202303;Mar;Sun;Night;Low;Coffee;Barista Espresso;Espresso shot;Lower Manhattan
9.00;2;2;202303;Mar;Sun;Night;Low;Bakery;Scone;Scottish Cream Scone ;Lower Manhattan
12.75;3;2;202303;Mar;Sun;Night;Low;Coffee;Barista Espresso;Latte Rg;Hell's Kitchen
1.60;2;1;202303;Mar;Sun;Night;Low;Flavours;Regular syrup;Carmel syrup;Hell's Kitchen
8.00;2;1;202303;Mar;Sun;Night;Low;Tea;Brewed Chai tea;Morning Sunrise Chai Lg;Lower Manhattan
6.40;1;1;202303;Mar;Sun;Night;Low;Packaged Chocolate;Drinking Chocolate;Dark chocolate;Lower Manhattan
10.50;3;2;202303;Mar;Sun;Night;Low;Coffee;Gourmet brewed coffee;Ethiopia Lg;Hell's Kitchen
25.00;10;8;202303;Mar;Sun;Morning;Med;Tea;Brewed Green tea;Serenity Green Tea Rg;Hell's Kitchen
33.00;11;8;202303;Mar;Sun;Morning;Med;Coffee;Gourmet brewed coffee;Columbian Medium Roast Lg;Astoria
6.40;8;6;202303;Mar;Sun;Morning;Low;Flavours;Regular syrup;Carmel syrup;Astoria
29.75;7;4;202303;Mar;Sun;Morning;Med;Coffee;Barista Espresso;Cappuccino Lg;Astoria
42.50;10;5;202303;Mar;Sun;Morning;High;Coffee;Barista Espresso;Latte Rg;Lower Manhattan
9.60;12;6;202303;Mar;Sun;Morning;Low;Flavours;Sugar free syrup;Sugar Free Vanilla syrup;Lower Manhattan
22.75;7;7;202303;Mar;Sun;Morning;Med;Bakery;Scone;Cranberry Scone;Hell's Kitchen
18.75;5;5;202303;Mar;Sun;Morning;Low;Bakery;Pastry;Chocolate Croissant;Astoria
35.00;14;10;202303;Mar;Sun;Morning;Med;Coffee;Drip coffee;Our Old Time Diner Blend Rg;Astoria
36.00;12;8;202303;Mar;Sun;Morning;Med;Coffee;Gourmet brewed coffee;Ethiopia Rg;Hell's Kitchen
7.20;9;5;202303;Mar;Sun;Morning;Low;Flavours;Regular syrup;Carmel syrup;Lower Manhattan
22.50;9;6;202303;Mar;Sun;Morning;Med;Tea;Brewed herbal tea;Lemon Grass Rg;Lower Manhattan
28.00;8;6;202303;Mar;Sun;Morning;Med;Coffee;Gourmet brewed coffee;Ethiopia Lg;Hell's Kitchen
18.75;5;5;202303;Mar;Sun;Morning;Low;Bakery;Pastry;Almond Croissant;Hell's Kitchen
14.00;4;4;202303;Mar;Sun;Morning;Low;Bakery;Pastry;Croissant;Astoria
29.25;9;9;202303;Mar;Sun;Morning;Med;Bakery;Biscotti;Hazelnut Biscotti;Astoria
44.25;3;3;202303;Mar;Sun;Morning;High;Coffee beans;Espresso Beans;Espresso Roast;Astoria
12.00;6;4;202303;Mar;Sun;Morning;Low;Coffee;Gourmet brewed coffee;Columbian Medium Roast Sm;Hell's Kitchen
35.00;14;8;202303;Mar;Sun;Morning;Med;Tea;Brewed Chai tea;Traditional Blend Chai Rg;Lower Manhattan
36.00;12;7;202303;Mar;Sun;Morning;Med;Coffee;Gourmet brewed coffee;Ethiopia Rg;Lower Manhattan
14.00;4;4;202303;Mar;Sun;Morning;Low;Bakery;Biscotti;Chocolate Chip Biscotti;Lower Manhattan
47.50;10;6;202303;Mar;Sun;Morning;High;Drinking Chocolate;Hot chocolate;Sustainably Grown Organic Lg;Astoria
36.00;12;7;202303;Mar;Sun;Morning;Med;Coffee;Barista Espresso;Espresso shot;Hell's Kitchen
8.00;10;7;202303;Mar;Sun;Morning;Low;Flavours;Regular syrup;Chocolate syrup;Hell's Kitchen
13.33;1;1;202303;Mar;Sun;Morning;Low;Packaged Chocolate;Drinking Chocolate;Chili Mayan;Astoria
4.80;6;5;202303;Mar;Sun;Morning;Low;Flavours;Regular syrup;Chocolate syrup;Astoria
12.00;4;4;202303;Mar;Sun;Morning;Low;Bakery;Scone;Oatmeal Scone;Astoria
20.00;8;6;202303;Mar;Sun;Morning;Low;Tea;Brewed Green tea;Serenity Green Tea Rg;Astoria
8.80;11;8;202303;Mar;Sun;Morning;Low;Flavours;Regular syrup;Hazelnut syrup;Lower Manhattan
18.75;5;5;202303;Mar;Sun;Morning;Low;Bakery;Scone;Jumbo Savory Scone;Astoria
63.75;17;11;202303;Mar;Sun;Morning;very high;Coffee;Premium brewed coffee;Jamaican Coffee River Lg;Astoria
45.00;1;1;202303;Mar;Sun;Morning;High;Coffee beans;Premium Beans;Civet Cat;Hell's Kitchen
22.50;6;4;202303;Mar;Sun;Morning;Med;Coffee;Barista Espresso;Latte;Astoria
5.60;7;5;202303;Mar;Sun;Morning;Low;Flavours;Regular syrup;Hazelnut syrup;Hell's Kitchen
51.00;12;7;202303;Mar;Sun;Morning;High;Coffee;Barista Espresso;Cappuccino Lg;Hell's Kitchen
7.20;9;5;202303;Mar;Sun;Morning;Low;Flavours;Regular syrup;Carmel syrup;Hell's Kitchen
18.00;6;6;202303;Mar;Sun;Morning;Low;Bakery;Scone;Oatmeal Scone;Hell's Kitchen
44.25;3;3;202303;Mar;Sun;Morning;High;Coffee beans;Espresso Beans;Espresso Roast;Hell's Kitchen
16.25;5;5;202303;Mar;Sun;Morning;Low;Bakery;Biscotti;Hazelnut Biscotti;Hell's Kitchen
21.00;1;1;202303;Mar;Sun;Morning;Med;Coffee beans;Gourmet Beans;Ethiopia;Hell's Kitchen
30.00;12;7;202303;Mar;Sun;Morning;Med;Tea;Brewed herbal tea;Peppermint Rg;Astoria
21.90;2;2;202303;Mar;Sun;Morning;Med;Loose Tea;Chai tea;Spicy Eye Opener Chai;Hell's Kitchen
17.60;8;6;202303;Mar;Sun;Morning;Low;Coffee;Organic brewed coffee;Brazilian Sm;Astoria
26.40;10;8;202303;Mar;Sun;Morning;Med;Coffee;Barista Espresso;Ouro Brasileiro shot;Hell's Kitchen
56.00;14;8;202303;Mar;Sun;Morning;High;Tea;Brewed Chai tea;Morning Sunrise Chai Lg;Astoria
67.50;15;10;202303;Mar;Sun;Morning;very high;Drinking Chocolate;Hot chocolate;Dark chocolate Lg;Astoria
18.00;1;1;202303;Mar;Sun;Morning;Low;Coffee beans;Organic Beans;Brazilian - Organic;Hell's Kitchen
20.00;8;5;202303;Mar;Sun;Morning;Low;Tea;Brewed herbal tea;Lemon Grass Rg;Astoria
45.00;1;1;202303;Mar;Sun;Morning;High;Coffee beans;Premium Beans;Civet Cat;Lower Manhattan
22.50;5;5;202303;Mar;Sun;Morning;Med;Bakery;Scone;Scottish Cream Scone ;Hell's Kitchen
17.90;2;2;202303;Mar;Sun;Morning;Low;Loose Tea;Herbal tea;Lemon Grass;Hell's Kitchen
18.00;1;1;202303;Mar;Sun;Morning;Low;Coffee beans;House blend Beans;Our Old Time Diner Blend;Astoria
5.60;7;5;202303;Mar;Sun;Morning;Low;Flavours;Sugar free syrup;Sugar Free Vanilla syrup;Hell's Kitchen
6.40;8;4;202303;Mar;Sun;Morning;Low;Flavours;Regular syrup;Chocolate syrup;Lower Manhattan
9.25;1;1;202303;Mar;Sun;Morning;Low;Loose Tea;Green tea;Serenity Green Tea;Lower Manhattan
18.00;4;4;202303;Mar;Sun;Morning;Low;Bakery;Scone;Scottish Cream Scone ;Lower Manhattan
24.50;7;7;202303;Mar;Sun;Morning;Med;Bakery;Biscotti;Chocolate Chip Biscotti;Astoria
4.00;5;3;202303;Mar;Sun;Morning;Low;Flavours;Sugar free syrup;Sugar Free Vanilla syrup;Astoria
55.25;13;8;202303;Mar;Sun;Morning;High;Coffee;Barista Espresso;Latte Rg;Astoria
15.20;2;2;202303;Mar;Sun;Morning;Low;Packaged Chocolate;Organic Chocolate;Sustainably Grown Organic;Astoria
35.00;10;6;202303;Mar;Sun;Morning;Med;Coffee;Organic brewed coffee;Brazilian Lg;Astoria
37.20;12;7;202303;Mar;Sun;Morning;Med;Tea;Brewed Chai tea;Spicy Eye Opener Chai Lg;Astoria
24.50;7;7;202303;Mar;Sun;Morning;Med;Bakery;Biscotti;Chocolate Chip Biscotti;Hell's Kitchen
9.50;1;1;202303;Mar;Sun;Morning;Low;Loose Tea;Chai tea;Morning Sunrise Chai;Astoria
2.40;3;2;202303;Mar;Sun;Afternoon;Low;Flavours;Regular syrup;Carmel syrup;Hell's Kitchen
30.00;12;7;202303;Mar;Sun;Afternoon;Med;Tea;Brewed herbal tea;Lemon Grass Rg;Astoria
4.80;6;4;202303;Mar;Sun;Afternoon;Low;Flavours;Regular syrup;Chocolate syrup;Hell's Kitchen
6.00;2;2;202303;Mar;Sun;Afternoon;Low;Coffee;Organic brewed coffee;Brazilian Rg;Lower Manhattan
12.00;4;3;202303;Mar;Sun;Afternoon;Low;Coffee;Barista Espresso;Espresso shot;Lower Manhattan
8.80;11;7;202303;Mar;Sun;Afternoon;Low;Flavours;Regular syrup;Carmel syrup;Lower Manhattan
7.00;2;2;202303;Mar;Sun;Afternoon;Low;Bakery;Biscotti;Ginger Biscotti;Hell's Kitchen
7.00;2;1;202303;Mar;Sun;Afternoon;Low;Coffee;Organic brewed coffee;Brazilian Lg;Hell's Kitchen
11.25;3;3;202303;Mar;Sun;Afternoon;Low;Bakery;Scone;Jumbo Savory Scone;Hell's Kitchen
15.00;4;4;202303;Mar;Sun;Afternoon;Low;Bakery;Pastry;Chocolate Croissant;Lower Manhattan
9.25;1;1;202303;Mar;Sun;Afternoon;Low;Loose Tea;Green tea;Serenity Green Tea;Astoria
8.95;1;1;202303;Mar;Sun;Afternoon;Low;Loose Tea;Herbal tea;Lemon Grass;Hell's Kitchen
1.60;2;1;202303;Mar;Sun;Afternoon;Low;Flavours;Regular syrup;Hazelnut syrup;Hell's Kitchen
21.00;7;3;202303;Mar;Sun;Afternoon;Med;Tea;Brewed herbal tea;Lemon Grass Lg;Lower Manhattan
0.80;1;1;202303;Mar;Sun;Afternoon;Low;Flavours;Regular syrup;Hazelnut syrup;Astoria
12.00;1;1;202303;Mar;Sun;Afternoon;Low;Branded;Housewares;I Need My Bean! Diner mug;Hell's Kitchen
25.50;6;4;202303;Mar;Sun;Afternoon;Med;Coffee;Barista Espresso;Cappuccino Lg;Hell's Kitchen
5.00;2;1;202303;Mar;Sun;Afternoon;Low;Tea;Brewed herbal tea;Lemon Grass Rg;Hell's Kitchen
6.00;2;1;202303;Mar;Sun;Afternoon;Low;Tea;Brewed Green tea;Serenity Green Tea Lg;Hell's Kitchen
0.80;1;1;202303;Mar;Sun;Afternoon;Low;Flavours;Regular syrup;Carmel syrup;Astoria
20.45;1;1;202303;Mar;Sun;Afternoon;very high;Coffee beans;Espresso Beans;Primo Espresso Roast;Hell's Kitchen
9.50;2;1;202303;Mar;Sun;Evening;Low;Drinking Chocolate;Hot chocolate;Sustainably Grown Organic Lg;Lower Manhattan
12.00;4;4;202303;Mar;Sun;Evening;Low;Tea;Brewed Black tea;English Breakfast Lg;Lower Manhattan
10.00;1;1;202303;Mar;Sun;Evening;Low;Coffee beans;Green beans;Guatemalan Sustainably Grown;Lower Manhattan
7.50;2;2;202303;Mar;Sun;Evening;Low;Coffee;Barista Espresso;Cappuccino;Lower Manhattan
7.20;9;5;202303;Mar;Sun;Evening;Low;Flavours;Sugar free syrup;Sugar Free Vanilla syrup;Lower Manhattan
3.50;1;1;202303;Mar;Sun;Evening;Low;Bakery;Pastry;Croissant;Lower Manhattan
3.20;4;3;202303;Mar;Sun;Evening;Low;Flavours;Regular syrup;Chocolate syrup;Astoria
15.50;5;4;202303;Mar;Sun;Evening;Low;Coffee;Premium brewed coffee;Jamaican Coffee River Rg;Lower Manhattan
4.80;6;4;202303;Mar;Sun;Evening;Low;Flavours;Sugar free syrup;Sugar Free Vanilla syrup;Hell's Kitchen
45.00;1;1;202303;Mar;Sun;Evening;High;Coffee beans;Premium Beans;Civet Cat;Hell's Kitchen
13.00;4;4;202303;Mar;Sun;Evening;Low;Bakery;Scone;Cranberry Scone;Hell's Kitchen
5.60;7;4;202303;Mar;Sun;Evening;Low;Flavours;Regular syrup;Carmel syrup;Lower Manhattan
3.25;1;1;202303;Mar;Sun;Evening;Low;Bakery;Scone;Ginger Scone;Lower Manhattan
8.95;1;1;202303;Mar;Sun;Evening;Low;Loose Tea;Black tea;English Breakfast;Hell's Kitchen
4.40;2;1;202303;Mar;Sun;Evening;Low;Coffee;Gourmet brewed coffee;Ethiopia Sm;Lower Manhattan
6.50;2;2;202303;Mar;Sun;Evening;Low;Bakery;Biscotti;Hazelnut Biscotti;Hell's Kitchen
0.80;1;1;202303;Mar;Sun;Evening;Low;Flavours;Regular syrup;Hazelnut syrup;Hell's Kitchen
1.60;2;2;202303;Mar;Sun;Evening;Low;Flavours;Regular syrup;Chocolate syrup;Lower Manhattan
20.00;8;5;202303;Mar;Sun;Evening;Low;Coffee;Gourmet brewed coffee;Columbian Medium Roast Rg;Astoria
36.00;2;2;202303;Mar;Sun;Evening;Med;Coffee beans;House blend Beans;Our Old Time Diner Blend;Hell's Kitchen
14.00;1;1;202303;Mar;Sun;Evening;Low;Branded;Housewares;I Need My Bean! Latte cup;Hell's Kitchen
9.25;1;1;202303;Mar;Sun;Evening;Low;Loose Tea;Green tea;Serenity Green Tea;Astoria
9.80;4;2;202303;Mar;Sun;Evening;Low;Coffee;Premium brewed coffee;Jamaican Coffee River Sm;Lower Manhattan
3.10;1;1;202303;Mar;Sun;Evening;Low;Tea;Brewed Chai tea;Spicy Eye Opener Chai Lg;Lower Manhattan
10.00;4;2;202303;Mar;Sun;Evening;Low;Tea;Brewed herbal tea;Peppermint Rg;Lower Manhattan
3.75;1;1;202303;Mar;Sun;Evening;Low;Bakery;Scone;Jumbo Savory Scone;Lower Manhattan
21.00;1;1;202303;Mar;Sun;Evening;Med;Coffee beans;Gourmet Beans;Ethiopia;Lower Manhattan
7.50;2;2;202303;Mar;Sun;Evening;Low;Coffee;Barista Espresso;Cappuccino;Hell's Kitchen
4.00;5;4;202303;Mar;Sun;Evening;Low;Flavours;Regular syrup;Carmel syrup;Hell's Kitchen
7.50;2;2;202303;Mar;Sun;Evening;Low;Bakery;Scone;Jumbo Savory Scone;Hell's Kitchen
0.80;1;1;202303;Mar;Sun;Evening;Low;Flavours;Sugar free syrup;Sugar Free Vanilla syrup;Astoria
17.50;5;3;202303;Mar;Sun;Evening;Low;Drinking Chocolate;Hot chocolate;Dark chocolate Rg;Hell's Kitchen
118.75;25;16;202303;Mar;Mon;Morning;very high;Drinking Chocolate;Hot chocolate;Sustainably Grown Organic Lg;Astoria
12.00;4;3;202303;Mar;Mon;Morning;Low;Coffee;Barista Espresso;Espresso shot;Astoria
30.00;12;6;202303;Mar;Mon;Morning;Med;Coffee;Gourmet brewed coffee;Columbian Medium Roast Rg;Lower Manhattan
49.00;14;11;202303;Mar;Mon;Morning;High;Drinking Chocolate;Hot chocolate;Dark chocolate Rg;Astoria
35.00;10;10;202303;Mar;Mon;Morning;Med;Bakery;Pastry;Croissant;Astoria
30.00;8;6;202303;Mar;Mon;Morning;Med;Coffee;Barista Espresso;Latte;Astoria
7.20;9;7;202303;Mar;Mon;Morning;Low;Flavours;Sugar free syrup;Sugar Free Vanilla syrup;Astoria
31.50;7;7;202303;Mar;Mon;Morning;Med;Bakery;Scone;Scottish Cream Scone ;Lower Manhattan
13.60;17;10;202303;Mar;Mon;Morning;Low;Flavours;Regular syrup;Chocolate syrup;Lower Manhattan
12.50;5;4;202303;Mar;Mon;Morning;Low;Tea;Brewed Black tea;Earl Grey Rg;Astoria
33.00;11;8;202303;Mar;Mon;Morning;Med;Coffee;Drip coffee;Our Old Time Diner Blend Lg;Astoria
57.00;19;12;202303;Mar;Mon;Morning;High;Tea;Brewed Chai tea;Traditional Blend Chai Lg;Astoria
45.50;13;10;202303;Mar;Mon;Morning;High;Coffee;Gourmet brewed coffee;Ethiopia Lg;Astoria
17.50;7;5;202303;Mar;Mon;Morning;Low;Tea;Brewed herbal tea;Lemon Grass Rg;Astoria
10.00;5;4;202303;Mar;Mon;Morning;Low;Coffee;Drip coffee;Our Old Time Diner Blend Sm;Astoria
6.50;2;2;202303;Mar;Mon;Morning;Low;Bakery;Scone;Cranberry Scone;Astoria
24.50;10;8;202303;Mar;Mon;Morning;Med;Coffee;Premium brewed coffee;Jamaican Coffee River Sm;Astoria
10.40;13;7;202303;Mar;Mon;Morning;Low;Flavours;Regular syrup;Carmel syrup;Lower Manhattan
26.25;7;7;202303;Mar;Mon;Morning;Med;Bakery;Pastry;Almond Croissant;Lower Manhattan
36.00;12;9;202303;Mar;Mon;Morning;Med;Coffee;Gourmet brewed coffee;Ethiopia Rg;Astoria
57.50;23;12;202303;Mar;Mon;Morning;High;Tea;Brewed Chai tea;Traditional Blend Chai Rg;Lower Manhattan
69.00;23;17;202303;Mar;Mon;Morning;very high;Tea;Brewed herbal tea;Peppermint Lg;Astoria
6.00;2;2;202303;Mar;Mon;Morning;Low;Tea;Brewed Black tea;English Breakfast Lg;Astoria
30.00;12;7;202303;Mar;Mon;Morning;Med;Coffee;Drip coffee;Our Old Time Diner Blend Rg;Lower Manhattan
78.75;21;12;202303;Mar;Mon;Morning;very high;Coffee;Premium brewed coffee;Jamaican Coffee River Lg;Lower Manhattan
63.00;14;7;202303;Mar;Mon;Morning;very high;Drinking Chocolate;Hot chocolate;Dark chocolate Lg;Lower Manhattan
26.25;7;7;202303;Mar;Mon;Morning;Med;Bakery;Scone;Jumbo Savory Scone;Astoria
27.00;9;4;202303;Mar;Mon;Morning;Med;Tea;Brewed herbal tea;Lemon Grass Lg;Lower Manhattan
28.60;13;10;202303;Mar;Mon;Morning;Med;Coffee;Organic brewed coffee;Brazilian Sm;Astoria
9.60;12;8;202303;Mar;Mon;Morning;Low;Flavours;Regular syrup;Hazelnut syrup;Lower Manhattan
37.50;15;7;202303;Mar;Mon;Morning;Med;Tea;Brewed Chai tea;Morning Sunrise Chai Rg;Lower Manhattan
60.00;16;11;202303;Mar;Mon;Morning;High;Coffee;Barista Espresso;Cappuccino;Hell's Kitchen
21.00;7;5;202303;Mar;Mon;Morning;Med;Tea;Brewed Green tea;Serenity Green Tea Lg;Astoria
35.00;14;9;202303;Mar;Mon;Morning;Med;Tea;Brewed herbal tea;Peppermint Rg;Hell's Kitchen
39.00;12;12;202303;Mar;Mon;Morning;Med;Bakery;Scone;Ginger Scone;Hell's Kitchen
17.90;2;2;202303;Mar;Mon;Morning;Low;Loose Tea;Herbal tea;Lemon Grass;Hell's Kitchen
35.00;14;10;202303;Mar;Mon;Morning;Med;Tea;Brewed Chai tea;Morning Sunrise Chai Rg;Astoria
33.00;11;9;202303;Mar;Mon;Morning;Med;Coffee;Organic brewed coffee;Brazilian Rg;Astoria
15.00;1;1;202303;Mar;Mon;Morning;Low;Coffee beans;Gourmet Beans;Columbian Medium Roast;Hell's Kitchen
49.00;14;8;202303;Mar;Mon;Morning;High;Coffee;Organic brewed coffee;Brazilian Lg;Hell's Kitchen
9.60;12;8;202303;Mar;Mon;Morning;Low;Flavours;Regular syrup;Carmel syrup;Hell's Kitchen
18.40;23;14;202303;Mar;Mon;Morning;Low;Flavours;Regular syrup;Chocolate syrup;Hell's Kitchen
86.25;23;12;202303;Mar;Mon;Morning;very high;Coffee;Premium brewed coffee;Jamaican Coffee River Lg;Hell's Kitchen
27.50;11;8;202303;Mar;Mon;Morning;Med;Coffee;Gourmet brewed coffee;Columbian Medium Roast Rg;Astoria
19.50;6;6;202303;Mar;Mon;Morning;Low;Bakery;Biscotti;Hazelnut Biscotti;Astoria
8.95;1;1;202303;Mar;Mon;Morning;Low;Loose Tea;Herbal tea;Peppermint;Hell's Kitchen
8.80;11;10;202303;Mar;Mon;Morning;Low;Flavours;Regular syrup;Hazelnut syrup;Hell's Kitchen
22.50;1;1;202303;Mar;Mon;Morning;Med;Coffee beans;Organic Beans;Organic Decaf Blend;Hell's Kitchen
17.50;5;5;202303;Mar;Mon;Morning;Low;Bakery;Pastry;Croissant;Hell's Kitchen
11.25;3;3;202303;Mar;Mon;Morning;Low;Bakery;Scone;Jumbo Savory Scone;Hell's Kitchen
67.50;27;15;202303;Mar;Mon;Morning;very high;Coffee;Gourmet brewed coffee;Columbian Medium Roast Rg;Hell's Kitchen
22.50;5;5;202303;Mar;Mon;Morning;Med;Bakery;Scone;Scottish Cream Scone ;Hell's Kitchen
9.60;12;7;202303;Mar;Mon;Morning;Low;Flavours;Sugar free syrup;Sugar Free Vanilla syrup;Lower Manhattan
19.00;2;2;202303;Mar;Mon;Morning;Low;Loose Tea;Chai tea;Morning Sunrise Chai;Hell's Kitchen
7.60;1;1;202303;Mar;Mon;Morning;Low;Packaged Chocolate;Organic Chocolate;Sustainably Grown Organic;Hell's Kitchen
34.00;8;8;202303;Mar;Mon;Morning;Med;Coffee;Barista Espresso;Cappuccino Lg;Astoria
4.00;5;3;202303;Mar;Mon;Morning;Low;Flavours;Regular syrup;Chocolate syrup;Astoria
42.00;14;12;202303;Mar;Mon;Morning;High;Tea;Brewed Black tea;Earl Grey Lg;Astoria
27.00;9;9;202303;Mar;Mon;Morning;Med;Bakery;Scone;Oatmeal Scone;Astoria
19.75;1;1;202303;Mar;Mon;Morning;Low;Coffee beans;Premium Beans;Jamacian Coffee River;Hell's Kitchen
56.25;15;10;202303;Mar;Mon;Morning;High;Coffee;Barista Espresso;Cappuccino;Astoria
3.20;4;3;202303;Mar;Mon;Morning;Low;Flavours;Regular syrup;Hazelnut syrup;Astoria
39.60;18;8;202303;Mar;Mon;Morning;Med;Coffee;Gourmet brewed coffee;Ethiopia Sm;Lower Manhattan
43.40;14;11;202303;Mar;Mon;Morning;High;Tea;Brewed Chai tea;Spicy Eye Opener Chai Lg;Hell's Kitchen
18.60;6;6;202303;Mar;Mon;Morning;Low;Coffee;Premium brewed coffee;Jamaican Coffee River Rg;Astoria
21.25;5;5;202303;Mar;Mon;Morning;Med;Coffee;Barista Espresso;Latte Rg;Astoria
9.25;1;1;202303;Mar;Mon;Morning;Low;Loose Tea;Green tea;Serenity Green Tea;Lower Manhattan
4.80;6;5;202303;Mar;Mon;Morning;Low;Flavours;Sugar free syrup;Sugar Free Vanilla syrup;Hell's Kitchen
21.00;1;1;202303;Mar;Mon;Morning;Med;Coffee beans;Gourmet Beans;Ethiopia;Hell's Kitchen
14.00;1;1;202303;Mar;Mon;Morning;Low;Branded;Housewares;I Need My Bean! Latte cup;Lower Manhattan
22.50;9;5;202303;Mar;Mon;Morning;Med;Tea;Brewed Black tea;Earl Grey Rg;Hell's Kitchen
17.90;2;2;202303;Mar;Mon;Morning;Low;Loose Tea;Chai tea;Traditional Blend Chai;Hell's Kitchen
35.00;10;7;202303;Mar;Mon;Morning;Med;Coffee;Organic brewed coffee;Brazilian Lg;Astoria
30.00;12;7;202303;Mar;Mon;Morning;Med;Tea;Brewed Green tea;Serenity Green Tea Rg;Hell's Kitchen
45.00;1;1;202303;Mar;Mon;Morning;High;Coffee beans;Premium Beans;Civet Cat;Hell's Kitchen
18.00;1;1;202303;Mar;Mon;Morning;Low;Coffee beans;Organic Beans;Brazilian - Organic;Hell's Kitchen
8.95;1;1;202303;Mar;Mon;Afternoon;Low;Loose Tea;Herbal tea;Peppermint;Lower Manhattan
10.00;4;3;202303;Mar;Mon;Afternoon;Low;Tea;Brewed Black tea;Earl Grey Rg;Lower Manhattan
14.00;7;4;202303;Mar;Mon;Afternoon;Low;Coffee;Drip coffee;Our Old Time Diner Blend Sm;Lower Manhattan
21.00;1;1;202303;Mar;Mon;Afternoon;Med;Coffee beans;Gourmet Beans;Ethiopia;Lower Manhattan
3.20;4;3;202303;Mar;Mon;Afternoon;Low;Flavours;Sugar free syrup;Sugar Free Vanilla syrup;Lower Manhattan
3.50;1;1;202303;Mar;Mon;Afternoon;Low;Bakery;Biscotti;Chocolate Chip Biscotti;Hell's Kitchen
1.60;2;1;202303;Mar;Mon;Afternoon;Low;Flavours;Regular syrup;Hazelnut syrup;Lower Manhattan
4.80;6;4;202303;Mar;Mon;Afternoon;Low;Flavours;Regular syrup;Chocolate syrup;Lower Manhattan
10.50;3;3;202303;Mar;Mon;Afternoon;Low;Bakery;Pastry;Croissant;Lower Manhattan
17.50;7;4;202303;Mar;Mon;Afternoon;Low;Tea;Brewed Chai tea;Morning Sunrise Chai Rg;Hell's Kitchen
22.50;6;4;202303;Mar;Mon;Afternoon;Med;Coffee;Barista Espresso;Cappuccino;Hell's Kitchen
6.00;2;1;202303;Mar;Mon;Afternoon;Low;Coffee;Drip coffee;Our Old Time Diner Blend Lg;Lower Manhattan
5.00;2;2;202303;Mar;Mon;Afternoon;Low;Tea;Brewed Chai tea;Morning Sunrise Chai Rg;Astoria
6.00;2;2;202303;Mar;Mon;Afternoon;Low;Tea;Brewed herbal tea;Peppermint Lg;Lower Manhattan
23.75;5;3;202303;Mar;Mon;Afternoon;Med;Drinking Chocolate;Hot chocolate;Sustainably Grown Organic Lg;Lower Manhattan
11.25;3;3;202303;Mar;Mon;Afternoon;Low;Bakery;Pastry;Almond Croissant;Lower Manhattan
8.80;4;3;202303;Mar;Mon;Afternoon;Low;Coffee;Organic brewed coffee;Brazilian Sm;Astoria
3.20;4;3;202303;Mar;Mon;Afternoon;Low;Flavours;Regular syrup;Hazelnut syrup;Hell's Kitchen
14.00;4;2;202303;Mar;Mon;Afternoon;Low;Coffee;Gourmet brewed coffee;Ethiopia Lg;Hell's Kitchen
25.50;6;3;202303;Mar;Mon;Afternoon;Med;Coffee;Barista Espresso;Latte Rg;Astoria
1.60;2;1;202303;Mar;Mon;Afternoon;Low;Flavours;Regular syrup;Chocolate syrup;Astoria
17.50;7;4;202303;Mar;Mon;Afternoon;Low;Tea;Brewed herbal tea;Peppermint Rg;Hell's Kitchen
16.00;4;3;202303;Mar;Mon;Afternoon;Low;Tea;Brewed Chai tea;Morning Sunrise Chai Lg;Hell's Kitchen
12.00;4;4;202303;Mar;Mon;Afternoon;Low;Coffee;Barista Espresso;Espresso shot;Astoria
1.60;2;2;202303;Mar;Mon;Afternoon;Low;Flavours;Regular syrup;Carmel syrup;Astoria
90.00;2;2;202303;Mar;Mon;Afternoon;very high;Coffee beans;Premium Beans;Civet Cat;Lower Manhattan
4.00;5;3;202303;Mar;Mon;Afternoon;Low;Flavours;Sugar free syrup;Sugar Free Vanilla syrup;Hell's Kitchen
3.00;1;1;202303;Mar;Mon;Afternoon;Low;Bakery;Scone;Oatmeal Scone;Hell's Kitchen
36.00;2;2;202303;Mar;Mon;Afternoon;Med;Coffee beans;Organic Beans;Brazilian - Organic;Hell's Kitchen
7.35;3;2;202303;Mar;Mon;Afternoon;Low;Coffee;Premium brewed coffee;Jamaican Coffee River Sm;Hell's Kitchen
8.95;1;1;202303;Mar;Mon;Afternoon;Low;Loose Tea;Herbal tea;Lemon Grass;Hell's Kitchen
4.00;5;4;202303;Mar;Mon;Afternoon;Low;Flavours;Regular syrup;Carmel syrup;Lower Manhattan
24.00;8;3;202303;Mar;Mon;Afternoon;Med;Tea;Brewed Black tea;Earl Grey Lg;Lower Manhattan
17.60;8;4;202303;Mar;Mon;Afternoon;Low;Coffee;Gourmet brewed coffee;Ethiopia Sm;Lower Manhattan
7.50;2;2;202303;Mar;Mon;Afternoon;Low;Bakery;Scone;Jumbo Savory Scone;Hell's Kitchen
18.00;1;1;202303;Mar;Mon;Afternoon;Low;Coffee beans;Organic Beans;Brazilian - Organic;Lower Manhattan
5.10;2;1;202303;Mar;Mon;Afternoon;Low;Tea;Brewed Chai tea;Spicy Eye Opener Chai Rg;Lower Manhattan
7.60;1;1;202303;Mar;Mon;Afternoon;Low;Packaged Chocolate;Organic Chocolate;Sustainably Grown Organic;Lower Manhattan
20.45;1;1;202303;Mar;Mon;Afternoon;very high;Coffee beans;Espresso Beans;Primo Espresso Roast;Lower Manhattan
7.50;2;2;202303;Mar;Mon;Evening;Low;Bakery;Pastry;Chocolate Croissant;Lower Manhattan
18.00;1;1;202303;Mar;Mon;Evening;Low;Coffee beans;House blend Beans;Our Old Time Diner Blend;Lower Manhattan
18.75;5;3;202303;Mar;Mon;Evening;Low;Drinking Chocolate;Hot chocolate;Sustainably Grown Organic Rg;Lower Manhattan
6.00;2;2;202303;Mar;Mon;Evening;Low;Tea;Brewed Black tea;Earl Grey Lg;Hell's Kitchen
20.00;8;3;202303;Mar;Mon;Evening;Low;Tea;Brewed herbal tea;Peppermint Rg;Lower Manhattan
14.75;1;1;202303;Mar;Mon;Evening;Low;Coffee beans;Espresso Beans;Espresso Roast;Hell's Kitchen
51.00;12;7;202303;Mar;Mon;Evening;High;Coffee;Barista Espresso;Cappuccino Lg;Astoria
4.00;5;3;202303;Mar;Mon;Evening;Low;Flavours;Regular syrup;Hazelnut syrup;Astoria
3.75;1;1;202303;Mar;Mon;Evening;Low;Bakery;Scone;Jumbo Savory Scone;Lower Manhattan
22.50;6;4;202303;Mar;Mon;Evening;Med;Drinking Chocolate;Hot chocolate;Sustainably Grown Organic Rg;Hell's Kitchen
3.75;1;1;202303;Mar;Mon;Evening;Low;Bakery;Pastry;Almond Croissant;Hell's Kitchen
38.50;11;5;202303;Mar;Mon;Evening;Med;Coffee;Gourmet brewed coffee;Ethiopia Lg;Lower Manhattan
21.00;7;4;202303;Mar;Mon;Evening;Med;Coffee;Barista Espresso;Espresso shot;Hell's Kitchen
4.80;6;3;202303;Mar;Mon;Evening;Low;Flavours;Regular syrup;Chocolate syrup;Hell's Kitchen
3.20;4;3;202303;Mar;Mon;Evening;Low;Flavours;Sugar free syrup;Sugar Free Vanilla syrup;Hell's Kitchen
18.75;5;3;202303;Mar;Mon;Evening;Low;Coffee;Premium brewed coffee;Jamaican Coffee River Lg;Hell's Kitchen
2.40;3;2;202303;Mar;Mon;Evening;Low;Flavours;Regular syrup;Carmel syrup;Lower Manhattan
3.50;1;1;202303;Mar;Mon;Evening;Low;Coffee;Organic brewed coffee;Brazilian Lg;Lower Manhattan
0.80;1;1;202303;Mar;Mon;Evening;Low;Flavours;Regular syrup;Carmel syrup;Astoria
1.60;2;2;202303;Mar;Mon;Evening;Low;Flavours;Regular syrup;Hazelnut syrup;Lower Manhattan
10.00;4;2;202303;Mar;Mon;Evening;Low;Coffee;Drip coffee;Our Old Time Diner Blend Rg;Lower Manhattan
21.00;7;5;202303;Mar;Mon;Evening;Med;Tea;Brewed herbal tea;Peppermint Lg;Astoria
5.00;2;1;202303;Mar;Mon;Evening;Low;Tea;Brewed Green tea;Serenity Green Tea Rg;Lower Manhattan
7.00;2;2;202303;Mar;Mon;Evening;Low;Bakery;Pastry;Croissant;Lower Manhattan
7.65;3;2;202303;Mar;Mon;Evening;Low;Tea;Brewed Chai tea;Spicy Eye Opener Chai Rg;Hell's Kitchen
4.90;2;1;202303;Mar;Mon;Evening;Low;Coffee;Premium brewed coffee;Jamaican Coffee River Sm;Lower Manhattan
23.75;5;2;202303;Mar;Mon;Evening;Med;Drinking Chocolate;Hot chocolate;Sustainably Grown Organic Lg;Lower Manhattan
1.60;2;1;202303;Mar;Mon;Evening;Low;Flavours;Regular syrup;Chocolate syrup;Astoria
6.00;2;2;202303;Mar;Mon;Evening;Low;Tea;Brewed Green tea;Serenity Green Tea Lg;Astoria
8.80;4;2;202303;Mar;Mon;Evening;Low;Coffee;Gourmet brewed coffee;Ethiopia Sm;Hell's Kitchen
15.00;6;3;202303;Mar;Mon;Evening;Low;Coffee;Gourmet brewed coffee;Columbian Medium Roast Rg;Hell's Kitchen
10.00;4;2;202303;Mar;Mon;Evening;Low;Coffee;Drip coffee;Our Old Time Diner Blend Rg;Hell's Kitchen
15.00;4;4;202303;Mar;Mon;Evening;Low;Bakery;Scone;Jumbo Savory Scone;Hell's Kitchen
17.60;8;4;202303;Mar;Mon;Evening;Low;Coffee;Organic brewed coffee;Brazilian Sm;Hell's Kitchen
7.60;1;1;202303;Mar;Tue;Morning;Low;Packaged Chocolate;Organic Chocolate;Sustainably Grown Organic;Lower Manhattan
28.00;8;5;202303;Mar;Tue;Morning;Med;Coffee;Gourmet brewed coffee;Ethiopia Lg;Lower Manhattan
61.75;13;9;202303;Mar;Tue;Morning;very high;Drinking Chocolate;Hot chocolate;Sustainably Grown Organic Lg;Lower Manhattan
13.33;1;1;202303;Mar;Tue;Morning;Low;Packaged Chocolate;Drinking Chocolate;Chili Mayan;Lower Manhattan
22.50;5;5;202303;Mar;Tue;Morning;Med;Bakery;Scone;Scottish Cream Scone ;Lower Manhattan
57.00;12;10;202303;Mar;Tue;Morning;High;Drinking Chocolate;Hot chocolate;Sustainably Grown Organic Lg;Astoria
17.90;2;2;202303;Mar;Tue;Morning;Low;Loose Tea;Herbal tea;Lemon Grass;Hell's Kitchen
42.00;12;7;202303;Mar;Tue;Morning;High;Coffee;Organic brewed coffee;Brazilian Lg;Hell's Kitchen
45.00;3;3;202303;Mar;Tue;Morning;High;Coffee beans;Gourmet Beans;Columbian Medium Roast;Astoria
0.80;1;1;202303;Mar;Tue;Morning;Low;Flavours;Sugar free syrup;Sugar Free Vanilla syrup;Astoria
37.50;10;10;202303;Mar;Tue;Morning;Med;Bakery;Scone;Jumbo Savory Scone;Lower Manhattan
17.50;5;5;202303;Mar;Tue;Morning;Low;Bakery;Biscotti;Ginger Biscotti;Astoria
22.50;1;1;202303;Mar;Tue;Morning;Med;Coffee beans;Organic Beans;Organic Decaf Blend;Astoria
8.95;1;1;202303;Mar;Tue;Morning;Low;Loose Tea;Black tea;English Breakfast;Hell's Kitchen
24.00;2;2;202303;Mar;Tue;Morning;Med;Branded;Housewares;I Need My Bean! Diner mug;Astoria
18.00;1;1;202303;Mar;Tue;Morning;Low;Coffee beans;House blend Beans;Our Old Time Diner Blend;Astoria
22.50;1;1;202303;Mar;Tue;Morning;Med;Coffee beans;Organic Beans;Organic Decaf Blend;Hell's Kitchen
55.00;22;14;202303;Mar;Mon;Morning;High;Coffee;Drip coffee;Our Old Time Diner Blend Rg;Hell's Kitchen
24.50;7;7;202303;Mar;Tue;Morning;Med;Bakery;Biscotti;Chocolate Chip Biscotti;Hell's Kitchen
37.50;10;8;202303;Mar;Tue;Morning;Med;Drinking Chocolate;Hot chocolate;Sustainably Grown Organic Rg;Hell's Kitchen
36.00;3;3;202303;Mar;Tue;Morning;Med;Branded;Housewares;I Need My Bean! Diner mug;Lower Manhattan
29.50;2;2;202303;Mar;Tue;Morning;Med;Coffee beans;Espresso Beans;Espresso Roast;Lower Manhattan
13.33;1;1;202303;Mar;Tue;Morning;Low;Packaged Chocolate;Drinking Chocolate;Chili Mayan;Hell's Kitchen
9.60;12;7;202303;Mar;Tue;Morning;Low;Flavours;Regular syrup;Carmel syrup;Astoria
42.00;2;2;202303;Mar;Tue;Morning;High;Coffee beans;Gourmet Beans;Ethiopia;Hell's Kitchen
15.00;1;1;202303;Mar;Tue;Morning;Low;Coffee beans;Gourmet Beans;Columbian Medium Roast;Hell's Kitchen
21.00;7;5;202303;Mar;Tue;Morning;Med;Tea;Brewed Black tea;English Breakfast Lg;Lower Manhattan
6.40;8;5;202303;Mar;Tue;Morning;Low;Flavours;Regular syrup;Chocolate syrup;Astoria
14.40;18;11;202303;Mar;Tue;Morning;Low;Flavours;Regular syrup;Hazelnut syrup;Hell's Kitchen
8.95;1;1;202303;Mar;Tue;Morning;Low;Loose Tea;Chai tea;Traditional Blend Chai;Hell's Kitchen
21.00;7;4;202303;Mar;Tue;Morning;Med;Coffee;Barista Espresso;Espresso shot;Hell's Kitchen
15.00;1;1;202303;Mar;Tue;Morning;Low;Coffee beans;Gourmet Beans;Columbian Medium Roast;Lower Manhattan
28.20;10;8;202303;Mar;Tue;Morning;Med;Coffee;Barista Espresso;Ouro Brasileiro shot;Hell's Kitchen
27.00;9;7;202303;Mar;Tue;Morning;Med;Tea;Brewed Green tea;Serenity Green Tea Lg;Astoria
107.00;4;4;202303;Mar;Tue;Morning;very high;Branded;Clothing;I Need My Bean! T-shirt;Astoria
14.00;1;1;202303;Mar;Tue;Morning;Low;Branded;Housewares;I Need My Bean! Latte cup;Lower Manhattan
30.00;12;6;202303;Mar;Tue;Morning;Med;Tea;Brewed Green tea;Serenity Green Tea Rg;Astoria
135.00;3;3;202303;Mar;Tue;Morning;very high;Coffee beans;Premium Beans;Civet Cat;Hell's Kitchen
17.90;2;2;202303;Mar;Tue;Morning;Low;Loose Tea;Herbal tea;Peppermint;Hell's Kitchen
24.00;8;6;202303;Mar;Tue;Morning;Med;Tea;Brewed herbal tea;Lemon Grass Lg;Hell's Kitchen
8.80;11;7;202303;Mar;Tue;Morning;Low;Flavours;Regular syrup;Hazelnut syrup;Astoria
21.00;6;6;202303;Mar;Tue;Morning;Med;Bakery;Biscotti;Ginger Biscotti;Lower Manhattan
6.40;1;1;202303;Mar;Tue;Morning;Low;Packaged Chocolate;Drinking Chocolate;Dark chocolate;Lower Manhattan
18.00;6;6;202303;Mar;Tue;Morning;Low;Bakery;Scone;Oatmeal Scone;Hell's Kitchen
9.50;1;1;202303;Mar;Tue;Morning;Low;Loose Tea;Chai tea;Morning Sunrise Chai;Hell's Kitchen
5.00;2;1;202303;Mar;Tue;Night;Low;Tea;Brewed Black tea;Earl Grey Rg;Hell's Kitchen
30.00;10;6;202303;Mar;Tue;Afternoon;Med;Coffee;Organic brewed coffee;Brazilian Rg;Lower Manhattan
11.25;3;3;202303;Mar;Tue;Afternoon;Low;Bakery;Scone;Jumbo Savory Scone;Lower Manhattan
30.00;8;5;202303;Mar;Tue;Afternoon;Med;Drinking Chocolate;Hot chocolate;Sustainably Grown Organic Rg;Lower Manhattan
15.00;5;4;202303;Mar;Tue;Afternoon;Low;Tea;Brewed herbal tea;Lemon Grass Lg;Astoria
8.95;1;1;202303;Mar;Tue;Afternoon;Low;Loose Tea;Black tea;English Breakfast;Hell's Kitchen
11.25;3;3;202303;Mar;Tue;Afternoon;Low;Bakery;Pastry;Chocolate Croissant;Hell's Kitchen
2.50;1;1;202303;Mar;Tue;Afternoon;Low;Tea;Brewed Chai tea;Traditional Blend Chai Rg;Lower Manhattan
24.50;7;4;202303;Mar;Tue;Afternoon;Med;Coffee;Gourmet brewed coffee;Ethiopia Lg;Lower Manhattan
9.00;3;3;202303;Mar;Tue;Afternoon;Low;Bakery;Scone;Oatmeal Scone;Lower Manhattan
22.50;6;4;202303;Mar;Tue;Afternoon;Med;Coffee;Barista Espresso;Cappuccino;Lower Manhattan
2.40;3;2;202303;Mar;Tue;Afternoon;Low;Flavours;Regular syrup;Chocolate syrup;Lower Manhattan
17.50;5;3;202303;Mar;Tue;Afternoon;Low;Coffee;Organic brewed coffee;Brazilian Lg;Astoria
9.00;3;2;202303;Mar;Tue;Afternoon;Low;Tea;Brewed Black tea;Earl Grey Lg;Hell's Kitchen
15.50;5;3;202303;Mar;Tue;Afternoon;Low;Tea;Brewed Chai tea;Spicy Eye Opener Chai Lg;Lower Manhattan
18.75;5;5;202303;Mar;Tue;Afternoon;Low;Bakery;Pastry;Almond Croissant;Lower Manhattan
21.00;7;5;202303;Mar;Tue;Afternoon;Med;Coffee;Drip coffee;Our Old Time Diner Blend Lg;Hell's Kitchen
18.00;6;4;202303;Mar;Tue;Afternoon;Low;Tea;Brewed Green tea;Serenity Green Tea Lg;Lower Manhattan
12.00;1;1;202303;Mar;Tue;Afternoon;Low;Branded;Housewares;I Need My Bean! Diner mug;Lower Manhattan
10.50;3;3;202303;Mar;Tue;Afternoon;Low;Drinking Chocolate;Hot chocolate;Dark chocolate Rg;Lower Manhattan
84.00;3;3;202303;Mar;Tue;Afternoon;very high;Branded;Clothing;I Need My Bean! T-shirt;Lower Manhattan
3.20;4;3;202303;Mar;Tue;Afternoon;Low;Flavours;Sugar free syrup;Sugar Free Vanilla syrup;Lower Manhattan
19.50;6;6;202303;Mar;Tue;Afternoon;Low;Bakery;Biscotti;Hazelnut Biscotti;Lower Manhattan
26.25;7;7;202303;Mar;Tue;Afternoon;Med;Bakery;Scone;Jumbo Savory Scone;Astoria
7.00;2;2;202303;Mar;Tue;Afternoon;Low;Drinking Chocolate;Hot chocolate;Dark chocolate Rg;Astoria
45.00;2;2;202303;Mar;Tue;Afternoon;High;Coffee beans;Organic Beans;Organic Decaf Blend;Astoria
12.50;5;4;202303;Mar;Tue;Afternoon;Low;Tea;Brewed herbal tea;Peppermint Rg;Hell's Kitchen
4.00;2;2;202303;Mar;Tue;Afternoon;Low;Coffee;Gourmet brewed coffee;Columbian Medium Roast Sm;Lower Manhattan
6.00;3;3;202303;Mar;Tue;Afternoon;Low;Coffee;Gourmet brewed coffee;Columbian Medium Roast Sm;Hell's Kitchen
10.50;3;3;202303;Mar;Tue;Afternoon;Low;Bakery;Biscotti;Chocolate Chip Biscotti;Hell's Kitchen
22.50;1;1;202303;Mar;Tue;Afternoon;Med;Coffee beans;Organic Beans;Organic Decaf Blend;Hell's Kitchen
17.10;6;4;202303;Mar;Tue;Afternoon;Low;Coffee;Barista Espresso;Ouro Brasileiro shot;Hell's Kitchen
7.50;3;3;202303;Mar;Tue;Afternoon;Low;Tea;Brewed Black tea;Earl Grey Rg;Hell's Kitchen
25.50;6;4;202303;Mar;Tue;Afternoon;Med;Coffee;Barista Espresso;Cappuccino Lg;Hell's Kitchen
18.00;1;1;202303;Mar;Tue;Afternoon;Low;Coffee beans;Organic Beans;Brazilian - Organic;Hell's Kitchen
3.10;1;1;202303;Mar;Tue;Afternoon;Low;Coffee;Premium brewed coffee;Jamaican Coffee River Rg;Hell's Kitchen
22.50;6;3;202303;Mar;Tue;Afternoon;Med;Coffee;Premium brewed coffee;Jamaican Coffee River Lg;Lower Manhattan
9.00;2;2;202303;Mar;Tue;Afternoon;Low;Bakery;Scone;Scottish Cream Scone ;Lower Manhattan
12.00;4;3;202303;Mar;Tue;Afternoon;Low;Coffee;Barista Espresso;Espresso shot;Hell's Kitchen
9.00;2;2;202303;Mar;Tue;Afternoon;Low;Drinking Chocolate;Hot chocolate;Dark chocolate Lg;Lower Manhattan
19.75;1;1;202303;Mar;Tue;Afternoon;Low;Coffee beans;Premium Beans;Jamacian Coffee River;Astoria
6.60;3;2;202303;Mar;Tue;Afternoon;Low;Coffee;Gourmet brewed coffee;Ethiopia Sm;Lower Manhattan
6.00;2;2;202303;Mar;Tue;Afternoon;Low;Coffee;Gourmet brewed coffee;Columbian Medium Roast Lg;Hell's Kitchen
2.50;1;1;202303;Mar;Tue;Afternoon;Low;Tea;Brewed Black tea;Earl Grey Rg;Lower Manhattan
12.00;4;2;202303;Mar;Tue;Afternoon;Low;Tea;Brewed Chai tea;Traditional Blend Chai Lg;Lower Manhattan
24.00;8;4;202303;Mar;Tue;Afternoon;Med;Coffee;Gourmet brewed coffee;Columbian Medium Roast Lg;Lower Manhattan
7.00;2;2;202303;Mar;Tue;Afternoon;Low;Bakery;Pastry;Croissant;Lower Manhattan
10.00;4;3;202303;Mar;Tue;Afternoon;Low;Tea;Brewed Chai tea;Morning Sunrise Chai Rg;Lower Manhattan
2.45;1;1;202303;Mar;Tue;Afternoon;Low;Coffee;Premium brewed coffee;Jamaican Coffee River Sm;Lower Manhattan
18.00;4;3;202303;Mar;Tue;Afternoon;Low;Drinking Chocolate;Hot chocolate;Dark chocolate Lg;Hell's Kitchen
18.00;6;4;202303;Mar;Tue;Afternoon;Low;Coffee;Barista Espresso;Espresso shot;Astoria
0.80;1;1;202303;Mar;Tue;Afternoon;Low;Flavours;Regular syrup;Carmel syrup;Astoria
23.00;1;1;202303;Mar;Tue;Afternoon;Med;Branded;Housewares;I Need My Bean! Latte cup;Astoria
2.40;3;2;202303;Mar;Tue;Afternoon;Low;Flavours;Regular syrup;Hazelnut syrup;Astoria
14.70;6;4;202303;Mar;Tue;Afternoon;Low;Coffee;Premium brewed coffee;Jamaican Coffee River Sm;Hell's Kitchen
8.95;1;1;202303;Mar;Tue;Afternoon;Low;Loose Tea;Chai tea;Traditional Blend Chai;Hell's Kitchen
21.70;7;5;202303;Mar;Tue;Evening;Med;Tea;Brewed Chai tea;Spicy Eye Opener Chai Lg;Hell's Kitchen
12.00;4;2;202303;Mar;Tue;Evening;Low;Coffee;Gourmet brewed coffee;Columbian Medium Roast Lg;Lower Manhattan
18.00;1;1;202303;Mar;Tue;Evening;Low;Coffee beans;Organic Beans;Brazilian - Organic;Hell's Kitchen
27.00;9;5;202303;Mar;Tue;Evening;Med;Coffee;Organic brewed coffee;Brazilian Rg;Hell's Kitchen
9.00;3;2;202303;Mar;Tue;Evening;Low;Tea;Brewed herbal tea;Peppermint Lg;Astoria
16.25;5;5;202303;Mar;Tue;Evening;Low;Bakery;Scone;Ginger Scone;Hell's Kitchen
4.25;1;1;202303;Mar;Tue;Evening;Low;Coffee;Barista Espresso;Latte Rg;Lower Manhattan
0.80;1;1;202303;Mar;Tue;Evening;Low;Flavours;Regular syrup;Carmel syrup;Lower Manhattan
7.00;2;2;202303;Mar;Tue;Evening;Low;Bakery;Biscotti;Ginger Biscotti;Lower Manhattan
4.50;1;1;202303;Mar;Tue;Evening;Low;Bakery;Scone;Scottish Cream Scone ;Astoria
12.75;3;2;202303;Mar;Tue;Evening;Low;Coffee;Barista Espresso;Cappuccino Lg;Lower Manhattan
2.40;3;2;202303;Mar;Tue;Evening;Low;Flavours;Regular syrup;Hazelnut syrup;Lower Manhattan
9.30;3;2;202303;Mar;Tue;Evening;Low;Tea;Brewed Chai tea;Spicy Eye Opener Chai Lg;Astoria
3.50;1;1;202303;Mar;Tue;Evening;Low;Coffee;Organic brewed coffee;Brazilian Lg;Lower Manhattan
9.00;3;2;202303;Mar;Tue;Evening;Low;Coffee;Drip coffee;Our Old Time Diner Blend Lg;Lower Manhattan
15.00;6;3;202303;Mar;Tue;Evening;Low;Tea;Brewed Black tea;Earl Grey Rg;Lower Manhattan
3.25;1;1;202303;Mar;Tue;Evening;Low;Bakery;Scone;Cranberry Scone;Lower Manhattan
6.60;3;3;202303;Mar;Tue;Evening;Low;Coffee;Gourmet brewed coffee;Ethiopia Sm;Lower Manhattan
26.25;7;4;202303;Mar;Tue;Evening;Med;Coffee;Barista Espresso;Latte;Lower Manhattan
3.20;4;2;202303;Mar;Tue;Evening;Low;Flavours;Regular syrup;Chocolate syrup;Lower Manhattan
18.50;2;2;202303;Mar;Tue;Evening;Low;Loose Tea;Green tea;Serenity Green Tea;Lower Manhattan
23.00;1;1;202303;Mar;Tue;Evening;Med;Branded;Housewares;I Need My Bean! Latte cup;Astoria
9.00;3;2;202303;Mar;Tue;Evening;Low;Tea;Brewed Black tea;English Breakfast Lg;Hell's Kitchen
17.50;7;5;202303;Mar;Tue;Evening;Low;Tea;Brewed Black tea;English Breakfast Rg;Hell's Kitchen
21.00;1;1;202303;Mar;Tue;Evening;Med;Coffee beans;Gourmet Beans;Ethiopia;Hell's Kitchen
34.00;8;6;202303;Mar;Tue;Evening;Med;Coffee;Barista Espresso;Cappuccino Lg;Hell's Kitchen
63.00;14;10;202303;Mar;Tue;Evening;very high;Drinking Chocolate;Hot chocolate;Dark chocolate Lg;Hell's Kitchen
2.45;1;1;202303;Mar;Tue;Evening;Low;Coffee;Premium brewed coffee;Jamaican Coffee River Sm;Lower Manhattan
12.00;4;2;202303;Mar;Tue;Evening;Low;Coffee;Barista Espresso;Espresso shot;Lower Manhattan
3.20;4;2;202303;Mar;Tue;Evening;Low;Flavours;Sugar free syrup;Sugar Free Vanilla syrup;Lower Manhattan
1.60;2;1;202303;Mar;Tue;Evening;Low;Flavours;Regular syrup;Hazelnut syrup;Astoria
29.50;2;2;202303;Mar;Tue;Evening;Med;Coffee beans;Espresso Beans;Espresso Roast;Astoria
9.00;3;3;202303;Mar;Tue;Evening;Low;Tea;Brewed Green tea;Serenity Green Tea Lg;Hell's Kitchen
1.60;2;1;202303;Mar;Tue;Evening;Low;Flavours;Sugar free syrup;Sugar Free Vanilla syrup;Astoria
28.00;1;1;202303;Mar;Tue;Evening;Med;Branded;Clothing;I Need My Bean! T-shirt;Astoria
0.80;1;1;202303;Mar;Tue;Evening;Low;Flavours;Regular syrup;Chocolate syrup;Astoria
11.25;3;3;202303;Mar;Tue;Evening;Low;Bakery;Pastry;Chocolate Croissant;Hell's Kitchen
14.00;4;4;202303;Mar;Tue;Evening;Low;Bakery;Pastry;Croissant;Hell's Kitchen
22.50;6;3;202303;Mar;Tue;Evening;Med;Coffee;Barista Espresso;Cappuccino;Astoria
17.50;5;5;202303;Mar;Tue;Evening;Low;Bakery;Biscotti;Chocolate Chip Biscotti;Hell's Kitchen
7.00;2;1;202303;Mar;Wed;Night;Low;Coffee;Organic brewed coffee;Brazilian Lg;Lower Manhattan
21.25;5;2;202303;Mar;Wed;Night;Med;Coffee;Barista Espresso;Latte Rg;Lower Manhattan
9.00;2;1;202303;Mar;Wed;Night;Low;Drinking Chocolate;Hot chocolate;Dark chocolate Lg;Lower Manhattan
6.00;2;2;202303;Mar;Wed;Night;Low;Bakery;Scone;Oatmeal Scone;Lower Manhattan
15.00;4;4;202303;Mar;Wed;Night;Low;Bakery;Pastry;Almond Croissant;Lower Manhattan
8.95;1;1;202303;Mar;Wed;Night;Low;Loose Tea;Black tea;Earl Grey;Lower Manhattan
15.00;5;3;202303;Mar;Wed;Night;Low;Tea;Brewed Chai tea;Traditional Blend Chai Lg;Lower Manhattan
2.00;1;1;202303;Mar;Wed;Night;Low;Coffee;Gourmet brewed coffee;Columbian Medium Roast Sm;Lower Manhattan
7.50;3;2;202303;Mar;Wed;Night;Low;Tea;Brewed herbal tea;Lemon Grass Rg;Lower Manhattan
9.25;1;1;202303;Mar;Wed;Night;Low;Loose Tea;Green tea;Serenity Green Tea;Lower Manhattan
8.50;2;2;202303;Mar;Wed;Night;Low;Coffee;Barista Espresso;Cappuccino Lg;Lower Manhattan
10.00;4;3;202303;Mar;Wed;Night;Low;Tea;Brewed herbal tea;Peppermint Rg;Lower Manhattan
3.25;1;1;202303;Mar;Wed;Night;Low;Bakery;Biscotti;Hazelnut Biscotti;Lower Manhattan
6.50;2;2;202303;Mar;Wed;Night;Low;Bakery;Scone;Cranberry Scone;Lower Manhattan
10.00;4;2;202303;Mar;Wed;Night;Low;Tea;Brewed Chai tea;Morning Sunrise Chai Rg;Lower Manhattan
2.50;1;1;202303;Mar;Wed;Night;Low;Tea;Brewed Chai tea;Traditional Blend Chai Rg;Lower Manhattan
21.90;2;2;202303;Mar;Wed;Night;Med;Loose Tea;Chai tea;Spicy Eye Opener Chai;Lower Manhattan
2.40;3;2;202303;Mar;Wed;Night;Low;Flavours;Regular syrup;Chocolate syrup;Lower Manhattan
5.00;2;1;202303;Mar;Wed;Night;Low;Tea;Brewed Black tea;Earl Grey Rg;Hell's Kitchen
18.00;6;3;202303;Mar;Wed;Night;Low;Coffee;Gourmet brewed coffee;Columbian Medium Roast Lg;Lower Manhattan
10.20;4;2;202303;Mar;Wed;Night;Low;Tea;Brewed Chai tea;Spicy Eye Opener Chai Rg;Lower Manhattan
9.50;2;1;202303;Mar;Wed;Night;Low;Drinking Chocolate;Hot chocolate;Sustainably Grown Organic Lg;Lower Manhattan
2.50;1;1;202303;Mar;Wed;Night;Low;Tea;Brewed herbal tea;Lemon Grass Rg;Hell's Kitchen
6.20;2;2;202303;Mar;Wed;Night;Low;Tea;Brewed Chai tea;Spicy Eye Opener Chai Lg;Lower Manhattan
4.20;2;1;202303;Mar;Wed;Night;Low;Coffee;Barista Espresso;Ouro Brasileiro shot;Hell's Kitchen
6.50;2;1;202303;Mar;Wed;Night;Low;Bakery;Scone;Ginger Scone;Hell's Kitchen
7.50;2;1;202303;Mar;Wed;Night;Low;Coffee;Premium brewed coffee;Jamaican Coffee River Lg;Hell's Kitchen
3.00;1;1;202303;Mar;Wed;Night;Low;Bakery;Scone;Oatmeal Scone;Hell's Kitchen
3.00;1;1;202303;Mar;Wed;Night;Low;Tea;Brewed Green tea;Serenity Green Tea Lg;Hell's Kitchen
8.95;1;1;202303;Mar;Wed;Night;Low;Loose Tea;Chai tea;Traditional Blend Chai;Hell's Kitchen
6.00;2;1;202303;Mar;Wed;Night;Low;Tea;Brewed Chai tea;Traditional Blend Chai Lg;Hell's Kitchen
3.50;1;1;202303;Mar;Wed;Night;Low;Bakery;Biscotti;Ginger Biscotti;Hell's Kitchen
5.00;2;1;202303;Mar;Wed;Night;Low;Tea;Brewed Chai tea;Morning Sunrise Chai Rg;Hell's Kitchen
3.00;1;1;202303;Mar;Wed;Night;Low;Tea;Brewed Green tea;Serenity Green Tea Lg;Lower Manhattan
33.00;11;8;202303;Mar;Wed;Morning;Med;Coffee;Organic brewed coffee;Brazilian Rg;Astoria
5.60;7;5;202303;Mar;Wed;Morning;Low;Flavours;Regular syrup;Carmel syrup;Astoria
38.50;11;6;202303;Mar;Wed;Morning;Med;Coffee;Organic brewed coffee;Brazilian Lg;Lower Manhattan
3.20;4;2;202303;Mar;Wed;Morning;Low;Flavours;Regular syrup;Hazelnut syrup;Astoria
5.60;7;5;202303;Mar;Wed;Morning;Low;Flavours;Regular syrup;Chocolate syrup;Astoria
12.00;1;1;202303;Mar;Wed;Morning;Low;Branded;Housewares;I Need My Bean! Diner mug;Hell's Kitchen
15.00;1;1;202303;Mar;Wed;Morning;Low;Coffee beans;Gourmet Beans;Columbian Medium Roast;Astoria
8.95;1;1;202303;Mar;Wed;Morning;Low;Loose Tea;Herbal tea;Peppermint;Astoria
39.00;13;8;202303;Mar;Wed;Morning;Med;Coffee;Gourmet brewed coffee;Columbian Medium Roast Lg;Astoria
42.00;3;3;202303;Mar;Wed;Morning;High;Branded;Housewares;I Need My Bean! Latte cup;Astoria
20.00;2;2;202303;Mar;Wed;Morning;Low;Coffee beans;Green beans;Guatemalan Sustainably Grown;Astoria
42.00;2;2;202303;Mar;Wed;Morning;High;Coffee beans;Gourmet Beans;Ethiopia;Astoria
35.00;14;9;202303;Mar;Wed;Morning;Med;Tea;Brewed Black tea;English Breakfast Rg;Astoria
7.60;1;1;202303;Mar;Wed;Morning;Low;Packaged Chocolate;Organic Chocolate;Sustainably Grown Organic;Hell's Kitchen
8.95;1;1;202303;Mar;Wed;Morning;Low;Loose Tea;Black tea;English Breakfast;Lower Manhattan
14.75;1;1;202303;Mar;Wed;Morning;Low;Coffee beans;Espresso Beans;Espresso Roast;Astoria
17.90;2;2;202303;Mar;Wed;Morning;Low;Loose Tea;Herbal tea;Lemon Grass;Hell's Kitchen
12.00;1;1;202303;Mar;Wed;Morning;Low;Branded;Housewares;I Need My Bean! Diner mug;Lower Manhattan
8.95;1;1;202303;Mar;Wed;Morning;Low;Loose Tea;Black tea;English Breakfast;Astoria
6.40;1;1;202303;Mar;Wed;Morning;Low;Packaged Chocolate;Drinking Chocolate;Dark chocolate;Hell's Kitchen
5.60;7;4;202303;Mar;Wed;Morning;Low;Flavours;Regular syrup;Chocolate syrup;Lower Manhattan
10.95;1;1;202303;Mar;Wed;Morning;Low;Loose Tea;Chai tea;Spicy Eye Opener Chai;Astoria
7.60;1;1;202303;Mar;Wed;Morning;Low;Packaged Chocolate;Organic Chocolate;Sustainably Grown Organic;Lower Manhattan
8.95;1;1;202303;Mar;Wed;Afternoon;Low;Loose Tea;Black tea;English Breakfast;Hell's Kitchen
27.00;9;5;202303;Mar;Wed;Afternoon;Med;Tea;Brewed herbal tea;Lemon Grass Lg;Lower Manhattan
6.00;2;1;202303;Mar;Wed;Afternoon;Low;Coffee;Gourmet brewed coffee;Ethiopia Rg;Lower Manhattan
10.50;3;3;202303;Mar;Wed;Afternoon;Low;Bakery;Biscotti;Chocolate Chip Biscotti;Lower Manhattan
27.00;9;6;202303;Mar;Wed;Afternoon;Med;Tea;Brewed Black tea;Earl Grey Lg;Astoria
10.00;4;4;202303;Mar;Wed;Afternoon;Low;Coffee;Drip coffee;Our Old Time Diner Blend Rg;Hell's Kitchen
15.20;2;2;202303;Mar;Wed;Afternoon;Low;Packaged Chocolate;Organic Chocolate;Sustainably Grown Organic;Lower Manhattan
9.50;1;1;202303;Mar;Wed;Afternoon;Low;Loose Tea;Chai tea;Morning Sunrise Chai;Lower Manhattan
9.75;3;3;202303;Mar;Wed;Afternoon;Low;Bakery;Scone;Ginger Scone;Hell's Kitchen
0.80;1;1;202303;Mar;Wed;Afternoon;Low;Flavours;Regular syrup;Chocolate syrup;Lower Manhattan
1.60;2;1;202303;Mar;Wed;Afternoon;Low;Flavours;Regular syrup;Carmel syrup;Astoria
27.00;9;6;202303;Mar;Wed;Afternoon;Med;Tea;Brewed Chai tea;Traditional Blend Chai Lg;Lower Manhattan
21.00;7;6;202303;Mar;Wed;Afternoon;Med;Coffee;Gourmet brewed coffee;Columbian Medium Roast Lg;Astoria
13.33;1;1;202303;Mar;Wed;Afternoon;Low;Packaged Chocolate;Drinking Chocolate;Chili Mayan;Hell's Kitchen
14.00;7;4;202303;Mar;Wed;Afternoon;Low;Coffee;Drip coffee;Our Old Time Diner Blend Sm;Lower Manhattan
18.00;1;1;202303;Mar;Wed;Afternoon;Low;Coffee beans;Organic Beans;Brazilian - Organic;Astoria
28.00;1;1;202303;Mar;Wed;Afternoon;Med;Branded;Clothing;I Need My Bean! T-shirt;Astoria
1.60;2;1;202303;Mar;Wed;Afternoon;Low;Flavours;Regular syrup;Chocolate syrup;Astoria
12.00;1;1;202303;Mar;Wed;Afternoon;Low;Branded;Housewares;I Need My Bean! Diner mug;Lower Manhattan
21.00;6;5;202303;Mar;Wed;Afternoon;Med;Coffee;Gourmet brewed coffee;Ethiopia Lg;Hell's Kitchen
1.60;2;1;202303;Mar;Wed;Evening;Low;Flavours;Regular syrup;Carmel syrup;Lower Manhattan
6.50;2;2;202303;Mar;Wed;Evening;Low;Bakery;Scone;Ginger Scone;Astoria
8.95;1;1;202303;Mar;Wed;Evening;Low;Loose Tea;Black tea;Earl Grey;Hell's Kitchen
34.10;11;7;202303;Mar;Wed;Evening;Med;Tea;Brewed Chai tea;Spicy Eye Opener Chai Lg;Astoria
9.00;3;3;202303;Mar;Wed;Evening;Low;Coffee;Barista Espresso;Espresso shot;Hell's Kitchen
4.00;5;3;202303;Mar;Wed;Evening;Low;Flavours;Sugar free syrup;Sugar Free Vanilla syrup;Hell's Kitchen
2.00;1;1;202303;Mar;Wed;Evening;Low;Coffee;Gourmet brewed coffee;Columbian Medium Roast Sm;Lower Manhattan
17.50;5;3;202303;Mar;Wed;Evening;Low;Drinking Chocolate;Hot chocolate;Dark chocolate Rg;Lower Manhattan
7.00;2;2;202303;Mar;Wed;Evening;Low;Bakery;Biscotti;Chocolate Chip Biscotti;Lower Manhattan
8.95;1;1;202303;Mar;Wed;Evening;Low;Loose Tea;Chai tea;Traditional Blend Chai;Hell's Kitchen
6.50;2;2;202303;Mar;Wed;Evening;Low;Bakery;Scone;Ginger Scone;Hell's Kitchen
3.20;4;2;202303;Mar;Wed;Evening;Low;Flavours;Regular syrup;Chocolate syrup;Hell's Kitchen
15.00;6;4;202303;Mar;Wed;Evening;Low;Coffee;Gourmet brewed coffee;Columbian Medium Roast Rg;Hell's Kitchen
15.00;4;2;202303;Mar;Wed;Evening;Low;Coffee;Premium brewed coffee;Jamaican Coffee River Lg;Lower Manhattan
11.00;5;4;202303;Mar;Wed;Evening;Low;Coffee;Gourmet brewed coffee;Ethiopia Sm;Hell's Kitchen
24.00;2;2;202303;Mar;Wed;Evening;Med;Branded;Housewares;I Need My Bean! Diner mug;Lower Manhattan
40.90;2;2;202303;Mar;Wed;Evening;very high;Coffee beans;Espresso Beans;Primo Espresso Roast;Astoria
9.30;3;3;202303;Mar;Wed;Evening;Low;Tea;Brewed Chai tea;Spicy Eye Opener Chai Lg;Hell's Kitchen
6.00;2;1;202303;Mar;Thu;Night;Low;Coffee;Drip coffee;Our Old Time Diner Blend Lg;Lower Manhattan
2.50;1;1;202303;Mar;Thu;Night;Low;Tea;Brewed Chai tea;Traditional Blend Chai Rg;Lower Manhattan
3.75;1;1;202303;Mar;Thu;Night;Low;Bakery;Pastry;Chocolate Croissant;Lower Manhattan
22.50;9;5;202303;Mar;Thu;Night;Med;Coffee;Gourmet brewed coffee;Columbian Medium Roast Rg;Lower Manhattan
9.00;3;3;202303;Mar;Thu;Night;Low;Coffee;Barista Espresso;Espresso shot;Lower Manhattan
1.60;2;1;202303;Mar;Thu;Night;Low;Flavours;Regular syrup;Chocolate syrup;Lower Manhattan
18.75;5;2;202303;Mar;Thu;Night;Low;Coffee;Premium brewed coffee;Jamaican Coffee River Lg;Lower Manhattan
11.25;3;2;202303;Mar;Thu;Night;Low;Drinking Chocolate;Hot chocolate;Sustainably Grown Organic Rg;Lower Manhattan
6.00;2;1;202303;Mar;Thu;Night;Low;Tea;Brewed herbal tea;Lemon Grass Lg;Lower Manhattan
6.50;2;2;202303;Mar;Thu;Night;Low;Bakery;Scone;Cranberry Scone;Lower Manhattan
2.50;1;1;202303;Mar;Thu;Night;Low;Tea;Brewed Black tea;English Breakfast Rg;Lower Manhattan
6.00;3;2;202303;Mar;Thu;Night;Low;Coffee;Drip coffee;Our Old Time Diner Blend Sm;Lower Manhattan
10.95;1;1;202303;Mar;Thu;Night;Low;Loose Tea;Chai tea;Spicy Eye Opener Chai;Lower Manhattan
10.00;4;2;202303;Mar;Thu;Night;Low;Tea;Brewed herbal tea;Lemon Grass Rg;Lower Manhattan
7.50;2;1;202303;Mar;Thu;Night;Low;Coffee;Barista Espresso;Latte;Lower Manhattan
0.80;1;1;202303;Mar;Thu;Night;Low;Flavours;Regular syrup;Hazelnut syrup;Lower Manhattan
12.00;4;2;202303;Mar;Thu;Night;Low;Tea;Brewed Black tea;Earl Grey Lg;Lower Manhattan
0.80;1;1;202303;Mar;Thu;Night;Low;Flavours;Regular syrup;Chocolate syrup;Hell's Kitchen
24.50;7;4;202303;Mar;Thu;Night;Med;Drinking Chocolate;Hot chocolate;Dark chocolate Rg;Hell's Kitchen
24.00;8;4;202303;Mar;Thu;Night;Med;Coffee;Organic brewed coffee;Brazilian Rg;Lower Manhattan
3.00;1;1;202303;Mar;Thu;Night;Low;Bakery;Scone;Oatmeal Scone;Lower Manhattan
14.00;1;1;202303;Mar;Thu;Night;Low;Branded;Housewares;I Need My Bean! Latte cup;Lower Manhattan
14.00;1;1;202303;Mar;Thu;Night;Low;Branded;Housewares;I Need My Bean! Latte cup;Hell's Kitchen
6.00;2;1;202303;Mar;Thu;Night;Low;Coffee;Gourmet brewed coffee;Ethiopia Rg;Lower Manhattan
4.40;2;2;202303;Mar;Thu;Night;Low;Coffee;Organic brewed coffee;Brazilian Sm;Lower Manhattan
9.50;1;1;202303;Mar;Thu;Night;Low;Loose Tea;Chai tea;Morning Sunrise Chai;Hell's Kitchen
3.00;1;1;202303;Mar;Thu;Night;Low;Coffee;Barista Espresso;Ouro Brasileiro shot;Hell's Kitchen
9.00;2;2;202303;Mar;Thu;Night;Low;Drinking Chocolate;Hot chocolate;Dark chocolate Lg;Hell's Kitchen
11.25;3;3;202303;Mar;Thu;Night;Low;Bakery;Pastry;Almond Croissant;Hell's Kitchen
6.00;2;1;202303;Mar;Thu;Night;Low;Tea;Brewed herbal tea;Lemon Grass Lg;Hell's Kitchen
7.50;2;2;202303;Mar;Thu;Night;Low;Bakery;Pastry;Chocolate Croissant;Hell's Kitchen
9.00;3;2;202303;Mar;Thu;Night;Low;Coffee;Drip coffee;Our Old Time Diner Blend Lg;Hell's Kitchen
5.00;2;1;202303;Mar;Thu;Night;Low;Tea;Brewed Chai tea;Morning Sunrise Chai Rg;Hell's Kitchen
4.25;1;1;202303;Mar;Thu;Night;Low;Coffee;Barista Espresso;Cappuccino Lg;Lower Manhattan
6.40;8;4;202303;Mar;Thu;Night;Low;Flavours;Sugar free syrup;Sugar Free Vanilla syrup;Lower Manhattan
5.60;7;4;202303;Mar;Thu;Morning;Low;Flavours;Sugar free syrup;Sugar Free Vanilla syrup;Astoria
38.50;11;11;202303;Mar;Thu;Morning;Med;Bakery;Pastry;Croissant;Hell's Kitchen
5.60;7;5;202303;Mar;Thu;Morning;Low;Flavours;Regular syrup;Chocolate syrup;Hell's Kitchen
48.40;22;14;202303;Mar;Thu;Morning;High;Coffee;Gourmet brewed coffee;Ethiopia Sm;Astoria
8.95;1;1;202303;Mar;Thu;Morning;Low;Loose Tea;Herbal tea;Lemon Grass;Lower Manhattan
21.00;6;4;202303;Mar;Thu;Morning;Med;Coffee;Organic brewed coffee;Brazilian Lg;Lower Manhattan
4.00;5;4;202303;Mar;Thu;Morning;Low;Flavours;Regular syrup;Carmel syrup;Astoria
17.90;2;2;202303;Mar;Thu;Morning;Low;Loose Tea;Herbal tea;Lemon Grass;Astoria
8.95;1;1;202303;Mar;Thu;Morning;Low;Loose Tea;Chai tea;Traditional Blend Chai;Astoria
9.50;1;1;202303;Mar;Thu;Morning;Low;Loose Tea;Chai tea;Morning Sunrise Chai;Astoria
36.00;12;7;202303;Mar;Thu;Morning;Med;Tea;Brewed herbal tea;Lemon Grass Lg;Astoria
6.40;8;6;202303;Mar;Thu;Morning;Low;Flavours;Regular syrup;Chocolate syrup;Astoria
42.50;10;8;202303;Mar;Thu;Morning;High;Coffee;Barista Espresso;Latte Rg;Astoria
11.20;14;10;202303;Mar;Thu;Morning;Low;Flavours;Regular syrup;Chocolate syrup;Lower Manhattan
40.50;9;9;202303;Mar;Thu;Morning;very high;Bakery;Scone;Scottish Cream Scone ;Hell's Kitchen
20.00;8;5;202303;Mar;Thu;Morning;Low;Tea;Brewed Chai tea;Traditional Blend Chai Rg;Astoria
29.50;2;2;202303;Mar;Thu;Morning;Med;Coffee beans;Espresso Beans;Espresso Roast;Lower Manhattan
180.00;4;4;202303;Mar;Thu;Morning;very high;Coffee beans;Premium Beans;Civet Cat;Hell's Kitchen
18.50;2;2;202303;Mar;Thu;Morning;Low;Loose Tea;Green tea;Serenity Green Tea;Lower Manhattan
20.45;1;1;202303;Mar;Thu;Morning;very high;Coffee beans;Espresso Beans;Primo Espresso Roast;Hell's Kitchen
42.00;2;2;202303;Mar;Thu;Morning;High;Coffee beans;Gourmet Beans;Ethiopia;Hell's Kitchen
39.99;3;3;202303;Mar;Thu;Morning;Med;Packaged Chocolate;Drinking Chocolate;Chili Mayan;Hell's Kitchen
13.33;1;1;202303;Mar;Thu;Morning;Low;Packaged Chocolate;Drinking Chocolate;Chili Mayan;Astoria
15.00;4;2;202303;Mar;Thu;Afternoon;Low;Coffee;Barista Espresso;Cappuccino;Lower Manhattan
5.60;7;3;202303;Mar;Thu;Afternoon;Low;Flavours;Sugar free syrup;Sugar Free Vanilla syrup;Lower Manhattan
25.00;10;7;202303;Mar;Thu;Afternoon;Med;Tea;Brewed herbal tea;Lemon Grass Rg;Astoria
4.00;5;4;202303;Mar;Thu;Afternoon;Low;Flavours;Regular syrup;Carmel syrup;Lower Manhattan
10.50;3;2;202303;Mar;Thu;Afternoon;Low;Coffee;Organic brewed coffee;Brazilian Lg;Lower Manhattan
10.00;4;2;202303;Mar;Thu;Afternoon;Low;Coffee;Gourmet brewed coffee;Columbian Medium Roast Rg;Astoria
7.00;2;2;202303;Mar;Thu;Afternoon;Low;Bakery;Pastry;Croissant;Astoria
28.00;1;1;202303;Mar;Thu;Afternoon;Med;Branded;Clothing;I Need My Bean! T-shirt;Astoria
1.60;2;2;202303;Mar;Thu;Afternoon;Low;Flavours;Regular syrup;Chocolate syrup;Hell's Kitchen
0.80;1;1;202303;Mar;Thu;Afternoon;Low;Flavours;Regular syrup;Chocolate syrup;Lower Manhattan
9.00;3;2;202303;Mar;Thu;Afternoon;Low;Coffee;Drip coffee;Our Old Time Diner Blend Lg;Hell's Kitchen
1.60;2;1;202303;Mar;Thu;Afternoon;Low;Flavours;Regular syrup;Hazelnut syrup;Astoria
15.00;1;1;202303;Mar;Thu;Afternoon;Low;Coffee beans;Gourmet Beans;Columbian Medium Roast;Astoria
0.80;1;1;202303;Mar;Thu;Afternoon;Low;Flavours;Sugar free syrup;Sugar Free Vanilla syrup;Astoria
29.50;2;2;202303;Mar;Thu;Evening;Med;Coffee beans;Espresso Beans;Espresso Roast;Lower Manhattan
7.00;2;2;202303;Mar;Thu;Evening;Low;Bakery;Pastry;Croissant;Hell's Kitchen
11.25;3;3;202303;Mar;Thu;Evening;Low;Coffee;Premium brewed coffee;Jamaican Coffee River Lg;Lower Manhattan
24.00;8;5;202303;Mar;Thu;Evening;Med;Tea;Brewed herbal tea;Peppermint Lg;Lower Manhattan
16.25;5;5;202303;Mar;Thu;Evening;Low;Bakery;Scone;Cranberry Scone;Astoria
36.00;12;8;202303;Mar;Thu;Evening;Med;Coffee;Drip coffee;Our Old Time Diner Blend Lg;Astoria
21.00;7;4;202303;Mar;Thu;Evening;Med;Coffee;Barista Espresso;Espresso shot;Lower Manhattan
3.20;4;3;202303;Mar;Thu;Evening;Low;Flavours;Sugar free syrup;Sugar Free Vanilla syrup;Lower Manhattan
8.95;1;1;202303;Mar;Thu;Evening;Low;Loose Tea;Herbal tea;Lemon Grass;Lower Manhattan
41.25;11;6;202303;Mar;Thu;Evening;High;Coffee;Barista Espresso;Latte;Hell's Kitchen
12.75;3;2;202303;Mar;Thu;Evening;Low;Coffee;Barista Espresso;Latte Rg;Astoria
2.40;3;2;202303;Mar;Thu;Evening;Low;Flavours;Sugar free syrup;Sugar Free Vanilla syrup;Astoria
18.75;5;4;202303;Mar;Thu;Evening;Low;Drinking Chocolate;Hot chocolate;Sustainably Grown Organic Rg;Hell's Kitchen
10.00;1;1;202303;Mar;Thu;Evening;Low;Coffee beans;Green beans;Guatemalan Sustainably Grown;Lower Manhattan
10.00;4;4;202303;Mar;Thu;Evening;Low;Tea;Brewed Black tea;English Breakfast Rg;Hell's Kitchen
10.00;4;2;202303;Mar;Thu;Evening;Low;Tea;Brewed Black tea;English Breakfast Rg;Lower Manhattan
18.00;1;1;202303;Mar;Thu;Evening;Low;Coffee beans;House blend Beans;Our Old Time Diner Blend;Astoria
25.50;6;4;202303;Mar;Thu;Evening;Med;Coffee;Barista Espresso;Cappuccino Lg;Astoria
1.60;2;1;202303;Mar;Thu;Evening;Low;Flavours;Sugar free syrup;Sugar Free Vanilla syrup;Hell's Kitchen
18.00;1;1;202303;Mar;Thu;Evening;Low;Coffee beans;Organic Beans;Brazilian - Organic;Astoria
6.20;2;2;202303;Mar;Fri;Night;Low;Coffee;Premium brewed coffee;Jamaican Coffee River Rg;Lower Manhattan
7.00;2;2;202303;Mar;Fri;Night;Low;Bakery;Pastry;Croissant;Lower Manhattan
24.00;8;4;202303;Mar;Fri;Night;Med;Tea;Brewed Green tea;Serenity Green Tea Lg;Lower Manhattan
5.00;2;2;202303;Mar;Fri;Night;Low;Tea;Brewed Green tea;Serenity Green Tea Rg;Lower Manhattan
19.00;4;2;202303;Mar;Fri;Night;Low;Drinking Chocolate;Hot chocolate;Sustainably Grown Organic Lg;Lower Manhattan
16.20;6;3;202303;Mar;Fri;Night;Low;Coffee;Barista Espresso;Ouro Brasileiro shot;Lower Manhattan
8.50;2;1;202303;Mar;Fri;Night;Low;Coffee;Barista Espresso;Cappuccino Lg;Lower Manhattan
9.75;3;3;202303;Mar;Fri;Night;Low;Bakery;Biscotti;Hazelnut Biscotti;Lower Manhattan
6.40;1;1;202303;Mar;Fri;Night;Low;Packaged Chocolate;Drinking Chocolate;Dark chocolate;Lower Manhattan
3.00;1;1;202303;Mar;Fri;Night;Low;Bakery;Scone;Oatmeal Scone;Hell's Kitchen
3.25;1;1;202303;Mar;Fri;Night;Low;Bakery;Scone;Ginger Scone;Hell's Kitchen
18.00;1;1;202303;Mar;Fri;Night;Low;Coffee beans;House blend Beans;Our Old Time Diner Blend;Lower Manhattan
7.50;3;2;202303;Mar;Fri;Night;Low;Tea;Brewed Black tea;English Breakfast Rg;Hell's Kitchen
22.50;1;1;202303;Mar;Fri;Night;Med;Coffee beans;Organic Beans;Organic Decaf Blend;Hell's Kitchen
7.00;2;2;202303;Mar;Fri;Night;Low;Coffee;Organic brewed coffee;Brazilian Lg;Lower Manhattan
7.50;2;1;202303;Mar;Fri;Night;Low;Coffee;Premium brewed coffee;Jamaican Coffee River Lg;Lower Manhattan
2.50;1;1;202303;Mar;Fri;Night;Low;Coffee;Gourmet brewed coffee;Columbian Medium Roast Rg;Hell's Kitchen
6.00;2;1;202303;Mar;Fri;Night;Low;Coffee;Gourmet brewed coffee;Ethiopia Rg;Hell's Kitchen
4.50;1;1;202303;Mar;Fri;Night;Low;Bakery;Scone;Scottish Cream Scone ;Hell's Kitchen
2.50;1;1;202303;Mar;Fri;Night;Low;Tea;Brewed herbal tea;Peppermint Rg;Hell's Kitchen
3.00;1;1;202303;Mar;Fri;Night;Low;Coffee;Gourmet brewed coffee;Columbian Medium Roast Lg;Hell's Kitchen
7.50;3;2;202303;Mar;Sun;Afternoon;Low;Tea;Brewed herbal tea;Lemon Grass Rg;Lower Manhattan
15.00;4;4;202303;Mar;Tue;Afternoon;Low;Bakery;Pastry;Chocolate Croissant;Lower Manhattan
2.50;1;1;202303;Mar;Tue;Evening;Low;Tea;Brewed herbal tea;Peppermint Rg;Lower Manhattan
4.00;5;3;202303;Mar;Wed;Night;Low;Flavours;Sugar free syrup;Sugar Free Vanilla syrup;Lower Manhattan
4.00;5;4;202303;Mar;Wed;Morning;Low;Flavours;Sugar free syrup;Sugar Free Vanilla syrup;Astoria
18.00;1;1;202303;Mar;Wed;Evening;Low;Coffee beans;Organic Beans;Brazilian - Organic;Astoria
19.00;2;2;202303;Mar;Fri;Morning;Low;Loose Tea;Chai tea;Morning Sunrise Chai;Astoria
17.90;2;2;202303;Mar;Fri;Morning;Low;Loose Tea;Black tea;Earl Grey;Astoria
18.00;1;1;202303;Mar;Fri;Morning;Low;Coffee beans;Organic Beans;Brazilian - Organic;Hell's Kitchen
36.00;3;3;202303;Mar;Fri;Morning;Med;Branded;Housewares;I Need My Bean! Diner mug;Astoria
16.25;5;5;202303;Mar;Fri;Morning;Low;Bakery;Scone;Ginger Scone;Astoria
28.00;1;1;202303;Mar;Fri;Morning;Med;Branded;Clothing;I Need My Bean! T-shirt;Astoria
29.50;2;2;202303;Mar;Fri;Morning;Med;Coffee beans;Espresso Beans;Espresso Roast;Astoria
45.00;1;1;202303;Mar;Fri;Morning;High;Coffee beans;Premium Beans;Civet Cat;Astoria
17.50;5;4;202303;Mar;Fri;Morning;Low;Coffee;Organic brewed coffee;Brazilian Lg;Astoria
28.00;2;2;202303;Mar;Fri;Morning;Med;Branded;Housewares;I Need My Bean! Latte cup;Astoria
10.95;1;1;202303;Mar;Fri;Morning;Low;Loose Tea;Chai tea;Spicy Eye Opener Chai;Astoria
22.50;1;1;202303;Mar;Fri;Morning;Med;Coffee beans;Organic Beans;Organic Decaf Blend;Hell's Kitchen
10.95;1;1;202303;Mar;Fri;Morning;Low;Loose Tea;Chai tea;Spicy Eye Opener Chai;Lower Manhattan
9.25;1;1;202303;Mar;Fri;Morning;Low;Loose Tea;Green tea;Serenity Green Tea;Astoria
38.50;11;11;202303;Mar;Fri;Morning;Med;Bakery;Biscotti;Chocolate Chip Biscotti;Lower Manhattan
14.00;4;3;202303;Mar;Fri;Morning;Low;Drinking Chocolate;Hot chocolate;Dark chocolate Rg;Astoria
18.00;1;1;202303;Mar;Fri;Morning;Low;Coffee beans;Organic Beans;Brazilian - Organic;Astoria
18.00;1;1;202303;Mar;Fri;Afternoon;Low;Coffee beans;House blend Beans;Our Old Time Diner Blend;Hell's Kitchen
6.00;3;3;202303;Mar;Fri;Afternoon;Low;Coffee;Gourmet brewed coffee;Columbian Medium Roast Sm;Lower Manhattan
15.00;4;3;202303;Mar;Fri;Afternoon;Low;Coffee;Premium brewed coffee;Jamaican Coffee River Lg;Lower Manhattan
28.00;1;1;202303;Mar;Fri;Afternoon;Med;Branded;Clothing;I Need My Bean! T-shirt;Lower Manhattan
3.50;1;1;202303;Mar;Fri;Afternoon;Low;Bakery;Biscotti;Chocolate Chip Biscotti;Astoria
3.20;4;3;202303;Mar;Fri;Afternoon;Low;Flavours;Sugar free syrup;Sugar Free Vanilla syrup;Lower Manhattan
14.00;1;1;202303;Mar;Fri;Afternoon;Low;Branded;Housewares;I Need My Bean! Latte cup;Astoria
22.50;1;1;202303;Mar;Fri;Afternoon;Med;Coffee beans;Organic Beans;Organic Decaf Blend;Hell's Kitchen
10.00;4;2;202303;Mar;Fri;Afternoon;Low;Tea;Brewed herbal tea;Peppermint Rg;Astoria
9.00;3;3;202303;Mar;Fri;Afternoon;Low;Tea;Brewed Black tea;Earl Grey Lg;Hell's Kitchen
12.00;4;3;202303;Mar;Fri;Afternoon;Low;Coffee;Gourmet brewed coffee;Ethiopia Rg;Hell's Kitchen
1.60;2;1;202303;Mar;Fri;Afternoon;Low;Flavours;Regular syrup;Hazelnut syrup;Lower Manhattan
6.20;2;1;202303;Mar;Fri;Evening;Low;Coffee;Premium brewed coffee;Jamaican Coffee River Rg;Lower Manhattan
3.75;1;1;202303;Mar;Fri;Evening;Low;Bakery;Scone;Jumbo Savory Scone;Lower Manhattan
18.00;6;3;202303;Mar;Fri;Evening;Low;Tea;Brewed Chai tea;Traditional Blend Chai Lg;Lower Manhattan
14.00;1;1;202303;Mar;Fri;Evening;Low;Branded;Housewares;I Need My Bean! Latte cup;Lower Manhattan
0.80;1;1;202303;Mar;Fri;Evening;Low;Flavours;Sugar free syrup;Sugar Free Vanilla syrup;Astoria
1.60;2;1;202303;Mar;Fri;Evening;Low;Flavours;Regular syrup;Chocolate syrup;Lower Manhattan
13.50;3;3;202303;Mar;Fri;Evening;Low;Bakery;Scone;Scottish Cream Scone ;Lower Manhattan
42.00;2;2;202303;Mar;Fri;Evening;High;Coffee beans;Gourmet Beans;Ethiopia;Astoria
7.35;3;2;202303;Mar;Fri;Evening;Low;Coffee;Premium brewed coffee;Jamaican Coffee River Sm;Lower Manhattan
12.00;1;1;202303;Mar;Fri;Evening;Low;Branded;Housewares;I Need My Bean! Diner mug;Astoria
28.00;1;1;202303;Mar;Fri;Evening;Med;Branded;Clothing;I Need My Bean! T-shirt;Astoria
42.00;14;9;202303;Mar;Fri;Evening;High;Tea;Brewed herbal tea;Peppermint Lg;Astoria
10.50;3;1;202303;Mar;Sat;Night;Low;Coffee;Gourmet brewed coffee;Ethiopia Lg;Lower Manhattan
12.00;4;2;202303;Mar;Sat;Night;Low;Coffee;Barista Espresso;Ouro Brasileiro shot;Lower Manhattan
7.60;1;1;202303;Mar;Sat;Night;Low;Packaged Chocolate;Organic Chocolate;Sustainably Grown Organic;Lower Manhattan
3.00;1;1;202303;Mar;Sat;Night;Low;Coffee;Gourmet brewed coffee;Ethiopia Rg;Lower Manhattan
6.00;2;1;202303;Mar;Sat;Night;Low;Coffee;Gourmet brewed coffee;Columbian Medium Roast Lg;Lower Manhattan
3.75;1;1;202303;Mar;Sat;Night;Low;Bakery;Pastry;Almond Croissant;Lower Manhattan
12.00;3;2;202303;Mar;Sat;Night;Low;Tea;Brewed Chai tea;Morning Sunrise Chai Lg;Lower Manhattan
3.75;1;1;202303;Mar;Sat;Night;Low;Bakery;Scone;Jumbo Savory Scone;Lower Manhattan
3.25;1;1;202303;Mar;Sat;Night;Low;Bakery;Scone;Cranberry Scone;Lower Manhattan
7.65;3;2;202303;Mar;Sat;Night;Low;Tea;Brewed Chai tea;Spicy Eye Opener Chai Rg;Lower Manhattan
7.00;2;1;202303;Mar;Sat;Night;Low;Coffee;Organic brewed coffee;Brazilian Lg;Lower Manhattan
28.00;8;4;202303;Mar;Sat;Night;Med;Coffee;Organic brewed coffee;Brazilian Lg;Hell's Kitchen
0.80;1;1;202303;Mar;Sat;Night;Low;Flavours;Sugar free syrup;Sugar Free Vanilla syrup;Hell's Kitchen
6.40;1;1;202303;Mar;Sat;Night;Low;Packaged Chocolate;Drinking Chocolate;Dark chocolate;Lower Manhattan
6.20;2;1;202303;Mar;Sat;Night;Low;Tea;Brewed Chai tea;Spicy Eye Opener Chai Lg;Hell's Kitchen
2.00;1;1;202303;Mar;Sat;Night;Low;Coffee;Drip coffee;Our Old Time Diner Blend Sm;Hell's Kitchen
18.00;1;1;202303;Mar;Sat;Night;Low;Coffee beans;House blend Beans;Our Old Time Diner Blend;Hell's Kitchen
14.00;1;1;202303;Mar;Sat;Night;Low;Branded;Housewares;I Need My Bean! Latte cup;Lower Manhattan
8.95;1;1;202303;Mar;Sat;Night;Low;Loose Tea;Black tea;Earl Grey;Lower Manhattan
35.00;14;9;202303;Mar;Sat;Morning;Med;Tea;Brewed Green tea;Serenity Green Tea Rg;Lower Manhattan
13.33;1;1;202303;Mar;Sat;Morning;Low;Packaged Chocolate;Drinking Chocolate;Chili Mayan;Astoria
17.90;2;2;202303;Mar;Sat;Morning;Low;Loose Tea;Herbal tea;Peppermint;Hell's Kitchen
28.05;11;8;202303;Mar;Sat;Morning;Med;Tea;Brewed Chai tea;Spicy Eye Opener Chai Rg;Astoria
13.33;1;1;202303;Mar;Sat;Morning;Low;Packaged Chocolate;Drinking Chocolate;Chili Mayan;Lower Manhattan
28.00;1;1;202303;Mar;Sat;Morning;Med;Branded;Clothing;I Need My Bean! T-shirt;Astoria
6.40;1;1;202303;Mar;Sat;Morning;Low;Packaged Chocolate;Drinking Chocolate;Dark chocolate;Hell's Kitchen
14.00;1;1;202303;Mar;Sat;Morning;Low;Branded;Housewares;I Need My Bean! Latte cup;Lower Manhattan
30.00;2;2;202303;Mar;Sat;Morning;Med;Coffee beans;Gourmet Beans;Columbian Medium Roast;Hell's Kitchen
21.00;6;6;202303;Mar;Sat;Morning;Med;Bakery;Biscotti;Chocolate Chip Biscotti;Hell's Kitchen
14.00;1;1;202303;Mar;Sat;Morning;Low;Branded;Housewares;I Need My Bean! Latte cup;Hell's Kitchen
39.50;2;2;202303;Mar;Sat;Morning;Med;Coffee beans;Premium Beans;Jamacian Coffee River;Hell's Kitchen
34.00;8;6;202303;Mar;Sat;Morning;Med;Coffee;Barista Espresso;Cappuccino Lg;Astoria
18.00;1;1;202303;Mar;Sat;Morning;Low;Coffee beans;House blend Beans;Our Old Time Diner Blend;Astoria
8.95;1;1;202303;Mar;Sat;Morning;Low;Loose Tea;Herbal tea;Lemon Grass;Astoria
14.00;4;4;202303;Mar;Sat;Morning;Low;Bakery;Biscotti;Chocolate Chip Biscotti;Astoria
8.95;1;1;202303;Mar;Sat;Morning;Low;Loose Tea;Herbal tea;Peppermint;Astoria
3.75;1;1;202303;Mar;Sat;Morning;Low;Bakery;Scone;Jumbo Savory Scone;Astoria
6.50;2;2;202303;Mar;Sat;Morning;Low;Bakery;Scone;Ginger Scone;Astoria
45.00;1;1;202303;Mar;Sat;Morning;High;Coffee beans;Premium Beans;Civet Cat;Lower Manhattan
8.95;1;1;202303;Mar;Sat;Morning;Low;Loose Tea;Black tea;English Breakfast;Hell's Kitchen
12.00;1;1;202303;Mar;Sat;Morning;Low;Branded;Housewares;I Need My Bean! Diner mug;Astoria
8.95;1;1;202303;Mar;Sat;Morning;Low;Loose Tea;Herbal tea;Lemon Grass;Lower Manhattan
18.75;5;5;202303;Mar;Sat;Morning;Low;Bakery;Pastry;Almond Croissant;Astoria
10.00;1;1;202303;Mar;Sat;Morning;Low;Coffee beans;Green beans;Guatemalan Sustainably Grown;Hell's Kitchen
2.40;3;2;202303;Mar;Sat;Afternoon;Low;Flavours;Regular syrup;Chocolate syrup;Astoria
8.95;1;1;202303;Mar;Sat;Afternoon;Low;Loose Tea;Black tea;English Breakfast;Astoria
30.00;2;2;202303;Mar;Sat;Afternoon;Med;Coffee beans;Gourmet Beans;Columbian Medium Roast;Lower Manhattan
15.00;5;4;202303;Mar;Sat;Afternoon;Low;Coffee;Organic brewed coffee;Brazilian Rg;Hell's Kitchen
10.50;3;3;202303;Mar;Sat;Afternoon;Low;Bakery;Biscotti;Chocolate Chip Biscotti;Lower Manhattan
2.50;1;1;202303;Mar;Sat;Afternoon;Low;Tea;Brewed Chai tea;Traditional Blend Chai Rg;Hell's Kitchen
4.25;1;1;202303;Mar;Sat;Afternoon;Low;Coffee;Barista Espresso;Latte Rg;Lower Manhattan
14.00;1;1;202303;Mar;Sat;Afternoon;Low;Branded;Housewares;I Need My Bean! Latte cup;Lower Manhattan
3.25;1;1;202303;Mar;Sat;Afternoon;Low;Bakery;Scone;Ginger Scone;Hell's Kitchen
20.45;1;1;202303;Mar;Sat;Afternoon;very high;Coffee beans;Espresso Beans;Primo Espresso Roast;Hell's Kitchen
18.00;4;4;202303;Mar;Sat;Afternoon;Low;Bakery;Scone;Scottish Cream Scone ;Lower Manhattan
8.95;1;1;202303;Mar;Sat;Afternoon;Low;Loose Tea;Black tea;English Breakfast;Lower Manhattan
2.50;1;1;202303;Mar;Sat;Evening;Low;Tea;Brewed herbal tea;Lemon Grass Rg;Lower Manhattan
0.80;1;1;202303;Mar;Sat;Evening;Low;Flavours;Regular syrup;Carmel syrup;Lower Manhattan
2.55;1;1;202303;Mar;Sat;Evening;Low;Tea;Brewed Chai tea;Spicy Eye Opener Chai Rg;Lower Manhattan
9.50;1;1;202303;Mar;Sat;Evening;Low;Loose Tea;Chai tea;Morning Sunrise Chai;Astoria
5.00;2;1;202303;Mar;Sat;Evening;Low;Tea;Brewed Black tea;English Breakfast Rg;Lower Manhattan
2.50;1;1;202303;Mar;Sat;Evening;Low;Tea;Brewed herbal tea;Peppermint Rg;Lower Manhattan
20.45;1;1;202303;Mar;Sat;Evening;very high;Coffee beans;Espresso Beans;Primo Espresso Roast;Astoria
6.00;2;1;202303;Mar;Sat;Evening;Low;Coffee;Gourmet brewed coffee;Ethiopia Rg;Lower Manhattan
3.25;1;1;202303;Mar;Sat;Evening;Low;Bakery;Scone;Cranberry Scone;Lower Manhattan
21.00;1;1;202303;Mar;Sat;Evening;Med;Coffee beans;Gourmet Beans;Ethiopia;Astoria
10.00;1;1;202303;Mar;Sat;Evening;Low;Coffee beans;Green beans;Guatemalan Sustainably Grown;Astoria
15.00;4;3;202303;Mar;Sat;Evening;Low;Coffee;Barista Espresso;Latte;Astoria
18.00;1;1;202303;Mar;Sat;Evening;Low;Coffee beans;Organic Beans;Brazilian - Organic;Hell's Kitchen
12.50;5;2;202303;Mar;Sat;Evening;Low;Tea;Brewed Chai tea;Morning Sunrise Chai Rg;Lower Manhattan
2.50;1;1;202303;Mar;Sat;Evening;Low;Coffee;Gourmet brewed coffee;Columbian Medium Roast Rg;Astoria
28.00;1;1;202303;Mar;Sat;Evening;Med;Branded;Clothing;I Need My Bean! T-shirt;Astoria
7.50;3;2;202303;Mar;Sat;Evening;Low;Tea;Brewed Chai tea;Morning Sunrise Chai Rg;Hell's Kitchen
15.00;5;3;202303;Mar;Sun;Night;Low;Coffee;Organic brewed coffee;Brazilian Rg;Lower Manhattan
17.50;5;2;202303;Mar;Sun;Night;Low;Coffee;Gourmet brewed coffee;Ethiopia Lg;Lower Manhattan
7.50;3;2;202303;Mar;Sun;Night;Low;Tea;Brewed herbal tea;Peppermint Rg;Lower Manhattan
9.30;3;2;202303;Mar;Sun;Night;Low;Coffee;Premium brewed coffee;Jamaican Coffee River Rg;Lower Manhattan
5.00;2;2;202303;Mar;Sun;Night;Low;Coffee;Gourmet brewed coffee;Columbian Medium Roast Rg;Lower Manhattan
3.00;1;1;202303;Mar;Sun;Night;Low;Tea;Brewed herbal tea;Lemon Grass Lg;Hell's Kitchen
7.00;2;2;202303;Mar;Sun;Night;Low;Bakery;Biscotti;Ginger Biscotti;Hell's Kitchen
6.00;2;1;202303;Mar;Sun;Night;Low;Coffee;Gourmet brewed coffee;Columbian Medium Roast Lg;Lower Manhattan
3.25;1;1;202303;Mar;Sun;Night;Low;Bakery;Scone;Cranberry Scone;Lower Manhattan
3.00;1;1;202303;Mar;Sun;Night;Low;Tea;Brewed herbal tea;Lemon Grass Lg;Lower Manhattan
7.50;2;1;202303;Mar;Sun;Night;Low;Coffee;Barista Espresso;Cappuccino;Hell's Kitchen
15.00;4;2;202303;Mar;Sun;Night;Low;Coffee;Barista Espresso;Latte;Hell's Kitchen
2.40;3;2;202303;Mar;Sun;Night;Low;Flavours;Regular syrup;Hazelnut syrup;Hell's Kitchen
13.33;1;1;202303;Mar;Sun;Night;Low;Packaged Chocolate;Drinking Chocolate;Chili Mayan;Hell's Kitchen
9.00;3;2;202303;Mar;Sun;Night;Low;Tea;Brewed herbal tea;Peppermint Lg;Lower Manhattan
5.00;2;1;202303;Mar;Sun;Night;Low;Tea;Brewed Green tea;Serenity Green Tea Rg;Hell's Kitchen
2.00;1;1;202303;Mar;Sun;Night;Low;Coffee;Gourmet brewed coffee;Columbian Medium Roast Sm;Lower Manhattan
2.55;1;1;202303;Mar;Sun;Night;Low;Tea;Brewed Chai tea;Spicy Eye Opener Chai Rg;Hell's Kitchen
10.00;1;1;202303;Mar;Sun;Night;Low;Coffee beans;Green beans;Guatemalan Sustainably Grown;Hell's Kitchen
2.50;1;1;202303;Mar;Sun;Night;Low;Tea;Brewed Chai tea;Morning Sunrise Chai Rg;Hell's Kitchen
4.75;1;1;202303;Mar;Sun;Night;Low;Drinking Chocolate;Hot chocolate;Sustainably Grown Organic Lg;Lower Manhattan
3.00;1;1;202303;Mar;Sun;Night;Low;Coffee;Organic brewed coffee;Brazilian Rg;Hell's Kitchen
9.00;2;1;202303;Mar;Sun;Night;Low;Drinking Chocolate;Hot chocolate;Dark chocolate Lg;Hell's Kitchen
3.00;1;1;202303;Mar;Sun;Night;Low;Tea;Brewed Green tea;Serenity Green Tea Lg;Hell's Kitchen
3.50;1;1;202303;Mar;Sun;Night;Low;Bakery;Biscotti;Chocolate Chip Biscotti;Hell's Kitchen
4.00;5;3;202303;Mar;Sun;Morning;Low;Flavours;Regular syrup;Hazelnut syrup;Astoria
21.00;1;1;202303;Mar;Sun;Morning;Med;Coffee beans;Gourmet Beans;Ethiopia;Lower Manhattan
22.50;1;1;202303;Mar;Sun;Morning;Med;Coffee beans;Organic Beans;Organic Decaf Blend;Astoria
18.00;6;4;202303;Mar;Sun;Morning;Low;Tea;Brewed Black tea;English Breakfast Lg;Astoria
21.00;7;4;202303;Mar;Sun;Morning;Med;Tea;Brewed Black tea;Earl Grey Lg;Astoria
28.00;1;1;202303;Mar;Sun;Morning;Med;Branded;Clothing;I Need My Bean! T-shirt;Astoria
8.95;1;1;202303;Mar;Sun;Morning;Low;Loose Tea;Herbal tea;Peppermint;Astoria
26.85;3;3;202303;Mar;Sun;Morning;Med;Loose Tea;Black tea;Earl Grey;Hell's Kitchen
24.00;8;5;202303;Mar;Sun;Morning;Med;Tea;Brewed Green tea;Serenity Green Tea Lg;Astoria
63.00;3;3;202303;Mar;Sun;Morning;very high;Coffee beans;Gourmet Beans;Ethiopia;Astoria
33.00;11;7;202303;Mar;Sun;Morning;Med;Tea;Brewed Chai tea;Traditional Blend Chai Lg;Astoria
33.75;9;6;202303;Mar;Sun;Morning;Med;Coffee;Barista Espresso;Cappuccino;Astoria
22.50;5;5;202303;Mar;Sun;Morning;Med;Bakery;Scone;Scottish Cream Scone ;Astoria
28.00;2;2;202303;Mar;Sun;Morning;Med;Branded;Housewares;I Need My Bean! Latte cup;Astoria
19.75;1;1;202303;Mar;Sun;Morning;Low;Coffee beans;Premium Beans;Jamacian Coffee River;Astoria
28.00;8;5;202303;Mar;Sun;Morning;Med;Coffee;Gourmet brewed coffee;Ethiopia Lg;Astoria
10.00;1;1;202303;Mar;Sun;Morning;Low;Coffee beans;Green beans;Guatemalan Sustainably Grown;Astoria
8.95;1;1;202303;Mar;Sun;Morning;Low;Loose Tea;Black tea;English Breakfast;Astoria
15.00;1;1;202303;Mar;Sun;Morning;Low;Coffee beans;Gourmet Beans;Columbian Medium Roast;Hell's Kitchen
18.50;2;2;202303;Mar;Sun;Morning;Low;Loose Tea;Green tea;Serenity Green Tea;Hell's Kitchen
45.00;1;1;202303;Mar;Sun;Morning;High;Coffee beans;Premium Beans;Civet Cat;Astoria
1.60;2;2;202303;Mar;Sun;Night;Low;Flavours;Regular syrup;Chocolate syrup;Lower Manhattan
1.60;2;2;202303;Mar;Sun;Afternoon;Low;Flavours;Sugar free syrup;Sugar Free Vanilla syrup;Hell's Kitchen
12.00;4;2;202303;Mar;Sun;Afternoon;Low;Tea;Brewed Black tea;English Breakfast Lg;Hell's Kitchen
6.50;2;2;202303;Mar;Sun;Afternoon;Low;Bakery;Scone;Cranberry Scone;Lower Manhattan
27.90;9;7;202303;Mar;Sun;Afternoon;Med;Tea;Brewed Chai tea;Spicy Eye Opener Chai Lg;Astoria
10.00;4;3;202303;Mar;Sun;Afternoon;Low;Tea;Brewed Black tea;English Breakfast Rg;Astoria
28.00;1;1;202303;Mar;Sun;Afternoon;Med;Branded;Clothing;I Need My Bean! T-shirt;Astoria
3.00;1;1;202303;Mar;Sun;Afternoon;Low;Tea;Brewed Chai tea;Traditional Blend Chai Lg;Lower Manhattan
11.25;3;3;202303;Mar;Sun;Afternoon;Low;Coffee;Barista Espresso;Cappuccino;Lower Manhattan
4.00;1;1;202303;Mar;Sun;Afternoon;Low;Tea;Brewed Chai tea;Morning Sunrise Chai Lg;Hell's Kitchen
18.00;1;1;202303;Mar;Sun;Afternoon;Low;Coffee beans;Organic Beans;Brazilian - Organic;Astoria
19.50;6;5;202303;Mar;Sun;Afternoon;Low;Bakery;Scone;Ginger Scone;Hell's Kitchen
1.60;2;2;202303;Mar;Sun;Afternoon;Low;Flavours;Regular syrup;Hazelnut syrup;Lower Manhattan
15.00;4;2;202303;Mar;Sun;Afternoon;Low;Coffee;Barista Espresso;Latte;Lower Manhattan
18.00;1;1;202303;Mar;Sun;Afternoon;Low;Coffee beans;Organic Beans;Brazilian - Organic;Lower Manhattan
1.60;2;1;202303;Mar;Sun;Afternoon;Low;Flavours;Regular syrup;Chocolate syrup;Astoria
10.00;1;1;202303;Mar;Sun;Evening;Low;Coffee beans;Green beans;Guatemalan Sustainably Grown;Hell's Kitchen
12.50;5;2;202303;Mar;Sun;Evening;Low;Tea;Brewed Chai tea;Morning Sunrise Chai Rg;Lower Manhattan
2.00;1;1;202303;Mar;Sun;Evening;Low;Coffee;Gourmet brewed coffee;Columbian Medium Roast Sm;Lower Manhattan
8.00;2;2;202303;Mar;Sun;Evening;Low;Tea;Brewed Chai tea;Morning Sunrise Chai Lg;Lower Manhattan
4.40;2;1;202303;Mar;Sun;Evening;Low;Coffee;Organic brewed coffee;Brazilian Sm;Lower Manhattan
40.90;2;2;202303;Mar;Sun;Evening;very high;Coffee beans;Espresso Beans;Primo Espresso Roast;Astoria
4.40;2;1;202303;Mar;Sun;Evening;Low;Coffee;Gourmet brewed coffee;Ethiopia Sm;Hell's Kitchen
45.00;1;1;202303;Mar;Sun;Evening;High;Coffee beans;Premium Beans;Civet Cat;Astoria
18.75;5;5;202303;Mar;Mon;Morning;Low;Coffee;Premium brewed coffee;Jamaican Coffee River Lg;Astoria
8.95;1;1;202303;Mar;Mon;Morning;Low;Loose Tea;Herbal tea;Peppermint;Astoria
8.95;1;1;202303;Mar;Mon;Morning;Low;Loose Tea;Chai tea;Traditional Blend Chai;Astoria
7.60;1;1;202303;Mar;Mon;Morning;Low;Packaged Chocolate;Organic Chocolate;Sustainably Grown Organic;Astoria
36.00;2;2;202303;Mar;Mon;Morning;Med;Coffee beans;Organic Beans;Brazilian - Organic;Astoria
22.50;6;6;202303;Mar;Mon;Morning;Med;Drinking Chocolate;Hot chocolate;Sustainably Grown Organic Rg;Astoria
8.95;1;1;202303;Mar;Mon;Morning;Low;Loose Tea;Herbal tea;Lemon Grass;Astoria
18.00;1;1;202303;Mar;Mon;Morning;Low;Coffee beans;House blend Beans;Our Old Time Diner Blend;Astoria
17.85;7;6;202303;Mar;Mon;Morning;Low;Tea;Brewed Chai tea;Spicy Eye Opener Chai Rg;Astoria
15.00;4;4;202303;Mar;Mon;Morning;Low;Bakery;Pastry;Almond Croissant;Hell's Kitchen
22.50;5;5;202303;Mar;Mon;Morning;Med;Bakery;Scone;Scottish Cream Scone ;Astoria
21.25;5;4;202303;Mar;Mon;Morning;Med;Coffee;Barista Espresso;Cappuccino Lg;Hell's Kitchen
22.50;1;1;202303;Mar;Mon;Morning;Med;Coffee beans;Organic Beans;Organic Decaf Blend;Astoria
14.00;1;1;202303;Mar;Mon;Morning;Low;Branded;Housewares;I Need My Bean! Latte cup;Hell's Kitchen
19.75;1;1;202303;Mar;Mon;Morning;Low;Coffee beans;Premium Beans;Jamacian Coffee River;Astoria
2.40;3;2;202303;Mar;Mon;Morning;Low;Flavours;Regular syrup;Carmel syrup;Astoria
21.70;7;5;202303;Mar;Mon;Morning;Med;Tea;Brewed Chai tea;Spicy Eye Opener Chai Lg;Astoria
9.50;1;1;202303;Mar;Mon;Morning;Low;Loose Tea;Chai tea;Morning Sunrise Chai;Astoria
9.25;1;1;202303;Mar;Mon;Morning;Low;Loose Tea;Green tea;Serenity Green Tea;Hell's Kitchen
24.00;2;2;202303;Mar;Mon;Morning;Med;Branded;Housewares;I Need My Bean! Diner mug;Lower Manhattan
10.95;1;1;202303;Mar;Mon;Morning;Low;Loose Tea;Chai tea;Spicy Eye Opener Chai;Hell's Kitchen
21.00;1;1;202303;Mar;Mon;Morning;Med;Coffee beans;Gourmet Beans;Ethiopia;Astoria
20.45;1;1;202303;Mar;Mon;Morning;very high;Coffee beans;Espresso Beans;Primo Espresso Roast;Astoria
15.00;5;5;202303;Mar;Mon;Afternoon;Low;Bakery;Scone;Oatmeal Scone;Astoria
9.75;3;3;202303;Mar;Mon;Afternoon;Low;Bakery;Scone;Cranberry Scone;Lower Manhattan
18.00;6;5;202303;Mar;Mon;Afternoon;Low;Tea;Brewed Chai tea;Traditional Blend Chai Lg;Astoria
22.50;1;1;202303;Mar;Mon;Afternoon;Med;Coffee beans;Organic Beans;Organic Decaf Blend;Hell's Kitchen
7.20;9;5;202303;Mar;Mon;Afternoon;Low;Flavours;Regular syrup;Carmel syrup;Hell's Kitchen
11.80;4;4;202303;Mar;Mon;Afternoon;Low;Bakery;Scone;Ginger Scone;Lower Manhattan
10.95;1;1;202303;Mar;Mon;Afternoon;Low;Loose Tea;Chai tea;Spicy Eye Opener Chai;Lower Manhattan
2.40;3;3;202303;Mar;Mon;Afternoon;Low;Flavours;Regular syrup;Chocolate syrup;Hell's Kitchen
22.50;1;1;202303;Mar;Mon;Afternoon;Med;Coffee beans;Organic Beans;Organic Decaf Blend;Astoria
8.50;2;1;202303;Mar;Mon;Afternoon;Low;Coffee;Barista Espresso;Latte Rg;Hell's Kitchen
17.90;2;2;202303;Mar;Mon;Afternoon;Low;Loose Tea;Herbal tea;Peppermint;Astoria
9.25;1;1;202303;Mar;Mon;Afternoon;Low;Loose Tea;Green tea;Serenity Green Tea;Astoria
7.50;3;2;202303;Mar;Mon;Afternoon;Low;Tea;Brewed Black tea;English Breakfast Rg;Hell's Kitchen
18.00;1;1;202303;Mar;Mon;Afternoon;Low;Coffee beans;Organic Beans;Brazilian - Organic;Astoria
19.20;7;5;202303;Mar;Mon;Afternoon;Low;Coffee;Barista Espresso;Ouro Brasileiro shot;Lower Manhattan
7.60;1;1;202303;Mar;Mon;Afternoon;Low;Packaged Chocolate;Organic Chocolate;Sustainably Grown Organic;Hell's Kitchen
13.00;4;4;202303;Mar;Mon;Evening;Low;Bakery;Scone;Cranberry Scone;Astoria
2.40;3;2;202303;Mar;Mon;Evening;Low;Flavours;Regular syrup;Chocolate syrup;Lower Manhattan
12.00;4;3;202303;Mar;Mon;Evening;Low;Coffee;Barista Espresso;Espresso shot;Lower Manhattan
7.00;2;2;202303;Mar;Mon;Evening;Low;Bakery;Biscotti;Ginger Biscotti;Lower Manhattan
3.25;1;1;202303;Mar;Mon;Evening;Low;Bakery;Scone;Ginger Scone;Astoria
2.00;1;1;202303;Mar;Mon;Evening;Low;Coffee;Gourmet brewed coffee;Columbian Medium Roast Sm;Lower Manhattan
3.50;1;1;202303;Mar;Mon;Evening;Low;Bakery;Pastry;Croissant;Hell's Kitchen
1.60;2;1;202303;Mar;Mon;Evening;Low;Flavours;Sugar free syrup;Sugar Free Vanilla syrup;Lower Manhattan
4.80;6;3;202303;Mar;Mon;Evening;Low;Flavours;Regular syrup;Hazelnut syrup;Hell's Kitchen
2.50;1;1;202303;Mar;Mon;Evening;Low;Tea;Brewed Green tea;Serenity Green Tea Rg;Astoria
9.75;3;3;202303;Mar;Mon;Evening;Low;Bakery;Biscotti;Hazelnut Biscotti;Astoria
7.00;2;2;202303;Mar;Mon;Evening;Low;Bakery;Biscotti;Chocolate Chip Biscotti;Astoria
3.25;1;1;202303;Mar;Mon;Evening;Low;Bakery;Biscotti;Hazelnut Biscotti;Hell's Kitchen
15.00;4;3;202303;Mar;Mon;Evening;Low;Coffee;Barista Espresso;Latte;Astoria
18.50;2;2;202303;Mar;Mon;Evening;Low;Loose Tea;Green tea;Serenity Green Tea;Astoria
13.33;1;1;202303;Mar;Mon;Evening;Low;Packaged Chocolate;Drinking Chocolate;Chili Mayan;Astoria
8.95;1;1;202303;Mar;Mon;Evening;Low;Loose Tea;Herbal tea;Peppermint;Astoria
6.40;1;1;202303;Mar;Mon;Evening;Low;Packaged Chocolate;Drinking Chocolate;Dark chocolate;Astoria
4.80;6;4;202303;Mar;Mon;Evening;Low;Flavours;Regular syrup;Carmel syrup;Hell's Kitchen
18.00;1;1;202303;Mar;Tue;Morning;Low;Coffee beans;Organic Beans;Brazilian - Organic;Lower Manhattan
8.95;1;1;202303;Mar;Tue;Morning;Low;Loose Tea;Black tea;Earl Grey;Lower Manhattan
21.60;9;4;202303;Mar;Tue;Morning;Med;Coffee;Barista Espresso;Ouro Brasileiro shot;Lower Manhattan
18.00;1;1;202303;Mar;Tue;Morning;Low;Coffee beans;House blend Beans;Our Old Time Diner Blend;Lower Manhattan
18.00;1;1;202303;Mar;Tue;Morning;Low;Coffee beans;House blend Beans;Our Old Time Diner Blend;Hell's Kitchen
21.00;1;1;202303;Mar;Tue;Morning;Med;Coffee beans;Gourmet Beans;Ethiopia;Astoria
28.00;1;1;202303;Mar;Tue;Morning;Med;Branded;Clothing;I Need My Bean! T-shirt;Hell's Kitchen
12.80;2;2;202303;Mar;Tue;Morning;Low;Packaged Chocolate;Drinking Chocolate;Dark chocolate;Hell's Kitchen
14.00;1;1;202303;Mar;Tue;Morning;Low;Branded;Housewares;I Need My Bean! Latte cup;Hell's Kitchen
20.45;1;1;202303;Mar;Tue;Morning;very high;Coffee beans;Espresso Beans;Primo Espresso Roast;Astoria
9.25;1;1;202303;Mar;Tue;Morning;Low;Loose Tea;Green tea;Serenity Green Tea;Hell's Kitchen
23.75;5;3;202303;Mar;Tue;Afternoon;Med;Drinking Chocolate;Hot chocolate;Sustainably Grown Organic Lg;Hell's Kitchen
24.80;8;6;202303;Mar;Tue;Afternoon;Med;Coffee;Premium brewed coffee;Jamaican Coffee River Rg;Lower Manhattan
13.00;4;4;202303;Mar;Tue;Afternoon;Low;Bakery;Scone;Cranberry Scone;Lower Manhattan
2.20;1;1;202303;Mar;Tue;Afternoon;Low;Coffee;Organic brewed coffee;Brazilian Sm;Lower Manhattan
22.50;9;6;202303;Mar;Tue;Afternoon;Med;Coffee;Barista Espresso;Ouro Brasileiro shot;Lower Manhattan
14.00;4;4;202303;Mar;Tue;Afternoon;Low;Coffee;Organic brewed coffee;Brazilian Lg;Lower Manhattan
1.60;2;1;202303;Mar;Tue;Afternoon;Low;Flavours;Regular syrup;Hazelnut syrup;Hell's Kitchen
11.25;3;3;202303;Mar;Tue;Afternoon;Low;Bakery;Pastry;Almond Croissant;Hell's Kitchen
10.95;1;1;202303;Mar;Tue;Afternoon;Low;Loose Tea;Chai tea;Spicy Eye Opener Chai;Astoria
4.80;6;3;202303;Mar;Tue;Afternoon;Low;Flavours;Sugar free syrup;Sugar Free Vanilla syrup;Astoria
0.80;1;1;202303;Mar;Tue;Afternoon;Low;Flavours;Regular syrup;Carmel syrup;Lower Manhattan
15.00;5;2;202303;Mar;Tue;Afternoon;Low;Tea;Brewed Black tea;English Breakfast Lg;Lower Manhattan
10.50;3;3;202303;Mar;Tue;Afternoon;Low;Bakery;Pastry;Croissant;Hell's Kitchen
12.00;3;2;202303;Mar;Tue;Afternoon;Low;Tea;Brewed Chai tea;Morning Sunrise Chai Lg;Lower Manhattan
3.25;1;1;202303;Mar;Tue;Afternoon;Low;Bakery;Scone;Cranberry Scone;Astoria
28.00;8;7;202303;Mar;Tue;Afternoon;Med;Drinking Chocolate;Hot chocolate;Dark chocolate Rg;Hell's Kitchen
22.50;1;1;202303;Mar;Tue;Afternoon;Med;Coffee beans;Organic Beans;Organic Decaf Blend;Lower Manhattan
7.50;2;2;202303;Mar;Tue;Afternoon;Low;Bakery;Scone;Jumbo Savory Scone;Hell's Kitchen
9.75;3;3;202303;Mar;Tue;Afternoon;Low;Bakery;Biscotti;Hazelnut Biscotti;Hell's Kitchen
13.25;5;3;202303;Mar;Tue;Afternoon;Low;Bakery;Scone;Ginger Scone;Lower Manhattan
3.50;1;1;202303;Mar;Tue;Afternoon;Low;Bakery;Biscotti;Ginger Biscotti;Hell's Kitchen
17.00;4;3;202303;Mar;Tue;Afternoon;Low;Coffee;Barista Espresso;Cappuccino Lg;Lower Manhattan
22.50;6;3;202303;Mar;Tue;Afternoon;Med;Coffee;Barista Espresso;Latte;Lower Manhattan
2.55;1;1;202303;Mar;Tue;Afternoon;Low;Tea;Brewed Chai tea;Spicy Eye Opener Chai Rg;Hell's Kitchen
5.00;2;1;202303;Mar;Tue;Afternoon;Low;Tea;Brewed Black tea;English Breakfast Rg;Hell's Kitchen
24.00;8;5;202303;Mar;Tue;Afternoon;Med;Coffee;Barista Espresso;Espresso shot;Lower Manhattan
4.75;1;1;202303;Mar;Tue;Night;Low;Drinking Chocolate;Hot chocolate;Sustainably Grown Organic Lg;Astoria
15.00;6;3;202303;Mar;Tue;Evening;Low;Tea;Brewed Chai tea;Morning Sunrise Chai Rg;Lower Manhattan
18.60;6;3;202303;Mar;Tue;Evening;Low;Coffee;Premium brewed coffee;Jamaican Coffee River Rg;Lower Manhattan
3.25;1;1;202303;Mar;Tue;Evening;Low;Bakery;Biscotti;Hazelnut Biscotti;Lower Manhattan
15.00;4;4;202303;Mar;Tue;Evening;Low;Bakery;Scone;Jumbo Savory Scone;Lower Manhattan
8.95;1;1;202303;Mar;Tue;Evening;Low;Loose Tea;Herbal tea;Lemon Grass;Hell's Kitchen
14.00;7;4;202303;Mar;Tue;Evening;Low;Coffee;Gourmet brewed coffee;Columbian Medium Roast Sm;Hell's Kitchen
8.00;4;3;202303;Mar;Tue;Evening;Low;Coffee;Gourmet brewed coffee;Columbian Medium Roast Sm;Lower Manhattan
12.50;5;3;202303;Mar;Tue;Evening;Low;Tea;Brewed Chai tea;Traditional Blend Chai Rg;Lower Manhattan
1.60;2;1;202303;Mar;Tue;Evening;Low;Flavours;Regular syrup;Carmel syrup;Astoria
12.30;5;5;202303;Mar;Tue;Evening;Low;Coffee;Barista Espresso;Ouro Brasileiro shot;Hell's Kitchen
5.00;2;1;202303;Mar;Tue;Evening;Low;Tea;Brewed Chai tea;Morning Sunrise Chai Rg;Astoria
17.85;7;4;202303;Mar;Tue;Evening;Low;Tea;Brewed Chai tea;Spicy Eye Opener Chai Rg;Astoria
2.40;3;2;202303;Mar;Tue;Evening;Low;Flavours;Sugar free syrup;Sugar Free Vanilla syrup;Hell's Kitchen
24.00;8;4;202303;Mar;Tue;Evening;Med;Tea;Brewed Green tea;Serenity Green Tea Lg;Lower Manhattan
26.25;7;3;202303;Mar;Tue;Evening;Med;Coffee;Barista Espresso;Cappuccino;Lower Manhattan
6.60;3;2;202303;Mar;Tue;Evening;Low;Coffee;Organic brewed coffee;Brazilian Sm;Lower Manhattan
3.50;1;1;202303;Mar;Tue;Evening;Low;Bakery;Pastry;Croissant;Lower Manhattan
8.95;1;1;202303;Mar;Tue;Evening;Low;Loose Tea;Black tea;English Breakfast;Astoria
15.00;5;3;202303;Mar;Tue;Evening;Low;Coffee;Gourmet brewed coffee;Columbian Medium Roast Lg;Hell's Kitchen
6.60;3;2;202303;Mar;Tue;Evening;Low;Coffee;Gourmet brewed coffee;Ethiopia Sm;Hell's Kitchen
45.00;1;1;202303;Mar;Tue;Evening;High;Coffee beans;Premium Beans;Civet Cat;Hell's Kitchen
15.00;5;3;202303;Mar;Wed;Night;Low;Coffee;Drip coffee;Our Old Time Diner Blend Lg;Lower Manhattan
22.20;8;4;202303;Mar;Wed;Night;Med;Coffee;Barista Espresso;Ouro Brasileiro shot;Lower Manhattan
6.20;2;1;202303;Mar;Wed;Night;Low;Coffee;Premium brewed coffee;Jamaican Coffee River Rg;Lower Manhattan
5.00;2;2;202303;Mar;Wed;Night;Low;Coffee;Drip coffee;Our Old Time Diner Blend Rg;Lower Manhattan
9.00;3;1;202303;Mar;Wed;Night;Low;Coffee;Barista Espresso;Espresso shot;Lower Manhattan
3.50;1;1;202303;Mar;Wed;Night;Low;Bakery;Pastry;Croissant;Lower Manhattan
6.40;1;1;202303;Mar;Wed;Night;Low;Packaged Chocolate;Drinking Chocolate;Dark chocolate;Lower Manhattan
10.50;3;2;202303;Mar;Wed;Night;Low;Drinking Chocolate;Hot chocolate;Dark chocolate Rg;Lower Manhattan
4.00;1;1;202303;Mar;Wed;Night;Low;Tea;Brewed Chai tea;Morning Sunrise Chai Lg;Hell's Kitchen
2.00;1;1;202303;Mar;Wed;Night;Low;Coffee;Drip coffee;Our Old Time Diner Blend Sm;Hell's Kitchen
5.30;2;1;202303;Mar;Wed;Night;Low;Bakery;Scone;Ginger Scone;Lower Manhattan
6.00;2;1;202303;Mar;Wed;Night;Low;Tea;Brewed Black tea;English Breakfast Lg;Lower Manhattan
2.50;1;1;202303;Mar;Wed;Night;Low;Coffee;Gourmet brewed coffee;Columbian Medium Roast Rg;Lower Manhattan
3.50;1;1;202303;Mar;Wed;Night;Low;Coffee;Gourmet brewed coffee;Ethiopia Lg;Hell's Kitchen
6.00;2;1;202303;Mar;Wed;Night;Low;Coffee;Gourmet brewed coffee;Columbian Medium Roast Lg;Hell's Kitchen
6.00;2;1;202303;Mar;Wed;Night;Low;Tea;Brewed Black tea;English Breakfast Lg;Hell's Kitchen
13.33;1;1;202303;Mar;Wed;Morning;Low;Packaged Chocolate;Drinking Chocolate;Chili Mayan;Lower Manhattan
22.50;1;1;202303;Mar;Wed;Morning;Med;Coffee beans;Organic Beans;Organic Decaf Blend;Lower Manhattan
45.00;1;1;202303;Mar;Wed;Morning;High;Coffee beans;Premium Beans;Civet Cat;Lower Manhattan
56.00;2;2;202303;Mar;Wed;Morning;High;Branded;Clothing;I Need My Bean! T-shirt;Lower Manhattan
28.00;8;4;202303;Mar;Wed;Morning;Med;Coffee;Organic brewed coffee;Brazilian Lg;Astoria
6.00;2;2;202303;Mar;Wed;Morning;Low;Bakery;Scone;Oatmeal Scone;Astoria
14.75;1;1;202303;Mar;Wed;Morning;Low;Coffee beans;Espresso Beans;Espresso Roast;Hell's Kitchen
10.00;1;1;202303;Mar;Wed;Morning;Low;Coffee beans;Green beans;Guatemalan Sustainably Grown;Hell's Kitchen
13.00;4;4;202303;Mar;Wed;Afternoon;Low;Bakery;Scone;Cranberry Scone;Lower Manhattan
7.50;2;2;202303;Mar;Wed;Afternoon;Low;Bakery;Pastry;Almond Croissant;Astoria
13.00;4;4;202303;Mar;Wed;Afternoon;Low;Bakery;Biscotti;Hazelnut Biscotti;Hell's Kitchen
13.33;1;1;202303;Mar;Wed;Afternoon;Low;Packaged Chocolate;Drinking Chocolate;Chili Mayan;Lower Manhattan
7.50;2;2;202303;Mar;Wed;Afternoon;Low;Bakery;Scone;Jumbo Savory Scone;Hell's Kitchen
7.00;2;2;202303;Mar;Wed;Afternoon;Low;Drinking Chocolate;Hot chocolate;Dark chocolate Rg;Hell's Kitchen
9.75;3;3;202303;Mar;Wed;Evening;Low;Bakery;Scone;Cranberry Scone;Hell's Kitchen
1.60;2;1;202303;Mar;Wed;Evening;Low;Flavours;Regular syrup;Hazelnut syrup;Hell's Kitchen
10.00;4;2;202303;Mar;Wed;Evening;Low;Coffee;Gourmet brewed coffee;Columbian Medium Roast Rg;Lower Manhattan
3.25;1;1;202303;Mar;Wed;Evening;Low;Bakery;Scone;Cranberry Scone;Lower Manhattan
3.00;1;1;202303;Mar;Wed;Evening;Low;Bakery;Scone;Oatmeal Scone;Astoria
13.50;3;3;202303;Mar;Wed;Evening;Low;Bakery;Scone;Scottish Cream Scone ;Lower Manhattan
7.60;1;1;202303;Mar;Wed;Evening;Low;Packaged Chocolate;Organic Chocolate;Sustainably Grown Organic;Hell's Kitchen
3.75;1;1;202303;Mar;Wed;Evening;Low;Bakery;Scone;Jumbo Savory Scone;Hell's Kitchen
28.00;1;1;202303;Mar;Mon;Morning;Med;Branded;Clothing;I Need My Bean! T-shirt;Hell's Kitchen
15.00;5;3;202303;Mar;Thu;Night;Low;Tea;Brewed herbal tea;Peppermint Lg;Lower Manhattan
3.75;1;1;202303;Mar;Thu;Night;Low;Bakery;Scone;Jumbo Savory Scone;Lower Manhattan
16.00;4;3;202303;Mar;Thu;Night;Low;Tea;Brewed Chai tea;Morning Sunrise Chai Lg;Lower Manhattan
7.00;2;1;202303;Mar;Thu;Night;Low;Coffee;Organic brewed coffee;Brazilian Lg;Lower Manhattan
5.00;2;1;202303;Mar;Thu;Night;Low;Tea;Brewed herbal tea;Peppermint Rg;Lower Manhattan
5.10;2;1;202303;Mar;Thu;Night;Low;Tea;Brewed Chai tea;Spicy Eye Opener Chai Rg;Hell's Kitchen
9.30;3;2;202303;Mar;Thu;Night;Low;Coffee;Premium brewed coffee;Jamaican Coffee River Rg;Lower Manhattan
6.60;3;2;202303;Mar;Thu;Night;Low;Coffee;Gourmet brewed coffee;Ethiopia Sm;Lower Manhattan
8.95;1;1;202303;Mar;Thu;Night;Low;Loose Tea;Black tea;Earl Grey;Lower Manhattan
3.25;1;1;202303;Mar;Thu;Night;Low;Bakery;Biscotti;Hazelnut Biscotti;Hell's Kitchen
11.25;3;1;202303;Mar;Thu;Night;Low;Coffee;Barista Espresso;Cappuccino;Lower Manhattan
15.00;6;2;202303;Mar;Thu;Night;Low;Tea;Brewed Green tea;Serenity Green Tea Rg;Lower Manhattan
3.50;1;1;202303;Mar;Thu;Night;Low;Bakery;Biscotti;Chocolate Chip Biscotti;Lower Manhattan
12.00;4;2;202303;Mar;Thu;Night;Low;Coffee;Gourmet brewed coffee;Columbian Medium Roast Lg;Hell's Kitchen
18.00;6;3;202303;Mar;Thu;Night;Low;Tea;Brewed Black tea;English Breakfast Lg;Lower Manhattan
2.45;1;1;202303;Mar;Thu;Night;Low;Coffee;Premium brewed coffee;Jamaican Coffee River Sm;Lower Manhattan
5.00;2;1;202303;Mar;Thu;Night;Low;Tea;Brewed Chai tea;Traditional Blend Chai Rg;Hell's Kitchen
7.50;2;1;202303;Mar;Thu;Night;Low;Coffee;Premium brewed coffee;Jamaican Coffee River Lg;Hell's Kitchen
7.00;2;2;202303;Mar;Thu;Night;Low;Bakery;Biscotti;Ginger Biscotti;Lower Manhattan
9.25;1;1;202303;Mar;Thu;Night;Low;Loose Tea;Green tea;Serenity Green Tea;Lower Manhattan
8.95;1;1;202303;Mar;Thu;Morning;Low;Loose Tea;Black tea;Earl Grey;Hell's Kitchen
7.60;1;1;202303;Mar;Thu;Morning;Low;Packaged Chocolate;Organic Chocolate;Sustainably Grown Organic;Lower Manhattan
18.00;1;1;202303;Mar;Thu;Morning;Low;Coffee beans;Organic Beans;Brazilian - Organic;Hell's Kitchen
8.95;1;1;202303;Mar;Thu;Morning;Low;Loose Tea;Herbal tea;Peppermint;Hell's Kitchen
10.00;1;1;202303;Mar;Thu;Morning;Low;Coffee beans;Green beans;Guatemalan Sustainably Grown;Hell's Kitchen
21.00;1;1;202303;Mar;Thu;Morning;Med;Coffee beans;Gourmet Beans;Ethiopia;Lower Manhattan
22.50;6;6;202303;Mar;Thu;Morning;Med;Bakery;Pastry;Almond Croissant;Lower Manhattan
15.00;1;1;202303;Mar;Thu;Morning;Low;Coffee beans;Gourmet Beans;Columbian Medium Roast;Hell's Kitchen
9.50;1;1;202303;Mar;Thu;Morning;Low;Loose Tea;Chai tea;Morning Sunrise Chai;Lower Manhattan
10.00;4;3;202303;Mar;Thu;Afternoon;Low;Tea;Brewed Black tea;Earl Grey Rg;Lower Manhattan
4.50;1;1;202303;Mar;Thu;Afternoon;Low;Bakery;Scone;Scottish Cream Scone ;Astoria
18.00;1;1;202303;Mar;Thu;Afternoon;Low;Coffee beans;House blend Beans;Our Old Time Diner Blend;Hell's Kitchen
7.00;2;2;202303;Mar;Thu;Afternoon;Low;Bakery;Pastry;Croissant;Hell's Kitchen
3.75;1;1;202303;Mar;Thu;Afternoon;Low;Bakery;Pastry;Almond Croissant;Lower Manhattan
6.50;2;2;202303;Mar;Thu;Afternoon;Low;Bakery;Scone;Cranberry Scone;Hell's Kitchen
3.25;1;1;202303;Mar;Thu;Afternoon;Low;Bakery;Biscotti;Hazelnut Biscotti;Hell's Kitchen
9.25;1;1;202303;Mar;Thu;Evening;Low;Loose Tea;Green tea;Serenity Green Tea;Lower Manhattan
2.40;3;2;202303;Mar;Thu;Evening;Low;Flavours;Regular syrup;Carmel syrup;Lower Manhattan
7.00;2;2;202303;Mar;Thu;Evening;Low;Bakery;Biscotti;Ginger Biscotti;Lower Manhattan
0.80;1;1;202303;Mar;Thu;Evening;Low;Flavours;Regular syrup;Chocolate syrup;Hell's Kitchen
0.80;1;1;202303;Mar;Thu;Evening;Low;Flavours;Regular syrup;Chocolate syrup;Lower Manhattan
4.00;5;3;202303;Mar;Thu;Evening;Low;Flavours;Regular syrup;Hazelnut syrup;Lower Manhattan
4.90;2;1;202303;Mar;Thu;Evening;Low;Coffee;Premium brewed coffee;Jamaican Coffee River Sm;Hell's Kitchen
2.55;1;1;202303;Mar;Thu;Evening;Low;Tea;Brewed Chai tea;Spicy Eye Opener Chai Rg;Astoria
7.50;2;1;202303;Mar;Fri;Night;Low;Coffee;Barista Espresso;Cappuccino;Lower Manhattan
0.80;1;1;202303;Mar;Fri;Night;Low;Flavours;Regular syrup;Carmel syrup;Lower Manhattan
10.00;4;3;202303;Mar;Fri;Night;Low;Tea;Brewed herbal tea;Peppermint Rg;Lower Manhattan
3.75;1;1;202303;Mar;Fri;Night;Low;Bakery;Pastry;Chocolate Croissant;Lower Manhattan
5.30;2;1;202303;Mar;Fri;Night;Low;Bakery;Scone;Ginger Scone;Lower Manhattan
7.50;3;2;202303;Mar;Fri;Night;Low;Tea;Brewed herbal tea;Lemon Grass Rg;Hell's Kitchen
3.50;1;1;202303;Mar;Fri;Night;Low;Bakery;Biscotti;Ginger Biscotti;Hell's Kitchen
9.30;3;2;202303;Mar;Fri;Night;Low;Coffee;Premium brewed coffee;Jamaican Coffee River Rg;Hell's Kitchen
3.75;1;1;202303;Mar;Fri;Night;Low;Bakery;Pastry;Almond Croissant;Lower Manhattan
2.50;1;1;202303;Mar;Fri;Night;Low;Coffee;Drip coffee;Our Old Time Diner Blend Rg;Hell's Kitchen
12.00;3;1;202303;Mar;Fri;Night;Low;Tea;Brewed Chai tea;Morning Sunrise Chai Lg;Lower Manhattan
3.25;1;1;202303;Mar;Fri;Night;Low;Bakery;Biscotti;Hazelnut Biscotti;Hell's Kitchen
5.00;2;1;202303;Mar;Fri;Night;Low;Tea;Brewed Green tea;Serenity Green Tea Rg;Hell's Kitchen
3.00;1;1;202303;Mar;Fri;Night;Low;Coffee;Barista Espresso;Espresso shot;Hell's Kitchen
3.00;1;1;202303;Mar;Fri;Night;Low;Tea;Brewed Green tea;Serenity Green Tea Lg;Hell's Kitchen
9.00;2;1;202303;Mar;Fri;Night;Low;Drinking Chocolate;Hot chocolate;Dark chocolate Lg;Hell's Kitchen
2.45;1;1;202303;Mar;Fri;Night;Low;Coffee;Premium brewed coffee;Jamaican Coffee River Sm;Hell's Kitchen
7.50;2;1;202303;Mar;Fri;Night;Low;Drinking Chocolate;Hot chocolate;Sustainably Grown Organic Rg;Hell's Kitchen
5.00;2;1;202303;Mar;Fri;Night;Low;Tea;Brewed Chai tea;Traditional Blend Chai Rg;Hell's Kitchen
3.25;1;1;202303;Mar;Fri;Night;Low;Bakery;Scone;Cranberry Scone;Lower Manhattan
17.90;2;2;202303;Mar;Fri;Morning;Low;Loose Tea;Black tea;Earl Grey;Hell's Kitchen
39.50;2;2;202303;Mar;Fri;Morning;Med;Coffee beans;Premium Beans;Jamacian Coffee River;Hell's Kitchen
22.50;1;1;202303;Mar;Fri;Morning;Med;Coffee beans;Organic Beans;Organic Decaf Blend;Lower Manhattan
42.00;2;2;202303;Mar;Fri;Morning;High;Coffee beans;Gourmet Beans;Ethiopia;Lower Manhattan
15.00;4;4;202303;Mar;Fri;Morning;Low;Bakery;Scone;Jumbo Savory Scone;Astoria
19.60;8;4;202303;Mar;Fri;Morning;Low;Coffee;Premium brewed coffee;Jamaican Coffee River Sm;Hell's Kitchen
28.00;2;2;202303;Mar;Fri;Morning;Med;Branded;Housewares;I Need My Bean! Latte cup;Lower Manhattan
8.95;1;1;202303;Mar;Fri;Morning;Low;Loose Tea;Herbal tea;Peppermint;Lower Manhattan
26.85;3;3;202303;Mar;Fri;Morning;Med;Loose Tea;Black tea;English Breakfast;Lower Manhattan
10.00;1;1;202303;Mar;Fri;Morning;Low;Coffee beans;Green beans;Guatemalan Sustainably Grown;Lower Manhattan
15.65;5;4;202303;Mar;Fri;Afternoon;Low;Bakery;Scone;Ginger Scone;Hell's Kitchen
14.00;4;4;202303;Mar;Fri;Afternoon;Low;Coffee;Gourmet brewed coffee;Ethiopia Lg;Astoria
3.75;1;1;202303;Mar;Fri;Afternoon;Low;Coffee;Barista Espresso;Cappuccino;Lower Manhattan
3.75;1;1;202303;Mar;Fri;Afternoon;Low;Coffee;Premium brewed coffee;Jamaican Coffee River Lg;Hell's Kitchen
14.00;1;1;202303;Mar;Fri;Afternoon;Low;Branded;Housewares;I Need My Bean! Latte cup;Lower Manhattan
0.80;1;1;202303;Mar;Fri;Afternoon;Low;Flavours;Regular syrup;Chocolate syrup;Hell's Kitchen
8.50;2;1;202303;Mar;Fri;Night;Low;Coffee;Barista Espresso;Cappuccino Lg;Astoria
15.00;1;1;202303;Mar;Fri;Evening;Low;Coffee beans;Gourmet Beans;Columbian Medium Roast;Hell's Kitchen
2.40;3;2;202303;Mar;Fri;Evening;Low;Flavours;Sugar free syrup;Sugar Free Vanilla syrup;Lower Manhattan
3.25;1;1;202303;Mar;Fri;Evening;Low;Bakery;Biscotti;Hazelnut Biscotti;Astoria
18.00;4;2;202303;Mar;Fri;Evening;Low;Drinking Chocolate;Hot chocolate;Dark chocolate Lg;Astoria
3.25;1;1;202303;Mar;Fri;Evening;Low;Bakery;Scone;Ginger Scone;Hell's Kitchen
2.40;3;2;202303;Mar;Fri;Evening;Low;Flavours;Regular syrup;Carmel syrup;Lower Manhattan
7.00;2;2;202303;Mar;Fri;Evening;Low;Bakery;Biscotti;Ginger Biscotti;Astoria
15.00;4;2;202303;Mar;Fri;Evening;Low;Coffee;Premium brewed coffee;Jamaican Coffee River Lg;Lower Manhattan
2.00;1;1;202303;Mar;Fri;Evening;Low;Coffee;Gourmet brewed coffee;Columbian Medium Roast Sm;Lower Manhattan
12.00;4;2;202303;Mar;Fri;Evening;Low;Coffee;Drip coffee;Our Old Time Diner Blend Lg;Lower Manhattan
14.75;1;1;202303;Mar;Fri;Evening;Low;Coffee beans;Espresso Beans;Espresso Roast;Lower Manhattan
22.50;1;1;202303;Mar;Fri;Evening;Med;Coffee beans;Organic Beans;Organic Decaf Blend;Hell's Kitchen
5.00;2;1;202303;Mar;Fri;Evening;Low;Tea;Brewed herbal tea;Peppermint Rg;Astoria
8.95;1;1;202303;Mar;Fri;Evening;Low;Loose Tea;Black tea;Earl Grey;Hell's Kitchen
12.40;4;2;202303;Mar;Sat;Night;Low;Coffee;Premium brewed coffee;Jamaican Coffee River Rg;Lower Manhattan
3.00;1;1;202303;Mar;Sat;Night;Low;Tea;Brewed herbal tea;Peppermint Lg;Lower Manhattan
3.75;1;1;202303;Mar;Sat;Night;Low;Coffee;Barista Espresso;Latte;Lower Manhattan
13.50;3;1;202303;Mar;Sat;Night;Low;Drinking Chocolate;Hot chocolate;Dark chocolate Lg;Lower Manhattan
3.75;1;1;202303;Mar;Sat;Night;Low;Bakery;Pastry;Chocolate Croissant;Hell's Kitchen
10.00;1;1;202303;Mar;Sat;Night;Low;Coffee beans;Green beans;Guatemalan Sustainably Grown;Lower Manhattan
6.00;2;1;202303;Mar;Sat;Night;Low;Coffee;Organic brewed coffee;Brazilian Rg;Hell's Kitchen
1.60;2;1;202303;Mar;Sat;Night;Low;Flavours;Sugar free syrup;Sugar Free Vanilla syrup;Lower Manhattan
3.00;1;1;202303;Mar;Sat;Night;Low;Tea;Brewed Chai tea;Traditional Blend Chai Lg;Hell's Kitchen
3.50;1;1;202303;Mar;Sat;Night;Low;Coffee;Gourmet brewed coffee;Ethiopia Lg;Hell's Kitchen
2.50;1;1;202303;Mar;Sat;Night;Low;Tea;Brewed Chai tea;Traditional Blend Chai Rg;Hell's Kitchen
3.00;1;1;202303;Mar;Sat;Night;Low;Bakery;Scone;Oatmeal Scone;Lower Manhattan
2.50;1;1;202303;Mar;Sat;Night;Low;Tea;Brewed Chai tea;Morning Sunrise Chai Rg;Hell's Kitchen
3.00;1;1;202303;Mar;Sat;Night;Low;Tea;Brewed herbal tea;Peppermint Lg;Hell's Kitchen
8.95;1;1;202303;Mar;Sat;Morning;Low;Loose Tea;Black tea;Earl Grey;Hell's Kitchen
19.50;8;5;202303;Mar;Sat;Morning;Low;Coffee;Barista Espresso;Ouro Brasileiro shot;Lower Manhattan
9.25;1;1;202303;Mar;Sat;Morning;Low;Loose Tea;Green tea;Serenity Green Tea;Lower Manhattan
84.00;3;3;202303;Mar;Sat;Morning;very high;Branded;Clothing;I Need My Bean! T-shirt;Lower Manhattan
45.00;1;1;202303;Mar;Sat;Morning;High;Coffee beans;Premium Beans;Civet Cat;Hell's Kitchen
21.00;1;1;202303;Mar;Sat;Morning;Med;Coffee beans;Gourmet Beans;Ethiopia;Lower Manhattan
22.50;1;1;202303;Mar;Sat;Morning;Med;Coffee beans;Organic Beans;Organic Decaf Blend;Lower Manhattan
16.00;4;2;202303;Mar;Sat;Afternoon;Low;Tea;Brewed Chai tea;Morning Sunrise Chai Lg;Hell's Kitchen
8.95;1;1;202303;Mar;Sat;Afternoon;Low;Loose Tea;Herbal tea;Peppermint;Hell's Kitchen
8.50;2;1;202303;Mar;Sat;Afternoon;Low;Coffee;Barista Espresso;Cappuccino Lg;Hell's Kitchen
8.95;1;1;202303;Mar;Sat;Afternoon;Low;Loose Tea;Herbal tea;Lemon Grass;Hell's Kitchen
3.00;1;1;202303;Mar;Sat;Night;Low;Tea;Brewed Chai tea;Traditional Blend Chai Lg;Astoria
9.00;3;1;202303;Mar;Sat;Evening;Low;Tea;Brewed herbal tea;Lemon Grass Lg;Lower Manhattan
2.65;1;1;202303;Mar;Sat;Evening;Low;Bakery;Scone;Ginger Scone;Lower Manhattan
7.50;2;2;202303;Mar;Sat;Evening;Low;Bakery;Scone;Jumbo Savory Scone;Hell's Kitchen
3.00;1;1;202303;Mar;Sat;Evening;Low;Bakery;Scone;Oatmeal Scone;Lower Manhattan
3.75;1;1;202303;Mar;Sat;Evening;Low;Bakery;Scone;Jumbo Savory Scone;Lower Manhattan
1.60;2;1;202303;Mar;Sat;Evening;Low;Flavours;Regular syrup;Chocolate syrup;Lower Manhattan
15.00;4;2;202303;Mar;Sat;Evening;Low;Drinking Chocolate;Hot chocolate;Sustainably Grown Organic Rg;Astoria
12.75;3;2;202303;Mar;Sat;Evening;Low;Coffee;Barista Espresso;Cappuccino Lg;Lower Manhattan
7.00;2;1;202303;Mar;Sun;Night;Low;Drinking Chocolate;Hot chocolate;Dark chocolate Rg;Lower Manhattan
7.00;2;2;202303;Mar;Sun;Night;Low;Bakery;Pastry;Croissant;Lower Manhattan
12.50;5;2;202303;Mar;Sun;Night;Low;Tea;Brewed Chai tea;Traditional Blend Chai Rg;Lower Manhattan
3.75;1;1;202303;Mar;Sun;Night;Low;Coffee;Premium brewed coffee;Jamaican Coffee River Lg;Lower Manhattan
3.00;1;1;202303;Mar;Sun;Night;Low;Coffee;Gourmet brewed coffee;Ethiopia Rg;Hell's Kitchen
3.00;1;1;202303;Mar;Sun;Night;Low;Tea;Brewed Black tea;English Breakfast Lg;Hell's Kitchen
7.50;2;1;202303;Mar;Sun;Night;Low;Drinking Chocolate;Hot chocolate;Sustainably Grown Organic Rg;Lower Manhattan
20.45;1;1;202303;Mar;Sun;Night;very high;Coffee beans;Espresso Beans;Primo Espresso Roast;Hell's Kitchen
2.45;1;1;202303;Mar;Sun;Night;Low;Coffee;Premium brewed coffee;Jamaican Coffee River Sm;Hell's Kitchen
6.00;2;2;202303;Mar;Sun;Night;Low;Coffee;Barista Espresso;Ouro Brasileiro shot;Hell's Kitchen
21.25;5;2;202303;Mar;Sun;Night;Med;Coffee;Barista Espresso;Latte Rg;Lower Manhattan
6.00;2;1;202303;Mar;Sun;Night;Low;Coffee;Barista Espresso;Espresso shot;Hell's Kitchen
4.00;1;1;202303;Mar;Sun;Night;Low;Tea;Brewed Chai tea;Morning Sunrise Chai Lg;Hell's Kitchen
2.50;1;1;202303;Mar;Sun;Night;Low;Tea;Brewed Black tea;Earl Grey Rg;Hell's Kitchen
4.00;2;1;202303;Mar;Sun;Night;Low;Coffee;Gourmet brewed coffee;Columbian Medium Roast Sm;Hell's Kitchen
6.00;2;1;202303;Mar;Sun;Night;Low;Coffee;Drip coffee;Our Old Time Diner Blend Lg;Hell's Kitchen
20.45;1;1;202303;Mar;Sun;Morning;very high;Coffee beans;Espresso Beans;Primo Espresso Roast;Hell's Kitchen
14.00;1;1;202303;Mar;Sun;Morning;Low;Branded;Housewares;I Need My Bean! Latte cup;Lower Manhattan
19.75;1;1;202303;Mar;Sun;Morning;Low;Coffee beans;Premium Beans;Jamacian Coffee River;Lower Manhattan
10.95;1;1;202303;Mar;Sun;Morning;Low;Loose Tea;Chai tea;Spicy Eye Opener Chai;Lower Manhattan
9.50;1;1;202303;Mar;Sun;Morning;Low;Loose Tea;Chai tea;Morning Sunrise Chai;Lower Manhattan
2.40;3;2;202303;Mar;Sun;Afternoon;Low;Flavours;Regular syrup;Chocolate syrup;Lower Manhattan
5.00;2;1;202303;Mar;Sun;Afternoon;Low;Tea;Brewed herbal tea;Peppermint Rg;Lower Manhattan
6.60;3;2;202303;Mar;Sun;Afternoon;Low;Coffee;Organic brewed coffee;Brazilian Sm;Lower Manhattan
7.50;2;2;202303;Mar;Sun;Afternoon;Low;Bakery;Pastry;Almond Croissant;Hell's Kitchen
15.00;1;1;202303;Mar;Sun;Afternoon;Low;Coffee beans;Gourmet Beans;Columbian Medium Roast;Hell's Kitchen
6.00;2;1;202303;Mar;Sun;Afternoon;Low;Coffee;Gourmet brewed coffee;Columbian Medium Roast Lg;Astoria
4.50;1;1;202303;Mar;Sun;Afternoon;Low;Drinking Chocolate;Hot chocolate;Dark chocolate Lg;Hell's Kitchen
10.00;1;1;202303;Mar;Sun;Afternoon;Low;Coffee beans;Green beans;Guatemalan Sustainably Grown;Hell's Kitchen
3.00;1;1;202303;Mar;Sun;Afternoon;Low;Bakery;Scone;Oatmeal Scone;Lower Manhattan
4.80;6;3;202303;Mar;Sun;Evening;Low;Flavours;Regular syrup;Chocolate syrup;Hell's Kitchen
3.50;1;1;202303;Mar;Sun;Evening;Low;Bakery;Biscotti;Ginger Biscotti;Lower Manhattan
3.00;1;1;202303;Mar;Sun;Evening;Low;Tea;Brewed herbal tea;Peppermint Lg;Lower Manhattan
3.50;1;1;202303;Mar;Sun;Evening;Low;Bakery;Pastry;Croissant;Hell's Kitchen
13.33;1;1;202303;Mar;Sun;Evening;Low;Packaged Chocolate;Drinking Chocolate;Chili Mayan;Hell's Kitchen
8.95;1;1;202303;Mar;Sun;Evening;Low;Loose Tea;Black tea;Earl Grey;Hell's Kitchen
18.00;1;1;202303;Mar;Mon;Morning;Low;Coffee beans;House blend Beans;Our Old Time Diner Blend;Lower Manhattan
45.00;1;1;202303;Mar;Mon;Morning;High;Coffee beans;Premium Beans;Civet Cat;Lower Manhattan
21.00;1;1;202303;Mar;Mon;Morning;Med;Coffee beans;Gourmet Beans;Ethiopia;Lower Manhattan
18.00;1;1;202303;Mar;Mon;Morning;Low;Coffee beans;Organic Beans;Brazilian - Organic;Lower Manhattan
12.00;1;1;202303;Mar;Mon;Afternoon;Low;Branded;Housewares;I Need My Bean! Diner mug;Lower Manhattan
14.75;1;1;202303;Mar;Mon;Afternoon;Low;Coffee beans;Espresso Beans;Espresso Roast;Lower Manhattan
3.50;1;1;202303;Mar;Mon;Afternoon;Low;Bakery;Biscotti;Chocolate Chip Biscotti;Astoria
7.50;3;2;202303;Mar;Mon;Afternoon;Low;Tea;Brewed Chai tea;Traditional Blend Chai Rg;Astoria
18.00;6;2;202303;Mar;Mon;Afternoon;Low;Tea;Brewed Green tea;Serenity Green Tea Lg;Lower Manhattan
9.00;2;2;202303;Mar;Mon;Afternoon;Low;Bakery;Scone;Scottish Cream Scone ;Astoria
28.00;1;1;202303;Mar;Mon;Afternoon;Med;Branded;Clothing;I Need My Bean! T-shirt;Lower Manhattan
2.45;1;1;202303;Mar;Mon;Evening;Low;Coffee;Premium brewed coffee;Jamaican Coffee River Sm;Astoria
21.00;1;1;202303;Mar;Mon;Evening;Med;Coffee beans;Gourmet Beans;Ethiopia;Lower Manhattan
5.10;2;1;202303;Mar;Mon;Evening;Low;Tea;Brewed Chai tea;Spicy Eye Opener Chai Rg;Lower Manhattan
4.00;2;1;202303;Mar;Mon;Evening;Low;Coffee;Gourmet brewed coffee;Columbian Medium Roast Sm;Astoria
7.50;3;3;202303;Mar;Mon;Evening;Low;Tea;Brewed Black tea;English Breakfast Rg;Hell's Kitchen
6.00;2;1;202303;Mar;Mon;Evening;Low;Tea;Brewed herbal tea;Lemon Grass Lg;Astoria
9.00;3;2;202303;Mar;Tue;Morning;Low;Coffee;Barista Espresso;Espresso shot;Astoria
4.50;1;1;202303;Mar;Tue;Morning;Low;Bakery;Scone;Scottish Cream Scone ;Astoria
10.00;4;2;202303;Mar;Tue;Afternoon;Low;Tea;Brewed herbal tea;Peppermint Rg;Lower Manhattan
15.00;5;3;202303;Mar;Tue;Afternoon;Low;Tea;Brewed Black tea;Earl Grey Lg;Astoria
10.00;5;3;202303;Mar;Tue;Afternoon;Low;Coffee;Drip coffee;Our Old Time Diner Blend Sm;Lower Manhattan
7.50;3;2;202303;Mar;Tue;Afternoon;Low;Coffee;Gourmet brewed coffee;Columbian Medium Roast Rg;Astoria
10.00;4;2;202303;Mar;Tue;Afternoon;Low;Tea;Brewed herbal tea;Lemon Grass Rg;Hell's Kitchen
12.50;5;3;202303;Mar;Tue;Afternoon;Low;Coffee;Drip coffee;Our Old Time Diner Blend Rg;Lower Manhattan
11.25;3;2;202303;Mar;Tue;Afternoon;Low;Coffee;Premium brewed coffee;Jamaican Coffee River Lg;Astoria
3.00;1;1;202303;Mar;Tue;Afternoon;Low;Tea;Brewed herbal tea;Peppermint Lg;Hell's Kitchen
3.50;1;1;202303;Mar;Tue;Afternoon;Low;Bakery;Pastry;Croissant;Astoria
2.50;1;1;202303;Mar;Tue;Afternoon;Low;Tea;Brewed Black tea;English Breakfast Rg;Lower Manhattan
5.00;2;1;202303;Mar;Tue;Afternoon;Low;Coffee;Gourmet brewed coffee;Columbian Medium Roast Rg;Lower Manhattan
3.75;1;1;202303;Mar;Tue;Afternoon;Low;Drinking Chocolate;Hot chocolate;Sustainably Grown Organic Rg;Astoria
7.00;2;2;202303;Mar;Tue;Afternoon;Low;Bakery;Biscotti;Ginger Biscotti;Lower Manhattan
6.00;2;2;202303;Mar;Tue;Afternoon;Low;Tea;Brewed herbal tea;Peppermint Lg;Astoria
4.75;1;1;202303;Mar;Tue;Afternoon;Low;Drinking Chocolate;Hot chocolate;Sustainably Grown Organic Lg;Lower Manhattan
6.20;2;2;202303;Mar;Tue;Evening;Low;Tea;Brewed Chai tea;Spicy Eye Opener Chai Lg;Lower Manhattan
3.25;1;1;202303;Mar;Tue;Evening;Low;Bakery;Scone;Ginger Scone;Lower Manhattan
6.00;2;2;202303;Mar;Tue;Evening;Low;Bakery;Scone;Oatmeal Scone;Astoria
9.50;2;1;202303;Mar;Tue;Evening;Low;Drinking Chocolate;Hot chocolate;Sustainably Grown Organic Lg;Lower Manhattan
15.00;5;3;202303;Mar;Tue;Evening;Low;Tea;Brewed Black tea;Earl Grey Lg;Lower Manhattan
10.00;4;3;202303;Mar;Tue;Evening;Low;Coffee;Drip coffee;Our Old Time Diner Blend Rg;Astoria
6.00;2;2;202303;Mar;Tue;Evening;Low;Tea;Brewed Chai tea;Traditional Blend Chai Lg;Lower Manhattan
4.00;2;1;202303;Mar;Tue;Evening;Low;Coffee;Drip coffee;Our Old Time Diner Blend Sm;Lower Manhattan
15.00;5;3;202303;Mar;Tue;Evening;Low;Coffee;Gourmet brewed coffee;Ethiopia Rg;Lower Manhattan
5.00;2;1;202303;Mar;Tue;Evening;Low;Coffee;Gourmet brewed coffee;Columbian Medium Roast Rg;Lower Manhattan
18.00;6;3;202303;Mar;Tue;Evening;Low;Coffee;Barista Espresso;Ouro Brasileiro shot;Lower Manhattan
18.00;4;3;202303;Mar;Tue;Evening;Low;Drinking Chocolate;Hot chocolate;Dark chocolate Lg;Astoria
9.00;3;2;202303;Mar;Tue;Evening;Low;Coffee;Drip coffee;Our Old Time Diner Blend Lg;Astoria
3.50;1;1;202303;Mar;Tue;Evening;Low;Bakery;Biscotti;Chocolate Chip Biscotti;Lower Manhattan
6.00;2;1;202303;Mar;Tue;Evening;Low;Tea;Brewed Black tea;English Breakfast Lg;Lower Manhattan
3.75;1;1;202303;Mar;Tue;Evening;Low;Bakery;Pastry;Chocolate Croissant;Lower Manhattan
9.00;3;3;202303;Mar;Tue;Evening;Low;Bakery;Scone;Oatmeal Scone;Lower Manhattan
5.10;2;1;202303;Mar;Tue;Evening;Low;Tea;Brewed Chai tea;Spicy Eye Opener Chai Rg;Lower Manhattan
7.00;2;2;202303;Mar;Tue;Evening;Low;Coffee;Gourmet brewed coffee;Ethiopia Lg;Lower Manhattan
4.50;1;1;202303;Mar;Tue;Evening;Low;Bakery;Scone;Scottish Cream Scone ;Lower Manhattan
22.50;1;1;202303;Mar;Sun;Night;Med;Coffee beans;Organic Beans;Organic Decaf Blend;Lower Manhattan
7.00;2;2;202303;Mar;Tue;Evening;Low;Drinking Chocolate;Hot chocolate;Dark chocolate Rg;Lower Manhattan
7.50;2;2;202303;Mar;Tue;Evening;Low;Bakery;Pastry;Almond Croissant;Astoria
3.75;1;1;202303;Mar;Tue;Evening;Low;Coffee;Premium brewed coffee;Jamaican Coffee River Lg;Lower Manhattan
2.50;1;1;202303;Mar;Tue;Evening;Low;Tea;Brewed Black tea;English Breakfast Rg;Lower Manhattan
3.00;1;1;202303;Mar;Tue;Evening;Low;Coffee;Gourmet brewed coffee;Columbian Medium Roast Lg;Astoria
2.00;1;1;202303;Mar;Tue;Evening;Low;Coffee;Drip coffee;Our Old Time Diner Blend Sm;Astoria
9.00;3;3;202303;Mar;Wed;Afternoon;Low;Tea;Brewed Black tea;Earl Grey Lg;Lower Manhattan
7.50;2;1;202303;Mar;Wed;Afternoon;Low;Coffee;Premium brewed coffee;Jamaican Coffee River Lg;Lower Manhattan
3.50;1;1;202303;Mar;Wed;Night;Low;Bakery;Biscotti;Ginger Biscotti;Lower Manhattan
3.75;1;1;202303;Mar;Wed;Evening;Low;Bakery;Pastry;Chocolate Croissant;Lower Manhattan
3.50;1;1;202303;Mar;Wed;Evening;Low;Bakery;Biscotti;Ginger Biscotti;Lower Manhattan
5.00;2;1;202303;Mar;Thu;Night;Low;Tea;Brewed Black tea;Earl Grey Rg;Lower Manhattan
2.00;1;1;202303;Mar;Thu;Night;Low;Coffee;Gourmet brewed coffee;Columbian Medium Roast Sm;Lower Manhattan
7.60;1;1;202303;Mar;Thu;Night;Low;Packaged Chocolate;Organic Chocolate;Sustainably Grown Organic;Lower Manhattan
8.50;2;1;202303;Mar;Thu;Night;Low;Coffee;Barista Espresso;Latte Rg;Lower Manhattan
7.00;2;2;202303;Mar;Thu;Night;Low;Bakery;Pastry;Croissant;Lower Manhattan
6.00;2;1;202303;Mar;Thu;Night;Low;Coffee;Barista Espresso;Ouro Brasileiro shot;Lower Manhattan
9.00;3;2;202303;Mar;Thu;Night;Low;Coffee;Gourmet brewed coffee;Columbian Medium Roast Lg;Lower Manhattan
9.30;3;2;202303;Mar;Thu;Night;Low;Tea;Brewed Chai tea;Spicy Eye Opener Chai Lg;Hell's Kitchen
7.00;2;1;202303;Mar;Thu;Night;Low;Drinking Chocolate;Hot chocolate;Dark chocolate Rg;Lower Manhattan
9.50;2;1;202303;Mar;Thu;Night;Low;Drinking Chocolate;Hot chocolate;Sustainably Grown Organic Lg;Lower Manhattan
5.00;2;1;202303;Mar;Thu;Night;Low;Tea;Brewed Green tea;Serenity Green Tea Rg;Hell's Kitchen
0.80;1;1;202303;Mar;Thu;Night;Low;Flavours;Regular syrup;Carmel syrup;Lower Manhattan
6.00;2;1;202303;Mar;Thu;Night;Low;Tea;Brewed Black tea;English Breakfast Lg;Hell's Kitchen
3.25;1;1;202303;Mar;Thu;Night;Low;Bakery;Scone;Cranberry Scone;Hell's Kitchen
8.95;1;1;202303;Mar;Thu;Morning;Low;Loose Tea;Black tea;English Breakfast;Astoria
18.50;2;2;202303;Mar;Thu;Morning;Low;Loose Tea;Green tea;Serenity Green Tea;Astoria
1.60;2;1;202303;Mar;Thu;Afternoon;Low;Flavours;Regular syrup;Chocolate syrup;Astoria
9.50;1;1;202303;Mar;Thu;Afternoon;Low;Loose Tea;Chai tea;Morning Sunrise Chai;Hell's Kitchen
1.60;2;1;202303;Mar;Thu;Afternoon;Low;Flavours;Regular syrup;Carmel syrup;Astoria
14.00;1;1;202303;Mar;Thu;Afternoon;Low;Branded;Housewares;I Need My Bean! Latte cup;Hell's Kitchen
3.25;1;1;202303;Mar;Thu;Afternoon;Low;Bakery;Scone;Ginger Scone;Lower Manhattan
12.00;1;1;202303;Mar;Thu;Afternoon;Low;Branded;Housewares;I Need My Bean! Diner mug;Astoria
9.50;1;1;202303;Mar;Thu;Afternoon;Low;Loose Tea;Chai tea;Morning Sunrise Chai;Astoria
12.00;4;2;202303;Mar;Thu;Evening;Low;Coffee;Drip coffee;Our Old Time Diner Blend Lg;Hell's Kitchen
9.00;2;2;202303;Mar;Thu;Evening;Low;Bakery;Scone;Scottish Cream Scone ;Hell's Kitchen
6.00;3;2;202303;Mar;Fri;Night;Low;Coffee;Gourmet brewed coffee;Columbian Medium Roast Sm;Lower Manhattan
5.00;2;2;202303;Mar;Fri;Night;Low;Tea;Brewed herbal tea;Lemon Grass Rg;Lower Manhattan
4.40;2;1;202303;Mar;Fri;Night;Low;Coffee;Organic brewed coffee;Brazilian Sm;Hell's Kitchen
7.00;2;2;202303;Mar;Fri;Night;Low;Bakery;Biscotti;Chocolate Chip Biscotti;Hell's Kitchen
7.50;2;1;202303;Mar;Fri;Night;Low;Coffee;Premium brewed coffee;Jamaican Coffee River Lg;Hell's Kitchen
20.45;1;1;202303;Mar;Fri;Morning;very high;Coffee beans;Espresso Beans;Primo Espresso Roast;Lower Manhattan
7.60;1;1;202303;Mar;Fri;Morning;Low;Packaged Chocolate;Organic Chocolate;Sustainably Grown Organic;Lower Manhattan
17.90;2;2;202303;Mar;Fri;Morning;Low;Loose Tea;Herbal tea;Peppermint;Hell's Kitchen
6.40;1;1;202303;Mar;Fri;Morning;Low;Packaged Chocolate;Drinking Chocolate;Dark chocolate;Lower Manhattan
14.75;1;1;202303;Mar;Fri;Morning;Low;Coffee beans;Espresso Beans;Espresso Roast;Lower Manhattan
8.95;1;1;202303;Mar;Fri;Morning;Low;Loose Tea;Chai tea;Traditional Blend Chai;Astoria
45.00;1;1;202303;Mar;Fri;Morning;High;Coffee beans;Premium Beans;Civet Cat;Hell's Kitchen
18.00;1;1;202303;Mar;Fri;Afternoon;Low;Coffee beans;Organic Beans;Brazilian - Organic;Lower Manhattan
3.75;1;1;202303;Mar;Fri;Afternoon;Low;Bakery;Pastry;Chocolate Croissant;Hell's Kitchen
9.00;2;2;202303;Mar;Fri;Afternoon;Low;Bakery;Scone;Scottish Cream Scone ;Astoria
22.50;1;1;202303;Mar;Fri;Afternoon;Med;Coffee beans;Organic Beans;Organic Decaf Blend;Lower Manhattan
3.25;1;1;202303;Mar;Fri;Afternoon;Low;Bakery;Scone;Cranberry Scone;Hell's Kitchen
2.50;1;1;202303;Mar;Fri;Afternoon;Low;Tea;Brewed Black tea;Earl Grey Rg;Lower Manhattan
4.75;1;1;202303;Mar;Fri;Night;Low;Drinking Chocolate;Hot chocolate;Sustainably Grown Organic Lg;Astoria
21.00;1;1;202303;Mar;Fri;Evening;Med;Coffee beans;Gourmet Beans;Ethiopia;Lower Manhattan
8.95;1;1;202303;Mar;Fri;Evening;Low;Loose Tea;Black tea;Earl Grey;Lower Manhattan
5.00;2;1;202303;Mar;Fri;Evening;Low;Tea;Brewed herbal tea;Peppermint Rg;Lower Manhattan
15.00;1;1;202303;Mar;Fri;Evening;Low;Coffee beans;Gourmet Beans;Columbian Medium Roast;Astoria
69.00;23;14;202304;Apr;Sat;Morning;very high;Coffee;Gourmet brewed coffee;Ethiopia Rg;Lower Manhattan
90.00;20;15;202304;Apr;Sat;Morning;very high;Drinking Chocolate;Hot chocolate;Dark chocolate Lg;Lower Manhattan
147.25;31;20;202304;Apr;Sat;Morning;very high;Drinking Chocolate;Hot chocolate;Sustainably Grown Organic Lg;Lower Manhattan
39.00;13;9;202304;Apr;Sat;Morning;Med;Tea;Brewed Black tea;English Breakfast Lg;Lower Manhattan
54.00;18;11;202304;Apr;Sat;Morning;High;Tea;Brewed herbal tea;Peppermint Lg;Lower Manhattan
49.00;20;13;202304;Apr;Sat;Morning;High;Coffee;Premium brewed coffee;Jamaican Coffee River Sm;Lower Manhattan
50.00;20;14;202304;Apr;Sat;Morning;High;Tea;Brewed herbal tea;Peppermint Rg;Lower Manhattan
54.00;27;16;202304;Apr;Sat;Morning;High;Coffee;Drip coffee;Our Old Time Diner Blend Sm;Lower Manhattan
72.50;29;17;202304;Apr;Sat;Morning;very high;Tea;Brewed Black tea;Earl Grey Rg;Lower Manhattan
52.50;21;13;202304;Apr;Sat;Morning;High;Tea;Brewed Chai tea;Morning Sunrise Chai Rg;Lower Manhattan
43.40;14;9;202304;Apr;Sat;Morning;High;Tea;Brewed Chai tea;Spicy Eye Opener Chai Lg;Lower Manhattan
33.00;11;11;202304;Apr;Sat;Morning;Med;Bakery;Scone;Oatmeal Scone;Lower Manhattan
53.55;21;13;202304;Apr;Sat;Morning;High;Tea;Brewed Chai tea;Spicy Eye Opener Chai Rg;Lower Manhattan
14.00;4;4;202304;Apr;Sat;Morning;Low;Bakery;Biscotti;Ginger Biscotti;Lower Manhattan
105.00;30;16;202304;Apr;Sat;Morning;very high;Coffee;Organic brewed coffee;Brazilian Lg;Lower Manhattan
36.00;18;11;202304;Apr;Sat;Morning;Med;Coffee;Gourmet brewed coffee;Columbian Medium Roast Sm;Lower Manhattan
165.75;39;25;202304;Apr;Sat;Morning;very high;Coffee;Barista Espresso;Latte Rg;Lower Manhattan
66.50;19;11;202304;Apr;Sat;Morning;very high;Drinking Chocolate;Hot chocolate;Dark chocolate Rg;Lower Manhattan
57.00;19;12;202304;Apr;Sat;Morning;High;Coffee;Drip coffee;Our Old Time Diner Blend Lg;Lower Manhattan
62.25;21;16;202304;Apr;Sat;Morning;very high;Bakery;Scone;Ginger Scone;Lower Manhattan
63.00;21;14;202304;Apr;Sat;Morning;very high;Tea;Brewed Green tea;Serenity Green Tea Lg;Lower Manhattan
51.00;20;13;202304;Apr;Sat;Morning;High;Coffee;Barista Espresso;Ouro Brasileiro shot;Lower Manhattan
69.00;23;15;202304;Apr;Sat;Morning;very high;Coffee;Organic brewed coffee;Brazilian Rg;Lower Manhattan
37.40;17;10;202304;Apr;Sat;Morning;Med;Coffee;Organic brewed coffee;Brazilian Sm;Lower Manhattan
88.00;22;14;202304;Apr;Sat;Morning;very high;Tea;Brewed Chai tea;Morning Sunrise Chai Lg;Lower Manhattan
54.00;18;11;202304;Apr;Sat;Morning;High;Coffee;Barista Espresso;Espresso shot;Lower Manhattan
56.25;15;15;202304;Apr;Sat;Morning;High;Bakery;Scone;Jumbo Savory Scone;Lower Manhattan
61.60;28;15;202304;Apr;Sat;Morning;very high;Coffee;Gourmet brewed coffee;Ethiopia Sm;Lower Manhattan
28.00;14;8;202304;Apr;Sat;Morning;Med;Coffee;Gourmet brewed coffee;Columbian Medium Roast Sm;Hell's Kitchen
122.50;35;20;202304;Apr;Sat;Morning;very high;Coffee;Gourmet brewed coffee;Ethiopia Lg;Hell's Kitchen
84.00;28;15;202304;Apr;Sat;Morning;very high;Tea;Brewed Black tea;Earl Grey Lg;Lower Manhattan
26.00;8;8;202304;Apr;Sat;Morning;Med;Bakery;Biscotti;Hazelnut Biscotti;Lower Manhattan
27.00;9;6;202304;Apr;Sat;Morning;Med;Coffee;Organic brewed coffee;Brazilian Rg;Hell's Kitchen
30.60;12;7;202304;Apr;Sat;Morning;Med;Tea;Brewed Chai tea;Spicy Eye Opener Chai Rg;Hell's Kitchen
43.40;14;12;202304;Apr;Sat;Morning;High;Tea;Brewed Chai tea;Spicy Eye Opener Chai Lg;Hell's Kitchen
109.25;23;15;202304;Apr;Sat;Morning;very high;Drinking Chocolate;Hot chocolate;Sustainably Grown Organic Lg;Hell's Kitchen
56.25;15;15;202304;Apr;Sat;Morning;High;Bakery;Pastry;Chocolate Croissant;Lower Manhattan
57.00;19;13;202304;Apr;Sat;Morning;High;Tea;Brewed herbal tea;Peppermint Lg;Hell's Kitchen
54.00;18;13;202304;Apr;Sat;Morning;High;Coffee;Drip coffee;Our Old Time Diner Blend Lg;Hell's Kitchen
93.75;25;17;202304;Apr;Sat;Morning;very high;Coffee;Barista Espresso;Latte;Lower Manhattan
42.00;12;12;202304;Apr;Sat;Morning;High;Bakery;Pastry;Croissant;Lower Manhattan
97.50;26;16;202304;Apr;Sat;Morning;very high;Coffee;Barista Espresso;Latte;Hell's Kitchen
27.50;11;8;202304;Apr;Sat;Morning;Med;Coffee;Gourmet brewed coffee;Columbian Medium Roast Rg;Lower Manhattan
32.50;13;9;202304;Apr;Sat;Morning;Med;Tea;Brewed Chai tea;Morning Sunrise Chai Rg;Hell's Kitchen
58.90;19;15;202304;Apr;Sat;Morning;High;Coffee;Premium brewed coffee;Jamaican Coffee River Rg;Hell's Kitchen
36.75;15;10;202304;Apr;Sat;Morning;Med;Coffee;Premium brewed coffee;Jamaican Coffee River Sm;Hell's Kitchen
40.00;16;9;202304;Apr;Sat;Morning;Med;Tea;Brewed Black tea;Earl Grey Rg;Hell's Kitchen
78.00;26;15;202304;Apr;Sat;Morning;very high;Tea;Brewed Chai tea;Traditional Blend Chai Lg;Hell's Kitchen
63.00;18;12;202304;Apr;Sat;Morning;very high;Coffee;Gourmet brewed coffee;Ethiopia Lg;Lower Manhattan
63.75;17;10;202304;Apr;Sat;Morning;very high;Coffee;Premium brewed coffee;Jamaican Coffee River Lg;Hell's Kitchen
60.00;16;10;202304;Apr;Sat;Morning;High;Coffee;Barista Espresso;Cappuccino;Lower Manhattan
90.00;24;13;202304;Apr;Sat;Morning;very high;Drinking Chocolate;Hot chocolate;Sustainably Grown Organic Rg;Lower Manhattan
50.00;20;12;202304;Apr;Sat;Morning;High;Tea;Brewed Chai tea;Traditional Blend Chai Rg;Hell's Kitchen
22.75;7;7;202304;Apr;Sat;Morning;Med;Bakery;Scone;Ginger Scone;Hell's Kitchen
68.00;16;9;202304;Apr;Sat;Morning;very high;Coffee;Barista Espresso;Latte Rg;Hell's Kitchen
60.00;16;11;202304;Apr;Sat;Morning;High;Coffee;Barista Espresso;Cappuccino;Hell's Kitchen
63.75;15;9;202304;Apr;Sat;Morning;very high;Coffee;Barista Espresso;Cappuccino Lg;Hell's Kitchen
50.00;20;12;202304;Apr;Sat;Morning;High;Tea;Brewed Black tea;English Breakfast Rg;Lower Manhattan
35.00;10;10;202304;Apr;Sat;Morning;Med;Bakery;Biscotti;Chocolate Chip Biscotti;Lower Manhattan
60.00;20;16;202304;Apr;Sat;Morning;High;Tea;Brewed Black tea;English Breakfast Lg;Hell's Kitchen
69.00;23;16;202304;Apr;Sat;Morning;very high;Coffee;Gourmet brewed coffee;Columbian Medium Roast Lg;Hell's Kitchen
52.50;21;14;202304;Apr;Sat;Morning;High;Coffee;Gourmet brewed coffee;Columbian Medium Roast Rg;Hell's Kitchen
70.00;28;18;202304;Apr;Sat;Morning;very high;Coffee;Drip coffee;Our Old Time Diner Blend Rg;Lower Manhattan
69.00;23;14;202304;Apr;Sat;Morning;very high;Tea;Brewed herbal tea;Lemon Grass Lg;Lower Manhattan
39.60;18;11;202304;Apr;Sat;Morning;Med;Coffee;Organic brewed coffee;Brazilian Sm;Hell's Kitchen
82.50;33;22;202304;Apr;Sat;Morning;very high;Tea;Brewed Green tea;Serenity Green Tea Rg;Lower Manhattan
98.00;28;20;202304;Apr;Sat;Morning;very high;Coffee;Organic brewed coffee;Brazilian Lg;Hell's Kitchen
82.50;22;22;202304;Apr;Sat;Morning;very high;Bakery;Pastry;Chocolate Croissant;Hell's Kitchen
50.00;20;15;202304;Apr;Sat;Morning;High;Tea;Brewed herbal tea;Peppermint Rg;Hell's Kitchen
60.00;16;10;202304;Apr;Sat;Morning;High;Coffee;Premium brewed coffee;Jamaican Coffee River Lg;Lower Manhattan
60.00;15;10;202304;Apr;Sat;Morning;High;Tea;Brewed Chai tea;Morning Sunrise Chai Lg;Hell's Kitchen
62.00;20;11;202304;Apr;Sat;Morning;very high;Coffee;Premium brewed coffee;Jamaican Coffee River Rg;Lower Manhattan
26.00;8;8;202304;Apr;Sat;Morning;Med;Bakery;Scone;Cranberry Scone;Lower Manhattan
29.25;9;9;202304;Apr;Sat;Morning;Med;Bakery;Biscotti;Hazelnut Biscotti;Hell's Kitchen
50.00;20;13;202304;Apr;Sat;Morning;High;Tea;Brewed Green tea;Serenity Green Tea Rg;Hell's Kitchen
22.50;6;6;202304;Apr;Sat;Morning;Med;Drinking Chocolate;Hot chocolate;Sustainably Grown Organic Rg;Hell's Kitchen
18.00;6;6;202304;Apr;Sat;Morning;Low;Bakery;Scone;Oatmeal Scone;Hell's Kitchen
47.50;19;11;202304;Apr;Sat;Morning;High;Coffee;Drip coffee;Our Old Time Diner Blend Rg;Hell's Kitchen
52.50;14;14;202304;Apr;Sat;Morning;High;Bakery;Pastry;Almond Croissant;Hell's Kitchen
26.25;7;7;202304;Apr;Sat;Morning;Med;Bakery;Pastry;Almond Croissant;Lower Manhattan
17.50;7;5;202304;Apr;Sat;Morning;Low;Tea;Brewed Black tea;English Breakfast Rg;Hell's Kitchen
78.75;21;16;202304;Apr;Sat;Morning;very high;Coffee;Barista Espresso;Latte;Astoria
45.50;13;11;202304;Apr;Sat;Morning;High;Bakery;Pastry;Croissant;Astoria
36.00;12;8;202304;Apr;Sat;Morning;Med;Coffee;Organic brewed coffee;Brazilian Rg;Astoria
37.40;17;9;202304;Apr;Sat;Morning;Med;Coffee;Gourmet brewed coffee;Ethiopia Sm;Astoria
126.00;28;18;202304;Apr;Sat;Morning;very high;Drinking Chocolate;Hot chocolate;Dark chocolate Lg;Astoria
33.00;11;8;202304;Apr;Sat;Morning;Med;Tea;Brewed herbal tea;Lemon Grass Lg;Astoria
50.00;20;14;202304;Apr;Sat;Morning;High;Tea;Brewed Chai tea;Traditional Blend Chai Rg;Astoria
40.00;16;10;202304;Apr;Sat;Morning;Med;Tea;Brewed herbal tea;Lemon Grass Rg;Astoria
49.50;11;9;202304;Apr;Sat;Morning;High;Bakery;Scone;Scottish Cream Scone ;Astoria
30.00;12;8;202304;Apr;Sat;Morning;Med;Tea;Brewed Chai tea;Morning Sunrise Chai Rg;Astoria
51.00;17;11;202304;Apr;Sat;Morning;High;Tea;Brewed herbal tea;Peppermint Lg;Astoria
39.00;13;8;202304;Apr;Sat;Morning;Med;Tea;Brewed Green tea;Serenity Green Tea Lg;Hell's Kitchen
57.00;19;12;202304;Apr;Sat;Morning;High;Tea;Brewed Black tea;Earl Grey Lg;Astoria
56.25;15;10;202304;Apr;Sat;Morning;High;Drinking Chocolate;Hot chocolate;Sustainably Grown Organic Rg;Astoria
24.20;11;7;202304;Apr;Sat;Morning;Med;Coffee;Gourmet brewed coffee;Ethiopia Sm;Hell's Kitchen
40.00;20;14;202304;Apr;Sat;Morning;Med;Coffee;Drip coffee;Our Old Time Diner Blend Sm;Astoria
33.00;11;8;202304;Apr;Sat;Morning;Med;Coffee;Gourmet brewed coffee;Ethiopia Rg;Astoria
57.50;23;13;202304;Apr;Sat;Morning;High;Tea;Brewed herbal tea;Lemon Grass Rg;Hell's Kitchen
14.00;4;3;202304;Apr;Sat;Morning;Low;Bakery;Biscotti;Ginger Biscotti;Astoria
48.75;13;9;202304;Apr;Sat;Morning;High;Coffee;Barista Espresso;Cappuccino;Astoria
39.00;13;10;202304;Apr;Sat;Morning;Med;Tea;Brewed Green tea;Serenity Green Tea Lg;Astoria
27.00;9;6;202304;Apr;Sat;Morning;Med;Coffee;Gourmet brewed coffee;Ethiopia Rg;Hell's Kitchen
62.00;20;12;202304;Apr;Sat;Morning;very high;Tea;Brewed Chai tea;Spicy Eye Opener Chai Lg;Astoria
87.50;25;16;202304;Apr;Sat;Morning;very high;Drinking Chocolate;Hot chocolate;Dark chocolate Rg;Astoria
63.75;25;16;202304;Apr;Sat;Morning;very high;Tea;Brewed Chai tea;Spicy Eye Opener Chai Rg;Astoria
30.00;10;8;202304;Apr;Sat;Morning;Med;Coffee;Gourmet brewed coffee;Columbian Medium Roast Lg;Astoria
63.00;21;15;202304;Apr;Sat;Morning;very high;Coffee;Barista Espresso;Espresso shot;Hell's Kitchen
60.00;24;16;202304;Apr;Sat;Morning;High;Tea;Brewed Black tea;Earl Grey Rg;Astoria
30.00;8;7;202304;Apr;Sat;Morning;Med;Bakery;Scone;Jumbo Savory Scone;Astoria
5.00;2;1;202304;Apr;Sat;Night;Low;Tea;Brewed Chai tea;Traditional Blend Chai Rg;Astoria
20.00;8;5;202304;Apr;Sat;Afternoon;Low;Coffee;Gourmet brewed coffee;Columbian Medium Roast Rg;Lower Manhattan
17.15;7;4;202304;Apr;Sat;Afternoon;Low;Coffee;Premium brewed coffee;Jamaican Coffee River Sm;Hell's Kitchen
15.00;4;4;202304;Apr;Sat;Afternoon;Low;Bakery;Pastry;Almond Croissant;Hell's Kitchen
57.00;19;12;202304;Apr;Sat;Afternoon;High;Coffee;Organic brewed coffee;Brazilian Rg;Hell's Kitchen
30.00;10;6;202304;Apr;Sat;Afternoon;Med;Coffee;Gourmet brewed coffee;Columbian Medium Roast Lg;Lower Manhattan
45.00;15;10;202304;Apr;Sat;Afternoon;High;Tea;Brewed Green tea;Serenity Green Tea Lg;Astoria
35.00;14;10;202304;Apr;Sat;Afternoon;Med;Tea;Brewed Chai tea;Traditional Blend Chai Rg;Astoria
51.00;12;6;202304;Apr;Sat;Afternoon;High;Coffee;Barista Espresso;Latte Rg;Lower Manhattan
21.00;7;6;202304;Apr;Sat;Afternoon;Med;Coffee;Drip coffee;Our Old Time Diner Blend Lg;Hell's Kitchen
49.00;14;9;202304;Apr;Sat;Afternoon;High;Coffee;Organic brewed coffee;Brazilian Lg;Hell's Kitchen
30.00;10;6;202304;Apr;Sat;Afternoon;Med;Tea;Brewed herbal tea;Lemon Grass Lg;Lower Manhattan
22.75;7;6;202304;Apr;Sat;Afternoon;Med;Bakery;Biscotti;Hazelnut Biscotti;Astoria
38.00;19;13;202304;Apr;Sat;Afternoon;Med;Coffee;Gourmet brewed coffee;Columbian Medium Roast Sm;Astoria
51.00;17;11;202304;Apr;Sat;Afternoon;High;Coffee;Organic brewed coffee;Brazilian Rg;Astoria
39.00;13;10;202304;Apr;Sat;Afternoon;Med;Tea;Brewed Black tea;English Breakfast Lg;Hell's Kitchen
19.80;9;5;202304;Apr;Sat;Afternoon;Low;Coffee;Organic brewed coffee;Brazilian Sm;Hell's Kitchen
59.50;17;11;202304;Apr;Sat;Afternoon;High;Coffee;Organic brewed coffee;Brazilian Lg;Lower Manhattan
19.50;6;6;202304;Apr;Sat;Afternoon;Low;Bakery;Biscotti;Hazelnut Biscotti;Lower Manhattan
15.00;6;4;202304;Apr;Sat;Afternoon;Low;Tea;Brewed herbal tea;Lemon Grass Rg;Astoria
30.00;8;6;202304;Apr;Sat;Afternoon;Med;Coffee;Barista Espresso;Latte;Lower Manhattan
85.50;19;12;202304;Apr;Sat;Afternoon;very high;Drinking Chocolate;Hot chocolate;Dark chocolate Lg;Hell's Kitchen
31.00;10;6;202304;Apr;Sat;Afternoon;Med;Coffee;Premium brewed coffee;Jamaican Coffee River Rg;Hell's Kitchen
27.50;11;7;202304;Apr;Sat;Afternoon;Med;Tea;Brewed Black tea;Earl Grey Rg;Astoria
48.40;22;14;202304;Apr;Sat;Afternoon;High;Coffee;Organic brewed coffee;Brazilian Sm;Lower Manhattan
71.25;19;12;202304;Apr;Sat;Afternoon;very high;Coffee;Barista Espresso;Latte;Astoria
24.00;8;6;202304;Apr;Sat;Afternoon;Med;Tea;Brewed Black tea;English Breakfast Lg;Astoria
82.50;22;13;202304;Apr;Sat;Afternoon;very high;Drinking Chocolate;Hot chocolate;Sustainably Grown Organic Rg;Astoria
18.00;6;5;202304;Apr;Sat;Afternoon;Low;Tea;Brewed Black tea;Earl Grey Lg;Lower Manhattan
38.00;19;12;202304;Apr;Sat;Afternoon;Med;Coffee;Drip coffee;Our Old Time Diner Blend Sm;Astoria
63.00;21;11;202304;Apr;Sat;Afternoon;very high;Coffee;Drip coffee;Our Old Time Diner Blend Lg;Astoria
17.50;5;4;202304;Apr;Sat;Afternoon;Low;Coffee;Gourmet brewed coffee;Ethiopia Lg;Astoria
35.00;14;8;202304;Apr;Sat;Afternoon;Med;Tea;Brewed Black tea;English Breakfast Rg;Astoria
59.50;14;8;202304;Apr;Sat;Afternoon;High;Coffee;Barista Espresso;Cappuccino Lg;Lower Manhattan
29.75;7;5;202304;Apr;Sat;Afternoon;Med;Coffee;Barista Espresso;Latte Rg;Hell's Kitchen
18.00;6;4;202304;Apr;Sat;Afternoon;Low;Tea;Brewed herbal tea;Lemon Grass Lg;Hell's Kitchen
33.75;9;6;202304;Apr;Sat;Afternoon;Med;Drinking Chocolate;Hot chocolate;Sustainably Grown Organic Rg;Hell's Kitchen
31.85;13;9;202304;Apr;Sat;Afternoon;Med;Coffee;Premium brewed coffee;Jamaican Coffee River Sm;Astoria
21.00;7;7;202304;Apr;Sat;Afternoon;Med;Bakery;Scone;Oatmeal Scone;Astoria
26.25;7;5;202304;Apr;Sat;Afternoon;Med;Coffee;Barista Espresso;Latte;Hell's Kitchen
71.30;23;14;202304;Apr;Sat;Afternoon;very high;Coffee;Premium brewed coffee;Jamaican Coffee River Rg;Astoria
50.00;20;14;202304;Apr;Sat;Afternoon;High;Tea;Brewed Chai tea;Morning Sunrise Chai Rg;Astoria
55.00;22;16;202304;Apr;Sat;Afternoon;High;Coffee;Gourmet brewed coffee;Columbian Medium Roast Rg;Astoria
30.00;10;7;202304;Apr;Sat;Afternoon;Med;Coffee;Barista Espresso;Espresso shot;Lower Manhattan
24.00;8;6;202304;Apr;Sat;Afternoon;Med;Tea;Brewed Green tea;Serenity Green Tea Lg;Lower Manhattan
21.00;6;4;202304;Apr;Sat;Afternoon;Med;Bakery;Biscotti;Ginger Biscotti;Astoria
24.00;8;6;202304;Apr;Sat;Afternoon;Med;Coffee;Barista Espresso;Espresso shot;Astoria
39.00;12;10;202304;Apr;Sat;Afternoon;Med;Bakery;Scone;Cranberry Scone;Astoria
42.50;17;10;202304;Apr;Sat;Afternoon;High;Tea;Brewed herbal tea;Lemon Grass Rg;Hell's Kitchen
16.00;8;6;202304;Apr;Sat;Afternoon;Low;Coffee;Gourmet brewed coffee;Columbian Medium Roast Sm;Hell's Kitchen
28.00;8;6;202304;Apr;Sat;Afternoon;Med;Drinking Chocolate;Hot chocolate;Dark chocolate Rg;Hell's Kitchen
42.00;12;9;202304;Apr;Sat;Afternoon;High;Coffee;Gourmet brewed coffee;Ethiopia Lg;Hell's Kitchen
71.40;28;19;202304;Apr;Sat;Afternoon;very high;Tea;Brewed Chai tea;Spicy Eye Opener Chai Rg;Astoria
20.00;8;7;202304;Apr;Sat;Afternoon;Low;Coffee;Drip coffee;Our Old Time Diner Blend Rg;Astoria
52.50;14;8;202304;Apr;Sat;Afternoon;High;Coffee;Barista Espresso;Cappuccino;Lower Manhattan
15.05;5;4;202304;Apr;Sat;Afternoon;Low;Bakery;Scone;Ginger Scone;Lower Manhattan
27.50;11;8;202304;Apr;Sat;Afternoon;Med;Tea;Brewed herbal tea;Peppermint Rg;Lower Manhattan
24.00;8;5;202304;Apr;Sat;Afternoon;Med;Coffee;Gourmet brewed coffee;Ethiopia Rg;Astoria
39.60;18;12;202304;Apr;Sat;Afternoon;Med;Coffee;Gourmet brewed coffee;Ethiopia Sm;Astoria
11.25;3;3;202304;Apr;Sat;Afternoon;Low;Bakery;Pastry;Almond Croissant;Astoria
39.00;13;10;202304;Apr;Sat;Afternoon;Med;Coffee;Barista Espresso;Espresso shot;Hell's Kitchen
35.00;10;7;202304;Apr;Sat;Afternoon;Med;Coffee;Organic brewed coffee;Brazilian Lg;Astoria
15.00;5;3;202304;Apr;Sat;Afternoon;Low;Tea;Brewed herbal tea;Peppermint Lg;Hell's Kitchen
24.00;8;5;202304;Apr;Sat;Afternoon;Med;Tea;Brewed Green tea;Serenity Green Tea Lg;Hell's Kitchen
22.50;5;5;202304;Apr;Sat;Afternoon;Med;Bakery;Scone;Scottish Cream Scone ;Hell's Kitchen
90.25;19;13;202304;Apr;Sat;Afternoon;very high;Drinking Chocolate;Hot chocolate;Sustainably Grown Organic Lg;Astoria
9.00;3;3;202304;Apr;Sat;Afternoon;Low;Bakery;Scone;Oatmeal Scone;Hell's Kitchen
63.00;21;14;202304;Apr;Sat;Afternoon;very high;Tea;Brewed herbal tea;Lemon Grass Lg;Astoria
72.25;17;11;202304;Apr;Sat;Afternoon;very high;Coffee;Barista Espresso;Cappuccino Lg;Astoria
25.00;10;7;202304;Apr;Sat;Afternoon;Med;Tea;Brewed herbal tea;Peppermint Rg;Astoria
37.20;12;8;202304;Apr;Sat;Afternoon;Med;Tea;Brewed Chai tea;Spicy Eye Opener Chai Lg;Lower Manhattan
16.25;5;5;202304;Apr;Sat;Afternoon;Low;Bakery;Scone;Ginger Scone;Hell's Kitchen
45.00;12;10;202304;Apr;Sat;Afternoon;High;Bakery;Pastry;Chocolate Croissant;Astoria
35.00;14;9;202304;Apr;Sat;Afternoon;Med;Tea;Brewed Chai tea;Morning Sunrise Chai Rg;Hell's Kitchen
49.00;14;10;202304;Apr;Sat;Afternoon;High;Drinking Chocolate;Hot chocolate;Dark chocolate Rg;Astoria
37.20;12;7;202304;Apr;Sat;Afternoon;Med;Tea;Brewed Chai tea;Spicy Eye Opener Chai Lg;Hell's Kitchen
27.00;9;6;202304;Apr;Sat;Afternoon;Med;Coffee;Drip coffee;Our Old Time Diner Blend Lg;Lower Manhattan
76.50;17;12;202304;Apr;Sat;Afternoon;very high;Drinking Chocolate;Hot chocolate;Dark chocolate Lg;Lower Manhattan
20.00;10;8;202304;Apr;Sat;Afternoon;Low;Coffee;Drip coffee;Our Old Time Diner Blend Sm;Hell's Kitchen
13.00;4;4;202304;Apr;Sat;Afternoon;Low;Bakery;Biscotti;Hazelnut Biscotti;Hell's Kitchen
32.50;13;8;202304;Apr;Sat;Afternoon;Med;Tea;Brewed Chai tea;Morning Sunrise Chai Rg;Lower Manhattan
27.00;9;7;202304;Apr;Sat;Afternoon;Med;Tea;Brewed Black tea;Earl Grey Lg;Hell's Kitchen
96.00;24;14;202304;Apr;Sat;Afternoon;very high;Tea;Brewed Chai tea;Morning Sunrise Chai Lg;Astoria
14.00;4;4;202304;Apr;Sat;Afternoon;Low;Bakery;Biscotti;Ginger Biscotti;Hell's Kitchen
32.00;8;5;202304;Apr;Sat;Afternoon;Med;Tea;Brewed Chai tea;Morning Sunrise Chai Lg;Hell's Kitchen
17.50;5;5;202304;Apr;Sat;Afternoon;Low;Bakery;Pastry;Croissant;Hell's Kitchen
50.00;20;13;202304;Apr;Sat;Afternoon;High;Coffee;Drip coffee;Our Old Time Diner Blend Rg;Lower Manhattan
14.00;7;4;202304;Apr;Sat;Afternoon;Low;Coffee;Gourmet brewed coffee;Columbian Medium Roast Sm;Lower Manhattan
40.00;16;11;202304;Apr;Sat;Afternoon;Med;Tea;Brewed Chai tea;Traditional Blend Chai Rg;Lower Manhattan
34.10;11;8;202304;Apr;Sat;Afternoon;Med;Tea;Brewed Chai tea;Spicy Eye Opener Chai Lg;Astoria
19.20;7;6;202304;Apr;Sat;Afternoon;Low;Coffee;Barista Espresso;Ouro Brasileiro shot;Lower Manhattan
33.00;11;7;202304;Apr;Sat;Afternoon;Med;Coffee;Gourmet brewed coffee;Ethiopia Rg;Hell's Kitchen
18.75;5;5;202304;Apr;Sat;Afternoon;Low;Bakery;Pastry;Almond Croissant;Lower Manhattan
15.00;4;4;202304;Apr;Sat;Afternoon;Low;Coffee;Premium brewed coffee;Jamaican Coffee River Lg;Lower Manhattan
41.25;11;7;202304;Apr;Sat;Afternoon;High;Coffee;Barista Espresso;Cappuccino;Hell's Kitchen
18.00;6;5;202304;Apr;Sat;Afternoon;Low;Tea;Brewed Chai tea;Traditional Blend Chai Lg;Lower Manhattan
6.00;2;2;202304;Apr;Sat;Afternoon;Low;Bakery;Scone;Oatmeal Scone;Lower Manhattan
48.00;16;9;202304;Apr;Sat;Afternoon;High;Tea;Brewed herbal tea;Peppermint Lg;Lower Manhattan
20.00;8;7;202304;Apr;Sat;Afternoon;Low;Tea;Brewed herbal tea;Lemon Grass Rg;Lower Manhattan
35.00;14;10;202304;Apr;Sat;Afternoon;Med;Tea;Brewed Black tea;English Breakfast Rg;Hell's Kitchen
45.00;15;9;202304;Apr;Sat;Afternoon;High;Tea;Brewed Chai tea;Traditional Blend Chai Lg;Hell's Kitchen
33.60;13;8;202304;Apr;Sat;Afternoon;Med;Coffee;Barista Espresso;Ouro Brasileiro shot;Hell's Kitchen
26.25;7;7;202304;Apr;Sat;Afternoon;Med;Bakery;Pastry;Chocolate Croissant;Lower Manhattan
17.50;7;6;202304;Apr;Sat;Afternoon;Low;Tea;Brewed Green tea;Serenity Green Tea Rg;Astoria
17.60;8;5;202304;Apr;Sat;Afternoon;Low;Coffee;Organic brewed coffee;Brazilian Sm;Astoria
27.00;9;5;202304;Apr;Sat;Afternoon;Med;Coffee;Organic brewed coffee;Brazilian Rg;Lower Manhattan
22.05;9;7;202304;Apr;Sat;Afternoon;Med;Coffee;Premium brewed coffee;Jamaican Coffee River Sm;Lower Manhattan
28.00;7;5;202304;Apr;Sat;Afternoon;Med;Tea;Brewed Chai tea;Morning Sunrise Chai Lg;Lower Manhattan
27.00;6;6;202304;Apr;Sat;Afternoon;Med;Bakery;Scone;Scottish Cream Scone ;Lower Manhattan
42.75;9;6;202304;Apr;Sat;Afternoon;High;Drinking Chocolate;Hot chocolate;Sustainably Grown Organic Lg;Lower Manhattan
24.50;7;4;202304;Apr;Sat;Afternoon;Med;Coffee;Gourmet brewed coffee;Ethiopia Lg;Lower Manhattan
24.00;8;4;202304;Apr;Sat;Afternoon;Med;Coffee;Gourmet brewed coffee;Ethiopia Rg;Lower Manhattan
18.00;6;4;202304;Apr;Sat;Afternoon;Low;Tea;Brewed Black tea;English Breakfast Lg;Lower Manhattan
31.00;10;6;202304;Apr;Sat;Afternoon;Med;Coffee;Premium brewed coffee;Jamaican Coffee River Rg;Lower Manhattan
36.00;12;7;202304;Apr;Sat;Afternoon;Med;Coffee;Gourmet brewed coffee;Columbian Medium Roast Lg;Hell's Kitchen
21.00;6;5;202304;Apr;Sat;Afternoon;Med;Bakery;Pastry;Croissant;Astoria
85.00;20;13;202304;Apr;Sat;Afternoon;very high;Coffee;Barista Espresso;Latte Rg;Astoria
15.00;4;4;202304;Apr;Sat;Afternoon;Low;Bakery;Scone;Jumbo Savory Scone;Astoria
21.00;7;5;202304;Apr;Sat;Afternoon;Med;Coffee;Gourmet brewed coffee;Columbian Medium Roast Lg;Astoria
15.00;4;3;202304;Apr;Sat;Afternoon;Low;Drinking Chocolate;Hot chocolate;Sustainably Grown Organic Rg;Lower Manhattan
12.75;5;5;202304;Apr;Sat;Afternoon;Low;Tea;Brewed Chai tea;Spicy Eye Opener Chai Rg;Lower Manhattan
15.00;4;4;202304;Apr;Sat;Afternoon;Low;Bakery;Scone;Jumbo Savory Scone;Lower Manhattan
9.75;3;3;202304;Apr;Sat;Afternoon;Low;Bakery;Scone;Ginger Scone;Astoria
11.25;3;3;202304;Apr;Sat;Afternoon;Low;Bakery;Pastry;Chocolate Croissant;Hell's Kitchen
38.00;8;5;202304;Apr;Sat;Afternoon;Med;Drinking Chocolate;Hot chocolate;Sustainably Grown Organic Lg;Hell's Kitchen
10.50;3;3;202304;Apr;Sat;Afternoon;Low;Bakery;Pastry;Croissant;Lower Manhattan
78.00;26;17;202304;Apr;Sat;Afternoon;very high;Tea;Brewed Chai tea;Traditional Blend Chai Lg;Astoria
10.50;3;2;202304;Apr;Sat;Afternoon;Low;Drinking Chocolate;Hot chocolate;Dark chocolate Rg;Lower Manhattan
27.50;11;7;202304;Apr;Sat;Afternoon;Med;Tea;Brewed Green tea;Serenity Green Tea Rg;Lower Manhattan
17.50;7;5;202304;Apr;Sat;Afternoon;Low;Coffee;Gourmet brewed coffee;Columbian Medium Roast Rg;Hell's Kitchen
10.50;3;3;202304;Apr;Sat;Afternoon;Low;Bakery;Biscotti;Ginger Biscotti;Lower Manhattan
12.50;5;4;202304;Apr;Sat;Afternoon;Low;Tea;Brewed Black tea;Earl Grey Rg;Hell's Kitchen
56.25;15;11;202304;Apr;Sat;Afternoon;High;Coffee;Barista Espresso;Cappuccino;Astoria
13.00;4;4;202304;Apr;Sat;Afternoon;Low;Bakery;Scone;Cranberry Scone;Hell's Kitchen
22.00;10;6;202304;Apr;Sat;Afternoon;Med;Coffee;Gourmet brewed coffee;Ethiopia Sm;Hell's Kitchen
30.00;12;8;202304;Apr;Sat;Afternoon;Med;Tea;Brewed Chai tea;Traditional Blend Chai Rg;Hell's Kitchen
5.00;2;1;202304;Apr;Sat;Night;Low;Tea;Brewed Black tea;Earl Grey Rg;Astoria
48.75;13;9;202304;Apr;Sat;Evening;High;Coffee;Barista Espresso;Latte;Hell's Kitchen
42.00;14;10;202304;Apr;Sat;Evening;High;Tea;Brewed herbal tea;Lemon Grass Lg;Astoria
33.75;9;8;202304;Apr;Sat;Evening;Med;Bakery;Pastry;Chocolate Croissant;Astoria
28.00;14;9;202304;Apr;Sat;Evening;Med;Coffee;Drip coffee;Our Old Time Diner Blend Sm;Hell's Kitchen
17.85;7;5;202304;Apr;Sat;Evening;Low;Tea;Brewed Chai tea;Spicy Eye Opener Chai Rg;Lower Manhattan
45.00;18;12;202304;Apr;Sat;Evening;High;Tea;Brewed Chai tea;Morning Sunrise Chai Rg;Astoria
27.50;11;7;202304;Apr;Sat;Evening;Med;Coffee;Drip coffee;Our Old Time Diner Blend Rg;Astoria
39.00;13;7;202304;Apr;Sat;Evening;Med;Coffee;Gourmet brewed coffee;Ethiopia Rg;Lower Manhattan
48.75;13;9;202304;Apr;Sat;Evening;High;Drinking Chocolate;Hot chocolate;Sustainably Grown Organic Rg;Hell's Kitchen
31.50;9;6;202304;Apr;Sat;Evening;Med;Coffee;Organic brewed coffee;Brazilian Lg;Hell's Kitchen
10.00;4;3;202304;Apr;Sat;Evening;Low;Tea;Brewed Chai tea;Morning Sunrise Chai Rg;Lower Manhattan
11.25;3;3;202304;Apr;Sat;Evening;Low;Bakery;Scone;Jumbo Savory Scone;Lower Manhattan
51.30;18;13;202304;Apr;Sat;Evening;High;Coffee;Barista Espresso;Ouro Brasileiro shot;Hell's Kitchen
42.00;12;10;202304;Apr;Sat;Evening;High;Bakery;Biscotti;Chocolate Chip Biscotti;Astoria
44.10;18;10;202304;Apr;Sat;Evening;High;Coffee;Premium brewed coffee;Jamaican Coffee River Sm;Lower Manhattan
13.50;3;3;202304;Apr;Sat;Evening;Low;Bakery;Scone;Scottish Cream Scone ;Lower Manhattan
89.90;29;19;202304;Apr;Sat;Evening;very high;Coffee;Premium brewed coffee;Jamaican Coffee River Rg;Astoria
24.50;10;6;202304;Apr;Sat;Evening;Med;Coffee;Premium brewed coffee;Jamaican Coffee River Sm;Astoria
7.50;2;2;202304;Apr;Sat;Evening;Low;Bakery;Pastry;Almond Croissant;Astoria
68.00;16;12;202304;Apr;Sat;Evening;very high;Coffee;Barista Espresso;Latte Rg;Astoria
57.50;23;15;202304;Apr;Sat;Evening;High;Coffee;Gourmet brewed coffee;Columbian Medium Roast Rg;Astoria
90.25;19;13;202304;Apr;Sat;Evening;very high;Drinking Chocolate;Hot chocolate;Sustainably Grown Organic Lg;Astoria
43.35;17;10;202304;Apr;Sat;Evening;High;Tea;Brewed Chai tea;Spicy Eye Opener Chai Rg;Astoria
42.00;14;12;202304;Apr;Sat;Evening;High;Coffee;Drip coffee;Our Old Time Diner Blend Lg;Astoria
30.00;8;5;202304;Apr;Sat;Evening;Med;Coffee;Barista Espresso;Cappuccino;Lower Manhattan
32.50;13;8;202304;Apr;Sat;Evening;Med;Tea;Brewed Black tea;English Breakfast Rg;Astoria
56.25;15;10;202304;Apr;Sat;Evening;High;Coffee;Premium brewed coffee;Jamaican Coffee River Lg;Astoria
55.25;13;9;202304;Apr;Sat;Evening;High;Coffee;Barista Espresso;Cappuccino Lg;Astoria
38.00;19;13;202304;Apr;Sat;Evening;Med;Coffee;Drip coffee;Our Old Time Diner Blend Sm;Astoria
55.80;18;12;202304;Apr;Sat;Evening;High;Tea;Brewed Chai tea;Spicy Eye Opener Chai Lg;Astoria
12.00;4;4;202304;Apr;Sat;Evening;Low;Bakery;Scone;Oatmeal Scone;Astoria
51.00;17;11;202304;Apr;Sat;Evening;High;Coffee;Gourmet brewed coffee;Ethiopia Rg;Astoria
9.30;3;2;202304;Apr;Sat;Evening;Low;Coffee;Premium brewed coffee;Jamaican Coffee River Rg;Lower Manhattan
35.00;14;9;202304;Apr;Sat;Evening;Med;Coffee;Drip coffee;Our Old Time Diner Blend Rg;Lower Manhattan
45.00;12;7;202304;Apr;Sat;Evening;High;Coffee;Barista Espresso;Cappuccino;Hell's Kitchen
33.00;11;8;202304;Apr;Sat;Evening;Med;Tea;Brewed Chai tea;Traditional Blend Chai Lg;Hell's Kitchen
13.00;4;3;202304;Apr;Sat;Evening;Low;Bakery;Scone;Ginger Scone;Astoria
20.00;8;5;202304;Apr;Sat;Evening;Low;Tea;Brewed herbal tea;Lemon Grass Rg;Lower Manhattan
45.50;13;8;202304;Apr;Sat;Evening;High;Coffee;Gourmet brewed coffee;Ethiopia Lg;Astoria
17.50;5;3;202304;Apr;Sat;Evening;Low;Coffee;Gourmet brewed coffee;Ethiopia Lg;Lower Manhattan
42.00;14;8;202304;Apr;Sat;Evening;High;Coffee;Barista Espresso;Espresso shot;Astoria
45.00;15;10;202304;Apr;Sat;Evening;High;Coffee;Organic brewed coffee;Brazilian Rg;Astoria
30.00;12;7;202304;Apr;Sat;Evening;Med;Coffee;Drip coffee;Our Old Time Diner Blend Rg;Hell's Kitchen
31.50;9;6;202304;Apr;Sat;Evening;Med;Drinking Chocolate;Hot chocolate;Dark chocolate Rg;Hell's Kitchen
7.50;3;2;202304;Apr;Sat;Evening;Low;Tea;Brewed Green tea;Serenity Green Tea Rg;Lower Manhattan
35.00;10;6;202304;Apr;Sat;Evening;Med;Coffee;Organic brewed coffee;Brazilian Lg;Lower Manhattan
35.00;14;10;202304;Apr;Sat;Evening;Med;Tea;Brewed herbal tea;Lemon Grass Rg;Astoria
15.00;6;4;202304;Apr;Sat;Evening;Low;Tea;Brewed herbal tea;Peppermint Rg;Lower Manhattan
12.00;4;3;202304;Apr;Sat;Evening;Low;Tea;Brewed Chai tea;Traditional Blend Chai Lg;Lower Manhattan
7.50;2;2;202304;Apr;Sat;Evening;Low;Bakery;Pastry;Chocolate Croissant;Lower Manhattan
17.50;7;5;202304;Apr;Sat;Evening;Low;Tea;Brewed herbal tea;Lemon Grass Rg;Hell's Kitchen
25.00;10;5;202304;Apr;Sat;Evening;Med;Tea;Brewed Black tea;Earl Grey Rg;Lower Manhattan
45.00;15;9;202304;Apr;Sat;Evening;High;Tea;Brewed herbal tea;Peppermint Lg;Astoria
27.00;9;6;202304;Apr;Sat;Evening;Med;Tea;Brewed herbal tea;Peppermint Lg;Hell's Kitchen
13.00;4;4;202304;Apr;Sat;Evening;Low;Bakery;Scone;Cranberry Scone;Astoria
24.00;8;6;202304;Apr;Sat;Evening;Med;Tea;Brewed Black tea;English Breakfast Lg;Astoria
60.00;16;12;202304;Apr;Sat;Evening;High;Coffee;Barista Espresso;Cappuccino;Astoria
41.25;11;8;202304;Apr;Sat;Evening;High;Coffee;Barista Espresso;Latte;Lower Manhattan
40.00;16;12;202304;Apr;Sat;Evening;Med;Tea;Brewed Black tea;Earl Grey Rg;Astoria
27.00;9;6;202304;Apr;Sat;Evening;Med;Tea;Brewed Black tea;English Breakfast Lg;Lower Manhattan
30.80;14;9;202304;Apr;Sat;Evening;Med;Coffee;Gourmet brewed coffee;Ethiopia Sm;Hell's Kitchen
15.00;6;4;202304;Apr;Sat;Evening;Low;Tea;Brewed Chai tea;Traditional Blend Chai Rg;Lower Manhattan
18.00;6;3;202304;Apr;Sat;Evening;Low;Tea;Brewed Green tea;Serenity Green Tea Lg;Hell's Kitchen
36.00;8;5;202304;Apr;Sat;Evening;Med;Drinking Chocolate;Hot chocolate;Dark chocolate Lg;Hell's Kitchen
22.00;11;6;202304;Apr;Sat;Evening;Med;Coffee;Gourmet brewed coffee;Columbian Medium Roast Sm;Hell's Kitchen
12.75;5;3;202304;Apr;Sat;Evening;Low;Tea;Brewed Chai tea;Spicy Eye Opener Chai Rg;Hell's Kitchen
41.25;11;6;202304;Apr;Sat;Evening;High;Coffee;Premium brewed coffee;Jamaican Coffee River Lg;Hell's Kitchen
68.00;17;11;202304;Apr;Sat;Evening;very high;Tea;Brewed Chai tea;Morning Sunrise Chai Lg;Astoria
13.20;6;3;202304;Apr;Sat;Evening;Low;Coffee;Gourmet brewed coffee;Ethiopia Sm;Lower Manhattan
85.50;19;13;202304;Apr;Sat;Evening;very high;Drinking Chocolate;Hot chocolate;Dark chocolate Lg;Astoria
38.50;11;9;202304;Apr;Sat;Evening;Med;Bakery;Pastry;Croissant;Astoria
15.50;5;4;202304;Apr;Sat;Evening;Low;Tea;Brewed Chai tea;Spicy Eye Opener Chai Lg;Lower Manhattan
15.00;4;4;202304;Apr;Sat;Evening;Low;Bakery;Pastry;Almond Croissant;Lower Manhattan
72.00;18;10;202304;Apr;Sat;Evening;very high;Tea;Brewed Chai tea;Morning Sunrise Chai Lg;Hell's Kitchen
15.00;5;4;202304;Apr;Sat;Evening;Low;Coffee;Drip coffee;Our Old Time Diner Blend Lg;Lower Manhattan
21.00;6;6;202304;Apr;Sat;Evening;Med;Bakery;Pastry;Croissant;Lower Manhattan
22.50;5;5;202304;Apr;Sat;Evening;Med;Bakery;Scone;Scottish Cream Scone ;Hell's Kitchen
35.00;14;8;202304;Apr;Sat;Evening;Med;Tea;Brewed Green tea;Serenity Green Tea Rg;Hell's Kitchen
18.00;6;6;202304;Apr;Sat;Evening;Low;Bakery;Scone;Oatmeal Scone;Hell's Kitchen
54.00;12;9;202304;Apr;Sat;Evening;High;Bakery;Scone;Scottish Cream Scone ;Astoria
17.50;7;5;202304;Apr;Sat;Evening;Low;Coffee;Gourmet brewed coffee;Columbian Medium Roast Rg;Hell's Kitchen
7.50;2;2;202304;Apr;Sat;Evening;Low;Bakery;Pastry;Chocolate Croissant;Hell's Kitchen
30.00;12;8;202304;Apr;Sat;Evening;Med;Tea;Brewed Black tea;English Breakfast Rg;Lower Manhattan
18.00;6;4;202304;Apr;Sat;Evening;Low;Coffee;Gourmet brewed coffee;Columbian Medium Roast Lg;Lower Manhattan
24.80;8;6;202304;Apr;Sat;Evening;Med;Coffee;Premium brewed coffee;Jamaican Coffee River Rg;Hell's Kitchen
3.50;1;1;202304;Apr;Sat;Evening;Low;Bakery;Biscotti;Chocolate Chip Biscotti;Hell's Kitchen
27.00;9;6;202304;Apr;Sat;Evening;Med;Coffee;Barista Espresso;Espresso shot;Lower Manhattan
6.50;2;2;202304;Apr;Sat;Evening;Low;Bakery;Scone;Cranberry Scone;Lower Manhattan
12.50;5;4;202304;Apr;Sat;Evening;Low;Tea;Brewed Chai tea;Morning Sunrise Chai Rg;Hell's Kitchen
32.50;13;8;202304;Apr;Sat;Evening;Med;Tea;Brewed Green tea;Serenity Green Tea Rg;Astoria
20.00;8;6;202304;Apr;Sat;Evening;Low;Coffee;Gourmet brewed coffee;Columbian Medium Roast Rg;Lower Manhattan
14.00;4;4;202304;Apr;Sat;Evening;Low;Bakery;Biscotti;Chocolate Chip Biscotti;Lower Manhattan
18.60;6;5;202304;Apr;Sat;Evening;Low;Tea;Brewed Chai tea;Spicy Eye Opener Chai Lg;Hell's Kitchen
24.20;11;7;202304;Apr;Sat;Evening;Med;Coffee;Gourmet brewed coffee;Ethiopia Sm;Astoria
54.00;18;12;202304;Apr;Sat;Evening;High;Tea;Brewed Black tea;Earl Grey Lg;Astoria
35.00;14;8;202304;Apr;Sat;Evening;Med;Tea;Brewed Chai tea;Traditional Blend Chai Rg;Hell's Kitchen
47.50;10;7;202304;Apr;Sat;Evening;High;Drinking Chocolate;Hot chocolate;Sustainably Grown Organic Lg;Hell's Kitchen
63.75;17;11;202304;Apr;Sat;Evening;very high;Drinking Chocolate;Hot chocolate;Sustainably Grown Organic Rg;Astoria
30.00;10;8;202304;Apr;Sat;Evening;Med;Tea;Brewed Chai tea;Traditional Blend Chai Lg;Astoria
10.50;3;2;202304;Apr;Sat;Evening;Low;Coffee;Gourmet brewed coffee;Ethiopia Lg;Hell's Kitchen
39.00;13;9;202304;Apr;Sat;Evening;Med;Coffee;Gourmet brewed coffee;Columbian Medium Roast Lg;Hell's Kitchen
12.00;4;3;202304;Apr;Sat;Evening;Low;Tea;Brewed herbal tea;Lemon Grass Lg;Lower Manhattan
51.00;12;7;202304;Apr;Sat;Evening;High;Coffee;Barista Espresso;Latte Rg;Lower Manhattan
25.00;10;6;202304;Apr;Sat;Evening;Med;Tea;Brewed Chai tea;Traditional Blend Chai Rg;Astoria
25.00;10;8;202304;Apr;Sat;Evening;Med;Tea;Brewed Black tea;Earl Grey Rg;Hell's Kitchen
9.00;3;2;202304;Apr;Sat;Evening;Low;Coffee;Drip coffee;Our Old Time Diner Blend Lg;Hell's Kitchen
11.25;3;3;202304;Apr;Sat;Evening;Low;Bakery;Pastry;Almond Croissant;Hell's Kitchen
33.75;9;7;202304;Apr;Sat;Evening;Med;Bakery;Scone;Jumbo Savory Scone;Astoria
46.75;11;7;202304;Apr;Sat;Evening;High;Coffee;Barista Espresso;Cappuccino Lg;Hell's Kitchen
38.50;11;7;202304;Apr;Sat;Evening;Med;Drinking Chocolate;Hot chocolate;Dark chocolate Rg;Astoria
24.20;11;7;202304;Apr;Sat;Evening;Med;Coffee;Organic brewed coffee;Brazilian Sm;Astoria
12.00;4;3;202304;Apr;Sat;Evening;Low;Coffee;Organic brewed coffee;Brazilian Rg;Hell's Kitchen
10.00;5;3;202304;Apr;Sat;Evening;Low;Coffee;Drip coffee;Our Old Time Diner Blend Sm;Lower Manhattan
18.00;6;6;202304;Apr;Sat;Evening;Low;Bakery;Scone;Oatmeal Scone;Lower Manhattan
36.00;12;8;202304;Apr;Sat;Evening;Med;Tea;Brewed herbal tea;Lemon Grass Lg;Hell's Kitchen
27.00;9;5;202304;Apr;Sat;Evening;Med;Tea;Brewed Black tea;English Breakfast Lg;Hell's Kitchen
29.40;12;7;202304;Apr;Sat;Evening;Med;Coffee;Premium brewed coffee;Jamaican Coffee River Sm;Hell's Kitchen
7.00;2;2;202304;Apr;Sat;Evening;Low;Bakery;Pastry;Croissant;Hell's Kitchen
30.00;8;5;202304;Apr;Sat;Evening;Med;Coffee;Barista Espresso;Latte;Astoria
14.00;4;4;202304;Apr;Sat;Evening;Low;Coffee;Organic brewed coffee;Brazilian Lg;Astoria
20.00;10;7;202304;Apr;Sat;Evening;Low;Coffee;Gourmet brewed coffee;Columbian Medium Roast Sm;Astoria
9.00;3;3;202304;Apr;Sat;Evening;Low;Coffee;Gourmet brewed coffee;Ethiopia Rg;Hell's Kitchen
30.00;10;7;202304;Apr;Sat;Evening;Med;Coffee;Barista Espresso;Espresso shot;Hell's Kitchen
13.00;4;4;202304;Apr;Sat;Evening;Low;Bakery;Biscotti;Hazelnut Biscotti;Hell's Kitchen
24.50;7;6;202304;Apr;Sat;Evening;Med;Bakery;Biscotti;Ginger Biscotti;Astoria
9.00;3;2;202304;Apr;Sat;Evening;Low;Tea;Brewed Black tea;Earl Grey Lg;Hell's Kitchen
16.25;5;3;202304;Apr;Sat;Evening;Low;Bakery;Biscotti;Hazelnut Biscotti;Astoria
10.00;4;3;202304;Apr;Sat;Evening;Low;Tea;Brewed herbal tea;Peppermint Rg;Hell's Kitchen
30.00;12;7;202304;Apr;Sat;Evening;Med;Tea;Brewed herbal tea;Peppermint Rg;Astoria
45.00;15;12;202304;Apr;Sat;Evening;High;Tea;Brewed Green tea;Serenity Green Tea Lg;Astoria
24.50;7;7;202304;Apr;Sat;Evening;Med;Bakery;Biscotti;Ginger Biscotti;Hell's Kitchen
48.00;16;7;202304;Apr;Sun;Morning;High;Coffee;Barista Espresso;Espresso shot;Lower Manhattan
52.80;24;13;202304;Apr;Sun;Morning;High;Coffee;Gourmet brewed coffee;Ethiopia Sm;Lower Manhattan
82.50;22;12;202304;Apr;Sun;Morning;very high;Drinking Chocolate;Hot chocolate;Sustainably Grown Organic Rg;Lower Manhattan
76.88;20;20;202304;Apr;Sun;Morning;very high;Bakery;Pastry;Chocolate Croissant;Lower Manhattan
63.00;21;15;202304;Apr;Sun;Morning;very high;Tea;Brewed Black tea;Earl Grey Lg;Lower Manhattan
62.00;20;11;202304;Apr;Sun;Morning;very high;Tea;Brewed Chai tea;Spicy Eye Opener Chai Lg;Lower Manhattan
45.49;13;13;202304;Apr;Sun;Morning;High;Bakery;Scone;Cranberry Scone;Lower Manhattan
47.50;19;12;202304;Apr;Sun;Morning;High;Tea;Brewed Chai tea;Traditional Blend Chai Rg;Lower Manhattan
118.75;25;16;202304;Apr;Sun;Morning;very high;Drinking Chocolate;Hot chocolate;Sustainably Grown Organic Lg;Lower Manhattan
37.50;15;10;202304;Apr;Sun;Morning;Med;Tea;Brewed herbal tea;Lemon Grass Rg;Lower Manhattan
66.00;22;13;202304;Apr;Sun;Morning;very high;Coffee;Drip coffee;Our Old Time Diner Blend Lg;Lower Manhattan
66.00;22;14;202304;Apr;Sun;Morning;very high;Coffee;Organic brewed coffee;Brazilian Rg;Lower Manhattan
52.50;15;9;202304;Apr;Sun;Morning;High;Coffee;Organic brewed coffee;Brazilian Lg;Lower Manhattan
84.00;28;18;202304;Apr;Sun;Morning;very high;Tea;Brewed Chai tea;Traditional Blend Chai Lg;Lower Manhattan
45.00;18;12;202304;Apr;Sun;Morning;High;Tea;Brewed Black tea;English Breakfast Rg;Lower Manhattan
37.64;10;10;202304;Apr;Sun;Morning;Med;Bakery;Pastry;Croissant;Lower Manhattan
110.00;44;28;202304;Apr;Sun;Morning;very high;Tea;Brewed Chai tea;Morning Sunrise Chai Rg;Hell's Kitchen
33.00;15;10;202304;Apr;Sun;Morning;Med;Coffee;Gourmet brewed coffee;Ethiopia Sm;Hell's Kitchen
73.50;30;19;202304;Apr;Sun;Morning;very high;Coffee;Premium brewed coffee;Jamaican Coffee River Sm;Lower Manhattan
77.00;35;21;202304;Apr;Sun;Morning;very high;Coffee;Organic brewed coffee;Brazilian Sm;Hell's Kitchen
37.50;15;12;202304;Apr;Sun;Morning;Med;Tea;Brewed Black tea;English Breakfast Rg;Hell's Kitchen
60.00;20;16;202304;Apr;Sun;Morning;High;Coffee;Barista Espresso;Espresso shot;Hell's Kitchen
112.00;28;17;202304;Apr;Sun;Morning;very high;Tea;Brewed Chai tea;Morning Sunrise Chai Lg;Lower Manhattan
44.00;22;13;202304;Apr;Sun;Morning;High;Coffee;Gourmet brewed coffee;Columbian Medium Roast Sm;Lower Manhattan
57.00;19;13;202304;Apr;Sun;Morning;High;Tea;Brewed Black tea;English Breakfast Lg;Hell's Kitchen
108.50;31;19;202304;Apr;Sun;Morning;very high;Coffee;Gourmet brewed coffee;Ethiopia Lg;Lower Manhattan
70.00;28;19;202304;Apr;Sun;Morning;very high;Tea;Brewed herbal tea;Peppermint Rg;Hell's Kitchen
97.50;26;18;202304;Apr;Sun;Morning;very high;Coffee;Barista Espresso;Latte;Hell's Kitchen
66.50;19;12;202304;Apr;Sun;Morning;very high;Drinking Chocolate;Hot chocolate;Dark chocolate Rg;Hell's Kitchen
123.25;29;17;202304;Apr;Sun;Morning;very high;Coffee;Barista Espresso;Cappuccino Lg;Lower Manhattan
57.50;23;16;202304;Apr;Sun;Morning;High;Coffee;Gourmet brewed coffee;Columbian Medium Roast Rg;Lower Manhattan
28.00;14;10;202304;Apr;Sun;Morning;Med;Coffee;Gourmet brewed coffee;Columbian Medium Roast Sm;Hell's Kitchen
43.35;17;12;202304;Apr;Sun;Morning;High;Tea;Brewed Chai tea;Spicy Eye Opener Chai Rg;Hell's Kitchen
53.55;21;12;202304;Apr;Sun;Morning;High;Tea;Brewed Chai tea;Spicy Eye Opener Chai Rg;Lower Manhattan
117.00;39;26;202304;Apr;Sun;Morning;very high;Coffee;Gourmet brewed coffee;Ethiopia Rg;Hell's Kitchen
78.00;26;16;202304;Apr;Sun;Morning;very high;Tea;Brewed Black tea;Earl Grey Lg;Hell's Kitchen
87.00;29;19;202304;Apr;Sun;Morning;very high;Coffee;Drip coffee;Our Old Time Diner Blend Lg;Hell's Kitchen
48.00;16;9;202304;Apr;Sun;Morning;High;Tea;Brewed herbal tea;Peppermint Lg;Hell's Kitchen
63.00;21;15;202304;Apr;Sun;Morning;very high;Coffee;Organic brewed coffee;Brazilian Rg;Hell's Kitchen
34.30;14;11;202304;Apr;Sun;Morning;Med;Coffee;Premium brewed coffee;Jamaican Coffee River Sm;Hell's Kitchen
75.00;30;21;202304;Apr;Sun;Morning;very high;Tea;Brewed herbal tea;Peppermint Rg;Lower Manhattan
44.00;22;15;202304;Apr;Sun;Morning;High;Coffee;Drip coffee;Our Old Time Diner Blend Sm;Lower Manhattan
112.50;30;18;202304;Apr;Sun;Morning;very high;Coffee;Barista Espresso;Cappuccino;Hell's Kitchen
81.00;27;17;202304;Apr;Sun;Morning;very high;Tea;Brewed Chai tea;Traditional Blend Chai Lg;Hell's Kitchen
80.00;32;19;202304;Apr;Sun;Morning;very high;Coffee;Drip coffee;Our Old Time Diner Blend Rg;Hell's Kitchen
34.00;17;12;202304;Apr;Sun;Morning;Med;Coffee;Drip coffee;Our Old Time Diner Blend Sm;Hell's Kitchen
60.00;24;15;202304;Apr;Sun;Morning;High;Tea;Brewed Green tea;Serenity Green Tea Rg;Lower Manhattan
47.50;19;12;202304;Apr;Sun;Morning;High;Tea;Brewed Chai tea;Morning Sunrise Chai Rg;Lower Manhattan
45.00;15;8;202304;Apr;Sun;Morning;High;Coffee;Gourmet brewed coffee;Columbian Medium Roast Lg;Lower Manhattan
95.00;20;13;202304;Apr;Sun;Morning;very high;Drinking Chocolate;Hot chocolate;Sustainably Grown Organic Lg;Hell's Kitchen
144.00;32;17;202304;Apr;Sun;Morning;very high;Drinking Chocolate;Hot chocolate;Dark chocolate Lg;Lower Manhattan
119.00;28;19;202304;Apr;Sun;Morning;very high;Coffee;Barista Espresso;Latte Rg;Lower Manhattan
62.50;25;17;202304;Apr;Sun;Morning;very high;Tea;Brewed Green tea;Serenity Green Tea Rg;Hell's Kitchen
72.00;18;13;202304;Apr;Sun;Morning;very high;Tea;Brewed Chai tea;Morning Sunrise Chai Lg;Hell's Kitchen
77.50;31;23;202304;Apr;Sun;Morning;very high;Tea;Brewed Black tea;Earl Grey Rg;Hell's Kitchen
81.00;18;10;202304;Apr;Sun;Morning;very high;Drinking Chocolate;Hot chocolate;Dark chocolate Lg;Hell's Kitchen
75.00;28;19;202304;Apr;Sun;Morning;very high;Coffee;Barista Espresso;Ouro Brasileiro shot;Hell's Kitchen
70.00;20;16;202304;Apr;Sun;Morning;very high;Coffee;Organic brewed coffee;Brazilian Lg;Hell's Kitchen
57.50;23;12;202304;Apr;Sun;Morning;High;Coffee;Drip coffee;Our Old Time Diner Blend Rg;Lower Manhattan
63.00;21;13;202304;Apr;Sun;Morning;very high;Coffee;Gourmet brewed coffee;Columbian Medium Roast Lg;Hell's Kitchen
136.00;32;23;202304;Apr;Sun;Morning;very high;Coffee;Barista Espresso;Cappuccino Lg;Hell's Kitchen
66.50;19;12;202304;Apr;Sun;Morning;very high;Drinking Chocolate;Hot chocolate;Dark chocolate Rg;Lower Manhattan
37.50;15;10;202304;Apr;Sun;Morning;Med;Tea;Brewed herbal tea;Lemon Grass Rg;Hell's Kitchen
48.00;16;13;202304;Apr;Sun;Morning;High;Tea;Brewed herbal tea;Lemon Grass Lg;Hell's Kitchen
85.00;20;13;202304;Apr;Sun;Morning;very high;Coffee;Barista Espresso;Latte Rg;Hell's Kitchen
41.25;11;11;202304;Apr;Sun;Morning;High;Bakery;Pastry;Almond Croissant;Hell's Kitchen
55.00;25;14;202304;Apr;Sun;Morning;High;Coffee;Organic brewed coffee;Brazilian Sm;Lower Manhattan
52.00;16;16;202304;Apr;Sun;Morning;High;Bakery;Biscotti;Hazelnut Biscotti;Hell's Kitchen
93.75;25;19;202304;Apr;Sun;Morning;very high;Coffee;Premium brewed coffee;Jamaican Coffee River Lg;Lower Manhattan
35.70;14;11;202304;Apr;Sun;Morning;Med;Tea;Brewed Chai tea;Spicy Eye Opener Chai Rg;Astoria
97.75;23;14;202304;Apr;Sun;Morning;very high;Coffee;Barista Espresso;Cappuccino Lg;Astoria
50.00;20;14;202304;Apr;Sun;Morning;High;Coffee;Gourmet brewed coffee;Columbian Medium Roast Rg;Hell's Kitchen
50.00;20;14;202304;Apr;Sun;Morning;High;Tea;Brewed Green tea;Serenity Green Tea Rg;Astoria
72.00;24;14;202304;Apr;Sun;Morning;very high;Coffee;Gourmet brewed coffee;Columbian Medium Roast Lg;Astoria
40.00;16;11;202304;Apr;Sun;Morning;Med;Tea;Brewed herbal tea;Lemon Grass Rg;Astoria
49.60;16;10;202304;Apr;Sun;Morning;High;Coffee;Premium brewed coffee;Jamaican Coffee River Rg;Lower Manhattan
67.50;18;13;202304;Apr;Sun;Morning;very high;Coffee;Premium brewed coffee;Jamaican Coffee River Lg;Astoria
71.30;23;16;202304;Apr;Sun;Morning;very high;Coffee;Premium brewed coffee;Jamaican Coffee River Rg;Hell's Kitchen
52.50;21;14;202304;Apr;Sun;Morning;High;Coffee;Gourmet brewed coffee;Columbian Medium Roast Rg;Astoria
28.88;8;8;202304;Apr;Sun;Morning;Med;Bakery;Biscotti;Chocolate Chip Biscotti;Lower Manhattan
52.50;21;13;202304;Apr;Sun;Morning;High;Tea;Brewed Chai tea;Traditional Blend Chai Rg;Astoria
40.00;16;12;202304;Apr;Sun;Morning;Med;Tea;Brewed Black tea;Earl Grey Rg;Astoria
51.00;17;15;202304;Apr;Sun;Morning;High;Coffee;Gourmet brewed coffee;Ethiopia Rg;Astoria
54.00;18;13;202304;Apr;Sun;Morning;High;Tea;Brewed Black tea;English Breakfast Lg;Lower Manhattan
60.00;20;15;202304;Apr;Sun;Morning;High;Tea;Brewed Black tea;English Breakfast Lg;Astoria
41.25;11;11;202304;Apr;Sun;Morning;High;Bakery;Scone;Jumbo Savory Scone;Astoria
51.00;17;11;202304;Apr;Sun;Morning;High;Coffee;Drip coffee;Our Old Time Diner Blend Lg;Astoria
14.00;4;4;202304;Apr;Sun;Morning;Low;Bakery;Biscotti;Ginger Biscotti;Lower Manhattan
97.50;26;15;202304;Apr;Sun;Morning;very high;Drinking Chocolate;Hot chocolate;Sustainably Grown Organic Rg;Hell's Kitchen
90.00;24;24;202304;Apr;Sun;Morning;very high;Bakery;Pastry;Chocolate Croissant;Hell's Kitchen
69.00;23;15;202304;Apr;Sun;Morning;very high;Tea;Brewed Green tea;Serenity Green Tea Lg;Lower Manhattan
12.00;4;4;202304;Apr;Sun;Morning;Low;Bakery;Scone;Oatmeal Scone;Lower Manhattan
55.25;17;15;202304;Apr;Sun;Morning;High;Bakery;Scone;Ginger Scone;Hell's Kitchen
63.00;21;15;202304;Apr;Sun;Morning;very high;Coffee;Organic brewed coffee;Brazilian Rg;Astoria
86.80;28;20;202304;Apr;Sun;Morning;very high;Tea;Brewed Chai tea;Spicy Eye Opener Chai Lg;Hell's Kitchen
109.25;23;16;202304;Apr;Sun;Morning;very high;Drinking Chocolate;Hot chocolate;Sustainably Grown Organic Lg;Astoria
63.00;18;12;202304;Apr;Sun;Morning;very high;Coffee;Gourmet brewed coffee;Ethiopia Lg;Hell's Kitchen
36.00;12;7;202304;Apr;Sun;Morning;Med;Tea;Brewed herbal tea;Lemon Grass Lg;Lower Manhattan
67.50;18;18;202304;Apr;Sun;Morning;very high;Bakery;Pastry;Chocolate Croissant;Astoria
6.00;2;1;202304;Apr;Sun;Night;Low;Tea;Brewed herbal tea;Peppermint Lg;Astoria
33.00;11;8;202304;Apr;Sun;Afternoon;Med;Coffee;Drip coffee;Our Old Time Diner Blend Lg;Lower Manhattan
52.00;13;10;202304;Apr;Sun;Afternoon;High;Tea;Brewed Chai tea;Morning Sunrise Chai Lg;Astoria
56.00;14;10;202304;Apr;Sun;Afternoon;High;Tea;Brewed Chai tea;Morning Sunrise Chai Lg;Lower Manhattan
14.00;4;3;202304;Apr;Sun;Afternoon;Low;Coffee;Organic brewed coffee;Brazilian Lg;Hell's Kitchen
34.00;8;5;202304;Apr;Sun;Afternoon;Med;Coffee;Barista Espresso;Latte Rg;Lower Manhattan
33.00;11;7;202304;Apr;Sun;Afternoon;Med;Coffee;Barista Espresso;Espresso shot;Astoria
33.25;7;4;202304;Apr;Sun;Afternoon;Med;Drinking Chocolate;Hot chocolate;Sustainably Grown Organic Lg;Hell's Kitchen
72.25;17;11;202304;Apr;Sun;Afternoon;very high;Coffee;Barista Espresso;Latte Rg;Astoria
18.75;5;5;202304;Apr;Sun;Afternoon;Low;Bakery;Pastry;Chocolate Croissant;Astoria
24.00;8;5;202304;Apr;Sun;Afternoon;Med;Coffee;Gourmet brewed coffee;Ethiopia Rg;Astoria
48.00;16;10;202304;Apr;Sun;Afternoon;High;Tea;Brewed herbal tea;Lemon Grass Lg;Astoria
18.00;6;5;202304;Apr;Sun;Afternoon;Low;Coffee;Drip coffee;Our Old Time Diner Blend Lg;Astoria
57.00;19;12;202304;Apr;Sun;Afternoon;High;Tea;Brewed Green tea;Serenity Green Tea Lg;Astoria
40.00;16;10;202304;Apr;Sun;Afternoon;Med;Tea;Brewed herbal tea;Lemon Grass Rg;Astoria
35.75;11;11;202304;Apr;Sun;Afternoon;Med;Bakery;Biscotti;Hazelnut Biscotti;Astoria
40.00;16;11;202304;Apr;Sun;Afternoon;Med;Coffee;Drip coffee;Our Old Time Diner Blend Rg;Astoria
37.50;15;9;202304;Apr;Sun;Afternoon;Med;Tea;Brewed Chai tea;Traditional Blend Chai Rg;Lower Manhattan
15.00;6;4;202304;Apr;Sun;Afternoon;Low;Tea;Brewed Chai tea;Traditional Blend Chai Rg;Hell's Kitchen
26.40;12;7;202304;Apr;Sun;Afternoon;Med;Coffee;Organic brewed coffee;Brazilian Sm;Astoria
41.25;11;11;202304;Apr;Sun;Afternoon;High;Bakery;Scone;Jumbo Savory Scone;Astoria
24.00;8;5;202304;Apr;Sun;Afternoon;Med;Tea;Brewed Green tea;Serenity Green Tea Lg;Lower Manhattan
19.69;5;5;202304;Apr;Sun;Afternoon;Low;Bakery;Pastry;Chocolate Croissant;Lower Manhattan
16.00;8;6;202304;Apr;Sun;Afternoon;Low;Coffee;Gourmet brewed coffee;Columbian Medium Roast Sm;Hell's Kitchen
15.00;5;5;202304;Apr;Sun;Afternoon;Low;Bakery;Scone;Oatmeal Scone;Hell's Kitchen
17.50;7;5;202304;Apr;Sun;Afternoon;Low;Tea;Brewed Black tea;English Breakfast Rg;Hell's Kitchen
54.00;18;12;202304;Apr;Sun;Afternoon;High;Tea;Brewed Black tea;English Breakfast Lg;Astoria
27.00;9;7;202304;Apr;Sun;Afternoon;Med;Tea;Brewed herbal tea;Peppermint Lg;Lower Manhattan
68.00;16;12;202304;Apr;Sun;Afternoon;very high;Coffee;Barista Espresso;Cappuccino Lg;Astoria
20.40;8;4;202304;Apr;Sun;Afternoon;very high;Tea;Brewed Chai tea;Spicy Eye Opener Chai Rg;Lower Manhattan
24.20;11;8;202304;Apr;Sun;Afternoon;Med;Coffee;Organic brewed coffee;Brazilian Sm;Lower Manhattan
18.00;4;4;202304;Apr;Sun;Afternoon;Low;Bakery;Scone;Scottish Cream Scone ;Lower Manhattan
30.00;8;7;202304;Apr;Sun;Afternoon;Med;Drinking Chocolate;Hot chocolate;Sustainably Grown Organic Rg;Astoria
27.90;9;6;202304;Apr;Sun;Afternoon;Med;Coffee;Premium brewed coffee;Jamaican Coffee River Rg;Hell's Kitchen
52.50;21;12;202304;Apr;Sun;Afternoon;High;Tea;Brewed Black tea;Earl Grey Rg;Astoria
42.50;17;12;202304;Apr;Sun;Afternoon;High;Tea;Brewed Black tea;Earl Grey Rg;Hell's Kitchen
28.00;8;7;202304;Apr;Sun;Afternoon;Med;Drinking Chocolate;Hot chocolate;Dark chocolate Rg;Astoria
27.90;9;7;202304;Apr;Sun;Afternoon;Med;Tea;Brewed Chai tea;Spicy Eye Opener Chai Lg;Hell's Kitchen
55.80;18;10;202304;Apr;Sun;Afternoon;High;Tea;Brewed Chai tea;Spicy Eye Opener Chai Lg;Lower Manhattan
30.00;10;8;202304;Apr;Sun;Afternoon;Med;Coffee;Organic brewed coffee;Brazilian Rg;Hell's Kitchen
35.00;10;8;202304;Apr;Sun;Afternoon;Med;Coffee;Gourmet brewed coffee;Ethiopia Lg;Astoria
7.00;2;2;202304;Apr;Sun;Afternoon;Low;Bakery;Biscotti;Ginger Biscotti;Astoria
12.00;4;3;202304;Apr;Sun;Afternoon;Low;Coffee;Barista Espresso;Espresso shot;Lower Manhattan
48.75;13;8;202304;Apr;Sun;Afternoon;High;Coffee;Barista Espresso;Cappuccino;Lower Manhattan
9.75;3;3;202304;Apr;Sun;Afternoon;Low;Bakery;Scone;Cranberry Scone;Lower Manhattan
27.00;9;6;202304;Apr;Sun;Afternoon;Med;Coffee;Barista Espresso;Ouro Brasileiro shot;Hell's Kitchen
47.10;16;10;202304;Apr;Sun;Afternoon;High;Coffee;Barista Espresso;Ouro Brasileiro shot;Lower Manhattan
24.00;8;6;202304;Apr;Sun;Afternoon;Med;Tea;Brewed Black tea;Earl Grey Lg;Astoria
63.75;17;11;202304;Apr;Sun;Afternoon;very high;Coffee;Barista Espresso;Cappuccino;Astoria
22.50;6;6;202304;Apr;Sun;Afternoon;Med;Bakery;Pastry;Almond Croissant;Astoria
24.20;11;7;202304;Apr;Sun;Afternoon;Med;Coffee;Gourmet brewed coffee;Ethiopia Sm;Hell's Kitchen
30.00;8;5;202304;Apr;Sun;Afternoon;Med;Coffee;Premium brewed coffee;Jamaican Coffee River Lg;Astoria
15.00;5;5;202304;Apr;Sun;Afternoon;Low;Bakery;Scone;Oatmeal Scone;Astoria
20.00;10;6;202304;Apr;Sun;Afternoon;Low;Coffee;Drip coffee;Our Old Time Diner Blend Sm;Hell's Kitchen
37.20;12;8;202304;Apr;Sun;Afternoon;Med;Tea;Brewed Chai tea;Spicy Eye Opener Chai Lg;Astoria
27.00;9;6;202304;Apr;Sun;Afternoon;Med;Coffee;Gourmet brewed coffee;Columbian Medium Roast Lg;Hell's Kitchen
30.00;10;7;202304;Apr;Sun;Afternoon;Med;Tea;Brewed Green tea;Serenity Green Tea Lg;Hell's Kitchen
37.50;15;7;202304;Apr;Sun;Afternoon;Med;Tea;Brewed herbal tea;Lemon Grass Rg;Lower Manhattan
49.00;14;8;202304;Apr;Sun;Afternoon;High;Coffee;Organic brewed coffee;Brazilian Lg;Astoria
14.00;4;4;202304;Apr;Sun;Afternoon;Low;Bakery;Biscotti;Chocolate Chip Biscotti;Lower Manhattan
22.50;6;4;202304;Apr;Sun;Afternoon;Med;Coffee;Barista Espresso;Cappuccino;Hell's Kitchen
10.50;3;3;202304;Apr;Sun;Afternoon;Low;Bakery;Biscotti;Chocolate Chip Biscotti;Hell's Kitchen
10.00;5;3;202304;Apr;Sun;Afternoon;Low;Coffee;Drip coffee;Our Old Time Diner Blend Sm;Lower Manhattan
20.00;10;7;202304;Apr;Sun;Afternoon;Low;Coffee;Gourmet brewed coffee;Columbian Medium Roast Sm;Astoria
18.00;6;5;202304;Apr;Sun;Afternoon;Low;Tea;Brewed Black tea;English Breakfast Lg;Hell's Kitchen
44.00;11;8;202304;Apr;Sun;Afternoon;High;Tea;Brewed Chai tea;Morning Sunrise Chai Lg;Hell's Kitchen
29.75;7;6;202304;Apr;Sun;Afternoon;Med;Coffee;Barista Espresso;Cappuccino Lg;Hell's Kitchen
12.00;4;2;202304;Apr;Sun;Afternoon;Low;Coffee;Barista Espresso;Espresso shot;Hell's Kitchen
28.00;8;6;202304;Apr;Sun;Afternoon;Med;Coffee;Gourmet brewed coffee;Ethiopia Lg;Hell's Kitchen
36.00;8;8;202304;Apr;Sun;Afternoon;Med;Bakery;Scone;Scottish Cream Scone ;Hell's Kitchen
36.00;12;8;202304;Apr;Sun;Afternoon;Med;Tea;Brewed herbal tea;Lemon Grass Lg;Hell's Kitchen
40.00;16;10;202304;Apr;Sun;Afternoon;Med;Tea;Brewed Chai tea;Traditional Blend Chai Rg;Astoria
30.00;8;7;202304;Apr;Sun;Afternoon;Med;Coffee;Premium brewed coffee;Jamaican Coffee River Lg;Lower Manhattan
28.60;13;10;202304;Apr;Sun;Afternoon;Med;Coffee;Gourmet brewed coffee;Ethiopia Sm;Lower Manhattan
32.50;13;10;202304;Apr;Sun;Afternoon;Med;Tea;Brewed herbal tea;Peppermint Rg;Astoria
29.75;7;5;202304;Apr;Sun;Afternoon;Med;Coffee;Barista Espresso;Latte Rg;Hell's Kitchen
18.00;6;3;202304;Apr;Sun;Afternoon;Low;Tea;Brewed Black tea;Earl Grey Lg;Lower Manhattan
17.50;7;5;202304;Apr;Sun;Afternoon;Low;Coffee;Gourmet brewed coffee;Columbian Medium Roast Rg;Astoria
63.75;17;11;202304;Apr;Sun;Afternoon;very high;Coffee;Barista Espresso;Latte;Astoria
17.50;5;5;202304;Apr;Sun;Afternoon;Low;Bakery;Biscotti;Chocolate Chip Biscotti;Astoria
27.00;9;7;202304;Apr;Sun;Afternoon;Med;Coffee;Gourmet brewed coffee;Columbian Medium Roast Lg;Astoria
32.50;13;9;202304;Apr;Sun;Afternoon;Med;Coffee;Drip coffee;Our Old Time Diner Blend Rg;Hell's Kitchen
60.00;20;13;202304;Apr;Sun;Afternoon;High;Coffee;Gourmet brewed coffee;Ethiopia Rg;Lower Manhattan
17.50;7;5;202304;Apr;Sun;Afternoon;Low;Tea;Brewed Chai tea;Morning Sunrise Chai Rg;Hell's Kitchen
45.00;18;10;202304;Apr;Sun;Afternoon;High;Tea;Brewed Black tea;English Breakfast Rg;Lower Manhattan
22.50;6;6;202304;Apr;Sun;Afternoon;Med;Bakery;Scone;Jumbo Savory Scone;Lower Manhattan
8.80;4;3;202304;Apr;Sun;Afternoon;Low;Coffee;Organic brewed coffee;Brazilian Sm;Hell's Kitchen
14.00;4;4;202304;Apr;Sun;Afternoon;Low;Drinking Chocolate;Hot chocolate;Dark chocolate Rg;Lower Manhattan
45.00;18;11;202304;Apr;Sun;Afternoon;High;Tea;Brewed Green tea;Serenity Green Tea Rg;Astoria
18.00;4;4;202304;Apr;Sun;Afternoon;Low;Drinking Chocolate;Hot chocolate;Dark chocolate Lg;Lower Manhattan
14.00;4;4;202304;Apr;Sun;Afternoon;Low;Bakery;Pastry;Croissant;Lower Manhattan
8.00;4;3;202304;Apr;Sun;Afternoon;Low;Coffee;Gourmet brewed coffee;Columbian Medium Roast Sm;Lower Manhattan
14.00;4;3;202304;Apr;Sun;Afternoon;Low;Drinking Chocolate;Hot chocolate;Dark chocolate Rg;Hell's Kitchen
7.50;2;2;202304;Apr;Sun;Afternoon;Low;Bakery;Pastry;Almond Croissant;Hell's Kitchen
33.00;11;8;202304;Apr;Sun;Afternoon;Med;Coffee;Organic brewed coffee;Brazilian Rg;Lower Manhattan
16.25;5;5;202304;Apr;Sun;Afternoon;Low;Bakery;Scone;Cranberry Scone;Astoria
16.25;5;5;202304;Apr;Sun;Afternoon;Low;Bakery;Biscotti;Hazelnut Biscotti;Lower Manhattan
25.00;10;7;202304;Apr;Sun;Afternoon;Med;Tea;Brewed Chai tea;Morning Sunrise Chai Rg;Astoria
3.75;1;1;202304;Apr;Sun;Afternoon;Low;Bakery;Scone;Jumbo Savory Scone;Hell's Kitchen
11.25;3;3;202304;Apr;Sun;Afternoon;Low;Bakery;Pastry;Chocolate Croissant;Hell's Kitchen
17.15;7;5;202304;Apr;Sun;Afternoon;Low;Coffee;Premium brewed coffee;Jamaican Coffee River Sm;Hell's Kitchen
36.00;12;7;202304;Apr;Sun;Afternoon;Med;Coffee;Organic brewed coffee;Brazilian Rg;Astoria
10.50;3;3;202304;Apr;Sun;Afternoon;Low;Bakery;Pastry;Croissant;Astoria
37.50;10;8;202304;Apr;Sun;Afternoon;Med;Drinking Chocolate;Hot chocolate;Sustainably Grown Organic Rg;Lower Manhattan
26.25;7;4;202304;Apr;Sun;Afternoon;Med;Coffee;Barista Espresso;Latte;Hell's Kitchen
35.00;14;10;202304;Apr;Sun;Afternoon;Med;Tea;Brewed Green tea;Serenity Green Tea Rg;Hell's Kitchen
71.25;15;10;202304;Apr;Sun;Afternoon;very high;Drinking Chocolate;Hot chocolate;Sustainably Grown Organic Lg;Astoria
33.75;9;5;202304;Apr;Sun;Afternoon;Med;Drinking Chocolate;Hot chocolate;Sustainably Grown Organic Rg;Hell's Kitchen
42.00;14;9;202304;Apr;Sun;Afternoon;High;Tea;Brewed Chai tea;Traditional Blend Chai Lg;Astoria
37.50;10;7;202304;Apr;Sun;Afternoon;Med;Coffee;Premium brewed coffee;Jamaican Coffee River Lg;Hell's Kitchen
16.25;5;5;202304;Apr;Sun;Afternoon;Low;Bakery;Scone;Ginger Scone;Astoria
34.10;11;7;202304;Apr;Sun;Afternoon;Med;Coffee;Premium brewed coffee;Jamaican Coffee River Rg;Astoria
49.50;11;7;202304;Apr;Sun;Afternoon;High;Drinking Chocolate;Hot chocolate;Dark chocolate Lg;Astoria
60.00;20;13;202304;Apr;Sun;Afternoon;High;Tea;Brewed herbal tea;Peppermint Lg;Hell's Kitchen
41.25;11;7;202304;Apr;Sun;Afternoon;High;Coffee;Barista Espresso;Latte;Lower Manhattan
10.50;3;2;202304;Apr;Sun;Afternoon;Low;Coffee;Organic brewed coffee;Brazilian Lg;Lower Manhattan
36.00;12;8;202304;Apr;Sun;Afternoon;Med;Coffee;Gourmet brewed coffee;Ethiopia Rg;Hell's Kitchen
25.00;10;5;202304;Apr;Sun;Afternoon;Med;Tea;Brewed herbal tea;Peppermint Rg;Lower Manhattan
20.00;8;6;202304;Apr;Sun;Afternoon;Low;Tea;Brewed herbal tea;Peppermint Rg;Hell's Kitchen
12.40;4;4;202304;Apr;Sun;Afternoon;Low;Bakery;Scone;Ginger Scone;Lower Manhattan
14.00;7;5;202304;Apr;Sun;Afternoon;Low;Coffee;Drip coffee;Our Old Time Diner Blend Sm;Astoria
17.50;7;6;202304;Apr;Sun;Afternoon;Low;Tea;Brewed Green tea;Serenity Green Tea Rg;Lower Manhattan
22.76;6;6;202304;Apr;Sun;Afternoon;Med;Bakery;Biscotti;Ginger Biscotti;Lower Manhattan
9.00;3;3;202304;Apr;Sun;Afternoon;Low;Tea;Brewed Chai tea;Traditional Blend Chai Lg;Hell's Kitchen
9.75;3;3;202304;Apr;Sun;Afternoon;Low;Bakery;Biscotti;Hazelnut Biscotti;Hell's Kitchen
38.25;9;6;202304;Apr;Sun;Afternoon;Med;Coffee;Barista Espresso;Cappuccino Lg;Lower Manhattan
50.00;20;13;202304;Apr;Sun;Afternoon;High;Coffee;Drip coffee;Our Old Time Diner Blend Rg;Lower Manhattan
18.75;5;5;202304;Apr;Sun;Afternoon;Low;Bakery;Pastry;Almond Croissant;Lower Manhattan
22.05;9;7;202304;Apr;Sun;Afternoon;Med;Coffee;Premium brewed coffee;Jamaican Coffee River Sm;Lower Manhattan
17.50;7;4;202304;Apr;Sun;Afternoon;Low;Coffee;Gourmet brewed coffee;Columbian Medium Roast Rg;Lower Manhattan
3.50;1;1;202304;Apr;Sun;Night;Low;Drinking Chocolate;Hot chocolate;Dark chocolate Rg;Astoria
6.60;3;3;202304;Apr;Sun;Night;Low;Coffee;Organic brewed coffee;Brazilian Sm;Hell's Kitchen
36.00;12;8;202304;Apr;Sun;Evening;Med;Tea;Brewed Black tea;Earl Grey Lg;Astoria
27.00;6;6;202304;Apr;Sun;Evening;Med;Bakery;Scone;Scottish Cream Scone ;Astoria
41.25;11;6;202304;Apr;Sun;Evening;High;Coffee;Barista Espresso;Cappuccino;Lower Manhattan
12.50;5;4;202304;Apr;Sun;Evening;Low;Tea;Brewed herbal tea;Peppermint Rg;Lower Manhattan
12.00;4;3;202304;Apr;Sun;Evening;Low;Coffee;Organic brewed coffee;Brazilian Rg;Lower Manhattan
52.00;13;8;202304;Apr;Sun;Evening;High;Tea;Brewed Chai tea;Morning Sunrise Chai Lg;Astoria
26.10;9;6;202304;Apr;Sun;Evening;Med;Coffee;Barista Espresso;Ouro Brasileiro shot;Hell's Kitchen
24.50;10;6;202304;Apr;Sun;Evening;Med;Coffee;Premium brewed coffee;Jamaican Coffee River Sm;Lower Manhattan
24.00;8;5;202304;Apr;Sun;Evening;Med;Coffee;Barista Espresso;Ouro Brasileiro shot;Lower Manhattan
18.00;6;5;202304;Apr;Sun;Evening;Low;Coffee;Gourmet brewed coffee;Columbian Medium Roast Lg;Lower Manhattan
35.00;10;6;202304;Apr;Sun;Evening;Med;Drinking Chocolate;Hot chocolate;Dark chocolate Rg;Hell's Kitchen
15.00;6;5;202304;Apr;Sun;Evening;Low;Tea;Brewed Chai tea;Morning Sunrise Chai Rg;Lower Manhattan
32.50;13;9;202304;Apr;Sun;Evening;Med;Tea;Brewed Chai tea;Traditional Blend Chai Rg;Astoria
71.25;19;12;202304;Apr;Sun;Evening;very high;Coffee;Barista Espresso;Cappuccino;Astoria
15.00;6;3;202304;Apr;Sun;Evening;Low;Tea;Brewed Black tea;English Breakfast Rg;Lower Manhattan
27.50;11;7;202304;Apr;Sun;Evening;Med;Tea;Brewed Black tea;Earl Grey Rg;Hell's Kitchen
27.00;9;5;202304;Apr;Sun;Evening;Med;Coffee;Drip coffee;Our Old Time Diner Blend Lg;Hell's Kitchen
12.00;3;2;202304;Apr;Sun;Evening;Low;Tea;Brewed Chai tea;Morning Sunrise Chai Lg;Lower Manhattan
37.50;10;6;202304;Apr;Sun;Evening;Med;Coffee;Barista Espresso;Latte;Astoria
51.00;17;11;202304;Apr;Sun;Evening;High;Coffee;Barista Espresso;Espresso shot;Astoria
27.50;11;6;202304;Apr;Sun;Evening;Med;Coffee;Drip coffee;Our Old Time Diner Blend Rg;Lower Manhattan
17.85;7;5;202304;Apr;Sun;Afternoon;Low;Tea;Brewed Chai tea;Spicy Eye Opener Chai Rg;Astoria
35.00;14;8;202304;Apr;Sun;Evening;Med;Tea;Brewed Chai tea;Morning Sunrise Chai Rg;Hell's Kitchen
18.60;6;5;202304;Apr;Sun;Evening;Low;Tea;Brewed Chai tea;Spicy Eye Opener Chai Lg;Lower Manhattan
17.60;8;5;202304;Apr;Sun;Evening;Low;Coffee;Gourmet brewed coffee;Ethiopia Sm;Hell's Kitchen
18.75;5;5;202304;Apr;Sun;Evening;Low;Bakery;Scone;Jumbo Savory Scone;Hell's Kitchen
67.50;18;15;202304;Apr;Sun;Evening;very high;Drinking Chocolate;Hot chocolate;Sustainably Grown Organic Rg;Astoria
42.00;12;8;202304;Apr;Sun;Evening;High;Drinking Chocolate;Hot chocolate;Dark chocolate Rg;Astoria
10.50;3;3;202304;Apr;Sun;Evening;Low;Bakery;Biscotti;Chocolate Chip Biscotti;Astoria
40.00;16;11;202304;Apr;Sun;Evening;Med;Tea;Brewed herbal tea;Peppermint Rg;Astoria
19.50;6;6;202304;Apr;Sun;Evening;Low;Bakery;Scone;Ginger Scone;Astoria
45.00;12;8;202304;Apr;Sun;Evening;High;Coffee;Premium brewed coffee;Jamaican Coffee River Lg;Hell's Kitchen
42.75;9;6;202304;Apr;Sun;Evening;High;Drinking Chocolate;Hot chocolate;Sustainably Grown Organic Lg;Hell's Kitchen
39.00;13;8;202304;Apr;Sun;Evening;Med;Coffee;Drip coffee;Our Old Time Diner Blend Lg;Astoria
31.50;9;9;202304;Apr;Sun;Evening;Med;Bakery;Biscotti;Ginger Biscotti;Astoria
15.00;6;3;202304;Apr;Sun;Evening;Low;Tea;Brewed Green tea;Serenity Green Tea Rg;Lower Manhattan
48.00;16;8;202304;Apr;Sun;Evening;High;Tea;Brewed Chai tea;Traditional Blend Chai Lg;Hell's Kitchen
27.50;11;8;202304;Apr;Sun;Evening;Med;Tea;Brewed Chai tea;Traditional Blend Chai Rg;Hell's Kitchen
10.00;4;3;202304;Apr;Sun;Evening;Low;Tea;Brewed Black tea;Earl Grey Rg;Lower Manhattan
7.00;2;2;202304;Apr;Sun;Evening;Low;Bakery;Pastry;Croissant;Lower Manhattan
33.75;9;6;202304;Apr;Sun;Evening;Med;Drinking Chocolate;Hot chocolate;Sustainably Grown Organic Rg;Hell's Kitchen
33.00;11;9;202304;Apr;Sun;Evening;Med;Tea;Brewed herbal tea;Lemon Grass Lg;Hell's Kitchen
28.60;13;9;202304;Apr;Sun;Evening;Med;Coffee;Gourmet brewed coffee;Ethiopia Sm;Astoria
32.50;13;8;202304;Apr;Sun;Evening;Med;Tea;Brewed Chai tea;Morning Sunrise Chai Rg;Astoria
36.00;12;8;202304;Apr;Sun;Evening;Med;Tea;Brewed Chai tea;Traditional Blend Chai Lg;Astoria
30.00;10;7;202304;Apr;Sun;Evening;Med;Tea;Brewed Black tea;English Breakfast Lg;Hell's Kitchen
30.00;10;7;202304;Apr;Sun;Evening;Med;Coffee;Gourmet brewed coffee;Ethiopia Rg;Astoria
45.00;18;11;202304;Apr;Sun;Evening;High;Tea;Brewed Chai tea;Traditional Blend Chai Rg;Lower Manhattan
14.62;4;4;202304;Apr;Sun;Evening;Low;Bakery;Biscotti;Hazelnut Biscotti;Lower Manhattan
20.00;10;7;202304;Apr;Sun;Evening;Low;Coffee;Gourmet brewed coffee;Columbian Medium Roast Sm;Hell's Kitchen
24.00;8;6;202304;Apr;Sun;Evening;Med;Coffee;Gourmet brewed coffee;Columbian Medium Roast Lg;Astoria
8.50;2;1;202304;Apr;Sun;Evening;Low;Coffee;Barista Espresso;Latte Rg;Hell's Kitchen
26.25;7;7;202304;Apr;Sun;Evening;Med;Bakery;Scone;Jumbo Savory Scone;Astoria
26.95;11;7;202304;Apr;Sun;Evening;Med;Coffee;Premium brewed coffee;Jamaican Coffee River Sm;Astoria
66.50;14;9;202304;Apr;Sun;Evening;very high;Drinking Chocolate;Hot chocolate;Sustainably Grown Organic Lg;Astoria
63.75;17;10;202304;Apr;Sun;Evening;very high;Coffee;Premium brewed coffee;Jamaican Coffee River Lg;Astoria
35.00;14;9;202304;Apr;Sun;Evening;Med;Tea;Brewed Green tea;Serenity Green Tea Rg;Astoria
51.00;17;12;202304;Apr;Sun;Evening;High;Coffee;Gourmet brewed coffee;Ethiopia Rg;Hell's Kitchen
12.50;5;5;202304;Apr;Sun;Evening;Low;Tea;Brewed Black tea;English Breakfast Rg;Astoria
15.40;7;5;202304;Apr;Sun;Evening;Low;Coffee;Organic brewed coffee;Brazilian Sm;Hell's Kitchen
40.00;16;9;202304;Apr;Sun;Evening;Med;Coffee;Gourmet brewed coffee;Columbian Medium Roast Rg;Astoria
59.50;17;11;202304;Apr;Sun;Evening;High;Coffee;Gourmet brewed coffee;Ethiopia Lg;Hell's Kitchen
30.00;12;8;202304;Apr;Sun;Evening;Med;Coffee;Drip coffee;Our Old Time Diner Blend Rg;Astoria
20.00;8;7;202304;Apr;Sun;Evening;Low;Coffee;Gourmet brewed coffee;Columbian Medium Roast Rg;Lower Manhattan
15.00;5;5;202304;Apr;Sun;Evening;Low;Bakery;Scone;Oatmeal Scone;Lower Manhattan
17.50;5;3;202304;Apr;Sun;Evening;Low;Coffee;Gourmet brewed coffee;Ethiopia Lg;Lower Manhattan
28.00;14;8;202304;Apr;Sun;Evening;Med;Coffee;Drip coffee;Our Old Time Diner Blend Sm;Hell's Kitchen
20.00;8;5;202304;Apr;Sun;Evening;Low;Tea;Brewed Green tea;Serenity Green Tea Rg;Hell's Kitchen
7.50;3;3;202304;Apr;Sun;Evening;Low;Tea;Brewed herbal tea;Lemon Grass Rg;Hell's Kitchen
4.00;2;2;202304;Apr;Sun;Evening;Low;Coffee;Gourmet brewed coffee;Columbian Medium Roast Sm;Lower Manhattan
7.50;2;2;202304;Apr;Sun;Evening;Low;Bakery;Pastry;Almond Croissant;Lower Manhattan
12.50;5;3;202304;Apr;Sun;Evening;Low;Tea;Brewed herbal tea;Lemon Grass Rg;Astoria
85.50;19;12;202304;Apr;Sun;Evening;very high;Drinking Chocolate;Hot chocolate;Dark chocolate Lg;Astoria
29.25;9;9;202304;Apr;Sun;Evening;Med;Bakery;Scone;Cranberry Scone;Astoria
36.00;12;5;202304;Apr;Sun;Evening;Med;Coffee;Gourmet brewed coffee;Ethiopia Rg;Lower Manhattan
42.00;14;11;202304;Apr;Sun;Evening;High;Tea;Brewed Green tea;Serenity Green Tea Lg;Astoria
12.00;4;3;202304;Apr;Sun;Evening;Low;Tea;Brewed herbal tea;Lemon Grass Lg;Lower Manhattan
16.00;8;6;202304;Apr;Sun;Evening;Low;Coffee;Gourmet brewed coffee;Columbian Medium Roast Sm;Astoria
14.70;6;4;202304;Apr;Sun;Evening;Low;Coffee;Premium brewed coffee;Jamaican Coffee River Sm;Hell's Kitchen
15.40;7;4;202304;Apr;Sun;Evening;Low;Coffee;Organic brewed coffee;Brazilian Sm;Lower Manhattan
22.75;7;7;202304;Apr;Sun;Evening;Med;Bakery;Biscotti;Hazelnut Biscotti;Hell's Kitchen
21.00;7;6;202304;Apr;Sun;Evening;Med;Coffee;Gourmet brewed coffee;Columbian Medium Roast Lg;Hell's Kitchen
22.50;5;5;202304;Apr;Sun;Evening;Med;Drinking Chocolate;Hot chocolate;Dark chocolate Lg;Lower Manhattan
27.50;11;7;202304;Apr;Sun;Evening;Med;Coffee;Gourmet brewed coffee;Columbian Medium Roast Rg;Hell's Kitchen
35.00;10;5;202304;Apr;Sun;Evening;Med;Coffee;Organic brewed coffee;Brazilian Lg;Astoria
5.00;2;2;202304;Apr;Sun;Evening;Low;Tea;Brewed herbal tea;Peppermint Rg;Hell's Kitchen
11.25;3;3;202304;Apr;Sun;Evening;Low;Bakery;Pastry;Chocolate Croissant;Hell's Kitchen
21.00;7;6;202304;Apr;Sun;Evening;Med;Tea;Brewed herbal tea;Lemon Grass Lg;Astoria
18.75;5;5;202304;Apr;Sun;Evening;Low;Bakery;Pastry;Almond Croissant;Astoria
13.20;6;4;202304;Apr;Sun;Evening;Low;Coffee;Gourmet brewed coffee;Ethiopia Sm;Lower Manhattan
22.95;9;6;202304;Apr;Sun;Evening;Med;Tea;Brewed Chai tea;Spicy Eye Opener Chai Rg;Astoria
24.00;8;5;202304;Apr;Sun;Evening;Med;Coffee;Organic brewed coffee;Brazilian Rg;Astoria
45.00;15;10;202304;Apr;Sun;Evening;High;Tea;Brewed herbal tea;Peppermint Lg;Astoria
15.00;4;3;202304;Apr;Sun;Evening;Low;Drinking Chocolate;Hot chocolate;Sustainably Grown Organic Rg;Lower Manhattan
22.50;5;5;202304;Apr;Sun;Evening;Med;Bakery;Scone;Scottish Cream Scone ;Hell's Kitchen
26.40;12;7;202304;Apr;Sun;Evening;Med;Coffee;Organic brewed coffee;Brazilian Sm;Astoria
8.50;2;2;202304;Apr;Sun;Evening;Low;Coffee;Barista Espresso;Latte Rg;Lower Manhattan
29.75;7;4;202304;Apr;Sun;Evening;Med;Coffee;Barista Espresso;Cappuccino Lg;Lower Manhattan
27.00;9;7;202304;Apr;Sun;Evening;Med;Tea;Brewed Black tea;Earl Grey Lg;Hell's Kitchen
9.75;3;3;202304;Apr;Sun;Evening;Low;Bakery;Scone;Cranberry Scone;Lower Manhattan
19.00;4;2;202304;Apr;Sun;Evening;Low;Drinking Chocolate;Hot chocolate;Sustainably Grown Organic Lg;Lower Manhattan
21.00;6;4;202304;Apr;Sun;Evening;Med;Coffee;Organic brewed coffee;Brazilian Lg;Hell's Kitchen
27.00;9;6;202304;Apr;Sun;Evening;Med;Tea;Brewed Green tea;Serenity Green Tea Lg;Hell's Kitchen
43.40;14;8;202304;Apr;Sun;Evening;High;Coffee;Premium brewed coffee;Jamaican Coffee River Rg;Astoria
42.00;14;8;202304;Apr;Sun;Evening;High;Coffee;Barista Espresso;Espresso shot;Hell's Kitchen
6.50;2;2;202304;Apr;Sun;Evening;Low;Bakery;Scone;Cranberry Scone;Hell's Kitchen
25.50;6;5;202304;Apr;Sun;Evening;Med;Coffee;Barista Espresso;Latte Rg;Astoria
24.00;8;5;202304;Apr;Sun;Evening;Med;Tea;Brewed Black tea;English Breakfast Lg;Astoria
22.00;11;8;202304;Apr;Sun;Evening;Med;Coffee;Drip coffee;Our Old Time Diner Blend Sm;Astoria
18.00;6;4;202304;Apr;Sun;Evening;Low;Coffee;Organic brewed coffee;Brazilian Rg;Hell's Kitchen
12.75;3;2;202304;Apr;Sun;Evening;Low;Coffee;Barista Espresso;Cappuccino Lg;Hell's Kitchen
35.00;14;9;202304;Apr;Sun;Evening;Med;Tea;Brewed Black tea;Earl Grey Rg;Astoria
9.00;3;3;202304;Apr;Sun;Evening;Low;Bakery;Scone;Oatmeal Scone;Astoria
31.50;9;7;202304;Apr;Sun;Evening;Med;Coffee;Gourmet brewed coffee;Ethiopia Lg;Astoria
22.50;6;6;202304;Apr;Sun;Evening;Med;Bakery;Pastry;Chocolate Croissant;Astoria
11.25;3;3;202304;Apr;Sun;Evening;Low;Bakery;Pastry;Almond Croissant;Hell's Kitchen
11.25;3;3;202304;Apr;Sun;Evening;Low;Coffee;Barista Espresso;Cappuccino;Hell's Kitchen
46.75;11;6;202304;Apr;Sun;Evening;High;Coffee;Barista Espresso;Cappuccino Lg;Astoria
52.00;13;8;202304;Apr;Sun;Evening;High;Tea;Brewed Chai tea;Morning Sunrise Chai Lg;Hell's Kitchen
18.60;6;4;202304;Apr;Sun;Evening;Low;Tea;Brewed Chai tea;Spicy Eye Opener Chai Lg;Hell's Kitchen
10.50;3;3;202304;Apr;Sun;Evening;Low;Bakery;Biscotti;Ginger Biscotti;Hell's Kitchen
14.00;4;4;202304;Apr;Sun;Evening;Low;Bakery;Pastry;Croissant;Hell's Kitchen
17.85;7;5;202304;Apr;Sun;Evening;Low;Tea;Brewed Chai tea;Spicy Eye Opener Chai Rg;Hell's Kitchen
80.50;23;14;202304;Apr;Mon;Morning;very high;Coffee;Gourmet brewed coffee;Ethiopia Lg;Lower Manhattan
52.25;11;8;202304;Apr;Mon;Morning;High;Drinking Chocolate;Hot chocolate;Sustainably Grown Organic Lg;Lower Manhattan
60.00;20;12;202304;Apr;Mon;Morning;High;Tea;Brewed Black tea;Earl Grey Lg;Lower Manhattan
21.00;6;6;202304;Apr;Mon;Morning;Med;Bakery;Biscotti;Ginger Biscotti;Lower Manhattan
48.00;16;10;202304;Apr;Mon;Morning;High;Coffee;Drip coffee;Our Old Time Diner Blend Lg;Lower Manhattan
75.00;20;20;202304;Apr;Mon;Morning;very high;Bakery;Pastry;Chocolate Croissant;Lower Manhattan
42.50;17;11;202304;Apr;Mon;Morning;High;Coffee;Drip coffee;Our Old Time Diner Blend Rg;Lower Manhattan
60.00;20;12;202304;Apr;Mon;Morning;High;Tea;Brewed herbal tea;Peppermint Lg;Lower Manhattan
100.00;40;23;202304;Apr;Mon;Morning;very high;Tea;Brewed Black tea;Earl Grey Rg;Lower Manhattan
32.50;10;10;202304;Apr;Mon;Morning;Med;Bakery;Biscotti;Hazelnut Biscotti;Lower Manhattan
57.00;19;13;202304;Apr;Mon;Morning;High;Coffee;Barista Espresso;Espresso shot;Lower Manhattan
82.50;22;14;202304;Apr;Mon;Morning;very high;Coffee;Premium brewed coffee;Jamaican Coffee River Lg;Lower Manhattan
56.10;22;13;202304;Apr;Mon;Morning;High;Tea;Brewed Chai tea;Spicy Eye Opener Chai Rg;Lower Manhattan
48.00;16;10;202304;Apr;Mon;Morning;High;Coffee;Organic brewed coffee;Brazilian Rg;Lower Manhattan
30.00;12;7;202304;Apr;Mon;Morning;Med;Tea;Brewed herbal tea;Lemon Grass Rg;Lower Manhattan
32.50;13;9;202304;Apr;Mon;Morning;Med;Tea;Brewed Green tea;Serenity Green Tea Rg;Lower Manhattan
29.25;9;9;202304;Apr;Mon;Morning;Med;Bakery;Scone;Cranberry Scone;Lower Manhattan
36.00;9;7;202304;Apr;Mon;Morning;Med;Tea;Brewed Chai tea;Morning Sunrise Chai Lg;Lower Manhattan
36.00;18;10;202304;Apr;Mon;Morning;Med;Coffee;Gourmet brewed coffee;Columbian Medium Roast Sm;Lower Manhattan
63.00;18;12;202304;Apr;Mon;Morning;very high;Drinking Chocolate;Hot chocolate;Dark chocolate Rg;Lower Manhattan
35.00;10;6;202304;Apr;Mon;Morning;Med;Drinking Chocolate;Hot chocolate;Dark chocolate Rg;Hell's Kitchen
50.00;20;14;202304;Apr;Mon;Morning;High;Tea;Brewed Green tea;Serenity Green Tea Rg;Hell's Kitchen
35.00;14;10;202304;Apr;Mon;Morning;Med;Coffee;Drip coffee;Our Old Time Diner Blend Rg;Hell's Kitchen
48.00;16;12;202304;Apr;Mon;Morning;High;Tea;Brewed herbal tea;Lemon Grass Lg;Lower Manhattan
45.00;15;10;202304;Apr;Mon;Morning;High;Coffee;Barista Espresso;Espresso shot;Hell's Kitchen
28.00;8;8;202304;Apr;Mon;Morning;Med;Bakery;Biscotti;Chocolate Chip Biscotti;Hell's Kitchen
58.80;24;14;202304;Apr;Mon;Morning;High;Coffee;Premium brewed coffee;Jamaican Coffee River Sm;Lower Manhattan
40.00;20;12;202304;Apr;Mon;Morning;Med;Coffee;Drip coffee;Our Old Time Diner Blend Sm;Lower Manhattan
41.25;11;8;202304;Apr;Mon;Morning;High;Drinking Chocolate;Hot chocolate;Sustainably Grown Organic Rg;Lower Manhattan
58.50;13;9;202304;Apr;Mon;Morning;High;Drinking Chocolate;Hot chocolate;Dark chocolate Lg;Hell's Kitchen
37.50;15;10;202304;Apr;Mon;Morning;Med;Tea;Brewed Black tea;English Breakfast Rg;Lower Manhattan
63.00;21;14;202304;Apr;Mon;Morning;very high;Tea;Brewed Black tea;English Breakfast Lg;Hell's Kitchen
67.50;18;10;202304;Apr;Mon;Morning;very high;Coffee;Barista Espresso;Latte;Lower Manhattan
22.50;9;6;202304;Apr;Mon;Morning;Med;Tea;Brewed Black tea;English Breakfast Rg;Hell's Kitchen
63.75;17;10;202304;Apr;Mon;Morning;very high;Drinking Chocolate;Hot chocolate;Sustainably Grown Organic Rg;Hell's Kitchen
28.05;11;8;202304;Apr;Mon;Morning;Med;Tea;Brewed Chai tea;Spicy Eye Opener Chai Rg;Hell's Kitchen
54.00;12;12;202304;Apr;Mon;Morning;High;Bakery;Scone;Scottish Cream Scone ;Hell's Kitchen
89.90;29;17;202304;Apr;Mon;Morning;very high;Tea;Brewed Chai tea;Spicy Eye Opener Chai Lg;Lower Manhattan
24.00;12;8;202304;Apr;Mon;Morning;Med;Coffee;Drip coffee;Our Old Time Diner Blend Sm;Hell's Kitchen
42.50;10;8;202304;Apr;Mon;Morning;High;Coffee;Barista Espresso;Cappuccino Lg;Lower Manhattan
54.00;12;12;202304;Apr;Mon;Morning;High;Bakery;Scone;Scottish Cream Scone ;Lower Manhattan
60.00;16;12;202304;Apr;Mon;Morning;High;Coffee;Barista Espresso;Cappuccino;Lower Manhattan
66.50;19;10;202304;Apr;Mon;Morning;very high;Coffee;Organic brewed coffee;Brazilian Lg;Lower Manhattan
42.30;15;10;202304;Apr;Mon;Morning;High;Coffee;Barista Espresso;Ouro Brasileiro shot;Lower Manhattan
69.60;25;20;202304;Apr;Mon;Morning;very high;Coffee;Barista Espresso;Ouro Brasileiro shot;Hell's Kitchen
20.95;7;6;202304;Apr;Mon;Morning;very high;Bakery;Scone;Ginger Scone;Lower Manhattan
40.00;16;10;202304;Apr;Mon;Morning;Med;Tea;Brewed herbal tea;Peppermint Rg;Hell's Kitchen
47.50;19;13;202304;Apr;Mon;Morning;High;Tea;Brewed Chai tea;Morning Sunrise Chai Rg;Lower Manhattan
27.00;9;6;202304;Apr;Mon;Morning;Med;Tea;Brewed Chai tea;Traditional Blend Chai Lg;Hell's Kitchen
37.20;12;7;202304;Apr;Mon;Morning;Med;Coffee;Premium brewed coffee;Jamaican Coffee River Rg;Hell's Kitchen
94.50;21;12;202304;Apr;Mon;Morning;very high;Drinking Chocolate;Hot chocolate;Dark chocolate Lg;Lower Manhattan
28.00;8;8;202304;Apr;Mon;Morning;Med;Bakery;Biscotti;Chocolate Chip Biscotti;Lower Manhattan
72.00;24;17;202304;Apr;Mon;Morning;very high;Coffee;Organic brewed coffee;Brazilian Rg;Hell's Kitchen
33.00;11;7;202304;Apr;Mon;Morning;Med;Tea;Brewed Green tea;Serenity Green Tea Lg;Lower Manhattan
36.00;12;9;202304;Apr;Mon;Morning;Med;Tea;Brewed herbal tea;Peppermint Lg;Hell's Kitchen
35.00;14;10;202304;Apr;Mon;Morning;Med;Coffee;Gourmet brewed coffee;Columbian Medium Roast Rg;Lower Manhattan
32.50;13;10;202304;Apr;Mon;Morning;Med;Tea;Brewed Black tea;Earl Grey Rg;Hell's Kitchen
39.00;13;7;202304;Apr;Mon;Morning;Med;Coffee;Gourmet brewed coffee;Ethiopia Rg;Lower Manhattan
42.00;14;9;202304;Apr;Mon;Morning;High;Tea;Brewed Black tea;Earl Grey Lg;Hell's Kitchen
48.00;12;8;202304;Apr;Mon;Morning;High;Tea;Brewed Chai tea;Morning Sunrise Chai Lg;Hell's Kitchen
56.00;16;10;202304;Apr;Mon;Morning;High;Coffee;Gourmet brewed coffee;Ethiopia Lg;Hell's Kitchen
57.50;23;17;202304;Apr;Mon;Morning;High;Tea;Brewed Chai tea;Morning Sunrise Chai Rg;Hell's Kitchen
35.20;16;10;202304;Apr;Mon;Morning;Med;Coffee;Gourmet brewed coffee;Ethiopia Sm;Lower Manhattan
28.60;13;9;202304;Apr;Mon;Morning;Med;Coffee;Organic brewed coffee;Brazilian Sm;Lower Manhattan
51.00;17;13;202304;Apr;Mon;Morning;High;Tea;Brewed Black tea;English Breakfast Lg;Lower Manhattan
48.75;13;13;202304;Apr;Mon;Morning;High;Bakery;Scone;Jumbo Savory Scone;Lower Manhattan
35.00;10;10;202304;Apr;Mon;Morning;Med;Bakery;Pastry;Croissant;Lower Manhattan
22.50;9;7;202304;Apr;Mon;Morning;Med;Tea;Brewed Chai tea;Traditional Blend Chai Rg;Hell's Kitchen
51.00;17;12;202304;Apr;Mon;Morning;High;Tea;Brewed Green tea;Serenity Green Tea Lg;Hell's Kitchen
49.60;16;9;202304;Apr;Mon;Morning;High;Coffee;Premium brewed coffee;Jamaican Coffee River Rg;Lower Manhattan
42.00;14;10;202304;Apr;Mon;Morning;High;Coffee;Drip coffee;Our Old Time Diner Blend Lg;Hell's Kitchen
37.50;15;12;202304;Apr;Mon;Morning;Med;Tea;Brewed Chai tea;Traditional Blend Chai Rg;Lower Manhattan
59.50;14;8;202304;Apr;Mon;Morning;High;Coffee;Barista Espresso;Latte Rg;Hell's Kitchen
45.00;15;10;202304;Apr;Mon;Morning;High;Tea;Brewed herbal tea;Lemon Grass Lg;Hell's Kitchen
37.50;10;10;202304;Apr;Mon;Morning;Med;Bakery;Scone;Jumbo Savory Scone;Hell's Kitchen
56.00;14;8;202304;Apr;Mon;Morning;High;Tea;Brewed Chai tea;Morning Sunrise Chai Lg;Astoria
52.50;21;15;202304;Apr;Mon;Morning;High;Coffee;Gourmet brewed coffee;Columbian Medium Roast Rg;Astoria
19.50;6;6;202304;Apr;Mon;Morning;Low;Bakery;Scone;Cranberry Scone;Hell's Kitchen
60.00;20;12;202304;Apr;Mon;Morning;High;Tea;Brewed Green tea;Serenity Green Tea Lg;Astoria
60.00;16;10;202304;Apr;Mon;Morning;High;Coffee;Premium brewed coffee;Jamaican Coffee River Lg;Astoria
54.00;18;11;202304;Apr;Mon;Morning;High;Coffee;Gourmet brewed coffee;Columbian Medium Roast Lg;Hell's Kitchen
78.75;21;13;202304;Apr;Mon;Morning;very high;Coffee;Barista Espresso;Latte;Astoria
63.75;17;17;202304;Apr;Mon;Morning;very high;Bakery;Pastry;Chocolate Croissant;Astoria
69.00;23;13;202304;Apr;Mon;Morning;very high;Coffee;Organic brewed coffee;Brazilian Rg;Astoria
38.50;11;11;202304;Apr;Mon;Morning;Med;Bakery;Biscotti;Ginger Biscotti;Astoria
47.50;10;7;202304;Apr;Mon;Morning;High;Drinking Chocolate;Hot chocolate;Sustainably Grown Organic Lg;Astoria
32.50;10;10;202304;Apr;Mon;Morning;Med;Bakery;Scone;Cranberry Scone;Astoria
45.00;12;8;202304;Apr;Mon;Morning;High;Coffee;Barista Espresso;Latte;Hell's Kitchen
85.50;18;11;202304;Apr;Mon;Morning;very high;Drinking Chocolate;Hot chocolate;Sustainably Grown Organic Lg;Hell's Kitchen
77.00;22;14;202304;Apr;Mon;Morning;very high;Coffee;Organic brewed coffee;Brazilian Lg;Astoria
126.00;28;19;202304;Apr;Mon;Morning;very high;Drinking Chocolate;Hot chocolate;Dark chocolate Lg;Astoria
50.00;20;13;202304;Apr;Mon;Morning;High;Tea;Brewed Black tea;Earl Grey Rg;Astoria
50.80;16;16;202304;Apr;Mon;Morning;High;Bakery;Scone;Ginger Scone;Hell's Kitchen
48.45;19;12;202304;Apr;Mon;Morning;High;Tea;Brewed Chai tea;Spicy Eye Opener Chai Rg;Astoria
68.00;16;11;202304;Apr;Mon;Morning;very high;Coffee;Barista Espresso;Latte Rg;Astoria
60.00;16;12;202304;Apr;Mon;Morning;High;Drinking Chocolate;Hot chocolate;Sustainably Grown Organic Rg;Astoria
49.50;11;11;202304;Apr;Mon;Morning;High;Bakery;Scone;Scottish Cream Scone ;Astoria
35.00;14;9;202304;Apr;Mon;Morning;Med;Tea;Brewed Green tea;Serenity Green Tea Rg;Astoria
97.75;23;15;202304;Apr;Mon;Morning;very high;Coffee;Barista Espresso;Cappuccino Lg;Astoria
63.00;21;13;202304;Apr;Mon;Morning;very high;Coffee;Drip coffee;Our Old Time Diner Blend Lg;Astoria
93.50;22;10;202304;Apr;Mon;Morning;very high;Coffee;Barista Espresso;Latte Rg;Lower Manhattan
45.00;12;8;202304;Apr;Mon;Morning;High;Coffee;Barista Espresso;Cappuccino;Astoria
72.00;24;14;202304;Apr;Mon;Morning;very high;Tea;Brewed Black tea;English Breakfast Lg;Astoria
45.00;18;13;202304;Apr;Mon;Morning;High;Tea;Brewed herbal tea;Lemon Grass Rg;Astoria
54.00;18;12;202304;Apr;Mon;Morning;High;Coffee;Gourmet brewed coffee;Columbian Medium Roast Lg;Astoria
98.00;28;18;202304;Apr;Mon;Morning;very high;Coffee;Gourmet brewed coffee;Ethiopia Lg;Astoria
29.25;9;9;202304;Apr;Mon;Morning;Med;Bakery;Biscotti;Hazelnut Biscotti;Hell's Kitchen
77.50;25;15;202304;Apr;Mon;Morning;very high;Coffee;Premium brewed coffee;Jamaican Coffee River Rg;Astoria
30.00;10;10;202304;Apr;Mon;Morning;Med;Bakery;Scone;Oatmeal Scone;Astoria
52.00;26;16;202304;Apr;Mon;Morning;High;Coffee;Drip coffee;Our Old Time Diner Blend Sm;Astoria
26.95;11;6;202304;Apr;Mon;Morning;Med;Coffee;Premium brewed coffee;Jamaican Coffee River Sm;Hell's Kitchen
51.00;12;8;202304;Apr;Mon;Morning;High;Coffee;Barista Espresso;Cappuccino Lg;Hell's Kitchen
32.50;13;9;202304;Apr;Mon;Morning;Med;Tea;Brewed herbal tea;Peppermint Rg;Lower Manhattan
18.75;5;5;202304;Apr;Mon;Morning;Low;Bakery;Pastry;Almond Croissant;Lower Manhattan
28.00;8;5;202304;Apr;Mon;Morning;Med;Drinking Chocolate;Hot chocolate;Dark chocolate Rg;Astoria
47.50;10;8;202304;Apr;Mon;Afternoon;High;Drinking Chocolate;Hot chocolate;Sustainably Grown Organic Lg;Astoria
30.00;10;7;202304;Apr;Mon;Afternoon;Med;Tea;Brewed Black tea;Earl Grey Lg;Lower Manhattan
54.00;18;10;202304;Apr;Mon;Afternoon;High;Coffee;Gourmet brewed coffee;Columbian Medium Roast Lg;Lower Manhattan
30.00;8;4;202304;Apr;Mon;Afternoon;Med;Coffee;Barista Espresso;Latte;Lower Manhattan
18.00;9;5;202304;Apr;Mon;Afternoon;Low;Coffee;Gourmet brewed coffee;Columbian Medium Roast Sm;Astoria
6.50;2;2;202304;Apr;Mon;Afternoon;Low;Bakery;Scone;Cranberry Scone;Lower Manhattan
24.00;8;6;202304;Apr;Mon;Afternoon;Med;Coffee;Drip coffee;Our Old Time Diner Blend Lg;Lower Manhattan
15.40;7;5;202304;Apr;Mon;Afternoon;Low;Coffee;Organic brewed coffee;Brazilian Sm;Lower Manhattan
33.75;9;6;202304;Apr;Mon;Afternoon;Med;Coffee;Barista Espresso;Cappuccino;Hell's Kitchen
24.00;6;5;202304;Apr;Mon;Afternoon;Med;Tea;Brewed Chai tea;Morning Sunrise Chai Lg;Astoria
17.50;5;5;202304;Apr;Mon;Afternoon;Low;Coffee;Gourmet brewed coffee;Ethiopia Lg;Hell's Kitchen
45.00;15;9;202304;Apr;Mon;Afternoon;High;Coffee;Barista Espresso;Espresso shot;Astoria
13.20;6;5;202304;Apr;Mon;Afternoon;Low;Coffee;Organic brewed coffee;Brazilian Sm;Astoria
42.00;14;9;202304;Apr;Mon;Afternoon;High;Coffee;Gourmet brewed coffee;Ethiopia Rg;Hell's Kitchen
15.30;6;4;202304;Apr;Mon;Afternoon;Low;Tea;Brewed Chai tea;Spicy Eye Opener Chai Rg;Lower Manhattan
33.00;11;8;202304;Apr;Mon;Afternoon;Med;Coffee;Organic brewed coffee;Brazilian Rg;Astoria
7.50;2;2;202304;Apr;Mon;Afternoon;Low;Bakery;Scone;Jumbo Savory Scone;Astoria
7.50;3;2;202304;Apr;Mon;Afternoon;Low;Coffee;Drip coffee;Our Old Time Diner Blend Rg;Astoria
35.00;14;10;202304;Apr;Mon;Afternoon;Med;Tea;Brewed Green tea;Serenity Green Tea Rg;Astoria
49.00;14;9;202304;Apr;Mon;Afternoon;High;Coffee;Organic brewed coffee;Brazilian Lg;Astoria
9.00;2;2;202304;Apr;Mon;Afternoon;Low;Bakery;Scone;Scottish Cream Scone ;Lower Manhattan
31.50;9;8;202304;Apr;Mon;Afternoon;Med;Drinking Chocolate;Hot chocolate;Dark chocolate Rg;Astoria
90.00;20;11;202304;Apr;Mon;Afternoon;very high;Drinking Chocolate;Hot chocolate;Dark chocolate Lg;Astoria
30.00;12;7;202304;Apr;Mon;Afternoon;Med;Tea;Brewed Chai tea;Traditional Blend Chai Rg;Hell's Kitchen
17.50;5;5;202304;Apr;Mon;Afternoon;Low;Bakery;Pastry;Croissant;Lower Manhattan
15.00;5;3;202304;Apr;Mon;Afternoon;Low;Tea;Brewed Green tea;Serenity Green Tea Lg;Lower Manhattan
12.50;5;3;202304;Apr;Mon;Afternoon;Low;Coffee;Drip coffee;Our Old Time Diner Blend Rg;Hell's Kitchen
18.00;6;3;202304;Apr;Mon;Afternoon;Low;Tea;Brewed Green tea;Serenity Green Tea Lg;Hell's Kitchen
36.00;8;5;202304;Apr;Mon;Afternoon;Med;Drinking Chocolate;Hot chocolate;Dark chocolate Lg;Hell's Kitchen
18.75;5;3;202304;Apr;Mon;Afternoon;Low;Drinking Chocolate;Hot chocolate;Sustainably Grown Organic Rg;Lower Manhattan
37.50;10;10;202304;Apr;Mon;Afternoon;Med;Bakery;Scone;Jumbo Savory Scone;Lower Manhattan
31.00;10;7;202304;Apr;Mon;Afternoon;Med;Coffee;Premium brewed coffee;Jamaican Coffee River Rg;Hell's Kitchen
24.00;8;5;202304;Apr;Mon;Afternoon;Med;Tea;Brewed herbal tea;Peppermint Lg;Astoria
11.25;3;2;202304;Apr;Mon;Afternoon;Low;Coffee;Premium brewed coffee;Jamaican Coffee River Lg;Hell's Kitchen
20.00;8;5;202304;Apr;Mon;Afternoon;Low;Tea;Brewed herbal tea;Peppermint Rg;Hell's Kitchen
27.00;9;6;202304;Apr;Mon;Afternoon;Med;Tea;Brewed Black tea;English Breakfast Lg;Hell's Kitchen
32.50;13;7;202304;Apr;Mon;Afternoon;Med;Tea;Brewed Black tea;Earl Grey Rg;Astoria
21.00;7;4;202304;Apr;Mon;Afternoon;Med;Tea;Brewed Black tea;Earl Grey Lg;Hell's Kitchen
48.00;16;9;202304;Apr;Mon;Afternoon;High;Tea;Brewed herbal tea;Lemon Grass Lg;Lower Manhattan
34.10;11;7;202304;Apr;Mon;Afternoon;Med;Tea;Brewed Chai tea;Spicy Eye Opener Chai Lg;Astoria
14.00;7;5;202304;Apr;Mon;Afternoon;Low;Coffee;Gourmet brewed coffee;Columbian Medium Roast Sm;Hell's Kitchen
9.00;3;3;202304;Apr;Mon;Afternoon;Low;Bakery;Scone;Oatmeal Scone;Hell's Kitchen
36.00;12;7;202304;Apr;Mon;Afternoon;Med;Tea;Brewed Black tea;English Breakfast Lg;Astoria
10.00;4;2;202304;Apr;Mon;Afternoon;Low;Tea;Brewed herbal tea;Lemon Grass Rg;Astoria
49.50;11;9;202304;Apr;Mon;Afternoon;High;Drinking Chocolate;Hot chocolate;Dark chocolate Lg;Lower Manhattan
20.00;8;5;202304;Apr;Mon;Afternoon;Low;Tea;Brewed Black tea;Earl Grey Rg;Hell's Kitchen
18.00;6;6;202304;Apr;Mon;Afternoon;Low;Bakery;Scone;Oatmeal Scone;Astoria
26.25;7;6;202304;Apr;Mon;Afternoon;Med;Coffee;Premium brewed coffee;Jamaican Coffee River Lg;Lower Manhattan
36.00;12;8;202304;Apr;Mon;Afternoon;Med;Tea;Brewed Chai tea;Traditional Blend Chai Lg;Hell's Kitchen
45.50;13;8;202304;Apr;Mon;Afternoon;High;Coffee;Organic brewed coffee;Brazilian Lg;Hell's Kitchen
28.00;8;5;202304;Apr;Mon;Afternoon;Med;Drinking Chocolate;Hot chocolate;Dark chocolate Rg;Hell's Kitchen
42.50;10;6;202304;Apr;Mon;Afternoon;High;Coffee;Barista Espresso;Cappuccino Lg;Lower Manhattan
22.50;9;6;202304;Apr;Mon;Afternoon;Med;Tea;Brewed Chai tea;Morning Sunrise Chai Rg;Lower Manhattan
14.00;4;4;202304;Apr;Mon;Afternoon;Low;Bakery;Biscotti;Ginger Biscotti;Lower Manhattan
22.50;9;5;202304;Apr;Mon;Afternoon;Med;Tea;Brewed Black tea;English Breakfast Rg;Hell's Kitchen
14.00;4;4;202304;Apr;Mon;Afternoon;Low;Bakery;Biscotti;Ginger Biscotti;Hell's Kitchen
42.50;10;6;202304;Apr;Mon;Afternoon;High;Coffee;Barista Espresso;Latte Rg;Astoria
18.75;5;3;202304;Apr;Mon;Afternoon;Low;Coffee;Barista Espresso;Latte;Hell's Kitchen
9.00;2;2;202304;Apr;Mon;Afternoon;Low;Bakery;Scone;Scottish Cream Scone ;Hell's Kitchen
9.00;3;2;202304;Apr;Mon;Afternoon;Low;Coffee;Drip coffee;Our Old Time Diner Blend Lg;Hell's Kitchen
40.00;16;12;202304;Apr;Mon;Afternoon;Med;Tea;Brewed Chai tea;Morning Sunrise Chai Rg;Astoria
21.70;7;4;202304;Apr;Mon;Afternoon;Med;Coffee;Premium brewed coffee;Jamaican Coffee River Rg;Lower Manhattan
32.50;13;9;202304;Apr;Mon;Afternoon;Med;Coffee;Gourmet brewed coffee;Columbian Medium Roast Rg;Astoria
11.25;3;3;202304;Apr;Mon;Afternoon;Low;Bakery;Pastry;Almond Croissant;Lower Manhattan
34.00;8;5;202304;Apr;Mon;Afternoon;Med;Coffee;Barista Espresso;Latte Rg;Hell's Kitchen
25.00;10;5;202304;Apr;Mon;Afternoon;Med;Tea;Brewed herbal tea;Lemon Grass Rg;Lower Manhattan
24.00;12;7;202304;Apr;Mon;Afternoon;Med;Coffee;Drip coffee;Our Old Time Diner Blend Sm;Astoria
45.00;15;11;202304;Apr;Mon;Afternoon;High;Tea;Brewed herbal tea;Lemon Grass Lg;Astoria
17.50;7;6;202304;Apr;Mon;Afternoon;Low;Coffee;Gourmet brewed coffee;Columbian Medium Roast Rg;Lower Manhattan
15.00;5;3;202304;Apr;Mon;Afternoon;Low;Tea;Brewed herbal tea;Peppermint Lg;Hell's Kitchen
22.50;5;5;202304;Apr;Mon;Afternoon;Med;Bakery;Scone;Scottish Cream Scone ;Astoria
28.50;6;4;202304;Apr;Mon;Afternoon;Med;Drinking Chocolate;Hot chocolate;Sustainably Grown Organic Lg;Hell's Kitchen
27.00;9;5;202304;Apr;Mon;Afternoon;Med;Coffee;Drip coffee;Our Old Time Diner Blend Lg;Astoria
42.00;12;7;202304;Apr;Mon;Afternoon;High;Coffee;Gourmet brewed coffee;Ethiopia Lg;Lower Manhattan
24.50;7;5;202304;Apr;Mon;Afternoon;Med;Coffee;Gourmet brewed coffee;Ethiopia Lg;Astoria
14.00;4;4;202304;Apr;Mon;Afternoon;Low;Bakery;Pastry;Croissant;Astoria
42.50;10;6;202304;Apr;Mon;Afternoon;High;Coffee;Barista Espresso;Cappuccino Lg;Astoria
10.50;3;3;202304;Apr;Mon;Afternoon;Low;Bakery;Biscotti;Ginger Biscotti;Astoria
6.50;2;2;202304;Apr;Mon;Afternoon;Low;Bakery;Scone;Cranberry Scone;Hell's Kitchen
46.75;11;8;202304;Apr;Mon;Afternoon;High;Coffee;Barista Espresso;Cappuccino Lg;Hell's Kitchen
15.00;6;4;202304;Apr;Mon;Afternoon;Low;Coffee;Gourmet brewed coffee;Columbian Medium Roast Rg;Hell's Kitchen
6.60;3;3;202304;Apr;Mon;Afternoon;Low;Coffee;Organic brewed coffee;Brazilian Sm;Hell's Kitchen
15.50;5;3;202304;Apr;Mon;Afternoon;Low;Tea;Brewed Chai tea;Spicy Eye Opener Chai Lg;Hell's Kitchen
3.50;1;1;202304;Apr;Mon;Afternoon;Low;Bakery;Pastry;Croissant;Hell's Kitchen
10.00;4;3;202304;Apr;Mon;Afternoon;Low;Tea;Brewed Chai tea;Morning Sunrise Chai Rg;Hell's Kitchen
10.00;4;3;202304;Apr;Mon;Afternoon;Low;Coffee;Drip coffee;Our Old Time Diner Blend Rg;Lower Manhattan
10.00;5;4;202304;Apr;Mon;Afternoon;Low;Coffee;Gourmet brewed coffee;Columbian Medium Roast Sm;Lower Manhattan
45.00;12;8;202304;Apr;Mon;Afternoon;High;Coffee;Barista Espresso;Cappuccino;Astoria
15.00;6;4;202304;Apr;Mon;Afternoon;Low;Tea;Brewed Black tea;English Breakfast Rg;Astoria
12.00;4;4;202304;Apr;Mon;Afternoon;Low;Tea;Brewed Black tea;English Breakfast Lg;Lower Manhattan
21.70;7;4;202304;Apr;Mon;Afternoon;Med;Tea;Brewed Chai tea;Spicy Eye Opener Chai Lg;Lower Manhattan
9.75;3;3;202304;Apr;Mon;Afternoon;Low;Bakery;Biscotti;Hazelnut Biscotti;Hell's Kitchen
12.50;5;3;202304;Apr;Mon;Afternoon;Low;Tea;Brewed herbal tea;Peppermint Rg;Lower Manhattan
17.50;7;4;202304;Apr;Mon;Afternoon;Low;Tea;Brewed Black tea;English Breakfast Rg;Lower Manhattan
10.00;4;3;202304;Apr;Mon;Afternoon;Low;Tea;Brewed Chai tea;Traditional Blend Chai Rg;Astoria
22.50;9;6;202304;Apr;Mon;Afternoon;Med;Tea;Brewed herbal tea;Lemon Grass Rg;Hell's Kitchen
42.50;10;8;202304;Apr;Mon;Afternoon;High;Coffee;Barista Espresso;Latte Rg;Lower Manhattan
22.50;9;6;202304;Apr;Mon;Afternoon;Med;Tea;Brewed Chai tea;Traditional Blend Chai Rg;Lower Manhattan
21.00;7;5;202304;Apr;Mon;Afternoon;Med;Coffee;Gourmet brewed coffee;Ethiopia Rg;Astoria
22.20;8;6;202304;Apr;Mon;Afternoon;Med;Coffee;Barista Espresso;Ouro Brasileiro shot;Hell's Kitchen
10.20;4;3;202304;Apr;Mon;Afternoon;Low;Tea;Brewed Chai tea;Spicy Eye Opener Chai Rg;Hell's Kitchen
15.00;5;5;202304;Apr;Mon;Afternoon;Low;Coffee;Barista Espresso;Espresso shot;Hell's Kitchen
22.00;10;6;202304;Apr;Mon;Afternoon;Med;Coffee;Gourmet brewed coffee;Ethiopia Sm;Lower Manhattan
6.00;2;2;202304;Apr;Mon;Afternoon;Low;Coffee;Organic brewed coffee;Brazilian Rg;Hell's Kitchen
17.60;8;5;202304;Apr;Mon;Afternoon;Low;Coffee;Gourmet brewed coffee;Ethiopia Sm;Astoria
41.25;11;6;202304;Apr;Mon;Afternoon;High;Coffee;Premium brewed coffee;Jamaican Coffee River Lg;Astoria
30.60;12;8;202304;Apr;Mon;Afternoon;Med;Tea;Brewed Chai tea;Spicy Eye Opener Chai Rg;Astoria
11.25;3;2;202304;Apr;Mon;Afternoon;Low;Drinking Chocolate;Hot chocolate;Sustainably Grown Organic Rg;Hell's Kitchen
33.25;7;4;202304;Apr;Mon;Afternoon;Med;Drinking Chocolate;Hot chocolate;Sustainably Grown Organic Lg;Lower Manhattan
9.75;3;3;202304;Apr;Mon;Afternoon;Low;Bakery;Biscotti;Hazelnut Biscotti;Lower Manhattan
20.00;8;5;202304;Apr;Mon;Afternoon;Low;Tea;Brewed herbal tea;Peppermint Rg;Astoria
34.30;14;10;202304;Apr;Mon;Afternoon;Med;Coffee;Premium brewed coffee;Jamaican Coffee River Sm;Astoria
3.50;1;1;202304;Apr;Mon;Afternoon;Low;Bakery;Biscotti;Chocolate Chip Biscotti;Hell's Kitchen
6.50;2;2;202304;Apr;Mon;Afternoon;Low;Bakery;Scone;Cranberry Scone;Astoria
27.00;9;6;202304;Apr;Mon;Afternoon;Med;Coffee;Gourmet brewed coffee;Ethiopia Rg;Lower Manhattan
7.50;2;2;202304;Apr;Mon;Afternoon;Low;Bakery;Pastry;Chocolate Croissant;Hell's Kitchen
28.00;7;5;202304;Apr;Mon;Afternoon;Med;Tea;Brewed Chai tea;Morning Sunrise Chai Lg;Hell's Kitchen
7.50;2;2;202304;Apr;Mon;Afternoon;Low;Bakery;Pastry;Chocolate Croissant;Lower Manhattan
14.00;7;5;202304;Apr;Mon;Afternoon;Low;Coffee;Drip coffee;Our Old Time Diner Blend Sm;Lower Manhattan
9.00;3;3;202304;Apr;Mon;Afternoon;Low;Coffee;Barista Espresso;Espresso shot;Lower Manhattan
21.00;7;5;202304;Apr;Mon;Afternoon;Med;Tea;Brewed Chai tea;Traditional Blend Chai Lg;Astoria
22.50;6;5;202304;Apr;Mon;Afternoon;Med;Drinking Chocolate;Hot chocolate;Sustainably Grown Organic Rg;Astoria
3.25;1;1;202304;Apr;Mon;Afternoon;Low;Bakery;Biscotti;Hazelnut Biscotti;Astoria
37.20;12;9;202304;Apr;Mon;Afternoon;Med;Coffee;Premium brewed coffee;Jamaican Coffee River Rg;Astoria
44.00;11;6;202304;Apr;Mon;Afternoon;High;Tea;Brewed Chai tea;Morning Sunrise Chai Lg;Lower Manhattan
11.25;3;3;202304;Apr;Mon;Afternoon;Low;Bakery;Scone;Jumbo Savory Scone;Hell's Kitchen
12.25;5;3;202304;Apr;Mon;Afternoon;Low;Coffee;Premium brewed coffee;Jamaican Coffee River Sm;Hell's Kitchen
14.00;4;4;202304;Apr;Mon;Afternoon;Low;Drinking Chocolate;Hot chocolate;Dark chocolate Rg;Lower Manhattan
14.40;6;3;202304;Apr;Mon;Afternoon;Low;Coffee;Barista Espresso;Ouro Brasileiro shot;Lower Manhattan
21.00;6;6;202304;Apr;Mon;Afternoon;Med;Bakery;Biscotti;Chocolate Chip Biscotti;Lower Manhattan
18.00;6;4;202304;Apr;Mon;Evening;Low;Coffee;Organic brewed coffee;Brazilian Rg;Lower Manhattan
39.60;18;12;202304;Apr;Mon;Evening;Med;Coffee;Organic brewed coffee;Brazilian Sm;Astoria
51.00;17;11;202304;Apr;Sat;Morning;High;Tea;Brewed Chai tea;Traditional Blend Chai Lg;Lower Manhattan
12.00;4;3;202304;Apr;Sat;Evening;Low;Coffee;Organic brewed coffee;Brazilian Rg;Lower Manhattan
93.00;31;17;202304;Apr;Sun;Morning;very high;Coffee;Gourmet brewed coffee;Ethiopia Rg;Lower Manhattan
86.25;23;15;202304;Apr;Sun;Morning;very high;Coffee;Barista Espresso;Cappuccino;Lower Manhattan
18.00;6;4;202304;Apr;Sun;Afternoon;Low;Tea;Brewed Chai tea;Traditional Blend Chai Lg;Lower Manhattan
17.50;5;5;202304;Apr;Sun;Evening;Low;Bakery;Biscotti;Ginger Biscotti;Lower Manhattan
27.19;7;7;202304;Apr;Sun;Evening;Med;Bakery;Scone;Jumbo Savory Scone;Lower Manhattan
21.00;6;3;202304;Apr;Sun;Evening;Med;Coffee;Organic brewed coffee;Brazilian Lg;Lower Manhattan
58.90;19;11;202304;Apr;Mon;Morning;High;Tea;Brewed Chai tea;Spicy Eye Opener Chai Lg;Hell's Kitchen
57.00;19;13;202304;Apr;Mon;Morning;High;Coffee;Barista Espresso;Espresso shot;Astoria
20.35;7;5;202304;Apr;Mon;Afternoon;very high;Bakery;Scone;Ginger Scone;Lower Manhattan
24.00;8;4;202304;Apr;Mon;Afternoon;Med;Tea;Brewed Chai tea;Traditional Blend Chai Lg;Lower Manhattan
15.00;6;3;202304;Apr;Mon;Afternoon;Low;Tea;Brewed Green tea;Serenity Green Tea Rg;Lower Manhattan
36.00;12;8;202304;Apr;Mon;Afternoon;Med;Coffee;Gourmet brewed coffee;Columbian Medium Roast Lg;Astoria
11.25;3;3;202304;Apr;Mon;Afternoon;Low;Bakery;Pastry;Almond Croissant;Astoria
9.75;3;3;202304;Apr;Mon;Afternoon;Low;Bakery;Scone;Ginger Scone;Astoria
6.00;2;2;202304;Apr;Mon;Afternoon;Low;Coffee;Gourmet brewed coffee;Columbian Medium Roast Lg;Hell's Kitchen
7.00;2;1;202304;Apr;Mon;Evening;Low;Coffee;Organic brewed coffee;Brazilian Lg;Astoria
39.00;13;9;202304;Apr;Mon;Evening;Med;Coffee;Gourmet brewed coffee;Columbian Medium Roast Lg;Astoria
45.90;18;11;202304;Apr;Mon;Evening;High;Tea;Brewed Chai tea;Spicy Eye Opener Chai Rg;Astoria
15.00;5;5;202304;Apr;Mon;Evening;Low;Bakery;Scone;Oatmeal Scone;Astoria
28.00;14;11;202304;Apr;Mon;Evening;Med;Coffee;Drip coffee;Our Old Time Diner Blend Sm;Astoria
15.00;5;5;202304;Apr;Mon;Evening;Low;Tea;Brewed Green tea;Serenity Green Tea Lg;Hell's Kitchen
2.20;1;1;202304;Apr;Mon;Evening;Low;Coffee;Gourmet brewed coffee;Ethiopia Sm;Lower Manhattan
60.00;16;8;202304;Apr;Mon;Evening;High;Coffee;Premium brewed coffee;Jamaican Coffee River Lg;Astoria
14.00;4;3;202304;Apr;Mon;Evening;Low;Coffee;Gourmet brewed coffee;Ethiopia Lg;Hell's Kitchen
6.50;2;2;202304;Apr;Mon;Evening;Low;Bakery;Biscotti;Hazelnut Biscotti;Hell's Kitchen
15.00;5;4;202304;Apr;Mon;Evening;Low;Tea;Brewed herbal tea;Peppermint Lg;Lower Manhattan
20.40;8;6;202304;Apr;Mon;Evening;very high;Tea;Brewed Chai tea;Spicy Eye Opener Chai Rg;Hell's Kitchen
37.50;10;7;202304;Apr;Mon;Evening;Med;Drinking Chocolate;Hot chocolate;Sustainably Grown Organic Rg;Hell's Kitchen
10.50;3;3;202304;Apr;Mon;Evening;Low;Bakery;Biscotti;Chocolate Chip Biscotti;Hell's Kitchen
24.80;8;6;202304;Apr;Mon;Evening;Med;Tea;Brewed Chai tea;Spicy Eye Opener Chai Lg;Lower Manhattan
10.00;4;2;202304;Apr;Mon;Evening;Low;Coffee;Gourmet brewed coffee;Columbian Medium Roast Rg;Lower Manhattan
15.00;6;4;202304;Apr;Mon;Evening;Low;Tea;Brewed Chai tea;Traditional Blend Chai Rg;Lower Manhattan
22.50;9;5;202304;Apr;Mon;Evening;Med;Tea;Brewed Chai tea;Traditional Blend Chai Rg;Astoria
33.00;11;8;202304;Apr;Mon;Evening;Med;Tea;Brewed Chai tea;Traditional Blend Chai Lg;Astoria
35.00;14;10;202304;Apr;Mon;Evening;Med;Coffee;Drip coffee;Our Old Time Diner Blend Rg;Astoria
15.40;7;4;202304;Apr;Mon;Evening;Low;Coffee;Organic brewed coffee;Brazilian Sm;Hell's Kitchen
36.00;12;8;202304;Apr;Mon;Evening;Med;Tea;Brewed Chai tea;Traditional Blend Chai Lg;Hell's Kitchen
30.00;10;6;202304;Apr;Mon;Evening;Med;Coffee;Organic brewed coffee;Brazilian Rg;Astoria
10.50;3;2;202304;Apr;Mon;Evening;Low;Drinking Chocolate;Hot chocolate;Dark chocolate Rg;Hell's Kitchen
59.50;17;11;202304;Apr;Mon;Evening;High;Drinking Chocolate;Hot chocolate;Dark chocolate Rg;Astoria
26.25;7;7;202304;Apr;Mon;Evening;Med;Bakery;Pastry;Almond Croissant;Astoria
12.00;6;3;202304;Apr;Mon;Evening;Low;Coffee;Gourmet brewed coffee;Columbian Medium Roast Sm;Lower Manhattan
15.00;5;3;202304;Apr;Mon;Evening;Low;Tea;Brewed herbal tea;Lemon Grass Lg;Astoria
25.00;10;7;202304;Apr;Mon;Evening;Med;Tea;Brewed Chai tea;Morning Sunrise Chai Rg;Astoria
10.00;4;3;202304;Apr;Mon;Evening;Low;Tea;Brewed Chai tea;Traditional Blend Chai Rg;Hell's Kitchen
9.00;2;2;202304;Apr;Mon;Evening;Low;Bakery;Scone;Scottish Cream Scone ;Hell's Kitchen
12.75;3;3;202304;Apr;Mon;Evening;Low;Coffee;Barista Espresso;Cappuccino Lg;Hell's Kitchen
31.00;10;6;202304;Apr;Mon;Evening;Med;Tea;Brewed Chai tea;Spicy Eye Opener Chai Lg;Hell's Kitchen
21.00;7;5;202304;Apr;Mon;Evening;Med;Tea;Brewed Black tea;Earl Grey Lg;Astoria
31.50;7;4;202304;Apr;Mon;Evening;Med;Drinking Chocolate;Hot chocolate;Dark chocolate Lg;Lower Manhattan
27.00;9;4;202304;Apr;Mon;Evening;Med;Coffee;Gourmet brewed coffee;Columbian Medium Roast Lg;Lower Manhattan
23.75;5;4;202304;Apr;Mon;Evening;Med;Drinking Chocolate;Hot chocolate;Sustainably Grown Organic Lg;Lower Manhattan
7.00;2;2;202304;Apr;Mon;Evening;Low;Bakery;Pastry;Croissant;Lower Manhattan
16.00;8;5;202304;Apr;Mon;Evening;Low;Coffee;Gourmet brewed coffee;Columbian Medium Roast Sm;Hell's Kitchen
11.25;3;3;202304;Apr;Mon;Evening;Low;Bakery;Pastry;Almond Croissant;Hell's Kitchen
36.00;12;8;202304;Apr;Mon;Evening;Med;Coffee;Barista Espresso;Espresso shot;Lower Manhattan
17.60;8;5;202304;Apr;Mon;Evening;Low;Coffee;Gourmet brewed coffee;Ethiopia Sm;Hell's Kitchen
27.00;9;7;202304;Apr;Mon;Evening;Med;Coffee;Gourmet brewed coffee;Ethiopia Rg;Astoria
54.00;12;7;202304;Apr;Mon;Evening;High;Drinking Chocolate;Hot chocolate;Dark chocolate Lg;Astoria
16.25;5;5;202304;Apr;Mon;Evening;Low;Bakery;Scone;Cranberry Scone;Astoria
12.50;5;3;202304;Apr;Mon;Evening;Low;Tea;Brewed Green tea;Serenity Green Tea Rg;Lower Manhattan
18.75;5;5;202304;Apr;Mon;Evening;Low;Bakery;Pastry;Chocolate Croissant;Lower Manhattan
7.50;3;2;202304;Apr;Mon;Evening;Low;Tea;Brewed Black tea;Earl Grey Rg;Lower Manhattan
19.60;8;5;202304;Apr;Mon;Evening;Low;Coffee;Premium brewed coffee;Jamaican Coffee River Sm;Hell's Kitchen
12.50;5;3;202304;Apr;Mon;Evening;Low;Tea;Brewed herbal tea;Peppermint Rg;Hell's Kitchen
24.50;10;8;202304;Apr;Mon;Evening;Med;Coffee;Premium brewed coffee;Jamaican Coffee River Sm;Astoria
34.10;11;7;202304;Apr;Mon;Evening;Med;Tea;Brewed Chai tea;Spicy Eye Opener Chai Lg;Astoria
30.00;12;7;202304;Apr;Mon;Evening;Med;Tea;Brewed Black tea;English Breakfast Rg;Astoria
38.00;8;6;202304;Apr;Mon;Evening;Med;Drinking Chocolate;Hot chocolate;Sustainably Grown Organic Lg;Hell's Kitchen
36.00;12;7;202304;Apr;Mon;Evening;Med;Coffee;Drip coffee;Our Old Time Diner Blend Lg;Astoria
12.75;3;3;202304;Apr;Mon;Evening;Low;Coffee;Barista Espresso;Cappuccino Lg;Astoria
15.00;4;4;202304;Apr;Mon;Evening;Low;Bakery;Pastry;Chocolate Croissant;Astoria
18.00;6;5;202304;Apr;Mon;Evening;Low;Coffee;Barista Espresso;Espresso shot;Astoria
7.50;2;2;202304;Apr;Mon;Evening;Low;Bakery;Scone;Jumbo Savory Scone;Astoria
12.00;4;3;202304;Apr;Mon;Evening;Low;Coffee;Gourmet brewed coffee;Ethiopia Rg;Lower Manhattan
16.25;5;5;202304;Apr;Mon;Evening;Low;Bakery;Biscotti;Hazelnut Biscotti;Lower Manhattan
21.00;7;5;202304;Apr;Mon;Evening;Med;Tea;Brewed Black tea;Earl Grey Lg;Lower Manhattan
11.25;3;3;202304;Apr;Mon;Evening;Low;Bakery;Scone;Jumbo Savory Scone;Lower Manhattan
17.60;8;6;202304;Apr;Mon;Evening;Low;Coffee;Gourmet brewed coffee;Ethiopia Sm;Astoria
22.50;9;4;202304;Apr;Mon;Evening;Med;Tea;Brewed herbal tea;Lemon Grass Rg;Lower Manhattan
42.00;14;8;202304;Apr;Mon;Evening;High;Tea;Brewed Black tea;English Breakfast Lg;Hell's Kitchen
30.00;8;5;202304;Apr;Mon;Evening;Med;Coffee;Barista Espresso;Cappuccino;Hell's Kitchen
7.50;3;2;202304;Apr;Mon;Evening;Low;Coffee;Drip coffee;Our Old Time Diner Blend Rg;Lower Manhattan
3.50;1;1;202304;Apr;Mon;Evening;Low;Bakery;Pastry;Croissant;Hell's Kitchen
15.30;6;4;202304;Apr;Mon;Evening;Low;Tea;Brewed Chai tea;Spicy Eye Opener Chai Rg;Lower Manhattan
18.00;6;4;202304;Apr;Mon;Evening;Low;Tea;Brewed herbal tea;Lemon Grass Lg;Hell's Kitchen
30.00;8;5;202304;Apr;Mon;Evening;Med;Drinking Chocolate;Hot chocolate;Sustainably Grown Organic Rg;Astoria
12.00;6;5;202304;Apr;Mon;Evening;Low;Coffee;Gourmet brewed coffee;Columbian Medium Roast Sm;Astoria
14.00;4;2;202304;Apr;Mon;Evening;Low;Coffee;Organic brewed coffee;Brazilian Lg;Lower Manhattan
6.00;2;2;202304;Apr;Mon;Evening;Low;Bakery;Scone;Oatmeal Scone;Lower Manhattan
15.00;5;3;202304;Apr;Mon;Evening;Low;Coffee;Barista Espresso;Espresso shot;Hell's Kitchen
12.00;4;2;202304;Apr;Mon;Evening;Low;Coffee;Gourmet brewed coffee;Ethiopia Rg;Hell's Kitchen
9.00;2;2;202304;Apr;Mon;Evening;Low;Drinking Chocolate;Hot chocolate;Dark chocolate Lg;Hell's Kitchen
32.50;13;9;202304;Apr;Mon;Evening;Med;Tea;Brewed Black tea;Earl Grey Rg;Astoria
13.00;4;4;202304;Apr;Mon;Evening;Low;Bakery;Biscotti;Hazelnut Biscotti;Astoria
37.50;10;8;202304;Apr;Mon;Evening;Med;Coffee;Barista Espresso;Latte;Astoria
29.75;7;4;202304;Apr;Mon;Evening;Med;Coffee;Barista Espresso;Latte Rg;Lower Manhattan
24.00;8;6;202304;Apr;Mon;Evening;Med;Coffee;Drip coffee;Our Old Time Diner Blend Lg;Hell's Kitchen
31.00;10;6;202304;Apr;Mon;Evening;Med;Coffee;Premium brewed coffee;Jamaican Coffee River Rg;Astoria
7.00;2;2;202304;Apr;Mon;Evening;Low;Bakery;Biscotti;Chocolate Chip Biscotti;Lower Manhattan
11.25;3;2;202304;Apr;Mon;Evening;Low;Coffee;Barista Espresso;Latte;Lower Manhattan
37.50;10;6;202304;Apr;Mon;Evening;Med;Coffee;Barista Espresso;Cappuccino;Astoria
27.50;11;8;202304;Apr;Mon;Evening;Med;Tea;Brewed Black tea;English Breakfast Rg;Lower Manhattan
39.00;13;8;202304;Apr;Mon;Evening;Med;Tea;Brewed Green tea;Serenity Green Tea Lg;Astoria
33.00;11;6;202304;Apr;Mon;Evening;Med;Tea;Brewed Black tea;English Breakfast Lg;Astoria
38.25;9;4;202304;Apr;Mon;Evening;Med;Coffee;Barista Espresso;Cappuccino Lg;Lower Manhattan
18.00;9;6;202304;Apr;Mon;Evening;Low;Coffee;Drip coffee;Our Old Time Diner Blend Sm;Hell's Kitchen
52.50;15;9;202304;Apr;Mon;Evening;High;Coffee;Organic brewed coffee;Brazilian Lg;Hell's Kitchen
9.75;3;3;202304;Apr;Mon;Evening;Low;Bakery;Scone;Ginger Scone;Hell's Kitchen
6.20;2;1;202304;Apr;Mon;Evening;Low;Coffee;Premium brewed coffee;Jamaican Coffee River Rg;Lower Manhattan
24.00;8;5;202304;Apr;Mon;Evening;Med;Tea;Brewed herbal tea;Peppermint Lg;Astoria
12.75;3;2;202304;Apr;Mon;Evening;Low;Coffee;Barista Espresso;Latte Rg;Hell's Kitchen
15.00;6;5;202304;Apr;Mon;Evening;Low;Coffee;Drip coffee;Our Old Time Diner Blend Rg;Hell's Kitchen
17.50;7;4;202304;Apr;Mon;Evening;Low;Coffee;Gourmet brewed coffee;Columbian Medium Roast Rg;Hell's Kitchen
30.00;10;6;202304;Apr;Mon;Evening;Med;Tea;Brewed herbal tea;Peppermint Lg;Hell's Kitchen
17.50;7;5;202304;Apr;Mon;Evening;Low;Tea;Brewed herbal tea;Lemon Grass Rg;Astoria
12.00;4;4;202304;Apr;Mon;Evening;Low;Tea;Brewed herbal tea;Lemon Grass Lg;Lower Manhattan
9.00;3;2;202304;Apr;Mon;Evening;Low;Coffee;Drip coffee;Our Old Time Diner Blend Lg;Lower Manhattan
7.00;2;2;202304;Apr;Mon;Evening;Low;Bakery;Pastry;Croissant;Astoria
9.00;3;3;202304;Apr;Mon;Evening;Low;Coffee;Organic brewed coffee;Brazilian Rg;Hell's Kitchen
40.00;10;6;202304;Apr;Mon;Evening;Med;Tea;Brewed Chai tea;Morning Sunrise Chai Lg;Hell's Kitchen
7.00;2;2;202304;Apr;Mon;Evening;Low;Bakery;Biscotti;Ginger Biscotti;Hell's Kitchen
52.25;11;7;202304;Apr;Mon;Evening;High;Drinking Chocolate;Hot chocolate;Sustainably Grown Organic Lg;Astoria
10.00;4;3;202304;Apr;Mon;Evening;Low;Tea;Brewed Black tea;Earl Grey Rg;Hell's Kitchen
24.00;6;4;202304;Apr;Mon;Evening;Med;Tea;Brewed Chai tea;Morning Sunrise Chai Lg;Astoria
59.50;14;9;202304;Apr;Mon;Evening;High;Coffee;Barista Espresso;Latte Rg;Astoria
7.50;3;2;202304;Apr;Mon;Evening;Low;Tea;Brewed Black tea;English Breakfast Rg;Hell's Kitchen
5.10;2;2;202304;Apr;Mon;Evening;Low;Coffee;Barista Espresso;Ouro Brasileiro shot;Hell's Kitchen
15.00;6;6;202304;Apr;Mon;Evening;Low;Coffee;Gourmet brewed coffee;Columbian Medium Roast Rg;Astoria
15.50;5;5;202304;Apr;Mon;Evening;Low;Coffee;Premium brewed coffee;Jamaican Coffee River Rg;Hell's Kitchen
28.00;8;5;202304;Apr;Mon;Evening;Med;Coffee;Gourmet brewed coffee;Ethiopia Lg;Astoria
3.75;1;1;202304;Apr;Mon;Evening;Low;Coffee;Premium brewed coffee;Jamaican Coffee River Lg;Hell's Kitchen
17.50;7;6;202304;Apr;Mon;Evening;Low;Tea;Brewed Green tea;Serenity Green Tea Rg;Astoria
7.50;2;2;202304;Apr;Mon;Evening;Low;Bakery;Scone;Jumbo Savory Scone;Hell's Kitchen
6.50;2;2;202304;Apr;Mon;Evening;Low;Bakery;Scone;Ginger Scone;Astoria
60.00;24;16;202304;Apr;Tue;Morning;High;Tea;Brewed Black tea;Earl Grey Rg;Lower Manhattan
41.80;19;11;202304;Apr;Tue;Morning;High;Coffee;Organic brewed coffee;Brazilian Sm;Lower Manhattan
56.00;16;11;202304;Apr;Tue;Morning;High;Coffee;Organic brewed coffee;Brazilian Lg;Lower Manhattan
78.75;21;12;202304;Apr;Tue;Morning;very high;Coffee;Barista Espresso;Latte;Lower Manhattan
44.00;22;12;202304;Apr;Tue;Morning;High;Coffee;Gourmet brewed coffee;Columbian Medium Roast Sm;Lower Manhattan
33.00;11;7;202304;Apr;Tue;Morning;Med;Tea;Brewed Green tea;Serenity Green Tea Lg;Lower Manhattan
45.90;18;9;202304;Apr;Tue;Morning;High;Tea;Brewed Chai tea;Spicy Eye Opener Chai Rg;Lower Manhattan
62.00;20;11;202304;Apr;Tue;Morning;very high;Tea;Brewed Chai tea;Spicy Eye Opener Chai Lg;Lower Manhattan
87.00;29;17;202304;Apr;Tue;Morning;very high;Tea;Brewed herbal tea;Peppermint Lg;Lower Manhattan
42.50;17;10;202304;Apr;Tue;Morning;High;Tea;Brewed Chai tea;Traditional Blend Chai Rg;Lower Manhattan
57.00;19;11;202304;Apr;Tue;Morning;High;Tea;Brewed Chai tea;Traditional Blend Chai Lg;Lower Manhattan
24.50;7;7;202304;Apr;Tue;Morning;Med;Bakery;Biscotti;Chocolate Chip Biscotti;Lower Manhattan
50.60;23;13;202304;Apr;Tue;Morning;High;Coffee;Gourmet brewed coffee;Ethiopia Sm;Lower Manhattan
33.75;9;9;202304;Apr;Tue;Morning;Med;Bakery;Pastry;Almond Croissant;Lower Manhattan
45.50;13;8;202304;Apr;Tue;Morning;High;Drinking Chocolate;Hot chocolate;Dark chocolate Rg;Lower Manhattan
53.70;18;16;202304;Apr;Tue;Morning;High;Bakery;Scone;Ginger Scone;Lower Manhattan
58.50;13;6;202304;Apr;Tue;Morning;High;Drinking Chocolate;Hot chocolate;Dark chocolate Lg;Lower Manhattan
52.50;14;8;202304;Apr;Tue;Morning;High;Drinking Chocolate;Hot chocolate;Sustainably Grown Organic Rg;Lower Manhattan
28.00;8;6;202304;Apr;Tue;Morning;Med;Coffee;Gourmet brewed coffee;Ethiopia Lg;Lower Manhattan
76.50;18;13;202304;Apr;Tue;Morning;very high;Coffee;Barista Espresso;Latte Rg;Hell's Kitchen
48.00;16;10;202304;Apr;Tue;Morning;High;Tea;Brewed herbal tea;Lemon Grass Lg;Hell's Kitchen
76.00;16;13;202304;Apr;Tue;Morning;very high;Drinking Chocolate;Hot chocolate;Sustainably Grown Organic Lg;Hell's Kitchen
45.50;14;13;202304;Apr;Tue;Morning;High;Bakery;Scone;Ginger Scone;Hell's Kitchen
61.60;28;17;202304;Apr;Tue;Morning;very high;Coffee;Organic brewed coffee;Brazilian Sm;Hell's Kitchen
63.75;15;9;202304;Apr;Tue;Morning;very high;Coffee;Barista Espresso;Cappuccino Lg;Lower Manhattan
84.00;24;16;202304;Apr;Tue;Morning;very high;Drinking Chocolate;Hot chocolate;Dark chocolate Rg;Hell's Kitchen
22.50;9;8;202304;Apr;Tue;Morning;Med;Tea;Brewed Black tea;Earl Grey Rg;Hell's Kitchen
77.50;31;20;202304;Apr;Tue;Morning;very high;Tea;Brewed Green tea;Serenity Green Tea Rg;Hell's Kitchen
37.50;10;10;202304;Apr;Tue;Morning;Med;Bakery;Scone;Jumbo Savory Scone;Hell's Kitchen
72.00;24;15;202304;Apr;Tue;Morning;very high;Tea;Brewed Black tea;English Breakfast Lg;Hell's Kitchen
40.00;16;11;202304;Apr;Tue;Morning;Med;Coffee;Gourmet brewed coffee;Columbian Medium Roast Rg;Hell's Kitchen
27.00;9;8;202304;Apr;Tue;Morning;Med;Coffee;Gourmet brewed coffee;Ethiopia Rg;Hell's Kitchen
57.50;23;17;202304;Apr;Tue;Morning;High;Tea;Brewed herbal tea;Lemon Grass Rg;Lower Manhattan
44.00;20;14;202304;Apr;Tue;Morning;High;Coffee;Gourmet brewed coffee;Ethiopia Sm;Hell's Kitchen
52.25;11;8;202304;Apr;Tue;Morning;High;Drinking Chocolate;Hot chocolate;Sustainably Grown Organic Lg;Lower Manhattan
22.00;11;8;202304;Apr;Tue;Morning;Med;Coffee;Gourmet brewed coffee;Columbian Medium Roast Sm;Hell's Kitchen
84.00;24;14;202304;Apr;Tue;Morning;very high;Coffee;Organic brewed coffee;Brazilian Lg;Hell's Kitchen
51.45;21;13;202304;Apr;Tue;Morning;High;Coffee;Premium brewed coffee;Jamaican Coffee River Sm;Lower Manhattan
72.50;29;15;202304;Apr;Tue;Morning;very high;Tea;Brewed Chai tea;Morning Sunrise Chai Rg;Lower Manhattan
76.50;18;12;202304;Apr;Tue;Morning;very high;Coffee;Barista Espresso;Latte Rg;Lower Manhattan
67.50;18;11;202304;Apr;Tue;Morning;very high;Coffee;Premium brewed coffee;Jamaican Coffee River Lg;Lower Manhattan
31.00;10;8;202304;Apr;Tue;Morning;Med;Tea;Brewed Chai tea;Spicy Eye Opener Chai Lg;Hell's Kitchen
32.00;16;11;202304;Apr;Tue;Morning;Med;Coffee;Drip coffee;Our Old Time Diner Blend Sm;Hell's Kitchen
27.50;11;7;202304;Apr;Tue;Morning;Med;Tea;Brewed herbal tea;Peppermint Rg;Lower Manhattan
64.00;16;10;202304;Apr;Tue;Morning;very high;Tea;Brewed Chai tea;Morning Sunrise Chai Lg;Lower Manhattan
55.25;13;11;202304;Apr;Tue;Morning;High;Coffee;Barista Espresso;Cappuccino Lg;Hell's Kitchen
38.50;11;11;202304;Apr;Tue;Morning;Med;Bakery;Biscotti;Ginger Biscotti;Hell's Kitchen
71.25;19;12;202304;Apr;Tue;Morning;very high;Coffee;Premium brewed coffee;Jamaican Coffee River Lg;Hell's Kitchen
45.00;15;9;202304;Apr;Tue;Morning;High;Tea;Brewed Black tea;Earl Grey Lg;Hell's Kitchen
48.00;16;10;202304;Apr;Tue;Morning;High;Tea;Brewed herbal tea;Peppermint Lg;Hell's Kitchen
30.00;12;8;202304;Apr;Tue;Morning;Med;Tea;Brewed Black tea;English Breakfast Rg;Hell's Kitchen
37.50;15;11;202304;Apr;Tue;Morning;Med;Tea;Brewed herbal tea;Peppermint Rg;Hell's Kitchen
45.00;15;8;202304;Apr;Tue;Morning;High;Tea;Brewed herbal tea;Lemon Grass Lg;Lower Manhattan
46.50;15;8;202304;Apr;Tue;Morning;High;Coffee;Premium brewed coffee;Jamaican Coffee River Rg;Lower Manhattan
45.00;12;12;202304;Apr;Tue;Morning;High;Bakery;Pastry;Chocolate Croissant;Lower Manhattan
34.80;14;9;202304;Apr;Tue;Morning;Med;Coffee;Barista Espresso;Ouro Brasileiro shot;Lower Manhattan
33.75;9;9;202304;Apr;Tue;Morning;Med;Bakery;Pastry;Almond Croissant;Hell's Kitchen
57.00;19;14;202304;Apr;Tue;Morning;High;Coffee;Organic brewed coffee;Brazilian Rg;Hell's Kitchen
82.50;22;13;202304;Apr;Tue;Morning;very high;Drinking Chocolate;Hot chocolate;Sustainably Grown Organic Rg;Hell's Kitchen
84.00;24;15;202304;Apr;Tue;Morning;very high;Coffee;Gourmet brewed coffee;Ethiopia Lg;Hell's Kitchen
39.00;13;7;202304;Apr;Tue;Morning;Med;Tea;Brewed Black tea;English Breakfast Lg;Lower Manhattan
60.00;16;12;202304;Apr;Tue;Morning;High;Coffee;Barista Espresso;Cappuccino;Hell's Kitchen
72.00;24;15;202304;Apr;Tue;Morning;very high;Coffee;Barista Espresso;Espresso shot;Hell's Kitchen
33.00;11;8;202304;Apr;Tue;Morning;Med;Coffee;Drip coffee;Our Old Time Diner Blend Lg;Hell's Kitchen
35.00;14;11;202304;Apr;Tue;Morning;Med;Tea;Brewed Chai tea;Traditional Blend Chai Rg;Hell's Kitchen
42.00;14;9;202304;Apr;Tue;Morning;High;Coffee;Organic brewed coffee;Brazilian Rg;Lower Manhattan
40.00;16;10;202304;Apr;Tue;Morning;Med;Tea;Brewed Chai tea;Morning Sunrise Chai Rg;Hell's Kitchen
27.00;6;6;202304;Apr;Tue;Morning;Med;Bakery;Scone;Scottish Cream Scone ;Lower Manhattan
56.35;23;14;202304;Apr;Tue;Morning;High;Coffee;Premium brewed coffee;Jamaican Coffee River Sm;Hell's Kitchen
30.00;12;7;202304;Apr;Tue;Morning;Med;Tea;Brewed Black tea;English Breakfast Rg;Lower Manhattan
57.00;19;11;202304;Apr;Tue;Morning;High;Tea;Brewed Black tea;Earl Grey Lg;Lower Manhattan
76.80;28;19;202304;Apr;Tue;Morning;very high;Coffee;Barista Espresso;Ouro Brasileiro shot;Hell's Kitchen
27.00;9;6;202304;Apr;Tue;Morning;Med;Coffee;Drip coffee;Our Old Time Diner Blend Lg;Lower Manhattan
30.00;10;7;202304;Apr;Tue;Morning;Med;Tea;Brewed Green tea;Serenity Green Tea Lg;Hell's Kitchen
30.00;10;6;202304;Apr;Tue;Morning;Med;Coffee;Gourmet brewed coffee;Columbian Medium Roast Lg;Hell's Kitchen
52.00;13;9;202304;Apr;Tue;Morning;High;Tea;Brewed Chai tea;Morning Sunrise Chai Lg;Hell's Kitchen
54.00;12;12;202304;Apr;Tue;Morning;High;Bakery;Scone;Scottish Cream Scone ;Hell's Kitchen
93.50;22;13;202304;Apr;Tue;Morning;very high;Coffee;Barista Espresso;Latte Rg;Astoria
54.00;18;11;202304;Apr;Tue;Morning;High;Tea;Brewed Chai tea;Traditional Blend Chai Lg;Hell's Kitchen
37.50;15;11;202304;Apr;Tue;Morning;Med;Coffee;Gourmet brewed coffee;Columbian Medium Roast Rg;Astoria
69.00;23;11;202304;Apr;Tue;Morning;very high;Coffee;Gourmet brewed coffee;Ethiopia Rg;Lower Manhattan
49.00;14;9;202304;Apr;Tue;Morning;High;Coffee;Gourmet brewed coffee;Ethiopia Lg;Astoria
67.50;18;11;202304;Apr;Tue;Morning;very high;Drinking Chocolate;Hot chocolate;Sustainably Grown Organic Rg;Astoria
27.00;9;8;202304;Apr;Tue;Morning;Med;Coffee;Barista Espresso;Espresso shot;Lower Manhattan
51.00;17;11;202304;Apr;Tue;Morning;High;Tea;Brewed Chai tea;Traditional Blend Chai Lg;Astoria
24.00;8;5;202304;Apr;Tue;Morning;Med;Coffee;Gourmet brewed coffee;Columbian Medium Roast Lg;Lower Manhattan
45.00;15;10;202304;Apr;Tue;Morning;High;Tea;Brewed Black tea;Earl Grey Lg;Astoria
50.00;20;14;202304;Apr;Tue;Morning;High;Tea;Brewed herbal tea;Peppermint Rg;Astoria
27.50;11;8;202304;Apr;Tue;Morning;Med;Tea;Brewed Chai tea;Traditional Blend Chai Rg;Astoria
13.00;4;4;202304;Apr;Tue;Morning;Low;Bakery;Biscotti;Hazelnut Biscotti;Astoria
43.35;17;11;202304;Apr;Tue;Morning;High;Tea;Brewed Chai tea;Spicy Eye Opener Chai Rg;Hell's Kitchen
49.00;14;11;202304;Apr;Tue;Morning;High;Drinking Chocolate;Hot chocolate;Dark chocolate Rg;Astoria
51.00;17;10;202304;Apr;Tue;Morning;High;Tea;Brewed Green tea;Serenity Green Tea Lg;Astoria
49.50;11;7;202304;Apr;Tue;Morning;High;Drinking Chocolate;Hot chocolate;Dark chocolate Lg;Hell's Kitchen
75.00;20;13;202304;Apr;Tue;Morning;very high;Coffee;Barista Espresso;Cappuccino;Astoria
63.75;17;17;202304;Apr;Tue;Morning;very high;Bakery;Pastry;Chocolate Croissant;Astoria
18.00;9;7;202304;Apr;Tue;Morning;Low;Coffee;Drip coffee;Our Old Time Diner Blend Sm;Lower Manhattan
45.00;15;11;202304;Apr;Tue;Morning;High;Coffee;Gourmet brewed coffee;Columbian Medium Roast Lg;Astoria
30.00;12;7;202304;Apr;Tue;Morning;Med;Coffee;Drip coffee;Our Old Time Diner Blend Rg;Lower Manhattan
57.20;26;15;202304;Apr;Tue;Morning;High;Coffee;Gourmet brewed coffee;Ethiopia Sm;Astoria
50.00;20;12;202304;Apr;Tue;Morning;High;Coffee;Drip coffee;Our Old Time Diner Blend Rg;Astoria
45.00;15;10;202304;Apr;Tue;Morning;High;Coffee;Barista Espresso;Espresso shot;Astoria
81.00;18;11;202304;Apr;Tue;Morning;very high;Drinking Chocolate;Hot chocolate;Dark chocolate Lg;Astoria
65.10;21;13;202304;Apr;Tue;Morning;very high;Tea;Brewed Chai tea;Spicy Eye Opener Chai Lg;Astoria
86.25;23;17;202304;Apr;Tue;Morning;very high;Coffee;Barista Espresso;Latte;Hell's Kitchen
56.00;16;11;202304;Apr;Tue;Morning;High;Coffee;Organic brewed coffee;Brazilian Lg;Astoria
3.00;1;1;202304;Apr;Tue;Night;Low;Tea;Brewed herbal tea;Peppermint Lg;Astoria
39.00;13;9;202304;Apr;Tue;Afternoon;Med;Coffee;Gourmet brewed coffee;Columbian Medium Roast Lg;Lower Manhattan
36.00;9;5;202304;Apr;Tue;Afternoon;Med;Tea;Brewed Chai tea;Morning Sunrise Chai Lg;Astoria
36.00;12;9;202304;Apr;Tue;Afternoon;Med;Tea;Brewed herbal tea;Lemon Grass Lg;Astoria
20.00;10;6;202304;Apr;Tue;Afternoon;Low;Coffee;Drip coffee;Our Old Time Diner Blend Sm;Lower Manhattan
30.00;12;6;202304;Apr;Tue;Afternoon;Med;Tea;Brewed Chai tea;Morning Sunrise Chai Rg;Lower Manhattan
28.50;6;5;202304;Apr;Tue;Afternoon;Med;Drinking Chocolate;Hot chocolate;Sustainably Grown Organic Lg;Astoria
18.00;9;6;202304;Apr;Tue;Afternoon;Low;Coffee;Gourmet brewed coffee;Columbian Medium Roast Sm;Lower Manhattan
28.60;13;8;202304;Apr;Tue;Afternoon;Med;Coffee;Organic brewed coffee;Brazilian Sm;Astoria
29.10;10;7;202304;Apr;Tue;Afternoon;Med;Coffee;Barista Espresso;Ouro Brasileiro shot;Hell's Kitchen
30.60;12;7;202304;Apr;Tue;Afternoon;Med;Tea;Brewed Chai tea;Spicy Eye Opener Chai Rg;Astoria
22.50;9;7;202304;Apr;Tue;Afternoon;Med;Tea;Brewed Black tea;English Breakfast Rg;Astoria
30.00;10;6;202304;Apr;Tue;Afternoon;Med;Coffee;Organic brewed coffee;Brazilian Rg;Hell's Kitchen
57.00;19;13;202304;Apr;Tue;Afternoon;High;Tea;Brewed herbal tea;Peppermint Lg;Lower Manhattan
37.50;10;6;202304;Apr;Tue;Afternoon;Med;Coffee;Premium brewed coffee;Jamaican Coffee River Lg;Astoria
25.00;10;7;202304;Apr;Tue;Afternoon;Med;Tea;Brewed Chai tea;Traditional Blend Chai Rg;Lower Manhattan
33.00;11;6;202304;Apr;Tue;Afternoon;Med;Tea;Brewed herbal tea;Peppermint Lg;Astoria
21.00;7;5;202304;Apr;Tue;Afternoon;Med;Tea;Brewed Chai tea;Traditional Blend Chai Lg;Lower Manhattan
52.50;15;11;202304;Apr;Tue;Afternoon;High;Drinking Chocolate;Hot chocolate;Dark chocolate Rg;Astoria
51.00;17;10;202304;Apr;Tue;Afternoon;High;Coffee;Barista Espresso;Espresso shot;Hell's Kitchen
17.50;7;6;202304;Apr;Tue;Afternoon;Low;Tea;Brewed Black tea;Earl Grey Rg;Astoria
30.00;10;6;202304;Apr;Tue;Afternoon;Med;Coffee;Drip coffee;Our Old Time Diner Blend Lg;Astoria
27.50;11;8;202304;Apr;Tue;Afternoon;Med;Tea;Brewed Black tea;Earl Grey Rg;Hell's Kitchen
81.00;18;11;202304;Apr;Tue;Afternoon;very high;Drinking Chocolate;Hot chocolate;Dark chocolate Lg;Astoria
22.50;6;6;202304;Apr;Tue;Afternoon;Med;Bakery;Pastry;Chocolate Croissant;Astoria
10.50;3;3;202304;Apr;Tue;Afternoon;Low;Bakery;Pastry;Croissant;Lower Manhattan
35.00;14;9;202304;Apr;Tue;Afternoon;Med;Tea;Brewed Black tea;English Breakfast Rg;Lower Manhattan
33.15;13;7;202304;Apr;Tue;Afternoon;Med;Tea;Brewed Chai tea;Spicy Eye Opener Chai Rg;Lower Manhattan
33.75;9;7;202304;Apr;Tue;Afternoon;Med;Coffee;Barista Espresso;Latte;Astoria
21.25;5;4;202304;Apr;Tue;Afternoon;Med;Coffee;Barista Espresso;Cappuccino Lg;Lower Manhattan
18.75;5;5;202304;Apr;Tue;Afternoon;Low;Bakery;Scone;Jumbo Savory Scone;Lower Manhattan
39.00;13;8;202304;Apr;Tue;Afternoon;Med;Coffee;Organic brewed coffee;Brazilian Rg;Astoria
54.00;18;12;202304;Apr;Tue;Afternoon;High;Tea;Brewed Chai tea;Traditional Blend Chai Lg;Astoria
30.00;8;5;202304;Apr;Tue;Afternoon;Med;Coffee;Premium brewed coffee;Jamaican Coffee River Lg;Lower Manhattan
33.75;9;8;202304;Apr;Tue;Afternoon;Med;Drinking Chocolate;Hot chocolate;Sustainably Grown Organic Rg;Hell's Kitchen
22.50;9;8;202304;Apr;Tue;Afternoon;Med;Coffee;Gourmet brewed coffee;Columbian Medium Roast Rg;Astoria
30.00;12;7;202304;Apr;Tue;Afternoon;Med;Tea;Brewed herbal tea;Peppermint Rg;Hell's Kitchen
7.50;2;2;202304;Apr;Tue;Afternoon;Low;Bakery;Pastry;Chocolate Croissant;Hell's Kitchen
27.50;11;8;202304;Apr;Tue;Afternoon;Med;Tea;Brewed herbal tea;Lemon Grass Rg;Astoria
11.25;3;3;202304;Apr;Tue;Afternoon;Low;Bakery;Scone;Jumbo Savory Scone;Astoria
20.00;8;5;202304;Apr;Tue;Afternoon;Low;Coffee;Gourmet brewed coffee;Columbian Medium Roast Rg;Hell's Kitchen
31.00;10;7;202304;Apr;Tue;Afternoon;Med;Tea;Brewed Chai tea;Spicy Eye Opener Chai Lg;Astoria
30.00;10;5;202304;Apr;Tue;Afternoon;Med;Coffee;Barista Espresso;Ouro Brasileiro shot;Lower Manhattan
12.25;5;3;202304;Apr;Tue;Afternoon;Low;Coffee;Premium brewed coffee;Jamaican Coffee River Sm;Lower Manhattan
17.00;4;3;202304;Apr;Tue;Afternoon;Low;Coffee;Barista Espresso;Latte Rg;Lower Manhattan
25.00;10;7;202304;Apr;Tue;Afternoon;Med;Tea;Brewed Green tea;Serenity Green Tea Rg;Hell's Kitchen
30.00;10;6;202304;Apr;Tue;Afternoon;Med;Coffee;Barista Espresso;Espresso shot;Astoria
31.00;10;6;202304;Apr;Tue;Afternoon;Med;Tea;Brewed Chai tea;Spicy Eye Opener Chai Lg;Lower Manhattan
15.00;5;4;202304;Apr;Tue;Afternoon;Low;Coffee;Drip coffee;Our Old Time Diner Blend Lg;Hell's Kitchen
24.20;11;8;202304;Apr;Tue;Afternoon;Med;Coffee;Gourmet brewed coffee;Ethiopia Sm;Astoria
18.00;6;4;202304;Apr;Tue;Afternoon;Low;Tea;Brewed Green tea;Serenity Green Tea Lg;Hell's Kitchen
13.00;4;4;202304;Apr;Tue;Afternoon;Low;Bakery;Scone;Cranberry Scone;Hell's Kitchen
27.90;9;7;202304;Apr;Tue;Afternoon;Med;Coffee;Premium brewed coffee;Jamaican Coffee River Rg;Astoria
22.75;7;7;202304;Apr;Tue;Afternoon;Med;Bakery;Biscotti;Hazelnut Biscotti;Astoria
26.25;7;6;202304;Apr;Tue;Afternoon;Med;Coffee;Barista Espresso;Cappuccino;Astoria
22.50;6;4;202304;Apr;Tue;Afternoon;Med;Coffee;Barista Espresso;Latte;Hell's Kitchen
39.00;13;9;202304;Apr;Tue;Afternoon;Med;Coffee;Gourmet brewed coffee;Columbian Medium Roast Lg;Astoria
11.00;5;4;202304;Apr;Tue;Afternoon;Low;Coffee;Organic brewed coffee;Brazilian Sm;Hell's Kitchen
30.00;10;7;202304;Apr;Tue;Afternoon;Med;Tea;Brewed Black tea;English Breakfast Lg;Astoria
15.00;4;4;202304;Apr;Tue;Afternoon;Low;Drinking Chocolate;Hot chocolate;Sustainably Grown Organic Rg;Astoria
24.50;7;4;202304;Apr;Tue;Afternoon;Med;Coffee;Gourmet brewed coffee;Ethiopia Lg;Lower Manhattan
31.50;9;6;202304;Apr;Tue;Afternoon;Med;Coffee;Gourmet brewed coffee;Ethiopia Lg;Astoria
49.50;11;7;202304;Apr;Tue;Afternoon;High;Drinking Chocolate;Hot chocolate;Dark chocolate Lg;Lower Manhattan
20.00;8;5;202304;Apr;Tue;Afternoon;Low;Tea;Brewed Chai tea;Morning Sunrise Chai Rg;Hell's Kitchen
22.75;7;7;202304;Apr;Tue;Afternoon;Med;Bakery;Scone;Cranberry Scone;Astoria
11.25;3;3;202304;Apr;Tue;Afternoon;Low;Bakery;Pastry;Almond Croissant;Lower Manhattan
15.00;6;5;202304;Apr;Tue;Afternoon;Low;Coffee;Drip coffee;Our Old Time Diner Blend Rg;Astoria
15.00;5;4;202304;Apr;Tue;Afternoon;Low;Tea;Brewed Green tea;Serenity Green Tea Lg;Astoria
28.05;11;7;202304;Apr;Tue;Afternoon;Med;Tea;Brewed Chai tea;Spicy Eye Opener Chai Rg;Hell's Kitchen
27.50;11;7;202304;Apr;Tue;Afternoon;Med;Tea;Brewed Chai tea;Morning Sunrise Chai Rg;Astoria
24.00;8;5;202304;Apr;Tue;Afternoon;Med;Tea;Brewed Black tea;Earl Grey Lg;Astoria
51.00;12;7;202304;Apr;Tue;Afternoon;High;Coffee;Barista Espresso;Latte Rg;Hell's Kitchen
18.00;6;3;202304;Apr;Tue;Afternoon;Low;Tea;Brewed herbal tea;Lemon Grass Lg;Lower Manhattan
22.50;9;5;202304;Apr;Tue;Afternoon;Med;Tea;Brewed Black tea;English Breakfast Rg;Hell's Kitchen
25.00;10;7;202304;Apr;Tue;Afternoon;Med;Tea;Brewed herbal tea;Lemon Grass Rg;Hell's Kitchen
3.50;1;1;202304;Apr;Tue;Afternoon;Low;Bakery;Biscotti;Chocolate Chip Biscotti;Hell's Kitchen
19.80;9;5;202304;Apr;Tue;Afternoon;Low;Coffee;Gourmet brewed coffee;Ethiopia Sm;Lower Manhattan
15.00;5;4;202304;Apr;Tue;Afternoon;Low;Coffee;Gourmet brewed coffee;Ethiopia Rg;Astoria
13.00;4;4;202304;Apr;Tue;Afternoon;Low;Bakery;Scone;Cranberry Scone;Lower Manhattan
22.50;9;6;202304;Apr;Tue;Afternoon;Med;Tea;Brewed herbal tea;Peppermint Rg;Astoria
21.00;6;5;202304;Apr;Tue;Afternoon;Med;Coffee;Gourmet brewed coffee;Ethiopia Lg;Hell's Kitchen
37.50;10;7;202304;Apr;Tue;Afternoon;Med;Coffee;Premium brewed coffee;Jamaican Coffee River Lg;Hell's Kitchen
14.00;7;5;202304;Apr;Tue;Afternoon;Low;Coffee;Drip coffee;Our Old Time Diner Blend Sm;Astoria
3.75;1;1;202304;Apr;Tue;Afternoon;Low;Bakery;Pastry;Almond Croissant;Astoria
17.00;4;2;202304;Apr;Tue;Afternoon;Low;Coffee;Barista Espresso;Cappuccino Lg;Astoria
21.70;7;5;202304;Apr;Tue;Afternoon;Med;Tea;Brewed Chai tea;Spicy Eye Opener Chai Lg;Hell's Kitchen
15.00;4;4;202304;Apr;Tue;Afternoon;Low;Bakery;Pastry;Chocolate Croissant;Lower Manhattan
30.00;8;6;202304;Apr;Tue;Afternoon;Med;Coffee;Barista Espresso;Cappuccino;Lower Manhattan
12.00;4;4;202304;Apr;Tue;Afternoon;Low;Bakery;Scone;Oatmeal Scone;Lower Manhattan
28.50;6;4;202304;Apr;Tue;Afternoon;Med;Drinking Chocolate;Hot chocolate;Sustainably Grown Organic Lg;Hell's Kitchen
7.50;2;2;202304;Apr;Tue;Afternoon;Low;Coffee;Barista Espresso;Cappuccino;Hell's Kitchen
11.25;3;3;202304;Apr;Tue;Afternoon;Low;Bakery;Pastry;Almond Croissant;Hell's Kitchen
15.00;6;4;202304;Apr;Tue;Afternoon;Low;Tea;Brewed Chai tea;Traditional Blend Chai Rg;Hell's Kitchen
54.00;18;11;202304;Apr;Tue;Afternoon;High;Coffee;Gourmet brewed coffee;Ethiopia Rg;Lower Manhattan
3.00;1;1;202304;Apr;Tue;Afternoon;Low;Coffee;Gourmet brewed coffee;Columbian Medium Roast Lg;Hell's Kitchen
21.00;7;4;202304;Apr;Tue;Afternoon;Med;Coffee;Organic brewed coffee;Brazilian Rg;Lower Manhattan
28.00;8;5;202304;Apr;Tue;Afternoon;Med;Coffee;Organic brewed coffee;Brazilian Lg;Lower Manhattan
9.75;3;3;202304;Apr;Tue;Afternoon;Low;Bakery;Scone;Ginger Scone;Lower Manhattan
18.00;6;3;202304;Apr;Tue;Afternoon;Low;Coffee;Barista Espresso;Espresso shot;Lower Manhattan
20.00;5;3;202304;Apr;Tue;Afternoon;Low;Tea;Brewed Chai tea;Morning Sunrise Chai Lg;Lower Manhattan
10.50;3;3;202304;Apr;Tue;Afternoon;Low;Bakery;Biscotti;Chocolate Chip Biscotti;Lower Manhattan
12.50;5;2;202304;Apr;Tue;Afternoon;Low;Tea;Brewed Black tea;Earl Grey Rg;Lower Manhattan
15.00;5;5;202304;Apr;Tue;Afternoon;Low;Coffee;Drip coffee;Our Old Time Diner Blend Lg;Lower Manhattan
13.20;6;4;202304;Apr;Tue;Afternoon;Low;Coffee;Gourmet brewed coffee;Ethiopia Sm;Hell's Kitchen
25.00;10;6;202304;Apr;Tue;Afternoon;Med;Tea;Brewed herbal tea;Lemon Grass Rg;Lower Manhattan
20.00;8;5;202304;Apr;Tue;Afternoon;Low;Tea;Brewed Green tea;Serenity Green Tea Rg;Astoria
52.50;14;9;202304;Apr;Tue;Afternoon;High;Drinking Chocolate;Hot chocolate;Sustainably Grown Organic Rg;Lower Manhattan
12.25;5;4;202304;Apr;Tue;Afternoon;Low;Coffee;Premium brewed coffee;Jamaican Coffee River Sm;Astoria
12.00;4;3;202304;Apr;Tue;Afternoon;Low;Tea;Brewed Black tea;Earl Grey Lg;Lower Manhattan
17.50;5;3;202304;Apr;Tue;Afternoon;Low;Drinking Chocolate;Hot chocolate;Dark chocolate Rg;Lower Manhattan
17.00;4;2;202304;Apr;Tue;Afternoon;Low;Coffee;Barista Espresso;Cappuccino Lg;Hell's Kitchen
9.00;2;2;202304;Apr;Tue;Afternoon;Low;Bakery;Scone;Scottish Cream Scone ;Astoria
4.75;1;1;202304;Apr;Tue;Afternoon;Low;Drinking Chocolate;Hot chocolate;Sustainably Grown Organic Lg;Lower Manhattan
12.00;4;2;202304;Apr;Tue;Afternoon;Low;Coffee;Gourmet brewed coffee;Ethiopia Rg;Hell's Kitchen
18.00;4;3;202304;Apr;Tue;Afternoon;Low;Drinking Chocolate;Hot chocolate;Dark chocolate Lg;Hell's Kitchen
21.00;6;3;202304;Apr;Tue;Afternoon;Med;Coffee;Organic brewed coffee;Brazilian Lg;Hell's Kitchen
25.00;10;6;202304;Apr;Tue;Afternoon;Med;Tea;Brewed herbal tea;Peppermint Rg;Lower Manhattan
28.00;8;5;202304;Apr;Tue;Afternoon;Med;Drinking Chocolate;Hot chocolate;Dark chocolate Rg;Hell's Kitchen
12.75;5;3;202304;Apr;Tue;Night;Low;Tea;Brewed Chai tea;Spicy Eye Opener Chai Rg;Hell's Kitchen
6.20;2;1;202304;Apr;Tue;Night;Low;Tea;Brewed Chai tea;Spicy Eye Opener Chai Lg;Astoria
3.00;1;1;202304;Apr;Tue;Night;Low;Bakery;Scone;Oatmeal Scone;Astoria
6.00;2;2;202304;Apr;Tue;Evening;Low;Tea;Brewed Chai tea;Traditional Blend Chai Lg;Hell's Kitchen
52.25;11;6;202304;Apr;Tue;Evening;High;Drinking Chocolate;Hot chocolate;Sustainably Grown Organic Lg;Astoria
33.75;9;8;202304;Apr;Tue;Evening;Med;Coffee;Premium brewed coffee;Jamaican Coffee River Lg;Hell's Kitchen
16.00;8;5;202304;Apr;Tue;Evening;Low;Coffee;Gourmet brewed coffee;Columbian Medium Roast Sm;Hell's Kitchen
7.50;2;2;202304;Apr;Tue;Evening;Low;Bakery;Pastry;Almond Croissant;Hell's Kitchen
52.50;21;12;202304;Apr;Tue;Evening;High;Tea;Brewed herbal tea;Peppermint Rg;Astoria
18.60;6;4;202304;Apr;Tue;Evening;Low;Coffee;Premium brewed coffee;Jamaican Coffee River Rg;Hell's Kitchen
22.50;9;6;202304;Apr;Tue;Evening;Med;Tea;Brewed Green tea;Serenity Green Tea Rg;Astoria
21.00;7;4;202304;Apr;Tue;Evening;Med;Coffee;Drip coffee;Our Old Time Diner Blend Lg;Lower Manhattan
25.00;10;7;202304;Apr;Tue;Evening;Med;Tea;Brewed Black tea;Earl Grey Rg;Astoria
39.00;13;8;202304;Apr;Tue;Evening;Med;Coffee;Drip coffee;Our Old Time Diner Blend Lg;Astoria
36.00;12;7;202304;Apr;Tue;Evening;Med;Tea;Brewed Green tea;Serenity Green Tea Lg;Astoria
25.00;10;5;202304;Apr;Tue;Evening;Med;Tea;Brewed Black tea;Earl Grey Rg;Lower Manhattan
37.50;15;10;202304;Apr;Tue;Evening;Med;Tea;Brewed Chai tea;Traditional Blend Chai Rg;Astoria
31.50;9;6;202304;Apr;Tue;Evening;Med;Drinking Chocolate;Hot chocolate;Dark chocolate Rg;Hell's Kitchen
25.50;6;4;202304;Apr;Tue;Evening;Med;Coffee;Barista Espresso;Latte Rg;Lower Manhattan
7.50;2;2;202304;Apr;Tue;Evening;Low;Bakery;Scone;Jumbo Savory Scone;Astoria
40.50;9;6;202304;Apr;Tue;Evening;very high;Drinking Chocolate;Hot chocolate;Dark chocolate Lg;Hell's Kitchen
33.75;9;6;202304;Apr;Tue;Evening;Med;Coffee;Barista Espresso;Cappuccino;Lower Manhattan
21.00;7;5;202304;Apr;Tue;Evening;Med;Tea;Brewed Green tea;Serenity Green Tea Lg;Hell's Kitchen
24.00;8;5;202304;Apr;Tue;Evening;Med;Coffee;Gourmet brewed coffee;Ethiopia Rg;Astoria
15.00;6;5;202304;Apr;Tue;Evening;Low;Tea;Brewed herbal tea;Lemon Grass Rg;Lower Manhattan
22.50;9;5;202304;Apr;Tue;Evening;Med;Tea;Brewed herbal tea;Lemon Grass Rg;Astoria
18.75;5;5;202304;Apr;Tue;Evening;Low;Bakery;Pastry;Almond Croissant;Astoria
37.20;12;8;202304;Apr;Tue;Evening;Med;Tea;Brewed Chai tea;Spicy Eye Opener Chai Lg;Hell's Kitchen
14.00;4;4;202304;Apr;Tue;Evening;Low;Bakery;Biscotti;Chocolate Chip Biscotti;Hell's Kitchen
27.00;9;6;202304;Apr;Tue;Evening;Med;Tea;Brewed herbal tea;Peppermint Lg;Astoria
30.00;8;5;202304;Apr;Tue;Evening;Med;Drinking Chocolate;Hot chocolate;Sustainably Grown Organic Rg;Lower Manhattan
18.00;6;3;202304;Apr;Tue;Evening;Low;Tea;Brewed herbal tea;Peppermint Lg;Lower Manhattan
10.50;3;3;202304;Apr;Tue;Evening;Low;Bakery;Biscotti;Ginger Biscotti;Lower Manhattan
19.80;9;6;202304;Apr;Tue;Evening;Low;Coffee;Gourmet brewed coffee;Ethiopia Sm;Hell's Kitchen
40.30;13;8;202304;Apr;Tue;Evening;very high;Tea;Brewed Chai tea;Spicy Eye Opener Chai Lg;Lower Manhattan
33.75;9;5;202304;Apr;Tue;Evening;Med;Coffee;Barista Espresso;Cappuccino;Astoria
31.50;9;6;202304;Apr;Tue;Evening;Med;Coffee;Organic brewed coffee;Brazilian Lg;Hell's Kitchen
30.00;10;7;202304;Apr;Tue;Evening;Med;Coffee;Barista Espresso;Espresso shot;Astoria
33.00;11;7;202304;Apr;Tue;Evening;Med;Coffee;Gourmet brewed coffee;Columbian Medium Roast Lg;Astoria
26.40;12;9;202304;Apr;Tue;Evening;Med;Coffee;Organic brewed coffee;Brazilian Sm;Astoria
22.50;9;6;202304;Apr;Tue;Evening;Med;Tea;Brewed Black tea;English Breakfast Rg;Hell's Kitchen
15.00;5;3;202304;Apr;Tue;Evening;Low;Coffee;Drip coffee;Our Old Time Diner Blend Lg;Hell's Kitchen
17.15;7;4;202304;Apr;Tue;Evening;Low;Coffee;Premium brewed coffee;Jamaican Coffee River Sm;Astoria
30.00;15;12;202304;Apr;Tue;Evening;Med;Coffee;Drip coffee;Our Old Time Diner Blend Sm;Astoria
45.50;13;10;202304;Apr;Tue;Evening;High;Drinking Chocolate;Hot chocolate;Dark chocolate Rg;Astoria
61.75;13;8;202304;Apr;Tue;Evening;very high;Drinking Chocolate;Hot chocolate;Sustainably Grown Organic Lg;Hell's Kitchen
24.50;7;5;202304;Apr;Tue;Evening;Med;Coffee;Gourmet brewed coffee;Ethiopia Lg;Astoria
17.50;7;4;202304;Apr;Tue;Evening;Low;Coffee;Gourmet brewed coffee;Columbian Medium Roast Rg;Lower Manhattan
15.00;5;3;202304;Apr;Tue;Evening;Low;Coffee;Gourmet brewed coffee;Ethiopia Rg;Lower Manhattan
21.00;6;4;202304;Apr;Tue;Evening;Med;Drinking Chocolate;Hot chocolate;Dark chocolate Rg;Lower Manhattan
16.00;8;6;202304;Apr;Tue;Evening;Low;Coffee;Gourmet brewed coffee;Columbian Medium Roast Sm;Astoria
17.50;7;5;202304;Apr;Tue;Evening;Low;Tea;Brewed Green tea;Serenity Green Tea Rg;Hell's Kitchen
27.00;9;7;202304;Apr;Tue;Evening;Med;Tea;Brewed Black tea;Earl Grey Lg;Astoria
7.65;3;2;202304;Apr;Tue;Evening;Low;Tea;Brewed Chai tea;Spicy Eye Opener Chai Rg;Lower Manhattan
14.00;7;5;202304;Apr;Tue;Evening;Low;Coffee;Drip coffee;Our Old Time Diner Blend Sm;Hell's Kitchen
14.00;7;5;202304;Apr;Tue;Evening;Low;Coffee;Drip coffee;Our Old Time Diner Blend Sm;Lower Manhattan
20.00;10;6;202304;Apr;Tue;Evening;Low;Coffee;Gourmet brewed coffee;Columbian Medium Roast Sm;Lower Manhattan
24.80;8;5;202304;Apr;Tue;Evening;Med;Coffee;Premium brewed coffee;Jamaican Coffee River Rg;Astoria
21.00;6;6;202304;Apr;Tue;Evening;Med;Bakery;Biscotti;Ginger Biscotti;Astoria
9.00;3;2;202304;Apr;Tue;Evening;Low;Coffee;Gourmet brewed coffee;Columbian Medium Roast Lg;Lower Manhattan
10.50;3;2;202304;Apr;Tue;Evening;Low;Coffee;Gourmet brewed coffee;Ethiopia Lg;Hell's Kitchen
30.00;10;6;202304;Apr;Tue;Evening;Med;Tea;Brewed herbal tea;Lemon Grass Lg;Astoria
48.00;12;9;202304;Apr;Tue;Evening;High;Tea;Brewed Chai tea;Morning Sunrise Chai Lg;Astoria
7.50;3;2;202304;Apr;Tue;Evening;Low;Tea;Brewed herbal tea;Peppermint Rg;Lower Manhattan
11.25;3;3;202304;Apr;Tue;Evening;Low;Bakery;Scone;Jumbo Savory Scone;Lower Manhattan
24.20;11;8;202304;Apr;Tue;Evening;Med;Coffee;Gourmet brewed coffee;Ethiopia Sm;Astoria
22.75;7;7;202304;Apr;Tue;Evening;Med;Bakery;Scone;Cranberry Scone;Astoria
21.25;5;4;202304;Apr;Tue;Evening;Med;Coffee;Barista Espresso;Latte Rg;Hell's Kitchen
37.50;10;7;202304;Apr;Tue;Evening;Med;Drinking Chocolate;Hot chocolate;Sustainably Grown Organic Rg;Hell's Kitchen
27.50;11;6;202304;Apr;Tue;Evening;Med;Coffee;Drip coffee;Our Old Time Diner Blend Rg;Astoria
28.00;8;5;202304;Apr;Tue;Evening;Med;Coffee;Organic brewed coffee;Brazilian Lg;Lower Manhattan
33.00;11;7;202304;Apr;Tue;Evening;Med;Coffee;Gourmet brewed coffee;Ethiopia Rg;Hell's Kitchen
17.50;5;5;202304;Apr;Tue;Evening;Low;Bakery;Biscotti;Ginger Biscotti;Hell's Kitchen
4.40;2;1;202304;Apr;Tue;Evening;Low;Coffee;Gourmet brewed coffee;Ethiopia Sm;Lower Manhattan
9.00;3;2;202304;Apr;Tue;Evening;Low;Tea;Brewed Black tea;English Breakfast Lg;Hell's Kitchen
45.00;12;7;202304;Apr;Tue;Evening;High;Coffee;Premium brewed coffee;Jamaican Coffee River Lg;Astoria
15.00;4;4;202304;Apr;Tue;Evening;Low;Bakery;Scone;Jumbo Savory Scone;Hell's Kitchen
24.00;8;6;202304;Apr;Tue;Evening;Med;Tea;Brewed herbal tea;Peppermint Lg;Hell's Kitchen
49.50;11;8;202304;Apr;Tue;Evening;High;Drinking Chocolate;Hot chocolate;Dark chocolate Lg;Astoria
24.50;7;5;202304;Apr;Tue;Evening;Med;Coffee;Organic brewed coffee;Brazilian Lg;Astoria
9.00;2;1;202304;Apr;Tue;Evening;Low;Drinking Chocolate;Hot chocolate;Dark chocolate Lg;Lower Manhattan
17.85;7;5;202304;Apr;Tue;Evening;Low;Tea;Brewed Chai tea;Spicy Eye Opener Chai Rg;Astoria
24.00;8;4;202304;Apr;Tue;Evening;Med;Tea;Brewed Black tea;Earl Grey Lg;Lower Manhattan
42.30;15;10;202304;Apr;Tue;Evening;High;Coffee;Barista Espresso;Ouro Brasileiro shot;Hell's Kitchen
34.00;8;5;202304;Apr;Tue;Evening;Med;Coffee;Barista Espresso;Latte Rg;Astoria
36.00;12;9;202304;Apr;Tue;Evening;Med;Tea;Brewed Black tea;English Breakfast Lg;Astoria
2.50;1;1;202304;Apr;Tue;Evening;Low;Tea;Brewed Chai tea;Traditional Blend Chai Rg;Lower Manhattan
3.25;1;1;202304;Apr;Tue;Evening;Low;Bakery;Scone;Cranberry Scone;Lower Manhattan
52.70;17;10;202304;Apr;Tue;Evening;High;Tea;Brewed Chai tea;Spicy Eye Opener Chai Lg;Astoria
12.50;5;3;202304;Apr;Tue;Evening;Low;Tea;Brewed herbal tea;Peppermint Rg;Hell's Kitchen
33.00;11;7;202304;Apr;Tue;Evening;Med;Tea;Brewed Black tea;Earl Grey Lg;Hell's Kitchen
12.50;5;4;202304;Apr;Tue;Evening;Low;Coffee;Gourmet brewed coffee;Columbian Medium Roast Rg;Hell's Kitchen
24.00;6;4;202304;Apr;Tue;Evening;Med;Tea;Brewed Chai tea;Morning Sunrise Chai Lg;Hell's Kitchen
9.00;3;3;202304;Apr;Tue;Evening;Low;Bakery;Scone;Oatmeal Scone;Lower Manhattan
12.30;5;2;202304;Apr;Tue;Evening;Low;Coffee;Barista Espresso;Ouro Brasileiro shot;Lower Manhattan
3.75;1;1;202304;Apr;Tue;Evening;Low;Bakery;Pastry;Chocolate Croissant;Lower Manhattan
18.00;6;4;202304;Apr;Tue;Evening;Low;Tea;Brewed Black tea;English Breakfast Lg;Lower Manhattan
18.75;5;3;202304;Apr;Tue;Evening;Low;Coffee;Premium brewed coffee;Jamaican Coffee River Lg;Lower Manhattan
12.00;4;2;202304;Apr;Tue;Evening;Low;Coffee;Organic brewed coffee;Brazilian Rg;Lower Manhattan
9.30;3;2;202304;Apr;Tue;Evening;Low;Coffee;Premium brewed coffee;Jamaican Coffee River Rg;Lower Manhattan
13.00;4;4;202304;Apr;Tue;Evening;Low;Bakery;Biscotti;Hazelnut Biscotti;Lower Manhattan
9.00;3;3;202304;Apr;Tue;Evening;Low;Bakery;Scone;Oatmeal Scone;Astoria
5.00;2;1;202304;Apr;Tue;Evening;Low;Coffee;Drip coffee;Our Old Time Diner Blend Rg;Lower Manhattan
37.50;10;7;202304;Apr;Tue;Evening;Med;Drinking Chocolate;Hot chocolate;Sustainably Grown Organic Rg;Astoria
6.00;2;2;202304;Apr;Tue;Evening;Low;Coffee;Barista Espresso;Espresso shot;Lower Manhattan
11.25;3;3;202304;Apr;Tue;Evening;Low;Bakery;Pastry;Almond Croissant;Lower Manhattan
32.50;13;8;202304;Apr;Tue;Evening;Med;Tea;Brewed Black tea;English Breakfast Rg;Astoria
9.75;3;3;202304;Apr;Tue;Evening;Low;Bakery;Scone;Ginger Scone;Astoria
15.00;6;4;202304;Apr;Tue;Evening;Low;Tea;Brewed herbal tea;Lemon Grass Rg;Hell's Kitchen
13.00;4;3;202304;Apr;Tue;Evening;Low;Bakery;Scone;Ginger Scone;Hell's Kitchen
20.00;8;5;202304;Apr;Tue;Evening;Low;Coffee;Drip coffee;Our Old Time Diner Blend Rg;Hell's Kitchen
12.75;3;2;202304;Apr;Tue;Evening;Low;Coffee;Barista Espresso;Cappuccino Lg;Hell's Kitchen
10.50;3;3;202304;Apr;Tue;Evening;Low;Bakery;Pastry;Croissant;Astoria
11.00;5;4;202304;Apr;Tue;Evening;Low;Coffee;Organic brewed coffee;Brazilian Sm;Hell's Kitchen
45.00;15;11;202304;Apr;Tue;Evening;High;Coffee;Organic brewed coffee;Brazilian Rg;Astoria
12.50;5;4;202304;Apr;Tue;Evening;Low;Tea;Brewed Chai tea;Morning Sunrise Chai Rg;Astoria
15.00;5;3;202304;Apr;Tue;Evening;Low;Coffee;Gourmet brewed coffee;Columbian Medium Roast Lg;Hell's Kitchen
41.25;11;6;202304;Apr;Tue;Evening;High;Coffee;Barista Espresso;Cappuccino;Hell's Kitchen
6.50;2;2;202304;Apr;Tue;Evening;Low;Bakery;Scone;Cranberry Scone;Hell's Kitchen
15.00;6;3;202304;Apr;Tue;Evening;Low;Tea;Brewed Black tea;Earl Grey Rg;Hell's Kitchen
21.00;7;6;202304;Apr;Tue;Evening;Med;Coffee;Barista Espresso;Espresso shot;Hell's Kitchen
87.00;29;16;202304;Apr;Wed;Morning;very high;Coffee;Organic brewed coffee;Brazilian Rg;Lower Manhattan
54.00;18;10;202304;Apr;Wed;Morning;High;Coffee;Barista Espresso;Espresso shot;Lower Manhattan
76.50;18;12;202304;Apr;Wed;Morning;very high;Coffee;Barista Espresso;Cappuccino Lg;Lower Manhattan
27.50;11;8;202304;Apr;Wed;Morning;Med;Tea;Brewed Chai tea;Morning Sunrise Chai Rg;Lower Manhattan
81.00;27;17;202304;Apr;Wed;Morning;very high;Tea;Brewed Black tea;English Breakfast Lg;Lower Manhattan
48.00;16;8;202304;Apr;Wed;Morning;High;Tea;Brewed Green tea;Serenity Green Tea Lg;Lower Manhattan
52.00;13;9;202304;Apr;Wed;Morning;High;Tea;Brewed Chai tea;Morning Sunrise Chai Lg;Lower Manhattan
55.00;22;15;202304;Apr;Wed;Morning;High;Tea;Brewed Black tea;English Breakfast Rg;Lower Manhattan
47.50;19;12;202304;Apr;Wed;Morning;High;Tea;Brewed Black tea;Earl Grey Rg;Lower Manhattan
45.50;13;13;202304;Apr;Wed;Morning;High;Bakery;Pastry;Croissant;Lower Manhattan
42.00;14;9;202304;Apr;Wed;Morning;High;Tea;Brewed Black tea;Earl Grey Lg;Lower Manhattan
108.00;36;21;202304;Apr;Wed;Morning;very high;Tea;Brewed herbal tea;Peppermint Lg;Lower Manhattan
45.00;12;8;202304;Apr;Wed;Morning;High;Drinking Chocolate;Hot chocolate;Sustainably Grown Organic Rg;Lower Manhattan
72.00;16;9;202304;Apr;Wed;Morning;very high;Drinking Chocolate;Hot chocolate;Dark chocolate Lg;Lower Manhattan
45.00;15;9;202304;Apr;Wed;Morning;High;Coffee;Gourmet brewed coffee;Columbian Medium Roast Lg;Lower Manhattan
60.00;24;16;202304;Apr;Wed;Morning;High;Tea;Brewed Chai tea;Traditional Blend Chai Rg;Lower Manhattan
30.00;8;8;202304;Apr;Wed;Morning;Med;Bakery;Pastry;Almond Croissant;Lower Manhattan
38.00;19;10;202304;Apr;Wed;Morning;Med;Coffee;Gourmet brewed coffee;Columbian Medium Roast Sm;Lower Manhattan
26.00;8;8;202304;Apr;Wed;Morning;Med;Bakery;Biscotti;Hazelnut Biscotti;Lower Manhattan
45.00;15;11;202304;Apr;Wed;Morning;High;Tea;Brewed Chai tea;Traditional Blend Chai Lg;Lower Manhattan
72.00;24;14;202304;Apr;Wed;Morning;very high;Tea;Brewed Black tea;Earl Grey Lg;Hell's Kitchen
40.80;16;10;202304;Apr;Wed;Morning;very high;Tea;Brewed Chai tea;Spicy Eye Opener Chai Rg;Lower Manhattan
59.50;17;17;202304;Apr;Wed;Morning;High;Bakery;Biscotti;Chocolate Chip Biscotti;Lower Manhattan
37.50;10;10;202304;Apr;Wed;Morning;Med;Bakery;Scone;Jumbo Savory Scone;Hell's Kitchen
73.50;21;12;202304;Apr;Wed;Morning;very high;Coffee;Gourmet brewed coffee;Ethiopia Lg;Lower Manhattan
54.00;18;13;202304;Apr;Wed;Morning;High;Coffee;Drip coffee;Our Old Time Diner Blend Lg;Lower Manhattan
85.00;20;13;202304;Apr;Wed;Morning;very high;Coffee;Barista Espresso;Latte Rg;Lower Manhattan
50.00;20;12;202304;Apr;Wed;Morning;High;Coffee;Gourmet brewed coffee;Columbian Medium Roast Rg;Lower Manhattan
18.00;6;6;202304;Apr;Wed;Morning;Low;Bakery;Scone;Oatmeal Scone;Lower Manhattan
60.00;16;10;202304;Apr;Wed;Morning;High;Coffee;Barista Espresso;Latte;Lower Manhattan
41.25;11;11;202304;Apr;Wed;Morning;High;Bakery;Pastry;Chocolate Croissant;Lower Manhattan
42.50;17;13;202304;Apr;Wed;Morning;High;Coffee;Gourmet brewed coffee;Columbian Medium Roast Rg;Hell's Kitchen
67.50;18;12;202304;Apr;Wed;Morning;very high;Drinking Chocolate;Hot chocolate;Sustainably Grown Organic Rg;Hell's Kitchen
89.25;21;14;202304;Apr;Wed;Morning;very high;Coffee;Barista Espresso;Latte Rg;Hell's Kitchen
66.50;14;11;202304;Apr;Wed;Morning;very high;Drinking Chocolate;Hot chocolate;Sustainably Grown Organic Lg;Hell's Kitchen
48.00;16;13;202304;Apr;Wed;Morning;High;Tea;Brewed Black tea;English Breakfast Lg;Hell's Kitchen
60.00;20;14;202304;Apr;Wed;Morning;High;Coffee;Organic brewed coffee;Brazilian Rg;Hell's Kitchen
135.00;30;20;202304;Apr;Wed;Morning;very high;Drinking Chocolate;Hot chocolate;Dark chocolate Lg;Hell's Kitchen
30.00;12;8;202304;Apr;Wed;Morning;Med;Tea;Brewed Chai tea;Traditional Blend Chai Rg;Hell's Kitchen
44.00;22;15;202304;Apr;Wed;Morning;High;Coffee;Drip coffee;Our Old Time Diner Blend Sm;Hell's Kitchen
78.75;21;13;202304;Apr;Wed;Morning;very high;Coffee;Premium brewed coffee;Jamaican Coffee River Lg;Lower Manhattan
28.00;8;8;202304;Apr;Wed;Morning;Med;Bakery;Biscotti;Ginger Biscotti;Lower Manhattan
57.50;23;13;202304;Apr;Wed;Morning;High;Coffee;Drip coffee;Our Old Time Diner Blend Rg;Lower Manhattan
22.50;6;6;202304;Apr;Wed;Morning;Med;Bakery;Pastry;Almond Croissant;Hell's Kitchen
70.00;20;15;202304;Apr;Wed;Morning;very high;Coffee;Organic brewed coffee;Brazilian Lg;Hell's Kitchen
26.95;11;7;202304;Apr;Wed;Morning;Med;Coffee;Premium brewed coffee;Jamaican Coffee River Sm;Lower Manhattan
67.50;18;14;202304;Apr;Wed;Morning;very high;Coffee;Barista Espresso;Latte;Hell's Kitchen
33.15;13;9;202304;Apr;Wed;Morning;Med;Tea;Brewed Chai tea;Spicy Eye Opener Chai Rg;Hell's Kitchen
56.25;15;10;202304;Apr;Wed;Morning;High;Coffee;Premium brewed coffee;Jamaican Coffee River Lg;Hell's Kitchen
35.00;10;7;202304;Apr;Wed;Morning;Med;Drinking Chocolate;Hot chocolate;Dark chocolate Rg;Hell's Kitchen
33.75;9;7;202304;Apr;Wed;Morning;Med;Coffee;Barista Espresso;Cappuccino;Lower Manhattan
42.00;14;11;202304;Apr;Wed;Morning;High;Coffee;Drip coffee;Our Old Time Diner Blend Lg;Hell's Kitchen
63.00;21;12;202304;Apr;Wed;Morning;very high;Tea;Brewed Green tea;Serenity Green Tea Lg;Hell's Kitchen
41.80;19;12;202304;Apr;Wed;Morning;High;Coffee;Organic brewed coffee;Brazilian Sm;Hell's Kitchen
87.00;29;20;202304;Apr;Wed;Morning;very high;Tea;Brewed herbal tea;Lemon Grass Lg;Hell's Kitchen
67.50;18;18;202304;Apr;Wed;Morning;very high;Bakery;Pastry;Chocolate Croissant;Hell's Kitchen
68.00;17;11;202304;Apr;Wed;Morning;very high;Tea;Brewed Chai tea;Morning Sunrise Chai Lg;Hell's Kitchen
40.00;16;12;202304;Apr;Wed;Morning;Med;Tea;Brewed Green tea;Serenity Green Tea Rg;Hell's Kitchen
73.50;21;13;202304;Apr;Wed;Morning;very high;Coffee;Organic brewed coffee;Brazilian Lg;Lower Manhattan
33.30;12;6;202304;Apr;Wed;Morning;Med;Coffee;Barista Espresso;Ouro Brasileiro shot;Lower Manhattan
56.00;16;16;202304;Apr;Wed;Morning;High;Bakery;Pastry;Croissant;Hell's Kitchen
70.00;20;11;202304;Apr;Wed;Morning;very high;Drinking Chocolate;Hot chocolate;Dark chocolate Rg;Lower Manhattan
45.50;14;12;202304;Apr;Wed;Morning;High;Bakery;Scone;Ginger Scone;Hell's Kitchen
40.30;13;8;202304;Apr;Wed;Morning;very high;Coffee;Premium brewed coffee;Jamaican Coffee River Rg;Lower Manhattan
35.75;11;11;202304;Apr;Wed;Morning;Med;Bakery;Scone;Cranberry Scone;Lower Manhattan
37.20;12;8;202304;Apr;Wed;Morning;Med;Tea;Brewed Chai tea;Spicy Eye Opener Chai Lg;Lower Manhattan
40.00;16;11;202304;Apr;Wed;Morning;Med;Tea;Brewed herbal tea;Peppermint Rg;Hell's Kitchen
41.80;19;14;202304;Apr;Wed;Morning;High;Coffee;Gourmet brewed coffee;Ethiopia Sm;Hell's Kitchen
27.00;9;6;202304;Apr;Wed;Morning;Med;Coffee;Gourmet brewed coffee;Columbian Medium Roast Lg;Hell's Kitchen
37.50;15;7;202304;Apr;Wed;Morning;Med;Tea;Brewed herbal tea;Peppermint Rg;Lower Manhattan
19.80;9;5;202304;Apr;Wed;Morning;Low;Coffee;Organic brewed coffee;Brazilian Sm;Lower Manhattan
51.00;17;11;202304;Apr;Wed;Morning;High;Tea;Brewed herbal tea;Peppermint Lg;Hell's Kitchen
47.50;19;11;202304;Apr;Wed;Morning;High;Coffee;Drip coffee;Our Old Time Diner Blend Rg;Hell's Kitchen
33.00;15;9;202304;Apr;Wed;Morning;Med;Coffee;Gourmet brewed coffee;Ethiopia Sm;Lower Manhattan
30.00;12;7;202304;Apr;Wed;Morning;Med;Tea;Brewed Green tea;Serenity Green Tea Rg;Lower Manhattan
43.40;14;10;202304;Apr;Wed;Morning;High;Coffee;Premium brewed coffee;Jamaican Coffee River Rg;Hell's Kitchen
45.00;18;11;202304;Apr;Wed;Morning;High;Tea;Brewed Black tea;English Breakfast Rg;Hell's Kitchen
29.25;9;9;202304;Apr;Wed;Morning;Med;Bakery;Scone;Cranberry Scone;Hell's Kitchen
33.00;11;8;202304;Apr;Wed;Morning;Med;Coffee;Gourmet brewed coffee;Ethiopia Rg;Lower Manhattan
36.00;8;8;202304;Apr;Wed;Morning;Med;Bakery;Scone;Scottish Cream Scone ;Lower Manhattan
28.00;8;6;202304;Apr;Wed;Morning;Med;Drinking Chocolate;Hot chocolate;Dark chocolate Rg;Astoria
51.00;12;9;202304;Apr;Wed;Morning;High;Coffee;Barista Espresso;Cappuccino Lg;Astoria
26.00;13;9;202304;Apr;Wed;Morning;Med;Coffee;Drip coffee;Our Old Time Diner Blend Sm;Lower Manhattan
62.00;20;13;202304;Apr;Wed;Morning;very high;Coffee;Premium brewed coffee;Jamaican Coffee River Rg;Astoria
101.25;27;16;202304;Apr;Wed;Morning;very high;Coffee;Premium brewed coffee;Jamaican Coffee River Lg;Astoria
51.00;12;9;202304;Apr;Wed;Morning;High;Coffee;Barista Espresso;Latte Rg;Astoria
37.20;12;10;202304;Apr;Wed;Morning;Med;Bakery;Scone;Ginger Scone;Lower Manhattan
55.00;22;14;202304;Apr;Wed;Morning;High;Coffee;Gourmet brewed coffee;Columbian Medium Roast Rg;Astoria
45.00;12;9;202304;Apr;Wed;Morning;High;Coffee;Barista Espresso;Latte;Astoria
66.00;30;21;202304;Apr;Wed;Morning;very high;Coffee;Gourmet brewed coffee;Ethiopia Sm;Astoria
45.00;15;10;202304;Apr;Wed;Morning;High;Tea;Brewed Black tea;English Breakfast Lg;Astoria
67.50;18;11;202304;Apr;Wed;Morning;very high;Coffee;Barista Espresso;Cappuccino;Astoria
30.60;12;8;202304;Apr;Wed;Morning;Med;Tea;Brewed Chai tea;Spicy Eye Opener Chai Rg;Astoria
26.25;7;7;202304;Apr;Wed;Morning;Med;Bakery;Pastry;Chocolate Croissant;Astoria
30.00;15;9;202304;Apr;Wed;Morning;Med;Coffee;Drip coffee;Our Old Time Diner Blend Sm;Astoria
45.00;18;11;202304;Apr;Wed;Morning;High;Tea;Brewed Black tea;Earl Grey Rg;Astoria
30.00;12;8;202304;Apr;Wed;Morning;Med;Tea;Brewed Chai tea;Morning Sunrise Chai Rg;Astoria
26.00;8;8;202304;Apr;Wed;Morning;Med;Bakery;Scone;Ginger Scone;Astoria
27.00;9;7;202304;Apr;Wed;Morning;Med;Tea;Brewed herbal tea;Peppermint Lg;Astoria
22.75;7;7;202304;Apr;Wed;Morning;Med;Bakery;Scone;Cranberry Scone;Astoria
36.00;12;7;202304;Apr;Wed;Morning;Med;Tea;Brewed herbal tea;Lemon Grass Lg;Lower Manhattan
55.80;18;12;202304;Apr;Wed;Morning;High;Tea;Brewed Chai tea;Spicy Eye Opener Chai Lg;Astoria
71.25;19;13;202304;Apr;Wed;Morning;very high;Coffee;Barista Espresso;Cappuccino;Hell's Kitchen
54.00;18;13;202304;Apr;Wed;Morning;High;Coffee;Drip coffee;Our Old Time Diner Blend Lg;Astoria
60.00;16;11;202304;Apr;Wed;Morning;High;Drinking Chocolate;Hot chocolate;Sustainably Grown Organic Rg;Astoria
45.00;15;11;202304;Apr;Wed;Morning;High;Tea;Brewed Chai tea;Traditional Blend Chai Lg;Hell's Kitchen
18.00;6;5;202304;Apr;Wed;Morning;Low;Tea;Brewed herbal tea;Lemon Grass Lg;Astoria
35.00;14;11;202304;Apr;Wed;Morning;Med;Coffee;Drip coffee;Our Old Time Diner Blend Rg;Astoria
44.10;18;12;202304;Apr;Wed;Morning;High;Coffee;Premium brewed coffee;Jamaican Coffee River Sm;Astoria
26.00;8;8;202304;Apr;Wed;Morning;Med;Bakery;Biscotti;Hazelnut Biscotti;Astoria
35.00;10;10;202304;Apr;Wed;Morning;Med;Bakery;Biscotti;Chocolate Chip Biscotti;Astoria
10.00;4;3;202304;Apr;Wed;Afternoon;Low;Tea;Brewed herbal tea;Peppermint Rg;Lower Manhattan
24.50;10;6;202304;Apr;Wed;Afternoon;Med;Coffee;Premium brewed coffee;Jamaican Coffee River Sm;Hell's Kitchen
24.00;8;4;202304;Apr;Wed;Afternoon;Med;Coffee;Barista Espresso;Espresso shot;Astoria
48.75;13;9;202304;Apr;Wed;Afternoon;High;Coffee;Barista Espresso;Latte;Astoria
21.00;7;7;202304;Apr;Wed;Afternoon;Med;Bakery;Scone;Oatmeal Scone;Astoria
27.50;11;7;202304;Apr;Wed;Afternoon;Med;Tea;Brewed Black tea;English Breakfast Rg;Lower Manhattan
20.00;5;4;202304;Apr;Wed;Afternoon;Low;Tea;Brewed Chai tea;Morning Sunrise Chai Lg;Astoria
30.00;10;8;202304;Apr;Wed;Afternoon;Med;Tea;Brewed Green tea;Serenity Green Tea Lg;Astoria
19.60;8;7;202304;Apr;Wed;Afternoon;Low;Coffee;Premium brewed coffee;Jamaican Coffee River Sm;Astoria
45.00;12;9;202304;Apr;Wed;Afternoon;High;Coffee;Premium brewed coffee;Jamaican Coffee River Lg;Astoria
40.00;16;13;202304;Apr;Wed;Afternoon;Med;Tea;Brewed Green tea;Serenity Green Tea Rg;Astoria
18.00;6;3;202304;Apr;Wed;Afternoon;Low;Coffee;Gourmet brewed coffee;Columbian Medium Roast Lg;Lower Manhattan
20.40;8;5;202304;Apr;Wed;Afternoon;very high;Tea;Brewed Chai tea;Spicy Eye Opener Chai Rg;Lower Manhattan
21.70;7;7;202304;Apr;Wed;Afternoon;Med;Tea;Brewed Chai tea;Spicy Eye Opener Chai Lg;Astoria
19.00;4;2;202304;Apr;Wed;Afternoon;Low;Drinking Chocolate;Hot chocolate;Sustainably Grown Organic Lg;Lower Manhattan
30.00;10;5;202304;Apr;Wed;Afternoon;Med;Tea;Brewed herbal tea;Lemon Grass Lg;Lower Manhattan
28.00;8;5;202304;Apr;Wed;Afternoon;Med;Drinking Chocolate;Hot chocolate;Dark chocolate Rg;Astoria
37.50;10;10;202304;Apr;Wed;Afternoon;Med;Bakery;Scone;Jumbo Savory Scone;Astoria
12.00;6;4;202304;Apr;Wed;Afternoon;Low;Coffee;Gourmet brewed coffee;Columbian Medium Roast Sm;Hell's Kitchen
36.00;12;8;202304;Apr;Wed;Afternoon;Med;Tea;Brewed herbal tea;Peppermint Lg;Astoria
31.50;9;5;202304;Apr;Wed;Afternoon;Med;Coffee;Organic brewed coffee;Brazilian Lg;Lower Manhattan
36.00;8;6;202304;Apr;Wed;Afternoon;Med;Drinking Chocolate;Hot chocolate;Dark chocolate Lg;Hell's Kitchen
15.00;6;4;202304;Apr;Wed;Afternoon;Low;Tea;Brewed Black tea;Earl Grey Rg;Astoria
13.00;4;4;202304;Apr;Wed;Afternoon;Low;Bakery;Scone;Cranberry Scone;Astoria
24.00;8;4;202304;Apr;Wed;Afternoon;Med;Coffee;Gourmet brewed coffee;Ethiopia Rg;Hell's Kitchen
15.00;4;3;202304;Apr;Wed;Afternoon;Low;Coffee;Premium brewed coffee;Jamaican Coffee River Lg;Hell's Kitchen
18.00;6;4;202304;Apr;Wed;Afternoon;Low;Tea;Brewed herbal tea;Lemon Grass Lg;Hell's Kitchen
19.80;9;6;202304;Apr;Wed;Afternoon;Low;Coffee;Gourmet brewed coffee;Ethiopia Sm;Astoria
26.25;7;5;202304;Apr;Wed;Afternoon;Med;Coffee;Barista Espresso;Cappuccino;Lower Manhattan
22.75;7;7;202304;Apr;Wed;Afternoon;Med;Bakery;Biscotti;Hazelnut Biscotti;Astoria
24.00;8;6;202304;Apr;Wed;Afternoon;Med;Tea;Brewed Black tea;English Breakfast Lg;Astoria
15.00;6;5;202304;Apr;Wed;Afternoon;Low;Tea;Brewed Black tea;Earl Grey Rg;Lower Manhattan
17.50;7;5;202304;Apr;Wed;Afternoon;Low;Coffee;Drip coffee;Our Old Time Diner Blend Rg;Astoria
40.50;9;5;202304;Apr;Wed;Afternoon;very high;Drinking Chocolate;Hot chocolate;Dark chocolate Lg;Astoria
24.50;7;4;202304;Apr;Wed;Afternoon;Med;Drinking Chocolate;Hot chocolate;Dark chocolate Rg;Hell's Kitchen
33.00;11;5;202304;Apr;Wed;Afternoon;Med;Tea;Brewed herbal tea;Peppermint Lg;Lower Manhattan
18.00;4;4;202304;Apr;Wed;Afternoon;Low;Bakery;Scone;Scottish Cream Scone ;Lower Manhattan
27.50;11;7;202304;Apr;Wed;Afternoon;Med;Tea;Brewed Chai tea;Traditional Blend Chai Rg;Astoria
30.00;10;6;202304;Apr;Wed;Afternoon;Med;Tea;Brewed herbal tea;Lemon Grass Lg;Astoria
27.50;11;6;202304;Apr;Wed;Afternoon;Med;Tea;Brewed Chai tea;Traditional Blend Chai Rg;Lower Manhattan
21.70;7;4;202304;Apr;Wed;Afternoon;Med;Coffee;Premium brewed coffee;Jamaican Coffee River Rg;Lower Manhattan
45.00;12;8;202304;Apr;Wed;Afternoon;High;Drinking Chocolate;Hot chocolate;Sustainably Grown Organic Rg;Lower Manhattan
13.00;4;4;202304;Apr;Wed;Afternoon;Low;Bakery;Biscotti;Hazelnut Biscotti;Lower Manhattan
15.00;6;4;202304;Apr;Wed;Afternoon;Low;Tea;Brewed herbal tea;Peppermint Rg;Hell's Kitchen
13.20;6;4;202304;Apr;Wed;Afternoon;Low;Coffee;Organic brewed coffee;Brazilian Sm;Astoria
51.00;17;10;202304;Apr;Wed;Afternoon;High;Coffee;Organic brewed coffee;Brazilian Rg;Astoria
17.50;7;4;202304;Apr;Wed;Afternoon;Low;Tea;Brewed Green tea;Serenity Green Tea Rg;Hell's Kitchen
22.00;11;7;202304;Apr;Wed;Afternoon;Med;Coffee;Drip coffee;Our Old Time Diner Blend Sm;Astoria
67.50;18;11;202304;Apr;Wed;Afternoon;very high;Drinking Chocolate;Hot chocolate;Sustainably Grown Organic Rg;Astoria
24.00;8;5;202304;Apr;Wed;Afternoon;Med;Tea;Brewed herbal tea;Peppermint Lg;Hell's Kitchen
48.00;16;10;202304;Apr;Wed;Afternoon;High;Tea;Brewed Black tea;Earl Grey Lg;Astoria
27.00;9;6;202304;Apr;Wed;Afternoon;Med;Tea;Brewed Black tea;Earl Grey Lg;Hell's Kitchen
39.00;13;9;202304;Apr;Wed;Afternoon;Med;Coffee;Gourmet brewed coffee;Ethiopia Rg;Astoria
24.20;8;6;202304;Apr;Wed;Afternoon;Med;Bakery;Scone;Ginger Scone;Lower Manhattan
22.50;9;6;202304;Apr;Wed;Afternoon;Med;Tea;Brewed Chai tea;Morning Sunrise Chai Rg;Hell's Kitchen
46.50;15;11;202304;Apr;Wed;Afternoon;High;Tea;Brewed Chai tea;Spicy Eye Opener Chai Lg;Hell's Kitchen
14.00;4;2;202304;Apr;Wed;Afternoon;Low;Coffee;Organic brewed coffee;Brazilian Lg;Hell's Kitchen
27.00;9;6;202304;Apr;Wed;Afternoon;Med;Tea;Brewed Green tea;Serenity Green Tea Lg;Hell's Kitchen
42.50;10;7;202304;Apr;Wed;Afternoon;High;Coffee;Barista Espresso;Cappuccino Lg;Hell's Kitchen
9.00;2;2;202304;Apr;Wed;Afternoon;Low;Bakery;Scone;Scottish Cream Scone ;Hell's Kitchen
22.50;9;6;202304;Apr;Wed;Afternoon;Med;Tea;Brewed Green tea;Serenity Green Tea Rg;Lower Manhattan
47.50;10;6;202304;Apr;Wed;Afternoon;High;Drinking Chocolate;Hot chocolate;Sustainably Grown Organic Lg;Hell's Kitchen
15.00;5;4;202304;Apr;Wed;Afternoon;Low;Coffee;Barista Espresso;Espresso shot;Lower Manhattan
41.25;11;11;202304;Apr;Wed;Afternoon;High;Bakery;Scone;Jumbo Savory Scone;Lower Manhattan
21.00;6;6;202304;Apr;Wed;Afternoon;Med;Bakery;Pastry;Croissant;Astoria
16.25;5;5;202304;Apr;Wed;Afternoon;Low;Bakery;Scone;Ginger Scone;Astoria
20.00;8;5;202304;Apr;Wed;Afternoon;Low;Coffee;Drip coffee;Our Old Time Diner Blend Rg;Lower Manhattan
6.60;3;2;202304;Apr;Wed;Afternoon;Low;Coffee;Organic brewed coffee;Brazilian Sm;Lower Manhattan
21.00;7;5;202304;Apr;Wed;Afternoon;Med;Tea;Brewed Chai tea;Traditional Blend Chai Lg;Lower Manhattan
15.00;6;4;202304;Apr;Wed;Afternoon;Low;Tea;Brewed Black tea;English Breakfast Rg;Hell's Kitchen
35.00;10;7;202304;Apr;Wed;Afternoon;Med;Coffee;Gourmet brewed coffee;Ethiopia Lg;Astoria
6.60;3;3;202304;Apr;Wed;Afternoon;Low;Coffee;Gourmet brewed coffee;Ethiopia Sm;Lower Manhattan
27.00;9;6;202304;Apr;Wed;Afternoon;Med;Coffee;Drip coffee;Our Old Time Diner Blend Lg;Astoria
5.10;2;2;202304;Apr;Wed;Afternoon;Low;Tea;Brewed Chai tea;Spicy Eye Opener Chai Rg;Astoria
48.75;13;9;202304;Apr;Wed;Afternoon;High;Coffee;Barista Espresso;Cappuccino;Hell's Kitchen
15.00;4;4;202304;Apr;Wed;Afternoon;Low;Bakery;Pastry;Chocolate Croissant;Hell's Kitchen
10.00;4;3;202304;Apr;Wed;Afternoon;Low;Coffee;Gourmet brewed coffee;Columbian Medium Roast Rg;Lower Manhattan
12.40;4;3;202304;Apr;Wed;Afternoon;Low;Coffee;Premium brewed coffee;Jamaican Coffee River Rg;Hell's Kitchen
33.75;9;6;202304;Apr;Wed;Afternoon;Med;Coffee;Barista Espresso;Latte;Hell's Kitchen
9.00;3;3;202304;Apr;Wed;Afternoon;Low;Bakery;Scone;Oatmeal Scone;Hell's Kitchen
36.00;12;7;202304;Apr;Wed;Afternoon;Med;Coffee;Barista Espresso;Espresso shot;Hell's Kitchen
30.00;10;6;202304;Apr;Wed;Afternoon;Med;Tea;Brewed Green tea;Serenity Green Tea Lg;Lower Manhattan
20.00;8;6;202304;Apr;Wed;Afternoon;Low;Tea;Brewed Black tea;English Breakfast Rg;Astoria
22.00;11;6;202304;Apr;Wed;Afternoon;Med;Coffee;Gourmet brewed coffee;Columbian Medium Roast Sm;Astoria
15.00;4;4;202304;Apr;Wed;Afternoon;Low;Bakery;Pastry;Chocolate Croissant;Lower Manhattan
45.50;13;7;202304;Apr;Wed;Afternoon;High;Coffee;Organic brewed coffee;Brazilian Lg;Astoria
45.50;13;8;202304;Apr;Wed;Afternoon;High;Coffee;Gourmet brewed coffee;Ethiopia Lg;Lower Manhattan
25.50;6;6;202304;Apr;Wed;Afternoon;Med;Coffee;Barista Espresso;Cappuccino Lg;Lower Manhattan
34.00;8;4;202304;Apr;Wed;Afternoon;Med;Coffee;Barista Espresso;Cappuccino Lg;Astoria
25.00;10;7;202304;Apr;Wed;Afternoon;Med;Coffee;Gourmet brewed coffee;Columbian Medium Roast Rg;Astoria
34.10;11;7;202304;Apr;Wed;Afternoon;Med;Coffee;Premium brewed coffee;Jamaican Coffee River Rg;Astoria
22.00;10;6;202304;Apr;Wed;Afternoon;Med;Coffee;Gourmet brewed coffee;Ethiopia Sm;Hell's Kitchen
15.00;6;4;202304;Apr;Wed;Afternoon;Low;Tea;Brewed Chai tea;Morning Sunrise Chai Rg;Astoria
11.25;3;2;202304;Apr;Wed;Afternoon;Low;Coffee;Barista Espresso;Cappuccino;Astoria
28.05;11;8;202304;Apr;Wed;Afternoon;Med;Tea;Brewed Chai tea;Spicy Eye Opener Chai Rg;Hell's Kitchen
30.00;12;6;202304;Apr;Wed;Afternoon;Med;Tea;Brewed Chai tea;Morning Sunrise Chai Rg;Lower Manhattan
28.00;7;4;202304;Apr;Wed;Afternoon;Med;Tea;Brewed Chai tea;Morning Sunrise Chai Lg;Lower Manhattan
21.00;6;6;202304;Apr;Wed;Afternoon;Med;Bakery;Pastry;Croissant;Lower Manhattan
51.00;12;9;202304;Apr;Wed;Afternoon;High;Coffee;Barista Espresso;Latte Rg;Astoria
15.00;5;4;202304;Apr;Wed;Afternoon;Low;Coffee;Organic brewed coffee;Brazilian Rg;Lower Manhattan
15.00;5;3;202304;Apr;Wed;Afternoon;Low;Tea;Brewed Black tea;English Breakfast Lg;Hell's Kitchen
9.75;3;3;202304;Apr;Wed;Afternoon;Low;Bakery;Scone;Cranberry Scone;Hell's Kitchen
3.50;1;1;202304;Apr;Wed;Afternoon;Low;Bakery;Biscotti;Chocolate Chip Biscotti;Hell's Kitchen
26.95;11;8;202304;Apr;Wed;Afternoon;Med;Coffee;Premium brewed coffee;Jamaican Coffee River Sm;Lower Manhattan
15.00;5;4;202304;Apr;Wed;Afternoon;Low;Tea;Brewed Chai tea;Traditional Blend Chai Lg;Hell's Kitchen
32.70;13;10;202304;Apr;Wed;Afternoon;Med;Coffee;Barista Espresso;Ouro Brasileiro shot;Hell's Kitchen
33.30;12;7;202304;Apr;Wed;Afternoon;Med;Coffee;Barista Espresso;Ouro Brasileiro shot;Lower Manhattan
14.00;4;2;202304;Apr;Wed;Afternoon;Low;Coffee;Gourmet brewed coffee;Ethiopia Lg;Hell's Kitchen
14.00;4;4;202304;Apr;Wed;Afternoon;Low;Drinking Chocolate;Hot chocolate;Dark chocolate Rg;Lower Manhattan
10.00;4;2;202304;Apr;Wed;Afternoon;Low;Tea;Brewed Chai tea;Traditional Blend Chai Rg;Hell's Kitchen
20.00;8;4;202304;Apr;Wed;Afternoon;Low;Tea;Brewed herbal tea;Lemon Grass Rg;Astoria
26.00;13;7;202304;Apr;Wed;Afternoon;Med;Coffee;Gourmet brewed coffee;Columbian Medium Roast Sm;Lower Manhattan
15.00;5;4;202304;Apr;Wed;Afternoon;Low;Tea;Brewed Chai tea;Traditional Blend Chai Lg;Astoria
9.75;3;3;202304;Apr;Wed;Afternoon;Low;Bakery;Biscotti;Hazelnut Biscotti;Hell's Kitchen
8.50;2;2;202304;Apr;Wed;Afternoon;Low;Coffee;Barista Espresso;Latte Rg;Lower Manhattan
24.80;8;6;202304;Apr;Wed;Afternoon;Med;Tea;Brewed Chai tea;Spicy Eye Opener Chai Lg;Lower Manhattan
36.00;12;5;202304;Apr;Wed;Afternoon;Med;Tea;Brewed Black tea;English Breakfast Lg;Lower Manhattan
24.20;11;7;202304;Apr;Wed;Afternoon;Med;Coffee;Organic brewed coffee;Brazilian Sm;Hell's Kitchen
30.00;8;6;202304;Apr;Wed;Afternoon;Med;Drinking Chocolate;Hot chocolate;Sustainably Grown Organic Rg;Hell's Kitchen
7.50;2;2;202304;Apr;Wed;Afternoon;Low;Bakery;Pastry;Almond Croissant;Lower Manhattan
21.00;6;6;202304;Apr;Wed;Afternoon;Med;Bakery;Biscotti;Chocolate Chip Biscotti;Lower Manhattan
16.00;8;5;202304;Apr;Wed;Afternoon;Low;Coffee;Drip coffee;Our Old Time Diner Blend Sm;Lower Manhattan
24.00;8;5;202304;Apr;Wed;Afternoon;Med;Coffee;Drip coffee;Our Old Time Diner Blend Lg;Lower Manhattan
22.50;9;5;202304;Apr;Wed;Afternoon;Med;Tea;Brewed Black tea;Earl Grey Rg;Hell's Kitchen
2.20;1;1;202304;Apr;Wed;Night;Low;Coffee;Gourmet brewed coffee;Ethiopia Sm;Astoria
3.50;1;1;202304;Apr;Wed;Night;Low;Bakery;Pastry;Croissant;Astoria
3.00;1;1;202304;Apr;Wed;Night;Low;Coffee;Organic brewed coffee;Brazilian Rg;Astoria
31.50;7;3;202304;Apr;Wed;Night;Med;Drinking Chocolate;Hot chocolate;Dark chocolate Lg;Lower Manhattan
6.00;2;1;202304;Apr;Wed;Evening;Low;Coffee;Barista Espresso;Espresso shot;Lower Manhattan
40.00;16;11;202304;Apr;Wed;Evening;Med;Tea;Brewed herbal tea;Lemon Grass Rg;Astoria
42.50;10;7;202304;Apr;Wed;Evening;High;Coffee;Barista Espresso;Latte Rg;Lower Manhattan
36.00;12;10;202304;Apr;Wed;Evening;Med;Coffee;Gourmet brewed coffee;Ethiopia Rg;Astoria
24.30;9;7;202304;Apr;Wed;Evening;Med;Coffee;Barista Espresso;Ouro Brasileiro shot;Hell's Kitchen
22.50;9;6;202304;Apr;Wed;Evening;Med;Tea;Brewed herbal tea;Lemon Grass Rg;Hell's Kitchen
20.00;8;5;202304;Apr;Wed;Evening;Low;Tea;Brewed Green tea;Serenity Green Tea Rg;Astoria
25.00;10;7;202304;Apr;Wed;Evening;Med;Tea;Brewed herbal tea;Peppermint Rg;Astoria
6.60;3;2;202304;Apr;Wed;Evening;Low;Coffee;Gourmet brewed coffee;Ethiopia Sm;Hell's Kitchen
34.00;8;5;202304;Apr;Wed;Evening;Med;Coffee;Barista Espresso;Cappuccino Lg;Lower Manhattan
20.00;8;6;202304;Apr;Wed;Evening;Low;Tea;Brewed Green tea;Serenity Green Tea Rg;Lower Manhattan
6.50;2;2;202304;Apr;Wed;Evening;Low;Bakery;Biscotti;Hazelnut Biscotti;Lower Manhattan
51.00;17;10;202304;Apr;Wed;Evening;High;Coffee;Barista Espresso;Espresso shot;Astoria
22.00;11;6;202304;Apr;Wed;Evening;Med;Coffee;Gourmet brewed coffee;Columbian Medium Roast Sm;Hell's Kitchen
20.00;8;7;202304;Apr;Wed;Evening;Low;Tea;Brewed Chai tea;Traditional Blend Chai Rg;Astoria
22.50;9;6;202304;Apr;Wed;Evening;Med;Tea;Brewed herbal tea;Lemon Grass Rg;Lower Manhattan
4.50;1;1;202304;Apr;Wed;Evening;Low;Bakery;Scone;Scottish Cream Scone ;Lower Manhattan
39.00;13;8;202304;Apr;Wed;Evening;Med;Coffee;Gourmet brewed coffee;Ethiopia Rg;Lower Manhattan
38.00;8;6;202304;Apr;Wed;Evening;Med;Drinking Chocolate;Hot chocolate;Sustainably Grown Organic Lg;Astoria
30.00;10;8;202304;Apr;Wed;Evening;Med;Coffee;Drip coffee;Our Old Time Diner Blend Lg;Astoria
17.50;7;6;202304;Apr;Wed;Evening;Low;Tea;Brewed Green tea;Serenity Green Tea Rg;Hell's Kitchen
30.80;14;10;202304;Apr;Wed;Evening;Med;Coffee;Organic brewed coffee;Brazilian Sm;Hell's Kitchen
90.00;24;15;202304;Apr;Wed;Evening;very high;Drinking Chocolate;Hot chocolate;Sustainably Grown Organic Rg;Astoria
27.50;11;7;202304;Apr;Wed;Evening;Med;Tea;Brewed Black tea;English Breakfast Rg;Hell's Kitchen
68.00;16;12;202304;Apr;Wed;Evening;very high;Coffee;Barista Espresso;Cappuccino Lg;Astoria
17.50;7;5;202304;Apr;Wed;Evening;Low;Tea;Brewed Black tea;Earl Grey Rg;Astoria
20.40;8;6;202304;Apr;Wed;Evening;very high;Tea;Brewed Chai tea;Spicy Eye Opener Chai Rg;Hell's Kitchen
18.75;5;3;202304;Apr;Wed;Evening;Low;Drinking Chocolate;Hot chocolate;Sustainably Grown Organic Rg;Lower Manhattan
28.05;11;7;202304;Apr;Wed;Evening;Med;Tea;Brewed Chai tea;Spicy Eye Opener Chai Rg;Astoria
22.50;6;6;202304;Apr;Wed;Evening;Med;Bakery;Pastry;Chocolate Croissant;Astoria
22.50;6;5;202304;Apr;Wed;Evening;Med;Coffee;Barista Espresso;Cappuccino;Hell's Kitchen
12.00;4;3;202304;Apr;Wed;Evening;Low;Tea;Brewed Chai tea;Traditional Blend Chai Lg;Lower Manhattan
7.50;2;2;202304;Apr;Wed;Evening;Low;Bakery;Pastry;Chocolate Croissant;Lower Manhattan
21.00;7;5;202304;Apr;Wed;Evening;Med;Tea;Brewed Black tea;Earl Grey Lg;Hell's Kitchen
14.00;4;4;202304;Apr;Wed;Evening;Low;Bakery;Biscotti;Chocolate Chip Biscotti;Astoria
12.00;4;4;202304;Apr;Wed;Evening;Low;Tea;Brewed herbal tea;Peppermint Lg;Lower Manhattan
34.10;11;7;202304;Apr;Wed;Evening;Med;Coffee;Premium brewed coffee;Jamaican Coffee River Rg;Astoria
20.00;10;6;202304;Apr;Wed;Evening;Low;Coffee;Drip coffee;Our Old Time Diner Blend Sm;Lower Manhattan
19.50;6;5;202304;Apr;Wed;Evening;Low;Bakery;Scone;Ginger Scone;Hell's Kitchen
38.25;9;6;202304;Apr;Wed;Evening;Med;Coffee;Barista Espresso;Latte Rg;Astoria
15.00;6;4;202304;Apr;Wed;Evening;Low;Tea;Brewed Black tea;Earl Grey Rg;Hell's Kitchen
17.60;8;5;202304;Apr;Wed;Evening;Low;Coffee;Organic brewed coffee;Brazilian Sm;Astoria
37.50;10;6;202304;Apr;Wed;Evening;Med;Coffee;Barista Espresso;Cappuccino;Astoria
10.50;3;3;202304;Apr;Wed;Evening;Low;Coffee;Gourmet brewed coffee;Ethiopia Lg;Astoria
30.00;10;7;202304;Apr;Wed;Evening;Med;Tea;Brewed herbal tea;Peppermint Lg;Astoria
20.00;5;3;202304;Apr;Wed;Evening;Low;Tea;Brewed Chai tea;Morning Sunrise Chai Lg;Lower Manhattan
14.00;4;4;202304;Apr;Wed;Evening;Low;Bakery;Biscotti;Chocolate Chip Biscotti;Lower Manhattan
18.00;6;5;202304;Apr;Wed;Evening;Low;Tea;Brewed herbal tea;Peppermint Lg;Hell's Kitchen
18.00;4;4;202304;Apr;Wed;Evening;Low;Bakery;Scone;Scottish Cream Scone ;Hell's Kitchen
30.00;12;8;202304;Apr;Wed;Evening;Med;Coffee;Gourmet brewed coffee;Columbian Medium Roast Rg;Astoria
18.00;6;4;202304;Apr;Wed;Evening;Low;Tea;Brewed Green tea;Serenity Green Tea Lg;Hell's Kitchen
18.60;6;4;202304;Apr;Wed;Evening;Low;Tea;Brewed Chai tea;Spicy Eye Opener Chai Lg;Hell's Kitchen
20.00;8;5;202304;Apr;Wed;Evening;Low;Tea;Brewed herbal tea;Peppermint Rg;Hell's Kitchen
12.50;5;3;202304;Apr;Wed;Evening;Low;Tea;Brewed Chai tea;Morning Sunrise Chai Rg;Hell's Kitchen
24.00;12;7;202304;Apr;Wed;Evening;Med;Coffee;Drip coffee;Our Old Time Diner Blend Sm;Astoria
11.25;3;3;202304;Apr;Wed;Evening;Low;Coffee;Barista Espresso;Latte;Hell's Kitchen
10.00;5;4;202304;Apr;Wed;Evening;Low;Coffee;Drip coffee;Our Old Time Diner Blend Sm;Hell's Kitchen
10.20;4;3;202304;Apr;Wed;Evening;Low;Tea;Brewed Chai tea;Spicy Eye Opener Chai Rg;Lower Manhattan
17.50;5;5;202304;Apr;Wed;Evening;Low;Bakery;Pastry;Croissant;Astoria
21.00;7;5;202304;Apr;Wed;Evening;Med;Tea;Brewed Black tea;Earl Grey Lg;Astoria
13.50;3;3;202304;Apr;Wed;Evening;Low;Bakery;Scone;Scottish Cream Scone ;Astoria
11.25;3;3;202304;Apr;Wed;Evening;Low;Bakery;Pastry;Chocolate Croissant;Hell's Kitchen
35.00;10;6;202304;Apr;Wed;Evening;Med;Coffee;Gourmet brewed coffee;Ethiopia Lg;Hell's Kitchen
3.10;1;1;202304;Apr;Wed;Evening;Low;Tea;Brewed Chai tea;Spicy Eye Opener Chai Lg;Lower Manhattan
19.80;9;6;202304;Apr;Wed;Evening;Low;Coffee;Gourmet brewed coffee;Ethiopia Sm;Astoria
18.00;6;4;202304;Apr;Wed;Evening;Low;Coffee;Gourmet brewed coffee;Columbian Medium Roast Lg;Hell's Kitchen
26.00;8;8;202304;Apr;Wed;Evening;Med;Bakery;Scone;Cranberry Scone;Hell's Kitchen
7.50;2;2;202304;Apr;Wed;Evening;Low;Bakery;Pastry;Almond Croissant;Astoria
48.00;16;11;202304;Apr;Wed;Evening;High;Tea;Brewed Black tea;English Breakfast Lg;Hell's Kitchen
4.90;2;1;202304;Apr;Wed;Evening;Low;Coffee;Premium brewed coffee;Jamaican Coffee River Sm;Hell's Kitchen
10.50;3;3;202304;Apr;Wed;Evening;Low;Bakery;Biscotti;Chocolate Chip Biscotti;Hell's Kitchen
17.50;7;4;202304;Apr;Wed;Evening;Low;Coffee;Gourmet brewed coffee;Columbian Medium Roast Rg;Hell's Kitchen
38.50;11;7;202304;Apr;Wed;Evening;Med;Drinking Chocolate;Hot chocolate;Dark chocolate Rg;Astoria
49.50;11;7;202304;Apr;Wed;Evening;High;Drinking Chocolate;Hot chocolate;Dark chocolate Lg;Astoria
30.00;12;8;202304;Apr;Wed;Evening;Med;Tea;Brewed Chai tea;Morning Sunrise Chai Rg;Astoria
21.00;6;4;202304;Apr;Wed;Evening;Med;Coffee;Organic brewed coffee;Brazilian Lg;Lower Manhattan
38.00;8;4;202304;Apr;Wed;Evening;Med;Drinking Chocolate;Hot chocolate;Sustainably Grown Organic Lg;Lower Manhattan
35.00;14;8;202304;Apr;Wed;Evening;Med;Tea;Brewed Chai tea;Traditional Blend Chai Rg;Hell's Kitchen
12.00;4;3;202304;Apr;Wed;Evening;Low;Tea;Brewed Green tea;Serenity Green Tea Lg;Lower Manhattan
27.50;11;8;202304;Apr;Wed;Evening;Med;Coffee;Drip coffee;Our Old Time Diner Blend Rg;Lower Manhattan
15.00;5;3;202304;Apr;Wed;Evening;Low;Tea;Brewed Chai tea;Traditional Blend Chai Lg;Astoria
11.25;3;3;202304;Apr;Wed;Evening;Low;Bakery;Scone;Jumbo Savory Scone;Lower Manhattan
15.00;6;3;202304;Apr;Wed;Evening;Low;Tea;Brewed Chai tea;Morning Sunrise Chai Rg;Lower Manhattan
15.00;6;5;202304;Apr;Wed;Evening;Low;Coffee;Drip coffee;Our Old Time Diner Blend Rg;Astoria
20.00;8;7;202304;Apr;Wed;Evening;Low;Tea;Brewed Black tea;Earl Grey Rg;Lower Manhattan
21.00;7;5;202304;Apr;Wed;Evening;Med;Tea;Brewed Green tea;Serenity Green Tea Lg;Astoria
15.00;4;4;202304;Apr;Wed;Evening;Low;Bakery;Scone;Jumbo Savory Scone;Astoria
12.40;4;2;202304;Apr;Wed;Evening;Low;Coffee;Premium brewed coffee;Jamaican Coffee River Rg;Lower Manhattan
7.50;2;2;202304;Apr;Wed;Evening;Low;Bakery;Pastry;Almond Croissant;Lower Manhattan
22.50;5;3;202304;Apr;Wed;Evening;Med;Drinking Chocolate;Hot chocolate;Dark chocolate Lg;Hell's Kitchen
22.50;5;3;202304;Apr;Wed;Evening;Med;Drinking Chocolate;Hot chocolate;Dark chocolate Lg;Lower Manhattan
11.25;3;3;202304;Apr;Wed;Evening;Low;Coffee;Barista Espresso;Cappuccino;Lower Manhattan
45.00;15;10;202304;Apr;Wed;Evening;High;Coffee;Organic brewed coffee;Brazilian Rg;Astoria
12.00;4;4;202304;Apr;Wed;Evening;Low;Tea;Brewed Black tea;English Breakfast Lg;Lower Manhattan
3.00;1;1;202304;Apr;Wed;Evening;Low;Coffee;Barista Espresso;Ouro Brasileiro shot;Lower Manhattan
18.00;6;5;202304;Apr;Wed;Evening;Low;Coffee;Gourmet brewed coffee;Ethiopia Rg;Hell's Kitchen
37.50;10;6;202304;Apr;Wed;Evening;Med;Coffee;Barista Espresso;Latte;Lower Manhattan
10.00;4;2;202304;Apr;Wed;Evening;Low;Tea;Brewed Black tea;English Breakfast Rg;Lower Manhattan
30.00;8;6;202304;Apr;Wed;Evening;Med;Coffee;Barista Espresso;Latte;Astoria
21.00;7;7;202304;Apr;Wed;Evening;Med;Bakery;Scone;Oatmeal Scone;Astoria
46.50;15;8;202304;Apr;Wed;Evening;High;Tea;Brewed Chai tea;Spicy Eye Opener Chai Lg;Astoria
21.00;7;3;202304;Apr;Wed;Evening;Med;Coffee;Gourmet brewed coffee;Columbian Medium Roast Lg;Lower Manhattan
24.00;8;6;202304;Apr;Wed;Evening;Med;Tea;Brewed Chai tea;Traditional Blend Chai Lg;Hell's Kitchen
6.00;2;2;202304;Apr;Wed;Evening;Low;Tea;Brewed herbal tea;Lemon Grass Lg;Hell's Kitchen
9.75;3;3;202304;Apr;Wed;Evening;Low;Bakery;Scone;Ginger Scone;Astoria
24.50;10;7;202304;Apr;Wed;Evening;Med;Coffee;Premium brewed coffee;Jamaican Coffee River Sm;Astoria
35.00;10;7;202304;Apr;Wed;Evening;Med;Coffee;Organic brewed coffee;Brazilian Lg;Astoria
18.00;6;4;202304;Apr;Wed;Evening;Low;Coffee;Organic brewed coffee;Brazilian Rg;Hell's Kitchen
24.00;8;5;202304;Apr;Wed;Evening;Med;Tea;Brewed herbal tea;Lemon Grass Lg;Astoria
21.00;6;5;202304;Apr;Wed;Evening;Med;Coffee;Organic brewed coffee;Brazilian Lg;Hell's Kitchen
3.50;1;1;202304;Apr;Wed;Evening;Low;Bakery;Pastry;Croissant;Hell's Kitchen
13.00;4;4;202304;Apr;Wed;Evening;Low;Bakery;Biscotti;Hazelnut Biscotti;Astoria
6.00;2;2;202304;Apr;Wed;Evening;Low;Bakery;Scone;Oatmeal Scone;Hell's Kitchen
15.00;4;3;202304;Apr;Wed;Evening;Low;Drinking Chocolate;Hot chocolate;Sustainably Grown Organic Rg;Hell's Kitchen
32.00;8;5;202304;Apr;Wed;Evening;Med;Tea;Brewed Chai tea;Morning Sunrise Chai Lg;Hell's Kitchen
22.50;6;5;202304;Apr;Wed;Evening;Med;Coffee;Premium brewed coffee;Jamaican Coffee River Lg;Astoria
7.00;2;2;202304;Apr;Wed;Evening;Low;Bakery;Biscotti;Ginger Biscotti;Hell's Kitchen
21.00;7;4;202304;Apr;Wed;Evening;Med;Coffee;Drip coffee;Our Old Time Diner Blend Lg;Hell's Kitchen
3.25;1;1;202304;Apr;Wed;Evening;Low;Bakery;Scone;Cranberry Scone;Astoria
87.50;35;21;202304;Apr;Thu;Morning;very high;Tea;Brewed herbal tea;Peppermint Rg;Lower Manhattan
92.00;23;14;202304;Apr;Thu;Morning;very high;Tea;Brewed Chai tea;Morning Sunrise Chai Lg;Lower Manhattan
43.95;15;14;202304;Apr;Thu;Morning;High;Bakery;Scone;Ginger Scone;Lower Manhattan
66.00;22;9;202304;Apr;Thu;Morning;very high;Coffee;Organic brewed coffee;Brazilian Rg;Lower Manhattan
148.75;35;17;202304;Apr;Thu;Morning;very high;Coffee;Barista Espresso;Cappuccino Lg;Lower Manhattan
70.00;28;14;202304;Apr;Thu;Morning;very high;Tea;Brewed Green tea;Serenity Green Tea Rg;Lower Manhattan
42.00;14;8;202304;Apr;Thu;Morning;High;Tea;Brewed Green tea;Serenity Green Tea Lg;Lower Manhattan
74.40;24;11;202304;Apr;Thu;Morning;very high;Coffee;Premium brewed coffee;Jamaican Coffee River Rg;Lower Manhattan
60.00;24;13;202304;Apr;Thu;Morning;High;Tea;Brewed herbal tea;Lemon Grass Rg;Lower Manhattan
38.50;11;6;202304;Apr;Thu;Morning;Med;Coffee;Organic brewed coffee;Brazilian Lg;Lower Manhattan
35.75;11;11;202304;Apr;Thu;Morning;Med;Bakery;Biscotti;Hazelnut Biscotti;Lower Manhattan
60.00;24;12;202304;Apr;Thu;Morning;High;Tea;Brewed Chai tea;Morning Sunrise Chai Rg;Lower Manhattan
44.00;20;10;202304;Apr;Thu;Morning;High;Coffee;Organic brewed coffee;Brazilian Sm;Lower Manhattan
72.50;29;18;202304;Apr;Thu;Morning;very high;Tea;Brewed Chai tea;Morning Sunrise Chai Rg;Hell's Kitchen
14.00;4;4;202304;Apr;Thu;Morning;Low;Bakery;Biscotti;Ginger Biscotti;Hell's Kitchen
72.00;24;14;202304;Apr;Thu;Morning;very high;Coffee;Barista Espresso;Espresso shot;Lower Manhattan
77.00;22;13;202304;Apr;Thu;Morning;very high;Coffee;Gourmet brewed coffee;Ethiopia Lg;Lower Manhattan
116.25;31;16;202304;Apr;Thu;Morning;very high;Coffee;Barista Espresso;Cappuccino;Lower Manhattan
93.90;34;19;202304;Apr;Thu;Morning;very high;Coffee;Barista Espresso;Ouro Brasileiro shot;Lower Manhattan
37.50;15;8;202304;Apr;Thu;Morning;Med;Tea;Brewed Green tea;Serenity Green Tea Rg;Hell's Kitchen
35.00;14;8;202304;Apr;Thu;Morning;Med;Coffee;Drip coffee;Our Old Time Diner Blend Rg;Lower Manhattan
55.00;22;16;202304;Apr;Thu;Morning;High;Tea;Brewed Black tea;Earl Grey Rg;Hell's Kitchen
38.25;9;6;202304;Apr;Thu;Morning;Med;Coffee;Barista Espresso;Latte Rg;Lower Manhattan
55.00;22;14;202304;Apr;Thu;Morning;High;Tea;Brewed Chai tea;Traditional Blend Chai Rg;Lower Manhattan
48.75;15;15;202304;Apr;Thu;Morning;High;Bakery;Scone;Cranberry Scone;Lower Manhattan
52.50;21;13;202304;Apr;Thu;Morning;High;Tea;Brewed herbal tea;Lemon Grass Rg;Hell's Kitchen
66.50;19;11;202304;Apr;Thu;Morning;very high;Coffee;Gourmet brewed coffee;Ethiopia Lg;Hell's Kitchen
57.50;23;14;202304;Apr;Thu;Morning;High;Tea;Brewed herbal tea;Peppermint Rg;Hell's Kitchen
37.40;17;11;202304;Apr;Thu;Morning;Med;Coffee;Gourmet brewed coffee;Ethiopia Sm;Hell's Kitchen
29.25;9;9;202304;Apr;Thu;Morning;Med;Bakery;Scone;Cranberry Scone;Hell's Kitchen
60.00;20;12;202304;Apr;Thu;Morning;High;Coffee;Gourmet brewed coffee;Ethiopia Rg;Hell's Kitchen
53.55;21;13;202304;Apr;Thu;Morning;High;Tea;Brewed Chai tea;Spicy Eye Opener Chai Rg;Hell's Kitchen
31.00;10;7;202304;Apr;Thu;Morning;Med;Tea;Brewed Chai tea;Spicy Eye Opener Chai Lg;Lower Manhattan
119.00;28;18;202304;Apr;Thu;Morning;very high;Coffee;Barista Espresso;Latte Rg;Hell's Kitchen
34.10;11;8;202304;Apr;Thu;Morning;Med;Coffee;Premium brewed coffee;Jamaican Coffee River Rg;Hell's Kitchen
50.00;20;14;202304;Apr;Thu;Morning;High;Tea;Brewed Black tea;English Breakfast Rg;Hell's Kitchen
41.80;19;11;202304;Apr;Thu;Morning;High;Coffee;Organic brewed coffee;Brazilian Sm;Hell's Kitchen
42.50;17;10;202304;Apr;Thu;Morning;High;Coffee;Gourmet brewed coffee;Columbian Medium Roast Rg;Lower Manhattan
42.00;12;6;202304;Apr;Thu;Morning;High;Drinking Chocolate;Hot chocolate;Dark chocolate Rg;Lower Manhattan
46.20;21;12;202304;Apr;Thu;Morning;High;Coffee;Gourmet brewed coffee;Ethiopia Sm;Lower Manhattan
57.50;23;16;202304;Apr;Thu;Morning;High;Tea;Brewed Chai tea;Traditional Blend Chai Rg;Hell's Kitchen
24.50;10;7;202304;Apr;Thu;Morning;Med;Coffee;Premium brewed coffee;Jamaican Coffee River Sm;Hell's Kitchen
81.00;27;17;202304;Apr;Thu;Morning;very high;Coffee;Gourmet brewed coffee;Columbian Medium Roast Lg;Lower Manhattan
27.00;9;9;202304;Apr;Thu;Morning;Med;Bakery;Scone;Oatmeal Scone;Lower Manhattan
63.00;21;14;202304;Apr;Thu;Morning;very high;Tea;Brewed herbal tea;Lemon Grass Lg;Hell's Kitchen
99.00;33;18;202304;Apr;Thu;Morning;very high;Tea;Brewed Chai tea;Traditional Blend Chai Lg;Lower Manhattan
52.70;17;11;202304;Apr;Thu;Morning;High;Tea;Brewed Chai tea;Spicy Eye Opener Chai Lg;Hell's Kitchen
41.65;17;11;202304;Apr;Thu;Morning;High;Coffee;Premium brewed coffee;Jamaican Coffee River Sm;Lower Manhattan
62.00;31;18;202304;Apr;Thu;Morning;very high;Coffee;Gourmet brewed coffee;Columbian Medium Roast Sm;Hell's Kitchen
76.00;16;9;202304;Apr;Thu;Morning;very high;Drinking Chocolate;Hot chocolate;Sustainably Grown Organic Lg;Lower Manhattan
82.50;22;13;202304;Apr;Thu;Morning;very high;Coffee;Premium brewed coffee;Jamaican Coffee River Lg;Lower Manhattan
46.00;23;14;202304;Apr;Thu;Morning;High;Coffee;Drip coffee;Our Old Time Diner Blend Sm;Lower Manhattan
80.50;23;13;202304;Apr;Thu;Morning;very high;Drinking Chocolate;Hot chocolate;Dark chocolate Rg;Hell's Kitchen
39.00;13;9;202304;Apr;Thu;Morning;Med;Tea;Brewed Black tea;English Breakfast Lg;Hell's Kitchen
39.00;13;9;202304;Apr;Thu;Morning;Med;Coffee;Gourmet brewed coffee;Ethiopia Rg;Lower Manhattan
118.75;25;18;202304;Apr;Thu;Morning;very high;Drinking Chocolate;Hot chocolate;Sustainably Grown Organic Lg;Hell's Kitchen
47.50;19;13;202304;Apr;Thu;Morning;High;Coffee;Gourmet brewed coffee;Columbian Medium Roast Rg;Hell's Kitchen
54.00;18;11;202304;Apr;Thu;Morning;High;Tea;Brewed Green tea;Serenity Green Tea Lg;Hell's Kitchen
29.25;9;9;202304;Apr;Thu;Morning;Med;Bakery;Scone;Ginger Scone;Hell's Kitchen
66.00;22;14;202304;Apr;Thu;Morning;very high;Coffee;Gourmet brewed coffee;Columbian Medium Roast Lg;Hell's Kitchen
54.00;18;11;202304;Apr;Thu;Morning;High;Tea;Brewed Black tea;English Breakfast Lg;Lower Manhattan
33.75;9;6;202304;Apr;Thu;Morning;Med;Coffee;Barista Espresso;Latte;Lower Manhattan
60.00;20;13;202304;Apr;Thu;Morning;High;Tea;Brewed Chai tea;Traditional Blend Chai Lg;Hell's Kitchen
41.25;11;11;202304;Apr;Thu;Morning;High;Bakery;Pastry;Almond Croissant;Lower Manhattan
75.00;30;16;202304;Apr;Thu;Morning;very high;Tea;Brewed Black tea;English Breakfast Rg;Lower Manhattan
49.00;14;14;202304;Apr;Thu;Morning;High;Bakery;Biscotti;Ginger Biscotti;Lower Manhattan
82.50;22;14;202304;Apr;Thu;Morning;very high;Drinking Chocolate;Hot chocolate;Sustainably Grown Organic Rg;Lower Manhattan
99.00;22;11;202304;Apr;Thu;Morning;very high;Drinking Chocolate;Hot chocolate;Dark chocolate Lg;Hell's Kitchen
37.50;15;9;202304;Apr;Thu;Morning;Med;Tea;Brewed Black tea;Earl Grey Rg;Lower Manhattan
75.00;20;20;202304;Apr;Thu;Morning;very high;Bakery;Pastry;Chocolate Croissant;Lower Manhattan
45.00;15;11;202304;Apr;Thu;Morning;High;Tea;Brewed herbal tea;Peppermint Lg;Hell's Kitchen
9.75;3;3;202304;Apr;Thu;Morning;Low;Bakery;Biscotti;Hazelnut Biscotti;Hell's Kitchen
69.00;23;14;202304;Apr;Thu;Morning;very high;Coffee;Barista Espresso;Espresso shot;Hell's Kitchen
102.00;34;20;202304;Apr;Thu;Morning;very high;Tea;Brewed Black tea;Earl Grey Lg;Hell's Kitchen
40.00;16;13;202304;Apr;Thu;Morning;Med;Coffee;Drip coffee;Our Old Time Diner Blend Rg;Astoria
28.00;8;8;202304;Apr;Thu;Morning;Med;Bakery;Biscotti;Chocolate Chip Biscotti;Astoria
56.25;15;10;202304;Apr;Thu;Morning;High;Coffee;Premium brewed coffee;Jamaican Coffee River Lg;Hell's Kitchen
48.00;16;11;202304;Apr;Thu;Morning;High;Tea;Brewed herbal tea;Lemon Grass Lg;Astoria
60.00;16;12;202304;Apr;Thu;Morning;High;Coffee;Barista Espresso;Cappuccino;Hell's Kitchen
45.00;12;12;202304;Apr;Thu;Morning;High;Bakery;Pastry;Almond Croissant;Hell's Kitchen
41.80;19;15;202304;Apr;Thu;Morning;High;Coffee;Gourmet brewed coffee;Ethiopia Sm;Astoria
45.00;10;9;202304;Apr;Thu;Morning;High;Drinking Chocolate;Hot chocolate;Dark chocolate Lg;Astoria
32.50;13;9;202304;Apr;Thu;Morning;Med;Tea;Brewed herbal tea;Peppermint Rg;Astoria
18.00;6;3;202304;Apr;Thu;Morning;Low;Coffee;Drip coffee;Our Old Time Diner Blend Lg;Lower Manhattan
20.00;10;9;202304;Apr;Thu;Morning;Low;Coffee;Gourmet brewed coffee;Columbian Medium Roast Sm;Astoria
13.00;4;4;202304;Apr;Thu;Morning;Low;Bakery;Scone;Cranberry Scone;Astoria
78.00;26;18;202304;Apr;Thu;Morning;very high;Coffee;Drip coffee;Our Old Time Diner Blend Lg;Hell's Kitchen
36.00;12;10;202304;Apr;Thu;Morning;Med;Tea;Brewed Black tea;Earl Grey Lg;Astoria
41.25;11;8;202304;Apr;Thu;Morning;High;Coffee;Barista Espresso;Latte;Astoria
56.25;15;10;202304;Apr;Thu;Morning;High;Coffee;Barista Espresso;Cappuccino;Astoria
32.50;10;10;202304;Apr;Thu;Morning;Med;Bakery;Scone;Ginger Scone;Astoria
33.75;9;8;202304;Apr;Thu;Morning;Med;Coffee;Premium brewed coffee;Jamaican Coffee River Lg;Astoria
37.50;15;10;202304;Apr;Thu;Morning;Med;Tea;Brewed Chai tea;Traditional Blend Chai Rg;Astoria
22.50;6;6;202304;Apr;Thu;Morning;Med;Bakery;Pastry;Almond Croissant;Astoria
72.00;16;8;202304;Apr;Thu;Morning;very high;Drinking Chocolate;Hot chocolate;Dark chocolate Lg;Lower Manhattan
57.50;23;16;202304;Apr;Thu;Morning;High;Coffee;Drip coffee;Our Old Time Diner Blend Rg;Hell's Kitchen
56.25;15;15;202304;Apr;Thu;Morning;High;Bakery;Pastry;Chocolate Croissant;Astoria
42.50;17;13;202304;Apr;Thu;Morning;High;Tea;Brewed Black tea;English Breakfast Rg;Astoria
37.50;15;11;202304;Apr;Thu;Morning;Med;Tea;Brewed Chai tea;Morning Sunrise Chai Rg;Astoria
84.00;21;16;202304;Apr;Thu;Morning;very high;Tea;Brewed Chai tea;Morning Sunrise Chai Lg;Astoria
72.00;24;14;202304;Apr;Thu;Morning;very high;Tea;Brewed Black tea;Earl Grey Lg;Lower Manhattan
17.00;4;3;202304;Apr;Thu;Morning;Low;Coffee;Barista Espresso;Latte Rg;Astoria
25.50;10;5;202304;Apr;Thu;Morning;Med;Tea;Brewed Chai tea;Spicy Eye Opener Chai Rg;Lower Manhattan
17.50;5;5;202304;Apr;Thu;Morning;Low;Bakery;Biscotti;Chocolate Chip Biscotti;Hell's Kitchen
46.75;11;9;202304;Apr;Thu;Morning;High;Coffee;Barista Espresso;Cappuccino Lg;Astoria
82.50;22;22;202304;Apr;Thu;Morning;very high;Bakery;Pastry;Chocolate Croissant;Hell's Kitchen
42.00;14;10;202304;Apr;Thu;Morning;High;Coffee;Gourmet brewed coffee;Ethiopia Rg;Astoria
2.00;1;1;202304;Apr;Thu;Night;Low;Coffee;Gourmet brewed coffee;Columbian Medium Roast Sm;Lower Manhattan
3.25;1;1;202304;Apr;Thu;Night;Low;Bakery;Scone;Ginger Scone;Lower Manhattan
50.00;20;10;202304;Apr;Thu;Afternoon;High;Tea;Brewed Black tea;English Breakfast Rg;Lower Manhattan
39.00;13;7;202304;Apr;Thu;Afternoon;Med;Tea;Brewed Black tea;English Breakfast Lg;Astoria
31.00;10;7;202304;Apr;Thu;Afternoon;Med;Tea;Brewed Chai tea;Spicy Eye Opener Chai Lg;Hell's Kitchen
20.00;8;5;202304;Apr;Thu;Afternoon;Low;Tea;Brewed Black tea;English Breakfast Rg;Hell's Kitchen
25.00;10;7;202304;Apr;Thu;Afternoon;Med;Coffee;Drip coffee;Our Old Time Diner Blend Rg;Astoria
34.10;11;9;202304;Apr;Thu;Afternoon;Med;Tea;Brewed Chai tea;Spicy Eye Opener Chai Lg;Astoria
38.25;9;5;202304;Apr;Thu;Afternoon;Med;Coffee;Barista Espresso;Cappuccino Lg;Hell's Kitchen
27.00;9;7;202304;Apr;Thu;Afternoon;Med;Tea;Brewed herbal tea;Lemon Grass Lg;Astoria
6.50;2;2;202304;Apr;Thu;Afternoon;Low;Bakery;Biscotti;Hazelnut Biscotti;Astoria
21.70;7;6;202304;Apr;Thu;Afternoon;Med;Coffee;Premium brewed coffee;Jamaican Coffee River Rg;Astoria
24.80;8;4;202304;Apr;Thu;Afternoon;Med;Coffee;Premium brewed coffee;Jamaican Coffee River Rg;Hell's Kitchen
35.00;10;6;202304;Apr;Thu;Afternoon;Med;Coffee;Organic brewed coffee;Brazilian Lg;Hell's Kitchen
48.00;16;9;202304;Apr;Thu;Afternoon;High;Tea;Brewed herbal tea;Lemon Grass Lg;Lower Manhattan
10.50;3;3;202304;Apr;Thu;Afternoon;Low;Bakery;Biscotti;Chocolate Chip Biscotti;Lower Manhattan
17.50;7;4;202304;Apr;Thu;Afternoon;Low;Tea;Brewed Black tea;Earl Grey Rg;Lower Manhattan
36.00;12;6;202304;Apr;Thu;Afternoon;Med;Tea;Brewed Chai tea;Traditional Blend Chai Lg;Hell's Kitchen
30.00;10;6;202304;Apr;Thu;Afternoon;Med;Tea;Brewed herbal tea;Peppermint Lg;Astoria
17.85;7;5;202304;Apr;Thu;Afternoon;Low;Tea;Brewed Chai tea;Spicy Eye Opener Chai Rg;Hell's Kitchen
20.00;10;7;202304;Apr;Thu;Afternoon;Low;Coffee;Gourmet brewed coffee;Columbian Medium Roast Sm;Astoria
15.00;4;4;202304;Apr;Thu;Afternoon;Low;Bakery;Pastry;Chocolate Croissant;Astoria
13.20;6;3;202304;Apr;Thu;Afternoon;Low;Coffee;Gourmet brewed coffee;Ethiopia Sm;Astoria
39.00;13;8;202304;Apr;Thu;Afternoon;Med;Tea;Brewed Black tea;Earl Grey Lg;Astoria
20.00;8;5;202304;Apr;Thu;Afternoon;Low;Coffee;Drip coffee;Our Old Time Diner Blend Rg;Lower Manhattan
15.00;6;3;202304;Apr;Thu;Afternoon;Low;Tea;Brewed Black tea;Earl Grey Rg;Hell's Kitchen
27.50;11;6;202304;Apr;Thu;Afternoon;Med;Tea;Brewed herbal tea;Lemon Grass Rg;Lower Manhattan
15.00;4;4;202304;Apr;Thu;Afternoon;Low;Coffee;Barista Espresso;Cappuccino;Astoria
20.00;8;5;202304;Apr;Thu;Afternoon;Low;Coffee;Drip coffee;Our Old Time Diner Blend Rg;Hell's Kitchen
20.00;8;7;202304;Apr;Thu;Afternoon;Low;Coffee;Gourmet brewed coffee;Columbian Medium Roast Rg;Astoria
11.25;3;3;202304;Apr;Thu;Afternoon;Low;Bakery;Pastry;Chocolate Croissant;Hell's Kitchen
32.00;8;5;202304;Apr;Thu;Afternoon;Med;Tea;Brewed Chai tea;Morning Sunrise Chai Lg;Lower Manhattan
25.00;10;6;202304;Apr;Thu;Afternoon;Med;Coffee;Gourmet brewed coffee;Columbian Medium Roast Rg;Hell's Kitchen
35.00;14;9;202304;Apr;Thu;Afternoon;Med;Tea;Brewed herbal tea;Peppermint Rg;Astoria
48.75;13;8;202304;Apr;Thu;Afternoon;High;Drinking Chocolate;Hot chocolate;Sustainably Grown Organic Rg;Lower Manhattan
48.00;16;8;202304;Apr;Thu;Afternoon;High;Coffee;Drip coffee;Our Old Time Diner Blend Lg;Hell's Kitchen
21.00;7;4;202304;Apr;Thu;Afternoon;Med;Tea;Brewed Black tea;English Breakfast Lg;Lower Manhattan
40.00;16;9;202304;Apr;Thu;Afternoon;Med;Coffee;Gourmet brewed coffee;Columbian Medium Roast Rg;Lower Manhattan
29.75;7;4;202304;Apr;Thu;Afternoon;Med;Coffee;Barista Espresso;Cappuccino Lg;Astoria
22.50;9;8;202304;Apr;Thu;Afternoon;Med;Tea;Brewed Black tea;Earl Grey Rg;Astoria
26.25;7;5;202304;Apr;Thu;Afternoon;Med;Coffee;Barista Espresso;Latte;Astoria
36.75;15;11;202304;Apr;Thu;Afternoon;Med;Coffee;Premium brewed coffee;Jamaican Coffee River Sm;Lower Manhattan
25.00;10;6;202304;Apr;Thu;Afternoon;Med;Tea;Brewed Chai tea;Traditional Blend Chai Rg;Hell's Kitchen
22.50;9;4;202304;Apr;Thu;Afternoon;Med;Tea;Brewed Green tea;Serenity Green Tea Rg;Lower Manhattan
26.40;12;6;202304;Apr;Thu;Afternoon;Med;Coffee;Gourmet brewed coffee;Ethiopia Sm;Lower Manhattan
9.00;3;3;202304;Apr;Thu;Afternoon;Low;Bakery;Scone;Oatmeal Scone;Lower Manhattan
18.00;6;4;202304;Apr;Thu;Afternoon;Low;Tea;Brewed Green tea;Serenity Green Tea Lg;Astoria
24.00;6;4;202304;Apr;Thu;Afternoon;Med;Tea;Brewed Chai tea;Morning Sunrise Chai Lg;Hell's Kitchen
31.50;9;5;202304;Apr;Thu;Afternoon;Med;Coffee;Organic brewed coffee;Brazilian Lg;Astoria
22.50;6;4;202304;Apr;Thu;Afternoon;Med;Drinking Chocolate;Hot chocolate;Sustainably Grown Organic Rg;Hell's Kitchen
19.50;6;6;202304;Apr;Thu;Afternoon;Low;Bakery;Scone;Ginger Scone;Hell's Kitchen
54.00;12;8;202304;Apr;Thu;Afternoon;High;Drinking Chocolate;Hot chocolate;Dark chocolate Lg;Astoria
36.00;12;6;202304;Apr;Thu;Afternoon;Med;Coffee;Barista Espresso;Espresso shot;Lower Manhattan
7.00;2;2;202304;Apr;Thu;Afternoon;Low;Bakery;Biscotti;Ginger Biscotti;Lower Manhattan
47.50;19;9;202304;Apr;Thu;Afternoon;High;Tea;Brewed Chai tea;Morning Sunrise Chai Rg;Lower Manhattan
36.00;12;7;202304;Apr;Thu;Afternoon;Med;Coffee;Gourmet brewed coffee;Ethiopia Rg;Hell's Kitchen
30.00;8;8;202304;Apr;Thu;Afternoon;Med;Coffee;Premium brewed coffee;Jamaican Coffee River Lg;Astoria
22.50;6;3;202304;Apr;Thu;Afternoon;Med;Coffee;Barista Espresso;Latte;Lower Manhattan
11.00;5;4;202304;Apr;Thu;Afternoon;Low;Coffee;Gourmet brewed coffee;Ethiopia Sm;Hell's Kitchen
24.00;8;6;202304;Apr;Thu;Afternoon;Med;Coffee;Barista Espresso;Espresso shot;Hell's Kitchen
22.50;6;4;202304;Apr;Thu;Afternoon;Med;Coffee;Premium brewed coffee;Jamaican Coffee River Lg;Lower Manhattan
18.00;6;5;202304;Apr;Thu;Afternoon;Low;Coffee;Organic brewed coffee;Brazilian Rg;Astoria
21.00;7;7;202304;Apr;Thu;Afternoon;Med;Bakery;Scone;Oatmeal Scone;Astoria
16.00;8;4;202304;Apr;Thu;Afternoon;Low;Coffee;Gourmet brewed coffee;Columbian Medium Roast Sm;Lower Manhattan
17.60;8;5;202304;Apr;Thu;Afternoon;Low;Coffee;Organic brewed coffee;Brazilian Sm;Hell's Kitchen
17.50;7;5;202304;Apr;Thu;Afternoon;Low;Tea;Brewed Green tea;Serenity Green Tea Rg;Astoria
7.65;3;2;202304;Apr;Thu;Afternoon;Low;Tea;Brewed Chai tea;Spicy Eye Opener Chai Rg;Lower Manhattan
8.80;4;3;202304;Apr;Thu;Afternoon;Low;Coffee;Organic brewed coffee;Brazilian Sm;Astoria
14.00;4;4;202304;Apr;Thu;Afternoon;Low;Bakery;Biscotti;Chocolate Chip Biscotti;Hell's Kitchen
20.40;8;4;202304;Apr;Thu;Afternoon;very high;Tea;Brewed Chai tea;Spicy Eye Opener Chai Rg;Astoria
40.50;9;6;202304;Apr;Thu;Afternoon;very high;Drinking Chocolate;Hot chocolate;Dark chocolate Lg;Lower Manhattan
18.75;5;3;202304;Apr;Thu;Afternoon;Low;Coffee;Premium brewed coffee;Jamaican Coffee River Lg;Hell's Kitchen
14.00;7;4;202304;Apr;Thu;Afternoon;Low;Coffee;Drip coffee;Our Old Time Diner Blend Sm;Astoria
14.00;4;4;202304;Apr;Thu;Afternoon;Low;Bakery;Biscotti;Ginger Biscotti;Astoria
32.10;11;6;202304;Apr;Thu;Afternoon;Med;Coffee;Barista Espresso;Ouro Brasileiro shot;Hell's Kitchen
12.00;4;3;202304;Apr;Thu;Afternoon;Low;Coffee;Drip coffee;Our Old Time Diner Blend Lg;Lower Manhattan
34.00;17;12;202304;Apr;Thu;Afternoon;Med;Coffee;Drip coffee;Our Old Time Diner Blend Sm;Hell's Kitchen
13.50;3;3;202304;Apr;Thu;Afternoon;Low;Bakery;Scone;Scottish Cream Scone ;Lower Manhattan
35.00;10;5;202304;Apr;Thu;Afternoon;Med;Coffee;Gourmet brewed coffee;Ethiopia Lg;Lower Manhattan
21.00;7;5;202304;Apr;Thu;Afternoon;Med;Tea;Brewed Green tea;Serenity Green Tea Lg;Hell's Kitchen
34.00;8;5;202304;Apr;Thu;Afternoon;Med;Coffee;Barista Espresso;Latte Rg;Astoria
24.00;8;6;202304;Apr;Thu;Afternoon;Med;Coffee;Gourmet brewed coffee;Columbian Medium Roast Lg;Hell's Kitchen
35.00;10;8;202304;Apr;Thu;Afternoon;Med;Drinking Chocolate;Hot chocolate;Dark chocolate Rg;Astoria
15.00;5;3;202304;Apr;Thu;Afternoon;Low;Tea;Brewed herbal tea;Peppermint Lg;Hell's Kitchen
11.25;3;3;202304;Apr;Thu;Afternoon;Low;Bakery;Scone;Jumbo Savory Scone;Hell's Kitchen
57.00;12;9;202304;Apr;Thu;Afternoon;High;Drinking Chocolate;Hot chocolate;Sustainably Grown Organic Lg;Hell's Kitchen
21.00;7;5;202304;Apr;Thu;Afternoon;Med;Coffee;Gourmet brewed coffee;Ethiopia Rg;Astoria
7.35;3;2;202304;Apr;Thu;Afternoon;Low;Coffee;Premium brewed coffee;Jamaican Coffee River Sm;Astoria
21.00;7;4;202304;Apr;Thu;Afternoon;Med;Tea;Brewed Black tea;Earl Grey Lg;Lower Manhattan
12.00;4;3;202304;Apr;Thu;Afternoon;Low;Coffee;Drip coffee;Our Old Time Diner Blend Lg;Astoria
29.75;7;4;202304;Apr;Thu;Afternoon;Med;Coffee;Barista Espresso;Cappuccino Lg;Lower Manhattan
21.70;7;5;202304;Apr;Thu;Afternoon;Med;Tea;Brewed Chai tea;Spicy Eye Opener Chai Lg;Lower Manhattan
15.00;4;4;202304;Apr;Thu;Afternoon;Low;Bakery;Scone;Jumbo Savory Scone;Astoria
6.50;2;2;202304;Apr;Thu;Afternoon;Low;Bakery;Scone;Cranberry Scone;Hell's Kitchen
40.50;9;6;202304;Apr;Thu;Afternoon;very high;Drinking Chocolate;Hot chocolate;Dark chocolate Lg;Hell's Kitchen
7.00;2;2;202304;Apr;Thu;Afternoon;Low;Bakery;Biscotti;Ginger Biscotti;Hell's Kitchen
6.00;2;1;202304;Apr;Thu;Afternoon;Low;Coffee;Organic brewed coffee;Brazilian Rg;Lower Manhattan
27.00;9;7;202304;Apr;Thu;Afternoon;Med;Coffee;Gourmet brewed coffee;Columbian Medium Roast Lg;Astoria
7.00;2;2;202304;Apr;Thu;Afternoon;Low;Drinking Chocolate;Hot chocolate;Dark chocolate Rg;Hell's Kitchen
18.00;9;6;202304;Apr;Thu;Afternoon;Low;Coffee;Gourmet brewed coffee;Columbian Medium Roast Sm;Hell's Kitchen
27.00;9;7;202304;Apr;Thu;Afternoon;Med;Coffee;Barista Espresso;Espresso shot;Astoria
8.50;2;2;202304;Apr;Thu;Afternoon;Low;Coffee;Barista Espresso;Latte Rg;Hell's Kitchen
20.00;8;5;202304;Apr;Thu;Afternoon;Low;Tea;Brewed herbal tea;Peppermint Rg;Hell's Kitchen
12.00;4;3;202304;Apr;Thu;Afternoon;Low;Tea;Brewed Black tea;Earl Grey Lg;Hell's Kitchen
11.00;5;3;202304;Apr;Thu;Afternoon;Low;Coffee;Organic brewed coffee;Brazilian Sm;Lower Manhattan
38.50;11;6;202304;Apr;Thu;Afternoon;Med;Drinking Chocolate;Hot chocolate;Dark chocolate Rg;Lower Manhattan
21.30;8;5;202304;Apr;Thu;Afternoon;Med;Coffee;Barista Espresso;Ouro Brasileiro shot;Lower Manhattan
18.75;5;4;202304;Apr;Thu;Afternoon;Low;Coffee;Barista Espresso;Cappuccino;Lower Manhattan
15.00;4;4;202304;Apr;Thu;Afternoon;Low;Bakery;Pastry;Chocolate Croissant;Lower Manhattan
12.00;4;3;202304;Apr;Thu;Afternoon;Low;Tea;Brewed herbal tea;Lemon Grass Lg;Hell's Kitchen
45.00;12;7;202304;Apr;Thu;Afternoon;High;Coffee;Barista Espresso;Latte;Hell's Kitchen
27.50;11;6;202304;Apr;Thu;Afternoon;Med;Tea;Brewed herbal tea;Lemon Grass Rg;Hell's Kitchen
6.00;2;2;202304;Apr;Thu;Afternoon;Low;Bakery;Scone;Oatmeal Scone;Hell's Kitchen
22.05;9;5;202304;Apr;Thu;Afternoon;Med;Coffee;Premium brewed coffee;Jamaican Coffee River Sm;Hell's Kitchen
16.00;8;4;202304;Apr;Thu;Afternoon;Low;Coffee;Drip coffee;Our Old Time Diner Blend Sm;Lower Manhattan
27.50;11;7;202304;Apr;Thu;Afternoon;Med;Tea;Brewed Black tea;English Breakfast Rg;Astoria
9.75;3;3;202304;Apr;Thu;Afternoon;Low;Bakery;Biscotti;Hazelnut Biscotti;Lower Manhattan
37.50;10;6;202304;Apr;Thu;Afternoon;Med;Coffee;Barista Espresso;Cappuccino;Hell's Kitchen
10.00;4;3;202304;Apr;Thu;Afternoon;Low;Tea;Brewed Chai tea;Traditional Blend Chai Rg;Astoria
26.25;7;7;202304;Apr;Thu;Afternoon;Med;Bakery;Pastry;Almond Croissant;Astoria
10.50;3;3;202304;Apr;Thu;Afternoon;Low;Bakery;Pastry;Croissant;Astoria
34.00;8;4;202304;Apr;Thu;Afternoon;Med;Coffee;Barista Espresso;Latte Rg;Lower Manhattan
21.00;6;4;202304;Apr;Thu;Afternoon;Med;Coffee;Organic brewed coffee;Brazilian Lg;Lower Manhattan
30.00;10;8;202304;Apr;Thu;Afternoon;Med;Tea;Brewed Chai tea;Traditional Blend Chai Lg;Astoria
17.50;5;3;202304;Apr;Thu;Afternoon;Low;Coffee;Gourmet brewed coffee;Ethiopia Lg;Hell's Kitchen
3.25;1;1;202304;Apr;Thu;Afternoon;Low;Bakery;Biscotti;Hazelnut Biscotti;Hell's Kitchen
2.55;1;1;202304;Apr;Thu;Night;Low;Tea;Brewed Chai tea;Spicy Eye Opener Chai Rg;Lower Manhattan
24.50;7;5;202304;Apr;Thu;Evening;Med;Coffee;Gourmet brewed coffee;Ethiopia Lg;Lower Manhattan
45.00;18;11;202304;Apr;Thu;Evening;High;Tea;Brewed Chai tea;Traditional Blend Chai Rg;Astoria
45.00;12;7;202304;Apr;Thu;Evening;High;Coffee;Barista Espresso;Latte;Astoria
66.50;14;8;202304;Apr;Thu;Evening;very high;Drinking Chocolate;Hot chocolate;Sustainably Grown Organic Lg;Astoria
27.90;9;7;202304;Apr;Thu;Evening;Med;Tea;Brewed Chai tea;Spicy Eye Opener Chai Lg;Hell's Kitchen
15.00;4;4;202304;Apr;Thu;Evening;Low;Bakery;Pastry;Chocolate Croissant;Hell's Kitchen
27.50;11;8;202304;Apr;Thu;Evening;Med;Tea;Brewed Black tea;English Breakfast Rg;Hell's Kitchen
32.50;13;8;202304;Apr;Thu;Evening;Med;Tea;Brewed Black tea;Earl Grey Rg;Hell's Kitchen
15.00;4;2;202304;Apr;Thu;Evening;Low;Drinking Chocolate;Hot chocolate;Sustainably Grown Organic Rg;Lower Manhattan
21.00;7;5;202304;Apr;Thu;Evening;Med;Coffee;Barista Espresso;Espresso shot;Hell's Kitchen
18.00;9;5;202304;Apr;Thu;Evening;Low;Coffee;Drip coffee;Our Old Time Diner Blend Sm;Hell's Kitchen
27.50;11;8;202304;Apr;Thu;Evening;Med;Tea;Brewed Chai tea;Morning Sunrise Chai Rg;Astoria
12.40;4;2;202304;Apr;Thu;Evening;Low;Coffee;Premium brewed coffee;Jamaican Coffee River Rg;Hell's Kitchen
30.00;10;6;202304;Apr;Thu;Evening;Med;Tea;Brewed Chai tea;Traditional Blend Chai Lg;Hell's Kitchen
30.00;10;7;202304;Apr;Thu;Evening;Med;Tea;Brewed Chai tea;Traditional Blend Chai Lg;Astoria
21.00;7;7;202304;Apr;Thu;Evening;Med;Bakery;Scone;Oatmeal Scone;Astoria
13.20;6;4;202304;Apr;Thu;Evening;Low;Coffee;Gourmet brewed coffee;Ethiopia Sm;Hell's Kitchen
20.00;8;6;202304;Apr;Thu;Evening;Low;Tea;Brewed herbal tea;Lemon Grass Rg;Hell's Kitchen
15.00;5;4;202304;Apr;Thu;Evening;Low;Coffee;Organic brewed coffee;Brazilian Rg;Lower Manhattan
12.00;6;4;202304;Apr;Thu;Evening;Low;Coffee;Gourmet brewed coffee;Columbian Medium Roast Sm;Hell's Kitchen
59.50;14;8;202304;Apr;Thu;Evening;High;Coffee;Barista Espresso;Cappuccino Lg;Astoria
26.25;7;7;202304;Apr;Thu;Evening;Med;Bakery;Scone;Jumbo Savory Scone;Astoria
33.75;9;7;202304;Apr;Thu;Evening;Med;Drinking Chocolate;Hot chocolate;Sustainably Grown Organic Rg;Astoria
36.00;8;8;202304;Apr;Thu;Evening;Med;Bakery;Scone;Scottish Cream Scone ;Astoria
35.00;14;9;202304;Apr;Thu;Evening;Med;Coffee;Gourmet brewed coffee;Columbian Medium Roast Rg;Astoria
22.95;9;6;202304;Apr;Thu;Evening;Med;Tea;Brewed Chai tea;Spicy Eye Opener Chai Rg;Hell's Kitchen
15.00;6;4;202304;Apr;Thu;Evening;Low;Tea;Brewed Black tea;English Breakfast Rg;Astoria
8.00;4;3;202304;Apr;Thu;Evening;Low;Coffee;Gourmet brewed coffee;Columbian Medium Roast Sm;Astoria
22.50;9;4;202304;Apr;Thu;Evening;Med;Tea;Brewed herbal tea;Peppermint Rg;Lower Manhattan
41.25;11;7;202304;Apr;Thu;Evening;High;Coffee;Premium brewed coffee;Jamaican Coffee River Lg;Astoria
20.00;8;4;202304;Apr;Thu;Evening;Low;Coffee;Drip coffee;Our Old Time Diner Blend Rg;Hell's Kitchen
22.50;6;4;202304;Apr;Thu;Evening;Med;Coffee;Barista Espresso;Latte;Lower Manhattan
17.50;5;3;202304;Apr;Thu;Evening;Low;Coffee;Gourmet brewed coffee;Ethiopia Lg;Astoria
19.50;6;6;202304;Apr;Thu;Evening;Low;Bakery;Scone;Cranberry Scone;Astoria
7.50;3;2;202304;Apr;Thu;Evening;Low;Tea;Brewed Black tea;English Breakfast Rg;Lower Manhattan
37.50;15;9;202304;Apr;Thu;Evening;Med;Tea;Brewed Chai tea;Morning Sunrise Chai Rg;Hell's Kitchen
33.75;9;6;202304;Apr;Thu;Evening;Med;Coffee;Premium brewed coffee;Jamaican Coffee River Lg;Hell's Kitchen
25.00;10;5;202304;Apr;Thu;Evening;Med;Tea;Brewed Green tea;Serenity Green Tea Rg;Hell's Kitchen
18.00;6;5;202304;Apr;Thu;Evening;Low;Coffee;Drip coffee;Our Old Time Diner Blend Lg;Hell's Kitchen
9.75;3;3;202304;Apr;Thu;Evening;Low;Bakery;Scone;Cranberry Scone;Hell's Kitchen
22.50;5;4;202304;Apr;Thu;Evening;Med;Drinking Chocolate;Hot chocolate;Dark chocolate Lg;Lower Manhattan
3.00;1;1;202304;Apr;Thu;Evening;Low;Bakery;Scone;Oatmeal Scone;Lower Manhattan
32.50;13;9;202304;Apr;Thu;Evening;Med;Tea;Brewed herbal tea;Peppermint Rg;Astoria
21.25;5;4;202304;Apr;Thu;Evening;Med;Coffee;Barista Espresso;Latte Rg;Hell's Kitchen
35.00;10;7;202304;Apr;Thu;Evening;Med;Drinking Chocolate;Hot chocolate;Dark chocolate Rg;Hell's Kitchen
44.00;11;9;202304;Apr;Thu;Evening;High;Tea;Brewed Chai tea;Morning Sunrise Chai Lg;Hell's Kitchen
67.50;15;11;202304;Apr;Thu;Evening;very high;Drinking Chocolate;Hot chocolate;Dark chocolate Lg;Astoria
26.40;12;8;202304;Apr;Thu;Evening;Med;Coffee;Organic brewed coffee;Brazilian Sm;Astoria
45.00;12;8;202304;Apr;Thu;Evening;High;Coffee;Barista Espresso;Cappuccino;Hell's Kitchen
24.00;8;5;202304;Apr;Thu;Evening;Med;Tea;Brewed herbal tea;Peppermint Lg;Lower Manhattan
27.50;11;9;202304;Apr;Thu;Evening;Med;Tea;Brewed herbal tea;Lemon Grass Rg;Astoria
15.00;4;4;202304;Apr;Thu;Evening;Low;Bakery;Pastry;Chocolate Croissant;Astoria
27.00;9;6;202304;Apr;Thu;Evening;Med;Coffee;Gourmet brewed coffee;Columbian Medium Roast Lg;Lower Manhattan
3.75;1;1;202304;Apr;Thu;Evening;Low;Bakery;Pastry;Almond Croissant;Lower Manhattan
24.00;8;6;202304;Apr;Thu;Evening;Med;Coffee;Gourmet brewed coffee;Columbian Medium Roast Lg;Hell's Kitchen
7.00;2;2;202304;Apr;Thu;Evening;Low;Bakery;Biscotti;Ginger Biscotti;Hell's Kitchen
13.00;4;4;202304;Apr;Thu;Evening;Low;Bakery;Scone;Cranberry Scone;Lower Manhattan
30.00;10;6;202304;Apr;Thu;Evening;Med;Tea;Brewed Green tea;Serenity Green Tea Lg;Astoria
29.40;12;7;202304;Apr;Thu;Evening;Med;Coffee;Premium brewed coffee;Jamaican Coffee River Sm;Hell's Kitchen
21.25;5;3;202304;Apr;Thu;Evening;Med;Coffee;Barista Espresso;Latte Rg;Lower Manhattan
27.00;9;5;202304;Apr;Thu;Evening;Med;Tea;Brewed Green tea;Serenity Green Tea Lg;Hell's Kitchen
12.75;5;3;202304;Apr;Thu;Evening;Low;Tea;Brewed Chai tea;Spicy Eye Opener Chai Rg;Lower Manhattan
30.00;12;7;202304;Apr;Thu;Evening;Med;Tea;Brewed Chai tea;Traditional Blend Chai Rg;Hell's Kitchen
9.00;3;2;202304;Apr;Thu;Evening;Low;Coffee;Drip coffee;Our Old Time Diner Blend Lg;Lower Manhattan
24.20;11;6;202304;Apr;Thu;Evening;Med;Coffee;Organic brewed coffee;Brazilian Sm;Lower Manhattan
17.50;7;5;202304;Apr;Thu;Evening;Low;Tea;Brewed Black tea;Earl Grey Rg;Lower Manhattan
6.50;2;2;202304;Apr;Thu;Evening;Low;Bakery;Scone;Ginger Scone;Astoria
41.25;11;5;202304;Apr;Thu;Evening;High;Coffee;Premium brewed coffee;Jamaican Coffee River Lg;Lower Manhattan
42.30;15;11;202304;Apr;Thu;Evening;High;Coffee;Barista Espresso;Ouro Brasileiro shot;Hell's Kitchen
3.50;1;1;202304;Apr;Thu;Evening;Low;Bakery;Biscotti;Chocolate Chip Biscotti;Hell's Kitchen
40.00;10;8;202304;Apr;Thu;Evening;Med;Tea;Brewed Chai tea;Morning Sunrise Chai Lg;Astoria
18.00;6;3;202304;Apr;Thu;Evening;Low;Tea;Brewed Black tea;Earl Grey Lg;Lower Manhattan
21.70;7;4;202304;Apr;Thu;Evening;Med;Tea;Brewed Chai tea;Spicy Eye Opener Chai Lg;Lower Manhattan
14.00;4;3;202304;Apr;Thu;Evening;Low;Drinking Chocolate;Hot chocolate;Dark chocolate Rg;Lower Manhattan
10.50;3;3;202304;Apr;Thu;Evening;Low;Bakery;Biscotti;Chocolate Chip Biscotti;Lower Manhattan
30.00;8;5;202304;Apr;Thu;Evening;Med;Coffee;Barista Espresso;Cappuccino;Astoria
27.50;11;7;202304;Apr;Thu;Evening;Med;Coffee;Gourmet brewed coffee;Columbian Medium Roast Rg;Lower Manhattan
15.00;6;4;202304;Apr;Thu;Evening;Low;Tea;Brewed herbal tea;Peppermint Rg;Hell's Kitchen
3.00;1;1;202304;Apr;Thu;Evening;Low;Coffee;Barista Espresso;Ouro Brasileiro shot;Lower Manhattan
17.60;8;8;202304;Apr;Thu;Evening;Low;Coffee;Gourmet brewed coffee;Ethiopia Sm;Astoria
36.00;12;7;202304;Apr;Thu;Evening;Med;Coffee;Organic brewed coffee;Brazilian Rg;Hell's Kitchen
15.00;5;3;202304;Apr;Thu;Evening;Low;Tea;Brewed Black tea;Earl Grey Lg;Hell's Kitchen
34.10;11;7;202304;Apr;Thu;Evening;Med;Tea;Brewed Chai tea;Spicy Eye Opener Chai Lg;Astoria
14.00;4;4;202304;Apr;Thu;Evening;Low;Bakery;Biscotti;Ginger Biscotti;Astoria
24.00;8;4;202304;Apr;Thu;Evening;Med;Tea;Brewed herbal tea;Lemon Grass Lg;Lower Manhattan
18.00;6;4;202304;Apr;Thu;Evening;Low;Coffee;Gourmet brewed coffee;Columbian Medium Roast Lg;Astoria
24.00;8;6;202304;Apr;Thu;Evening;Med;Coffee;Gourmet brewed coffee;Ethiopia Rg;Astoria
37.50;10;10;202304;Apr;Thu;Evening;Med;Bakery;Pastry;Almond Croissant;Astoria
2.50;1;1;202304;Apr;Thu;Evening;Low;Tea;Brewed herbal tea;Lemon Grass Rg;Lower Manhattan
14.00;4;3;202304;Apr;Thu;Evening;Low;Coffee;Organic brewed coffee;Brazilian Lg;Lower Manhattan
17.50;7;5;202304;Apr;Thu;Evening;Low;Coffee;Drip coffee;Our Old Time Diner Blend Rg;Astoria
2.00;1;1;202304;Apr;Thu;Evening;Low;Coffee;Drip coffee;Our Old Time Diner Blend Sm;Lower Manhattan
43.35;17;10;202304;Apr;Thu;Evening;High;Tea;Brewed Chai tea;Spicy Eye Opener Chai Rg;Astoria
27.00;9;5;202304;Apr;Thu;Evening;Med;Tea;Brewed Black tea;English Breakfast Lg;Hell's Kitchen
36.00;12;7;202304;Apr;Thu;Evening;Med;Tea;Brewed herbal tea;Lemon Grass Lg;Hell's Kitchen
4.00;1;1;202304;Apr;Thu;Evening;Low;Tea;Brewed Chai tea;Morning Sunrise Chai Lg;Lower Manhattan
17.50;7;4;202304;Apr;Thu;Evening;Low;Coffee;Gourmet brewed coffee;Columbian Medium Roast Rg;Hell's Kitchen
12.75;3;3;202304;Apr;Thu;Evening;Low;Coffee;Barista Espresso;Cappuccino Lg;Lower Manhattan
38.00;8;5;202304;Apr;Thu;Evening;Med;Drinking Chocolate;Hot chocolate;Sustainably Grown Organic Lg;Hell's Kitchen
12.00;4;3;202304;Apr;Thu;Evening;Low;Coffee;Drip coffee;Our Old Time Diner Blend Lg;Astoria
27.00;9;6;202304;Apr;Thu;Evening;Med;Tea;Brewed herbal tea;Lemon Grass Lg;Astoria
24.00;8;5;202304;Apr;Thu;Evening;Med;Coffee;Barista Espresso;Espresso shot;Lower Manhattan
11.25;3;3;202304;Apr;Thu;Evening;Low;Bakery;Pastry;Chocolate Croissant;Lower Manhattan
11.25;3;2;202304;Apr;Thu;Evening;Low;Coffee;Barista Espresso;Cappuccino;Lower Manhattan
14.70;6;4;202304;Apr;Thu;Evening;Low;Coffee;Premium brewed coffee;Jamaican Coffee River Sm;Astoria
5.00;2;2;202304;Apr;Thu;Evening;Low;Tea;Brewed Green tea;Serenity Green Tea Rg;Astoria
14.00;4;4;202304;Apr;Thu;Evening;Low;Bakery;Pastry;Croissant;Astoria
49.00;14;10;202304;Apr;Thu;Evening;High;Coffee;Organic brewed coffee;Brazilian Lg;Astoria
9.30;3;2;202304;Apr;Thu;Evening;Low;Coffee;Premium brewed coffee;Jamaican Coffee River Rg;Astoria
35.00;10;8;202304;Apr;Thu;Evening;Med;Coffee;Organic brewed coffee;Brazilian Lg;Hell's Kitchen
15.00;5;3;202304;Apr;Thu;Evening;Low;Coffee;Organic brewed coffee;Brazilian Rg;Astoria
9.00;3;3;202304;Apr;Thu;Evening;Low;Tea;Brewed Black tea;English Breakfast Lg;Astoria
13.00;4;4;202304;Apr;Thu;Evening;Low;Bakery;Scone;Ginger Scone;Hell's Kitchen
21.00;6;4;202304;Apr;Thu;Evening;Med;Coffee;Gourmet brewed coffee;Ethiopia Lg;Hell's Kitchen
22.00;10;5;202304;Apr;Thu;Evening;Med;Coffee;Organic brewed coffee;Brazilian Sm;Hell's Kitchen
18.00;4;4;202304;Apr;Thu;Evening;Low;Bakery;Scone;Scottish Cream Scone ;Hell's Kitchen
31.50;7;4;202304;Apr;Thu;Evening;Med;Drinking Chocolate;Hot chocolate;Dark chocolate Lg;Hell's Kitchen
9.50;2;1;202304;Apr;Fri;Night;Low;Drinking Chocolate;Hot chocolate;Sustainably Grown Organic Lg;Lower Manhattan
4.40;2;1;202304;Apr;Fri;Night;Low;Coffee;Gourmet brewed coffee;Ethiopia Sm;Lower Manhattan
3.75;1;1;202304;Apr;Fri;Night;Low;Coffee;Barista Espresso;Latte;Lower Manhattan
101.25;27;27;202304;Apr;Fri;Morning;very high;Bakery;Pastry;Chocolate Croissant;Lower Manhattan
63.75;17;11;202304;Apr;Fri;Morning;very high;Coffee;Barista Espresso;Latte;Astoria
47.50;19;12;202304;Apr;Fri;Morning;High;Tea;Brewed Black tea;Earl Grey Rg;Astoria
30.00;12;8;202304;Apr;Fri;Morning;Med;Tea;Brewed Green tea;Serenity Green Tea Rg;Lower Manhattan
17.90;2;2;202304;Apr;Fri;Morning;Low;Loose Tea;Herbal tea;Peppermint;Lower Manhattan
37.40;17;10;202304;Apr;Fri;Morning;Med;Coffee;Gourmet brewed coffee;Ethiopia Sm;Lower Manhattan
17.50;5;5;202304;Apr;Fri;Morning;Low;Bakery;Biscotti;Chocolate Chip Biscotti;Astoria
58.90;19;11;202304;Apr;Fri;Morning;High;Tea;Brewed Chai tea;Spicy Eye Opener Chai Lg;Lower Manhattan
35.75;11;11;202304;Apr;Fri;Morning;Med;Bakery;Scone;Cranberry Scone;Lower Manhattan
48.45;19;10;202304;Apr;Fri;Morning;High;Tea;Brewed Chai tea;Spicy Eye Opener Chai Rg;Lower Manhattan
43.35;15;10;202304;Apr;Fri;Morning;High;Bakery;Scone;Ginger Scone;Lower Manhattan
28.60;13;9;202304;Apr;Fri;Morning;Med;Coffee;Gourmet brewed coffee;Ethiopia Sm;Astoria
9.75;3;3;202304;Apr;Fri;Morning;Low;Bakery;Scone;Cranberry Scone;Astoria
45.00;18;11;202304;Apr;Fri;Morning;High;Tea;Brewed Black tea;English Breakfast Rg;Astoria
37.50;15;13;202304;Apr;Fri;Morning;Med;Tea;Brewed Chai tea;Morning Sunrise Chai Rg;Lower Manhattan
52.50;15;15;202304;Apr;Fri;Morning;High;Bakery;Biscotti;Chocolate Chip Biscotti;Lower Manhattan
66.00;22;14;202304;Apr;Fri;Morning;very high;Tea;Brewed herbal tea;Lemon Grass Lg;Lower Manhattan
45.00;18;10;202304;Apr;Fri;Morning;High;Coffee;Drip coffee;Our Old Time Diner Blend Rg;Lower Manhattan
40.00;16;11;202304;Apr;Fri;Morning;Med;Tea;Brewed Chai tea;Morning Sunrise Chai Rg;Astoria
85.00;20;12;202304;Apr;Fri;Morning;very high;Coffee;Barista Espresso;Latte Rg;Lower Manhattan
10.40;13;11;202304;Apr;Fri;Morning;Low;Flavours;Regular syrup;Carmel syrup;Lower Manhattan
40.00;16;10;202304;Apr;Fri;Morning;Med;Tea;Brewed Chai tea;Traditional Blend Chai Rg;Lower Manhattan
33.00;11;7;202304;Apr;Fri;Morning;Med;Coffee;Gourmet brewed coffee;Ethiopia Rg;Astoria
30.00;8;8;202304;Apr;Fri;Morning;Med;Bakery;Pastry;Chocolate Croissant;Astoria
52.50;21;13;202304;Apr;Fri;Morning;High;Coffee;Drip coffee;Our Old Time Diner Blend Rg;Astoria
51.00;17;12;202304;Apr;Fri;Morning;High;Coffee;Gourmet brewed coffee;Columbian Medium Roast Lg;Astoria
78.75;21;11;202304;Apr;Fri;Morning;very high;Coffee;Barista Espresso;Cappuccino;Lower Manhattan
10.40;13;8;202304;Apr;Fri;Morning;Low;Flavours;Sugar free syrup;Sugar Free Vanilla syrup;Lower Manhattan
33.75;9;9;202304;Apr;Fri;Morning;Med;Bakery;Pastry;Almond Croissant;Lower Manhattan
52.70;17;11;202304;Apr;Fri;Morning;High;Tea;Brewed Chai tea;Spicy Eye Opener Chai Lg;Astoria
56.00;16;10;202304;Apr;Fri;Morning;High;Coffee;Gourmet brewed coffee;Ethiopia Lg;Lower Manhattan
56.00;14;11;202304;Apr;Fri;Morning;High;Tea;Brewed Chai tea;Morning Sunrise Chai Lg;Astoria
42.25;13;13;202304;Apr;Fri;Morning;High;Bakery;Scone;Ginger Scone;Astoria
60.00;16;12;202304;Apr;Fri;Morning;High;Coffee;Barista Espresso;Cappuccino;Astoria
37.50;10;10;202304;Apr;Fri;Morning;Med;Bakery;Scone;Jumbo Savory Scone;Astoria
136.00;34;19;202304;Apr;Fri;Morning;very high;Tea;Brewed Chai tea;Morning Sunrise Chai Lg;Lower Manhattan
45.00;12;12;202304;Apr;Fri;Morning;High;Bakery;Scone;Jumbo Savory Scone;Lower Manhattan
42.50;10;7;202304;Apr;Fri;Morning;High;Coffee;Barista Espresso;Cappuccino Lg;Lower Manhattan
21.00;1;1;202304;Apr;Fri;Morning;Med;Coffee beans;Gourmet Beans;Ethiopia;Lower Manhattan
60.00;20;13;202304;Apr;Fri;Morning;High;Tea;Brewed Black tea;Earl Grey Lg;Lower Manhattan
63.00;14;10;202304;Apr;Fri;Morning;very high;Drinking Chocolate;Hot chocolate;Dark chocolate Lg;Astoria
51.45;21;12;202304;Apr;Fri;Morning;High;Coffee;Premium brewed coffee;Jamaican Coffee River Sm;Lower Manhattan
159.00;7;7;202304;Apr;Fri;Morning;very high;Coffee beans;Organic Beans;Organic Decaf Blend;Lower Manhattan
48.40;22;14;202304;Apr;Fri;Morning;High;Coffee;Organic brewed coffee;Brazilian Sm;Lower Manhattan
30.00;12;8;202304;Apr;Fri;Morning;Med;Tea;Brewed herbal tea;Lemon Grass Rg;Lower Manhattan
48.00;16;9;202304;Apr;Fri;Morning;High;Tea;Brewed Chai tea;Traditional Blend Chai Lg;Astoria
42.00;14;10;202304;Apr;Fri;Morning;High;Tea;Brewed Chai tea;Traditional Blend Chai Lg;Lower Manhattan
18.00;6;4;202304;Apr;Fri;Morning;Low;Tea;Brewed Black tea;English Breakfast Lg;Lower Manhattan
33.00;11;11;202304;Apr;Fri;Morning;Med;Bakery;Scone;Oatmeal Scone;Lower Manhattan
72.00;24;16;202304;Apr;Fri;Morning;very high;Coffee;Organic brewed coffee;Brazilian Rg;Lower Manhattan
21.70;7;6;202304;Apr;Fri;Morning;Med;Coffee;Premium brewed coffee;Jamaican Coffee River Rg;Lower Manhattan
85.00;20;14;202304;Apr;Fri;Morning;very high;Coffee;Barista Espresso;Cappuccino Lg;Hell's Kitchen
45.00;18;14;202304;Apr;Fri;Morning;High;Tea;Brewed herbal tea;Peppermint Rg;Hell's Kitchen
42.25;13;13;202304;Apr;Fri;Morning;High;Bakery;Scone;Ginger Scone;Hell's Kitchen
57.00;19;13;202304;Apr;Fri;Morning;High;Tea;Brewed Black tea;English Breakfast Lg;Hell's Kitchen
63.00;14;14;202304;Apr;Fri;Morning;very high;Bakery;Scone;Scottish Cream Scone ;Hell's Kitchen
56.10;22;15;202304;Apr;Fri;Morning;High;Tea;Brewed Chai tea;Spicy Eye Opener Chai Rg;Hell's Kitchen
19.60;8;5;202304;Apr;Fri;Morning;Low;Coffee;Premium brewed coffee;Jamaican Coffee River Sm;Astoria
48.75;13;8;202304;Apr;Fri;Morning;High;Drinking Chocolate;Hot chocolate;Sustainably Grown Organic Rg;Astoria
7.50;2;2;202304;Apr;Fri;Morning;Low;Bakery;Pastry;Almond Croissant;Astoria
45.00;15;9;202304;Apr;Fri;Morning;High;Coffee;Barista Espresso;Espresso shot;Hell's Kitchen
20.00;25;16;202304;Apr;Fri;Morning;Low;Flavours;Regular syrup;Hazelnut syrup;Hell's Kitchen
18.40;23;16;202304;Apr;Fri;Morning;Low;Flavours;Sugar free syrup;Sugar Free Vanilla syrup;Hell's Kitchen
66.50;19;13;202304;Apr;Fri;Morning;very high;Coffee;Gourmet brewed coffee;Ethiopia Lg;Hell's Kitchen
49.00;14;9;202304;Apr;Fri;Morning;High;Drinking Chocolate;Hot chocolate;Dark chocolate Rg;Hell's Kitchen
32.00;16;11;202304;Apr;Fri;Morning;Med;Coffee;Drip coffee;Our Old Time Diner Blend Sm;Astoria
57.00;19;12;202304;Apr;Fri;Morning;High;Tea;Brewed Green tea;Serenity Green Tea Lg;Lower Manhattan
52.50;14;10;202304;Apr;Fri;Morning;High;Coffee;Premium brewed coffee;Jamaican Coffee River Lg;Lower Manhattan
35.00;10;10;202304;Apr;Fri;Morning;Med;Bakery;Pastry;Croissant;Lower Manhattan
37.20;12;9;202304;Apr;Fri;Morning;Med;Coffee;Premium brewed coffee;Jamaican Coffee River Rg;Astoria
127.50;34;19;202304;Apr;Fri;Morning;very high;Coffee;Premium brewed coffee;Jamaican Coffee River Lg;Hell's Kitchen
42.00;12;12;202304;Apr;Fri;Morning;High;Bakery;Pastry;Croissant;Hell's Kitchen
105.00;28;18;202304;Apr;Fri;Morning;very high;Coffee;Barista Espresso;Latte;Hell's Kitchen
37.50;15;11;202304;Apr;Fri;Morning;Med;Tea;Brewed Black tea;Earl Grey Rg;Hell's Kitchen
66.00;22;14;202304;Apr;Fri;Morning;very high;Coffee;Barista Espresso;Espresso shot;Lower Manhattan
45.00;15;9;202304;Apr;Fri;Morning;High;Coffee;Organic brewed coffee;Brazilian Rg;Astoria
54.00;18;10;202304;Apr;Fri;Morning;High;Tea;Brewed herbal tea;Peppermint Lg;Lower Manhattan
63.00;21;13;202304;Apr;Fri;Morning;very high;Coffee;Drip coffee;Our Old Time Diner Blend Lg;Hell's Kitchen
15.20;19;13;202304;Apr;Fri;Morning;Low;Flavours;Regular syrup;Hazelnut syrup;Lower Manhattan
48.00;16;10;202304;Apr;Fri;Morning;High;Tea;Brewed Black tea;Earl Grey Lg;Hell's Kitchen
40.80;16;10;202304;Apr;Fri;Morning;very high;Tea;Brewed Chai tea;Spicy Eye Opener Chai Rg;Astoria
67.50;15;8;202304;Apr;Fri;Morning;very high;Drinking Chocolate;Hot chocolate;Dark chocolate Lg;Lower Manhattan
32.00;16;10;202304;Apr;Fri;Morning;Med;Coffee;Drip coffee;Our Old Time Diner Blend Sm;Lower Manhattan
116.00;29;19;202304;Apr;Fri;Morning;very high;Tea;Brewed Chai tea;Morning Sunrise Chai Lg;Hell's Kitchen
55.25;13;10;202304;Apr;Fri;Morning;High;Coffee;Barista Espresso;Latte Rg;Astoria
51.00;17;11;202304;Apr;Fri;Morning;High;Tea;Brewed herbal tea;Lemon Grass Lg;Astoria
49.60;16;12;202304;Apr;Fri;Morning;High;Coffee;Premium brewed coffee;Jamaican Coffee River Rg;Hell's Kitchen
50.60;23;14;202304;Apr;Fri;Morning;High;Coffee;Organic brewed coffee;Brazilian Sm;Hell's Kitchen
36.00;18;11;202304;Apr;Fri;Morning;Med;Coffee;Gourmet brewed coffee;Columbian Medium Roast Sm;Astoria
11.00;5;5;202304;Apr;Fri;Morning;Low;Coffee;Organic brewed coffee;Brazilian Sm;Astoria
63.00;21;18;202304;Apr;Fri;Morning;very high;Coffee;Organic brewed coffee;Brazilian Rg;Hell's Kitchen
48.75;13;13;202304;Apr;Fri;Morning;High;Bakery;Pastry;Almond Croissant;Hell's Kitchen
75.00;25;17;202304;Apr;Fri;Morning;very high;Tea;Brewed herbal tea;Peppermint Lg;Hell's Kitchen
14.40;18;12;202304;Apr;Fri;Morning;Low;Flavours;Regular syrup;Chocolate syrup;Lower Manhattan
48.00;24;16;202304;Apr;Fri;Morning;High;Coffee;Drip coffee;Our Old Time Diner Blend Sm;Hell's Kitchen
52.50;21;13;202304;Apr;Fri;Morning;High;Tea;Brewed herbal tea;Peppermint Rg;Astoria
77.50;31;18;202304;Apr;Fri;Morning;very high;Tea;Brewed Black tea;English Breakfast Rg;Lower Manhattan
44.00;22;14;202304;Apr;Fri;Morning;High;Coffee;Gourmet brewed coffee;Columbian Medium Roast Sm;Hell's Kitchen
58.80;24;15;202304;Apr;Fri;Morning;High;Coffee;Premium brewed coffee;Jamaican Coffee River Sm;Hell's Kitchen
16.25;5;5;202304;Apr;Fri;Morning;Low;Bakery;Biscotti;Hazelnut Biscotti;Lower Manhattan
7.00;2;2;202304;Apr;Fri;Morning;Low;Bakery;Biscotti;Ginger Biscotti;Astoria
48.75;13;8;202304;Apr;Fri;Morning;High;Coffee;Barista Espresso;Latte;Lower Manhattan
71.25;15;11;202304;Apr;Fri;Morning;very high;Drinking Chocolate;Hot chocolate;Sustainably Grown Organic Lg;Astoria
26.00;8;8;202304;Apr;Fri;Morning;Med;Bakery;Scone;Cranberry Scone;Hell's Kitchen
17.50;5;5;202304;Apr;Fri;Morning;Low;Bakery;Biscotti;Chocolate Chip Biscotti;Hell's Kitchen
43.40;14;8;202304;Apr;Fri;Morning;High;Tea;Brewed Chai tea;Spicy Eye Opener Chai Lg;Hell's Kitchen
75.00;20;14;202304;Apr;Fri;Morning;very high;Coffee;Barista Espresso;Cappuccino;Hell's Kitchen
51.00;12;9;202304;Apr;Fri;Morning;High;Coffee;Barista Espresso;Latte Rg;Hell's Kitchen
49.00;14;9;202304;Apr;Fri;Morning;High;Coffee;Organic brewed coffee;Brazilian Lg;Astoria
32.50;13;9;202304;Apr;Fri;Morning;Med;Coffee;Drip coffee;Our Old Time Diner Blend Rg;Hell's Kitchen
29.25;9;9;202304;Apr;Fri;Morning;Med;Bakery;Biscotti;Hazelnut Biscotti;Hell's Kitchen
47.50;19;13;202304;Apr;Fri;Morning;High;Coffee;Gourmet brewed coffee;Columbian Medium Roast Rg;Hell's Kitchen
40.00;16;12;202304;Apr;Fri;Morning;Med;Tea;Brewed Chai tea;Morning Sunrise Chai Rg;Hell's Kitchen
62.50;25;16;202304;Apr;Fri;Morning;very high;Tea;Brewed Chai tea;Traditional Blend Chai Rg;Hell's Kitchen
41.25;11;11;202304;Apr;Fri;Morning;High;Bakery;Scone;Jumbo Savory Scone;Hell's Kitchen
56.00;16;9;202304;Apr;Fri;Morning;High;Coffee;Organic brewed coffee;Brazilian Lg;Hell's Kitchen
45.00;18;9;202304;Apr;Fri;Morning;High;Tea;Brewed herbal tea;Peppermint Rg;Lower Manhattan
60.00;24;16;202304;Apr;Fri;Morning;High;Tea;Brewed Chai tea;Traditional Blend Chai Rg;Astoria
37.50;15;11;202304;Apr;Fri;Morning;Med;Tea;Brewed Black tea;English Breakfast Rg;Hell's Kitchen
82.50;22;22;202304;Apr;Fri;Morning;very high;Bakery;Pastry;Chocolate Croissant;Hell's Kitchen
66.00;22;14;202304;Apr;Fri;Morning;very high;Tea;Brewed Chai tea;Traditional Blend Chai Lg;Hell's Kitchen
108.00;6;6;202304;Apr;Fri;Morning;very high;Coffee beans;House blend Beans;Our Old Time Diner Blend;Hell's Kitchen
18.00;4;4;202304;Apr;Fri;Morning;Low;Bakery;Scone;Scottish Cream Scone ;Astoria
24.00;12;8;202304;Apr;Fri;Morning;Med;Coffee;Gourmet brewed coffee;Columbian Medium Roast Sm;Lower Manhattan
36.00;2;2;202304;Apr;Fri;Morning;Med;Coffee beans;House blend Beans;Our Old Time Diner Blend;Lower Manhattan
65.00;26;15;202304;Apr;Fri;Morning;very high;Coffee;Gourmet brewed coffee;Columbian Medium Roast Rg;Astoria
33.00;11;7;202304;Apr;Fri;Morning;Med;Tea;Brewed Black tea;English Breakfast Lg;Astoria
121.50;27;18;202304;Apr;Fri;Morning;very high;Drinking Chocolate;Hot chocolate;Dark chocolate Lg;Hell's Kitchen
52.50;21;12;202304;Apr;Fri;Morning;High;Coffee;Gourmet brewed coffee;Columbian Medium Roast Rg;Lower Manhattan
99.75;21;12;202304;Apr;Fri;Morning;very high;Drinking Chocolate;Hot chocolate;Sustainably Grown Organic Lg;Lower Manhattan
60.00;24;14;202304;Apr;Fri;Morning;High;Tea;Brewed Green tea;Serenity Green Tea Rg;Hell's Kitchen
67.50;18;11;202304;Apr;Fri;Morning;very high;Drinking Chocolate;Hot chocolate;Sustainably Grown Organic Rg;Hell's Kitchen
52.50;15;14;202304;Apr;Fri;Morning;High;Bakery;Biscotti;Ginger Biscotti;Hell's Kitchen
48.00;16;11;202304;Apr;Fri;Morning;High;Coffee;Gourmet brewed coffee;Ethiopia Rg;Lower Manhattan
76.00;16;11;202304;Apr;Fri;Morning;very high;Drinking Chocolate;Hot chocolate;Sustainably Grown Organic Lg;Hell's Kitchen
19.75;1;1;202304;Apr;Fri;Morning;Low;Coffee beans;Premium Beans;Jamacian Coffee River;Lower Manhattan
18.00;1;1;202304;Apr;Fri;Morning;Low;Coffee beans;Organic Beans;Brazilian - Organic;Hell's Kitchen
36.00;12;8;202304;Apr;Fri;Morning;Med;Coffee;Drip coffee;Our Old Time Diner Blend Lg;Astoria
21.00;6;6;202304;Apr;Fri;Morning;Med;Coffee;Gourmet brewed coffee;Ethiopia Lg;Astoria
38.50;11;7;202304;Apr;Fri;Morning;Med;Drinking Chocolate;Hot chocolate;Dark chocolate Rg;Lower Manhattan
42.50;17;10;202304;Apr;Fri;Morning;High;Tea;Brewed Black tea;Earl Grey Rg;Lower Manhattan
42.00;12;8;202304;Apr;Fri;Morning;High;Coffee;Organic brewed coffee;Brazilian Lg;Lower Manhattan
45.00;15;10;202304;Apr;Fri;Morning;High;Coffee;Gourmet brewed coffee;Ethiopia Rg;Hell's Kitchen
57.00;19;13;202304;Apr;Fri;Morning;High;Tea;Brewed herbal tea;Lemon Grass Lg;Hell's Kitchen
9.00;3;3;202304;Apr;Fri;Morning;Low;Bakery;Scone;Oatmeal Scone;Astoria
9.50;1;1;202304;Apr;Fri;Morning;Low;Loose Tea;Chai tea;Morning Sunrise Chai;Hell's Kitchen
8.95;1;1;202304;Apr;Fri;Morning;Low;Loose Tea;Black tea;English Breakfast;Lower Manhattan
61.35;3;3;202304;Apr;Fri;Morning;very high;Coffee beans;Espresso Beans;Primo Espresso Roast;Hell's Kitchen
17.50;5;4;202304;Apr;Fri;Morning;Low;Drinking Chocolate;Hot chocolate;Dark chocolate Rg;Astoria
42.50;17;13;202304;Apr;Fri;Morning;High;Tea;Brewed herbal tea;Lemon Grass Rg;Hell's Kitchen
22.50;9;6;202304;Apr;Fri;Morning;Med;Tea;Brewed herbal tea;Lemon Grass Rg;Astoria
39.00;13;10;202304;Apr;Fri;Morning;Med;Tea;Brewed Green tea;Serenity Green Tea Lg;Hell's Kitchen
57.00;19;11;202304;Apr;Fri;Morning;High;Coffee;Gourmet brewed coffee;Columbian Medium Roast Lg;Lower Manhattan
26.25;7;7;202304;Apr;Fri;Morning;Med;Coffee;Premium brewed coffee;Jamaican Coffee River Lg;Astoria
10.40;13;9;202304;Apr;Fri;Morning;Low;Flavours;Regular syrup;Carmel syrup;Hell's Kitchen
18.00;6;6;202304;Apr;Fri;Morning;Low;Bakery;Scone;Oatmeal Scone;Hell's Kitchen
3.00;1;1;202304;Apr;Fri;Night;Low;Coffee;Gourmet brewed coffee;Ethiopia Rg;Lower Manhattan
56.00;16;10;202304;Apr;Fri;Afternoon;High;Coffee;Gourmet brewed coffee;Ethiopia Lg;Hell's Kitchen
14.00;7;5;202304;Apr;Fri;Afternoon;Low;Coffee;Drip coffee;Our Old Time Diner Blend Sm;Lower Manhattan
19.80;9;6;202304;Apr;Fri;Afternoon;Low;Coffee;Organic brewed coffee;Brazilian Sm;Astoria
16.25;5;5;202304;Apr;Fri;Afternoon;Low;Bakery;Biscotti;Hazelnut Biscotti;Astoria
28.00;8;5;202304;Apr;Fri;Afternoon;Med;Coffee;Organic brewed coffee;Brazilian Lg;Astoria
21.00;7;5;202304;Apr;Fri;Afternoon;Med;Tea;Brewed Green tea;Serenity Green Tea Lg;Astoria
21.25;5;3;202304;Apr;Fri;Afternoon;Med;Coffee;Barista Espresso;Latte Rg;Hell's Kitchen
15.00;5;3;202304;Apr;Fri;Afternoon;Low;Tea;Brewed herbal tea;Lemon Grass Lg;Lower Manhattan
34.20;12;9;202304;Apr;Fri;Afternoon;Med;Bakery;Scone;Ginger Scone;Lower Manhattan
15.00;5;3;202304;Apr;Fri;Afternoon;Low;Coffee;Drip coffee;Our Old Time Diner Blend Lg;Astoria
38.50;11;8;202304;Apr;Fri;Afternoon;Med;Coffee;Organic brewed coffee;Brazilian Lg;Hell's Kitchen
15.00;4;4;202304;Apr;Fri;Afternoon;Low;Bakery;Pastry;Chocolate Croissant;Hell's Kitchen
17.00;4;2;202304;Apr;Fri;Afternoon;Low;Coffee;Barista Espresso;Latte Rg;Lower Manhattan
3.20;4;2;202304;Apr;Fri;Afternoon;Low;Flavours;Regular syrup;Hazelnut syrup;Lower Manhattan
5.00;2;2;202304;Apr;Fri;Afternoon;Low;Coffee;Gourmet brewed coffee;Columbian Medium Roast Rg;Lower Manhattan
33.75;9;6;202304;Apr;Fri;Afternoon;Med;Coffee;Barista Espresso;Cappuccino;Lower Manhattan
18.75;5;5;202304;Apr;Fri;Afternoon;Low;Bakery;Pastry;Almond Croissant;Lower Manhattan
27.00;9;8;202304;Apr;Fri;Afternoon;Med;Coffee;Gourmet brewed coffee;Ethiopia Rg;Hell's Kitchen
10.50;3;3;202304;Apr;Fri;Afternoon;Low;Bakery;Biscotti;Ginger Biscotti;Hell's Kitchen
22.50;6;3;202304;Apr;Fri;Afternoon;Med;Drinking Chocolate;Hot chocolate;Sustainably Grown Organic Rg;Hell's Kitchen
18.00;6;4;202304;Apr;Fri;Afternoon;Low;Coffee;Barista Espresso;Espresso shot;Astoria
17.50;7;4;202304;Apr;Fri;Afternoon;Low;Coffee;Gourmet brewed coffee;Columbian Medium Roast Rg;Hell's Kitchen
18.75;5;5;202304;Apr;Fri;Afternoon;Low;Bakery;Pastry;Almond Croissant;Hell's Kitchen
49.50;11;8;202304;Apr;Fri;Afternoon;High;Drinking Chocolate;Hot chocolate;Dark chocolate Lg;Hell's Kitchen
22.50;9;5;202304;Apr;Fri;Afternoon;Med;Tea;Brewed Green tea;Serenity Green Tea Rg;Astoria
10.50;3;3;202304;Apr;Fri;Afternoon;Low;Bakery;Biscotti;Chocolate Chip Biscotti;Astoria
18.00;6;4;202304;Apr;Fri;Afternoon;Low;Tea;Brewed herbal tea;Peppermint Lg;Lower Manhattan
5.00;2;2;202304;Apr;Fri;Afternoon;Low;Coffee;Gourmet brewed coffee;Columbian Medium Roast Rg;Astoria
5.00;2;1;202304;Apr;Fri;Afternoon;Low;Tea;Brewed Chai tea;Morning Sunrise Chai Rg;Lower Manhattan
45.00;10;5;202304;Apr;Fri;Afternoon;High;Drinking Chocolate;Hot chocolate;Dark chocolate Lg;Astoria
22.50;9;5;202304;Apr;Fri;Afternoon;Med;Tea;Brewed herbal tea;Peppermint Rg;Lower Manhattan
18.00;6;4;202304;Apr;Fri;Afternoon;Low;Tea;Brewed herbal tea;Lemon Grass Lg;Hell's Kitchen
17.50;7;4;202304;Apr;Fri;Afternoon;Low;Tea;Brewed herbal tea;Lemon Grass Rg;Lower Manhattan
10.00;4;3;202304;Apr;Fri;Afternoon;Low;Tea;Brewed Green tea;Serenity Green Tea Rg;Lower Manhattan
30.00;12;8;202304;Apr;Fri;Afternoon;Med;Tea;Brewed herbal tea;Lemon Grass Rg;Astoria
12.50;5;5;202304;Apr;Fri;Afternoon;Low;Tea;Brewed Black tea;English Breakfast Rg;Astoria
6.20;2;1;202304;Apr;Fri;Afternoon;Low;Tea;Brewed Chai tea;Spicy Eye Opener Chai Lg;Hell's Kitchen
16.25;5;5;202304;Apr;Fri;Afternoon;Low;Bakery;Scone;Cranberry Scone;Hell's Kitchen
46.75;11;6;202304;Apr;Fri;Afternoon;High;Coffee;Barista Espresso;Latte Rg;Astoria
7.50;3;2;202304;Apr;Fri;Afternoon;Low;Tea;Brewed Chai tea;Morning Sunrise Chai Rg;Astoria
3.50;1;1;202304;Apr;Fri;Afternoon;Low;Bakery;Biscotti;Ginger Biscotti;Astoria
15.00;5;4;202304;Apr;Fri;Afternoon;Low;Coffee;Gourmet brewed coffee;Columbian Medium Roast Lg;Hell's Kitchen
19.80;9;5;202304;Apr;Fri;Afternoon;Low;Coffee;Gourmet brewed coffee;Ethiopia Sm;Hell's Kitchen
18.00;6;5;202304;Apr;Fri;Afternoon;Low;Tea;Brewed Green tea;Serenity Green Tea Lg;Hell's Kitchen
12.00;6;4;202304;Apr;Fri;Afternoon;Low;Coffee;Drip coffee;Our Old Time Diner Blend Sm;Astoria
12.50;5;4;202304;Apr;Fri;Afternoon;Low;Tea;Brewed Chai tea;Morning Sunrise Chai Rg;Hell's Kitchen
22.50;9;6;202304;Apr;Fri;Afternoon;Med;Tea;Brewed Green tea;Serenity Green Tea Rg;Hell's Kitchen
48.00;16;10;202304;Apr;Fri;Afternoon;High;Coffee;Organic brewed coffee;Brazilian Rg;Hell's Kitchen
41.25;11;7;202304;Apr;Fri;Afternoon;High;Coffee;Premium brewed coffee;Jamaican Coffee River Lg;Astoria
37.50;10;8;202304;Apr;Fri;Afternoon;Med;Coffee;Barista Espresso;Cappuccino;Hell's Kitchen
0.80;1;1;202304;Apr;Fri;Afternoon;Low;Flavours;Regular syrup;Chocolate syrup;Hell's Kitchen
26.25;7;5;202304;Apr;Fri;Afternoon;Med;Coffee;Barista Espresso;Cappuccino;Astoria
17.50;5;5;202304;Apr;Fri;Afternoon;Low;Bakery;Biscotti;Chocolate Chip Biscotti;Hell's Kitchen
31.00;10;7;202304;Apr;Fri;Afternoon;Med;Coffee;Premium brewed coffee;Jamaican Coffee River Rg;Astoria
12.00;4;4;202304;Apr;Fri;Afternoon;Low;Coffee;Organic brewed coffee;Brazilian Rg;Astoria
13.00;4;4;202304;Apr;Fri;Afternoon;Low;Bakery;Scone;Ginger Scone;Astoria
40.00;10;7;202304;Apr;Fri;Afternoon;Med;Tea;Brewed Chai tea;Morning Sunrise Chai Lg;Hell's Kitchen
17.15;7;5;202304;Apr;Fri;Afternoon;Low;Coffee;Premium brewed coffee;Jamaican Coffee River Sm;Hell's Kitchen
21.00;7;4;202304;Apr;Fri;Afternoon;Med;Tea;Brewed Black tea;English Breakfast Lg;Hell's Kitchen
9.00;3;2;202304;Apr;Fri;Afternoon;Low;Tea;Brewed Chai tea;Traditional Blend Chai Lg;Hell's Kitchen
5.60;7;5;202304;Apr;Fri;Afternoon;Low;Flavours;Sugar free syrup;Sugar Free Vanilla syrup;Hell's Kitchen
22.50;9;8;202304;Apr;Fri;Afternoon;Med;Tea;Brewed herbal tea;Peppermint Rg;Astoria
42.00;14;8;202304;Apr;Fri;Afternoon;High;Coffee;Gourmet brewed coffee;Ethiopia Rg;Astoria
42.75;9;5;202304;Apr;Fri;Afternoon;High;Drinking Chocolate;Hot chocolate;Sustainably Grown Organic Lg;Hell's Kitchen
22.50;9;6;202304;Apr;Fri;Afternoon;Med;Coffee;Drip coffee;Our Old Time Diner Blend Rg;Hell's Kitchen
11.00;5;3;202304;Apr;Fri;Afternoon;Low;Coffee;Organic brewed coffee;Brazilian Sm;Hell's Kitchen
2.50;1;1;202304;Apr;Fri;Afternoon;Low;Tea;Brewed Chai tea;Traditional Blend Chai Rg;Astoria
15.00;5;4;202304;Apr;Fri;Afternoon;Low;Tea;Brewed Black tea;English Breakfast Lg;Astoria
7.50;2;2;202304;Apr;Fri;Afternoon;Low;Bakery;Pastry;Chocolate Croissant;Astoria
9.00;3;3;202304;Apr;Fri;Afternoon;Low;Bakery;Scone;Oatmeal Scone;Hell's Kitchen
28.00;8;7;202304;Apr;Fri;Afternoon;Med;Drinking Chocolate;Hot chocolate;Dark chocolate Rg;Hell's Kitchen
24.00;12;7;202304;Apr;Fri;Afternoon;Med;Coffee;Drip coffee;Our Old Time Diner Blend Sm;Hell's Kitchen
9.00;2;2;202304;Apr;Fri;Afternoon;Low;Bakery;Scone;Scottish Cream Scone ;Hell's Kitchen
13.50;3;3;202304;Apr;Fri;Afternoon;Low;Bakery;Scone;Scottish Cream Scone ;Astoria
2.50;1;1;202304;Apr;Fri;Afternoon;Low;Tea;Brewed Black tea;English Breakfast Rg;Hell's Kitchen
10.20;4;3;202304;Apr;Fri;Afternoon;Low;Tea;Brewed Chai tea;Spicy Eye Opener Chai Rg;Hell's Kitchen
9.75;3;3;202304;Apr;Fri;Afternoon;Low;Bakery;Biscotti;Hazelnut Biscotti;Hell's Kitchen
17.00;4;3;202304;Apr;Fri;Afternoon;Low;Coffee;Barista Espresso;Cappuccino Lg;Hell's Kitchen
18.60;6;4;202304;Apr;Fri;Afternoon;Low;Tea;Brewed Chai tea;Spicy Eye Opener Chai Lg;Astoria
12.25;5;3;202304;Apr;Fri;Afternoon;Low;Coffee;Premium brewed coffee;Jamaican Coffee River Sm;Astoria
15.00;4;3;202304;Apr;Fri;Afternoon;Low;Coffee;Barista Espresso;Latte;Hell's Kitchen
12.00;4;3;202304;Apr;Fri;Afternoon;Low;Tea;Brewed Chai tea;Traditional Blend Chai Lg;Astoria
10.20;4;3;202304;Apr;Fri;Afternoon;Low;Tea;Brewed Chai tea;Spicy Eye Opener Chai Rg;Astoria
18.75;5;4;202304;Apr;Fri;Afternoon;Low;Drinking Chocolate;Hot chocolate;Sustainably Grown Organic Rg;Astoria
18.00;9;5;202304;Apr;Fri;Afternoon;Low;Coffee;Gourmet brewed coffee;Columbian Medium Roast Sm;Hell's Kitchen
10.95;1;1;202304;Apr;Fri;Afternoon;Low;Loose Tea;Chai tea;Spicy Eye Opener Chai;Hell's Kitchen
9.75;3;3;202304;Apr;Fri;Afternoon;Low;Bakery;Scone;Cranberry Scone;Astoria
32.00;8;5;202304;Apr;Fri;Afternoon;Med;Tea;Brewed Chai tea;Morning Sunrise Chai Lg;Astoria
2.20;1;1;202304;Apr;Fri;Night;Low;Coffee;Organic brewed coffee;Brazilian Sm;Hell's Kitchen
24.80;8;5;202304;Apr;Fri;Evening;Med;Coffee;Premium brewed coffee;Jamaican Coffee River Rg;Astoria
15.40;7;4;202304;Apr;Fri;Evening;Low;Coffee;Organic brewed coffee;Brazilian Sm;Astoria
15.00;5;5;202304;Apr;Fri;Evening;Low;Tea;Brewed herbal tea;Lemon Grass Lg;Astoria
13.00;4;4;202304;Apr;Fri;Evening;Low;Bakery;Scone;Ginger Scone;Astoria
25.00;10;7;202304;Apr;Fri;Evening;Med;Tea;Brewed Chai tea;Morning Sunrise Chai Rg;Astoria
30.00;10;7;202304;Apr;Fri;Evening;Med;Coffee;Barista Espresso;Espresso shot;Hell's Kitchen
7.20;9;5;202304;Apr;Fri;Evening;Low;Flavours;Regular syrup;Carmel syrup;Hell's Kitchen
27.90;9;6;202304;Apr;Fri;Evening;Med;Coffee;Premium brewed coffee;Jamaican Coffee River Rg;Hell's Kitchen
24.50;7;7;202304;Apr;Fri;Evening;Med;Coffee;Organic brewed coffee;Brazilian Lg;Astoria
13.00;4;4;202304;Apr;Fri;Evening;Low;Bakery;Biscotti;Hazelnut Biscotti;Astoria
36.00;12;7;202304;Apr;Fri;Evening;Med;Tea;Brewed Black tea;Earl Grey Lg;Astoria
10.50;3;3;202304;Apr;Fri;Evening;Low;Bakery;Pastry;Croissant;Hell's Kitchen
24.00;8;5;202304;Apr;Fri;Evening;Med;Coffee;Drip coffee;Our Old Time Diner Blend Lg;Astoria
15.00;4;4;202304;Apr;Fri;Evening;Low;Bakery;Pastry;Almond Croissant;Astoria
18.00;9;6;202304;Apr;Fri;Evening;Low;Coffee;Drip coffee;Our Old Time Diner Blend Sm;Hell's Kitchen
14.00;4;2;202304;Apr;Fri;Evening;Low;Coffee;Gourmet brewed coffee;Ethiopia Lg;Astoria
20.00;8;7;202304;Apr;Fri;Evening;Low;Coffee;Gourmet brewed coffee;Columbian Medium Roast Rg;Astoria
33.00;11;7;202304;Apr;Fri;Evening;Med;Coffee;Barista Espresso;Espresso shot;Astoria
30.00;12;7;202304;Apr;Fri;Evening;Med;Tea;Brewed Chai tea;Traditional Blend Chai Rg;Hell's Kitchen
13.00;4;4;202304;Apr;Fri;Evening;Low;Bakery;Biscotti;Hazelnut Biscotti;Hell's Kitchen
10.00;4;3;202304;Apr;Fri;Evening;Low;Tea;Brewed Green tea;Serenity Green Tea Rg;Astoria
21.00;7;4;202304;Apr;Fri;Evening;Med;Coffee;Gourmet brewed coffee;Ethiopia Rg;Hell's Kitchen
38.25;9;5;202304;Apr;Fri;Evening;Med;Coffee;Barista Espresso;Cappuccino Lg;Astoria
15.00;4;3;202304;Apr;Fri;Evening;Low;Drinking Chocolate;Hot chocolate;Sustainably Grown Organic Rg;Astoria
11.25;3;3;202304;Apr;Fri;Evening;Low;Bakery;Scone;Jumbo Savory Scone;Astoria
33.75;9;6;202304;Apr;Fri;Evening;Med;Coffee;Barista Espresso;Latte;Hell's Kitchen
4.00;5;3;202304;Apr;Fri;Evening;Low;Flavours;Regular syrup;Hazelnut syrup;Hell's Kitchen
20.00;8;5;202304;Apr;Fri;Evening;Low;Tea;Brewed Chai tea;Traditional Blend Chai Rg;Astoria
30.00;12;9;202304;Apr;Fri;Evening;Med;Tea;Brewed herbal tea;Peppermint Rg;Astoria
31.50;7;4;202304;Apr;Fri;Evening;Med;Drinking Chocolate;Hot chocolate;Dark chocolate Lg;Astoria
6.00;2;2;202304;Apr;Fri;Evening;Low;Bakery;Scone;Oatmeal Scone;Astoria
24.50;10;6;202304;Apr;Fri;Evening;Med;Coffee;Premium brewed coffee;Jamaican Coffee River Sm;Hell's Kitchen
11.25;3;2;202304;Apr;Fri;Evening;Low;Drinking Chocolate;Hot chocolate;Sustainably Grown Organic Rg;Hell's Kitchen
17.50;7;6;202304;Apr;Fri;Evening;Low;Tea;Brewed Black tea;Earl Grey Rg;Hell's Kitchen
21.00;7;6;202304;Apr;Fri;Evening;Med;Tea;Brewed Black tea;English Breakfast Lg;Astoria
38.50;11;7;202304;Apr;Fri;Evening;Med;Coffee;Gourmet brewed coffee;Ethiopia Lg;Hell's Kitchen
24.50;7;5;202304;Apr;Fri;Evening;Med;Coffee;Organic brewed coffee;Brazilian Lg;Hell's Kitchen
45.00;15;8;202304;Apr;Fri;Evening;High;Tea;Brewed Chai tea;Traditional Blend Chai Lg;Hell's Kitchen
26.00;8;8;202304;Apr;Fri;Evening;Med;Bakery;Scone;Cranberry Scone;Hell's Kitchen
48.75;13;9;202304;Apr;Fri;Evening;High;Coffee;Barista Espresso;Latte;Astoria
18.00;6;5;202304;Apr;Fri;Evening;Low;Tea;Brewed Green tea;Serenity Green Tea Lg;Astoria
15.00;5;4;202304;Apr;Fri;Evening;Low;Tea;Brewed Green tea;Serenity Green Tea Lg;Hell's Kitchen
11.25;3;3;202304;Apr;Fri;Evening;Low;Bakery;Pastry;Almond Croissant;Hell's Kitchen
39.00;13;8;202304;Apr;Fri;Evening;Med;Coffee;Gourmet brewed coffee;Columbian Medium Roast Lg;Astoria
47.50;19;13;202304;Apr;Fri;Evening;High;Tea;Brewed Black tea;Earl Grey Rg;Astoria
28.00;7;4;202304;Apr;Fri;Evening;Med;Tea;Brewed Chai tea;Morning Sunrise Chai Lg;Astoria
28.50;6;4;202304;Apr;Fri;Evening;Med;Drinking Chocolate;Hot chocolate;Sustainably Grown Organic Lg;Hell's Kitchen
7.00;2;2;202304;Apr;Fri;Evening;Low;Bakery;Pastry;Croissant;Astoria
46.75;11;8;202304;Apr;Fri;Evening;High;Coffee;Barista Espresso;Cappuccino Lg;Hell's Kitchen
25.50;6;5;202304;Apr;Fri;Evening;Med;Coffee;Barista Espresso;Latte Rg;Hell's Kitchen
0.80;1;1;202304;Apr;Fri;Evening;Low;Flavours;Regular syrup;Chocolate syrup;Hell's Kitchen
11.25;3;3;202304;Apr;Fri;Evening;Low;Bakery;Scone;Jumbo Savory Scone;Hell's Kitchen
42.75;9;6;202304;Apr;Fri;Evening;High;Drinking Chocolate;Hot chocolate;Sustainably Grown Organic Lg;Astoria
32.50;13;9;202304;Apr;Fri;Evening;Med;Coffee;Drip coffee;Our Old Time Diner Blend Rg;Hell's Kitchen
18.00;6;4;202304;Apr;Fri;Evening;Low;Tea;Brewed herbal tea;Peppermint Lg;Astoria
20.00;8;6;202304;Apr;Fri;Evening;Low;Tea;Brewed herbal tea;Lemon Grass Rg;Hell's Kitchen
20.00;8;4;202304;Apr;Fri;Evening;Low;Tea;Brewed Chai tea;Morning Sunrise Chai Rg;Hell's Kitchen
42.00;14;10;202304;Apr;Fri;Evening;High;Coffee;Drip coffee;Our Old Time Diner Blend Lg;Hell's Kitchen
34.10;11;9;202304;Apr;Fri;Evening;Med;Tea;Brewed Chai tea;Spicy Eye Opener Chai Lg;Hell's Kitchen
22.50;9;6;202304;Apr;Fri;Evening;Med;Tea;Brewed Black tea;English Breakfast Rg;Astoria
35.00;10;6;202304;Apr;Fri;Evening;Med;Drinking Chocolate;Hot chocolate;Dark chocolate Rg;Astoria
7.50;2;2;202304;Apr;Fri;Evening;Low;Bakery;Pastry;Chocolate Croissant;Astoria
25.50;6;3;202304;Apr;Fri;Evening;Med;Coffee;Barista Espresso;Latte Rg;Astoria
24.00;8;5;202304;Apr;Fri;Evening;Med;Tea;Brewed herbal tea;Peppermint Lg;Hell's Kitchen
20.00;8;7;202304;Apr;Fri;Evening;Low;Tea;Brewed herbal tea;Lemon Grass Rg;Astoria
33.00;11;7;202304;Apr;Fri;Evening;Med;Tea;Brewed herbal tea;Lemon Grass Lg;Hell's Kitchen
24.50;10;6;202304;Apr;Fri;Evening;Med;Coffee;Premium brewed coffee;Jamaican Coffee River Sm;Astoria
18.60;6;4;202304;Apr;Fri;Evening;Low;Tea;Brewed Chai tea;Spicy Eye Opener Chai Lg;Astoria
7.00;2;2;202304;Apr;Fri;Evening;Low;Bakery;Biscotti;Ginger Biscotti;Astoria
24.50;7;5;202304;Apr;Fri;Evening;Med;Drinking Chocolate;Hot chocolate;Dark chocolate Rg;Hell's Kitchen
21.00;7;4;202304;Apr;Fri;Evening;Med;Tea;Brewed Chai tea;Traditional Blend Chai Lg;Astoria
8.80;4;4;202304;Apr;Fri;Evening;Low;Coffee;Organic brewed coffee;Brazilian Sm;Hell's Kitchen
22.95;9;6;202304;Apr;Fri;Evening;Med;Tea;Brewed Chai tea;Spicy Eye Opener Chai Rg;Hell's Kitchen
4.00;5;3;202304;Apr;Fri;Evening;Low;Flavours;Sugar free syrup;Sugar Free Vanilla syrup;Hell's Kitchen
7.00;2;2;202304;Apr;Fri;Evening;Low;Bakery;Biscotti;Ginger Biscotti;Hell's Kitchen
15.00;6;4;202304;Apr;Fri;Evening;Low;Tea;Brewed herbal tea;Peppermint Rg;Hell's Kitchen
15.00;4;4;202304;Apr;Fri;Evening;Low;Bakery;Pastry;Chocolate Croissant;Hell's Kitchen
20.00;8;6;202304;Apr;Fri;Evening;Low;Coffee;Gourmet brewed coffee;Columbian Medium Roast Rg;Hell's Kitchen
15.00;5;5;202304;Apr;Fri;Evening;Low;Bakery;Scone;Oatmeal Scone;Hell's Kitchen
2.55;1;1;202304;Apr;Sat;Night;Low;Tea;Brewed Chai tea;Spicy Eye Opener Chai Rg;Hell's Kitchen
3.75;1;1;202304;Apr;Sat;Night;Low;Drinking Chocolate;Hot chocolate;Sustainably Grown Organic Rg;Hell's Kitchen
4.50;1;1;202304;Apr;Sat;Night;Low;Bakery;Scone;Scottish Cream Scone ;Hell's Kitchen
5.00;2;1;202304;Apr;Sat;Night;Low;Tea;Brewed herbal tea;Lemon Grass Rg;Hell's Kitchen
15.00;5;3;202304;Apr;Sat;Night;Low;Coffee;Drip coffee;Our Old Time Diner Blend Lg;Hell's Kitchen
10.00;4;3;202304;Apr;Sat;Night;Low;Coffee;Gourmet brewed coffee;Columbian Medium Roast Rg;Hell's Kitchen
3.25;1;1;202304;Apr;Sat;Night;Low;Bakery;Biscotti;Hazelnut Biscotti;Hell's Kitchen
4.40;2;1;202304;Apr;Sat;Night;Low;Coffee;Gourmet brewed coffee;Ethiopia Sm;Hell's Kitchen
12.00;4;2;202304;Apr;Sat;Night;Low;Coffee;Barista Espresso;Espresso shot;Hell's Kitchen
1.60;2;1;202304;Apr;Sat;Night;Low;Flavours;Regular syrup;Chocolate syrup;Hell's Kitchen
4.00;2;1;202304;Apr;Sat;Night;Low;Coffee;Gourmet brewed coffee;Columbian Medium Roast Sm;Hell's Kitchen
9.00;2;1;202304;Apr;Sat;Night;Low;Drinking Chocolate;Hot chocolate;Dark chocolate Lg;Hell's Kitchen
1.60;2;1;202304;Apr;Sat;Night;Low;Flavours;Regular syrup;Hazelnut syrup;Hell's Kitchen
4.80;6;4;202304;Apr;Sat;Morning;Low;Flavours;Regular syrup;Carmel syrup;Hell's Kitchen
35.00;10;10;202304;Apr;Sat;Morning;Med;Bakery;Biscotti;Ginger Biscotti;Hell's Kitchen
42.00;14;9;202304;Apr;Sat;Morning;High;Tea;Brewed herbal tea;Lemon Grass Lg;Hell's Kitchen
6.40;8;6;202304;Apr;Sat;Morning;Low;Flavours;Regular syrup;Chocolate syrup;Hell's Kitchen
40.50;9;9;202304;Apr;Sat;Morning;very high;Bakery;Scone;Scottish Cream Scone ;Hell's Kitchen
40.00;10;9;202304;Apr;Sat;Morning;Med;Tea;Brewed Chai tea;Morning Sunrise Chai Lg;Astoria
45.00;15;9;202304;Apr;Sat;Morning;High;Coffee;Barista Espresso;Espresso shot;Astoria
38.00;8;6;202304;Apr;Sat;Morning;Med;Drinking Chocolate;Hot chocolate;Sustainably Grown Organic Lg;Astoria
17.90;2;2;202304;Apr;Sat;Morning;Low;Loose Tea;Chai tea;Traditional Blend Chai;Astoria
33.00;11;8;202304;Apr;Sat;Morning;Med;Tea;Brewed Black tea;English Breakfast Lg;Astoria
39.99;3;3;202304;Apr;Sat;Morning;Med;Packaged Chocolate;Drinking Chocolate;Chili Mayan;Astoria
7.20;9;6;202304;Apr;Sat;Morning;Low;Flavours;Sugar free syrup;Sugar Free Vanilla syrup;Hell's Kitchen
17.60;22;14;202304;Apr;Sat;Morning;Low;Flavours;Regular syrup;Hazelnut syrup;Lower Manhattan
180.00;10;9;202304;Apr;Sat;Morning;very high;Coffee beans;Organic Beans;Brazilian - Organic;Lower Manhattan
33.00;11;10;202304;Apr;Sat;Morning;Med;Tea;Brewed Black tea;Earl Grey Lg;Hell's Kitchen
30.00;8;8;202304;Apr;Sat;Morning;Med;Bakery;Scone;Jumbo Savory Scone;Hell's Kitchen
14.75;1;1;202304;Apr;Sat;Morning;Low;Coffee beans;Espresso Beans;Espresso Roast;Hell's Kitchen
20.00;25;15;202304;Apr;Sat;Morning;Low;Flavours;Sugar free syrup;Sugar Free Vanilla syrup;Lower Manhattan
13.60;17;12;202304;Apr;Sat;Morning;Low;Flavours;Regular syrup;Carmel syrup;Lower Manhattan
21.00;1;1;202304;Apr;Sat;Morning;Med;Coffee beans;Gourmet Beans;Ethiopia;Hell's Kitchen
47.50;19;13;202304;Apr;Sat;Morning;High;Coffee;Drip coffee;Our Old Time Diner Blend Rg;Astoria
45.00;15;11;202304;Apr;Sat;Morning;High;Coffee;Drip coffee;Our Old Time Diner Blend Lg;Astoria
10.40;13;8;202304;Apr;Sat;Morning;Low;Flavours;Regular syrup;Hazelnut syrup;Hell's Kitchen
21.00;1;1;202304;Apr;Sat;Morning;Med;Coffee beans;Gourmet Beans;Ethiopia;Lower Manhattan
29.25;9;8;202304;Apr;Sat;Morning;Med;Bakery;Scone;Cranberry Scone;Astoria
59.50;14;10;202304;Apr;Sat;Morning;High;Coffee;Barista Espresso;Cappuccino Lg;Lower Manhattan
8.95;1;1;202304;Apr;Sat;Morning;Low;Loose Tea;Herbal tea;Peppermint;Lower Manhattan
13.00;4;3;202304;Apr;Sat;Morning;Low;Bakery;Biscotti;Hazelnut Biscotti;Astoria
58.50;13;8;202304;Apr;Sat;Morning;High;Drinking Chocolate;Hot chocolate;Dark chocolate Lg;Hell's Kitchen
36.75;15;11;202304;Apr;Sat;Morning;Med;Coffee;Premium brewed coffee;Jamaican Coffee River Sm;Astoria
33.60;13;11;202304;Apr;Sat;Morning;Med;Coffee;Barista Espresso;Ouro Brasileiro shot;Hell's Kitchen
51.00;17;10;202304;Apr;Sat;Morning;High;Coffee;Gourmet brewed coffee;Columbian Medium Roast Lg;Lower Manhattan
12.00;4;3;202304;Apr;Sat;Morning;Low;Bakery;Scone;Oatmeal Scone;Astoria
47.50;19;11;202304;Apr;Sat;Morning;High;Coffee;Gourmet brewed coffee;Columbian Medium Roast Rg;Astoria
30.00;15;10;202304;Apr;Sat;Morning;Med;Coffee;Gourmet brewed coffee;Columbian Medium Roast Sm;Astoria
55.00;22;13;202304;Apr;Sat;Morning;High;Tea;Brewed herbal tea;Lemon Grass Rg;Lower Manhattan
99.20;32;21;202304;Apr;Sat;Morning;very high;Coffee;Premium brewed coffee;Jamaican Coffee River Rg;Astoria
36.00;12;8;202304;Apr;Sat;Morning;Med;Tea;Brewed Chai tea;Traditional Blend Chai Lg;Astoria
49.00;14;14;202304;Apr;Sat;Morning;High;Bakery;Pastry;Croissant;Hell's Kitchen
102.00;24;15;202304;Apr;Sat;Morning;very high;Coffee;Barista Espresso;Cappuccino Lg;Astoria
29.50;2;2;202304;Apr;Sat;Morning;Med;Coffee beans;Espresso Beans;Espresso Roast;Lower Manhattan
45.00;1;1;202304;Apr;Sat;Morning;High;Coffee beans;Premium Beans;Civet Cat;Hell's Kitchen
45.00;18;12;202304;Apr;Sat;Morning;High;Tea;Brewed herbal tea;Peppermint Rg;Astoria
37.50;15;8;202304;Apr;Sat;Morning;Med;Tea;Brewed Chai tea;Traditional Blend Chai Rg;Lower Manhattan
12.00;1;1;202304;Apr;Sat;Morning;Low;Branded;Housewares;I Need My Bean! Diner mug;Astoria
19.00;2;2;202304;Apr;Sat;Morning;Low;Loose Tea;Chai tea;Morning Sunrise Chai;Hell's Kitchen
30.80;14;10;202304;Apr;Sat;Morning;Med;Coffee;Organic brewed coffee;Brazilian Sm;Astoria
26.00;13;9;202304;Apr;Sat;Morning;Med;Coffee;Drip coffee;Our Old Time Diner Blend Sm;Hell's Kitchen
15.20;2;2;202304;Apr;Sat;Morning;Low;Packaged Chocolate;Organic Chocolate;Sustainably Grown Organic;Hell's Kitchen
19.75;1;1;202304;Apr;Sat;Morning;Low;Coffee beans;Premium Beans;Jamacian Coffee River;Lower Manhattan
63.75;17;12;202304;Apr;Sat;Morning;very high;Coffee;Premium brewed coffee;Jamaican Coffee River Lg;Astoria
42.00;3;3;202304;Apr;Sat;Morning;High;Branded;Housewares;I Need My Bean! Latte cup;Lower Manhattan
8.95;1;1;202304;Apr;Sat;Morning;Low;Loose Tea;Herbal tea;Peppermint;Hell's Kitchen
20.00;2;2;202304;Apr;Sat;Morning;Low;Coffee beans;Green beans;Guatemalan Sustainably Grown;Hell's Kitchen
8.95;1;1;202304;Apr;Sat;Morning;Low;Loose Tea;Black tea;Earl Grey;Astoria
27.50;11;9;202304;Apr;Sat;Morning;Med;Tea;Brewed Green tea;Serenity Green Tea Rg;Astoria
9.50;1;1;202304;Apr;Sat;Morning;Low;Loose Tea;Chai tea;Morning Sunrise Chai;Lower Manhattan
31.50;9;7;202304;Apr;Sat;Morning;Med;Drinking Chocolate;Hot chocolate;Dark chocolate Rg;Hell's Kitchen
8.95;1;1;202304;Apr;Sat;Morning;Low;Loose Tea;Chai tea;Traditional Blend Chai;Hell's Kitchen
37.50;10;9;202304;Apr;Sat;Morning;Med;Bakery;Pastry;Almond Croissant;Astoria
22.50;6;4;202304;Apr;Sat;Morning;Med;Bakery;Pastry;Chocolate Croissant;Astoria
49.00;14;9;202304;Apr;Sat;Morning;High;Coffee;Gourmet brewed coffee;Ethiopia Lg;Astoria
33.00;11;8;202304;Apr;Sat;Afternoon;Med;Tea;Brewed herbal tea;Peppermint Lg;Astoria
36.00;8;6;202304;Apr;Sat;Afternoon;Med;Drinking Chocolate;Hot chocolate;Dark chocolate Lg;Astoria
14.75;1;1;202304;Apr;Sat;Afternoon;Low;Coffee beans;Espresso Beans;Espresso Roast;Astoria
15.00;6;5;202304;Apr;Sat;Afternoon;Low;Coffee;Drip coffee;Our Old Time Diner Blend Rg;Hell's Kitchen
28.00;8;4;202304;Apr;Sat;Afternoon;Med;Bakery;Biscotti;Chocolate Chip Biscotti;Astoria
56.00;2;2;202304;Apr;Sat;Afternoon;High;Branded;Clothing;I Need My Bean! T-shirt;Astoria
2.40;3;1;202304;Apr;Sat;Afternoon;Low;Flavours;Sugar free syrup;Sugar Free Vanilla syrup;Lower Manhattan
37.50;10;8;202304;Apr;Sat;Afternoon;Med;Coffee;Premium brewed coffee;Jamaican Coffee River Lg;Astoria
21.00;1;1;202304;Apr;Sat;Afternoon;Med;Coffee beans;Gourmet Beans;Ethiopia;Astoria
32.50;10;10;202304;Apr;Sat;Morning;Med;Bakery;Scone;Cranberry Scone;Hell's Kitchen
6.40;8;4;202304;Apr;Sat;Afternoon;Low;Flavours;Regular syrup;Hazelnut syrup;Lower Manhattan
3.20;4;3;202304;Apr;Sat;Afternoon;Low;Flavours;Regular syrup;Carmel syrup;Lower Manhattan
1.60;2;1;202304;Apr;Sat;Afternoon;Low;Flavours;Sugar free syrup;Sugar Free Vanilla syrup;Hell's Kitchen
1.60;2;2;202304;Apr;Sat;Afternoon;Low;Flavours;Regular syrup;Chocolate syrup;Hell's Kitchen
10.95;1;1;202304;Apr;Sat;Afternoon;Low;Loose Tea;Chai tea;Spicy Eye Opener Chai;Astoria
17.85;7;5;202304;Apr;Sat;Afternoon;Low;Tea;Brewed Chai tea;Spicy Eye Opener Chai Rg;Hell's Kitchen
15.00;4;2;202304;Apr;Sat;Afternoon;Low;Coffee;Premium brewed coffee;Jamaican Coffee River Lg;Hell's Kitchen
4.80;6;4;202304;Apr;Sat;Afternoon;Low;Flavours;Regular syrup;Carmel syrup;Hell's Kitchen
15.00;6;3;202304;Apr;Sat;Afternoon;Low;Tea;Brewed Green tea;Serenity Green Tea Rg;Hell's Kitchen
42.00;14;9;202304;Apr;Sat;Afternoon;High;Tea;Brewed Black tea;Earl Grey Lg;Astoria
6.40;1;1;202304;Apr;Sat;Afternoon;Low;Packaged Chocolate;Drinking Chocolate;Dark chocolate;Astoria
17.90;2;2;202304;Apr;Sat;Afternoon;Low;Loose Tea;Chai tea;Traditional Blend Chai;Hell's Kitchen
14.00;1;1;202304;Apr;Sat;Afternoon;Low;Branded;Housewares;I Need My Bean! Latte cup;Lower Manhattan
13.00;4;4;202304;Apr;Sat;Afternoon;Low;Bakery;Scone;Cranberry Scone;Lower Manhattan
19.80;9;7;202304;Apr;Sat;Afternoon;Low;Coffee;Gourmet brewed coffee;Ethiopia Sm;Lower Manhattan
17.50;5;5;202304;Apr;Sat;Afternoon;Low;Bakery;Biscotti;Chocolate Chip Biscotti;Lower Manhattan
38.25;9;6;202304;Apr;Tue;Afternoon;Med;Coffee;Barista Espresso;Latte Rg;Astoria
22.00;11;7;202304;Apr;Tue;Afternoon;Med;Coffee;Gourmet brewed coffee;Columbian Medium Roast Sm;Astoria
30.00;8;5;202304;Apr;Tue;Evening;Med;Coffee;Barista Espresso;Latte;Lower Manhattan
15.00;4;4;202304;Apr;Tue;Evening;Low;Bakery;Pastry;Chocolate Croissant;Astoria
7.50;3;3;202304;Apr;Tue;Evening;Low;Tea;Brewed Chai tea;Traditional Blend Chai Rg;Hell's Kitchen
57.00;12;7;202304;Apr;Wed;Morning;High;Drinking Chocolate;Hot chocolate;Sustainably Grown Organic Lg;Lower Manhattan
27.50;11;8;202304;Apr;Wed;Afternoon;Med;Tea;Brewed herbal tea;Peppermint Rg;Astoria
22.50;6;5;202304;Apr;Wed;Afternoon;Med;Coffee;Premium brewed coffee;Jamaican Coffee River Lg;Lower Manhattan
9.00;2;2;202304;Apr;Wed;Afternoon;Low;Bakery;Scone;Scottish Cream Scone ;Astoria
14.00;4;4;202304;Apr;Wed;Afternoon;Low;Bakery;Biscotti;Ginger Biscotti;Astoria
16.00;4;2;202304;Apr;Wed;Evening;Low;Tea;Brewed Chai tea;Morning Sunrise Chai Lg;Astoria
39.00;13;9;202304;Apr;Wed;Evening;Med;Coffee;Gourmet brewed coffee;Columbian Medium Roast Lg;Astoria
42.00;14;9;202304;Apr;Wed;Evening;High;Tea;Brewed Black tea;English Breakfast Lg;Astoria
33.25;7;4;202304;Apr;Wed;Evening;Med;Drinking Chocolate;Hot chocolate;Sustainably Grown Organic Lg;Hell's Kitchen
42.50;10;6;202304;Apr;Wed;Evening;High;Coffee;Barista Espresso;Latte Rg;Hell's Kitchen
21.00;7;5;202304;Apr;Wed;Evening;Med;Coffee;Barista Espresso;Espresso shot;Hell's Kitchen
108.00;36;21;202304;Apr;Thu;Morning;very high;Tea;Brewed herbal tea;Peppermint Lg;Lower Manhattan
76.50;27;19;202304;Apr;Thu;Morning;very high;Coffee;Barista Espresso;Ouro Brasileiro shot;Hell's Kitchen
16.25;5;5;202304;Apr;Thu;Afternoon;Low;Bakery;Scone;Ginger Scone;Astoria
20.00;8;6;202304;Apr;Thu;Afternoon;Low;Tea;Brewed herbal tea;Lemon Grass Rg;Astoria
27.00;9;5;202304;Apr;Thu;Afternoon;Med;Coffee;Gourmet brewed coffee;Columbian Medium Roast Lg;Lower Manhattan
22.50;5;5;202304;Apr;Thu;Afternoon;Med;Bakery;Scone;Scottish Cream Scone ;Astoria
52.25;11;9;202304;Apr;Thu;Afternoon;High;Drinking Chocolate;Hot chocolate;Sustainably Grown Organic Lg;Astoria
40.00;10;9;202304;Apr;Thu;Afternoon;Med;Tea;Brewed Chai tea;Morning Sunrise Chai Lg;Astoria
15.50;5;3;202304;Apr;Thu;Evening;Low;Coffee;Premium brewed coffee;Jamaican Coffee River Rg;Lower Manhattan
21.00;7;4;202304;Apr;Thu;Evening;Med;Tea;Brewed Black tea;English Breakfast Lg;Lower Manhattan
27.50;11;9;202304;Apr;Thu;Evening;Med;Tea;Brewed Black tea;Earl Grey Rg;Astoria
1.60;2;1;202304;Apr;Fri;Night;Low;Flavours;Regular syrup;Hazelnut syrup;Lower Manhattan
76.50;18;12;202304;Apr;Fri;Morning;very high;Coffee;Barista Espresso;Cappuccino Lg;Astoria
60.00;20;11;202304;Apr;Fri;Morning;High;Coffee;Drip coffee;Our Old Time Diner Blend Lg;Lower Manhattan
36.00;12;10;202304;Apr;Fri;Morning;Med;Coffee;Gourmet brewed coffee;Columbian Medium Roast Lg;Hell's Kitchen
24.00;8;6;202304;Apr;Fri;Morning;Med;Tea;Brewed herbal tea;Peppermint Lg;Astoria
25.00;10;7;202304;Apr;Fri;Afternoon;Med;Tea;Brewed Black tea;Earl Grey Rg;Astoria
7.50;3;2;202304;Apr;Fri;Afternoon;Low;Coffee;Drip coffee;Our Old Time Diner Blend Rg;Astoria
37.50;10;6;202304;Apr;Fri;Afternoon;Med;Coffee;Barista Espresso;Latte;Astoria
24.00;8;6;202304;Apr;Fri;Afternoon;Med;Coffee;Gourmet brewed coffee;Columbian Medium Roast Lg;Astoria
12.00;4;4;202304;Apr;Fri;Afternoon;Low;Bakery;Scone;Oatmeal Scone;Astoria
56.25;15;11;202304;Apr;Fri;Evening;High;Coffee;Premium brewed coffee;Jamaican Coffee River Lg;Hell's Kitchen
37.50;15;12;202304;Apr;Fri;Evening;Med;Tea;Brewed Green tea;Serenity Green Tea Rg;Hell's Kitchen
18.00;6;3;202304;Apr;Fri;Evening;Low;Coffee;Gourmet brewed coffee;Ethiopia Rg;Astoria
15.00;4;3;202304;Apr;Fri;Evening;Low;Coffee;Premium brewed coffee;Jamaican Coffee River Lg;Astoria
40.50;9;9;202304;Apr;Sat;Morning;very high;Bakery;Scone;Scottish Cream Scone ;Lower Manhattan
22.50;9;5;202304;Apr;Sat;Afternoon;Med;Tea;Brewed Black tea;Earl Grey Rg;Lower Manhattan
4.80;6;3;202304;Apr;Sat;Evening;Low;Flavours;Sugar free syrup;Sugar Free Vanilla syrup;Lower Manhattan
42.50;10;7;202304;Apr;Sat;Evening;High;Coffee;Barista Espresso;Latte Rg;Hell's Kitchen
3.20;4;3;202304;Apr;Sat;Evening;Low;Flavours;Regular syrup;Carmel syrup;Hell's Kitchen
13.33;1;1;202304;Apr;Sat;Evening;Low;Packaged Chocolate;Drinking Chocolate;Chili Mayan;Hell's Kitchen
8.95;1;1;202304;Apr;Sat;Evening;Low;Loose Tea;Black tea;English Breakfast;Astoria
11.00;5;3;202304;Apr;Sat;Evening;Low;Coffee;Organic brewed coffee;Brazilian Sm;Hell's Kitchen
28.50;6;4;202304;Apr;Sat;Evening;Med;Drinking Chocolate;Hot chocolate;Sustainably Grown Organic Lg;Lower Manhattan
3.00;1;1;202304;Apr;Sat;Evening;Low;Tea;Brewed herbal tea;Peppermint Lg;Lower Manhattan
6.50;2;2;202304;Apr;Sat;Evening;Low;Bakery;Biscotti;Hazelnut Biscotti;Lower Manhattan
18.00;4;4;202304;Apr;Sat;Evening;Low;Drinking Chocolate;Hot chocolate;Dark chocolate Lg;Lower Manhattan
2.40;3;2;202304;Apr;Sat;Evening;Low;Flavours;Sugar free syrup;Sugar Free Vanilla syrup;Hell's Kitchen
10.95;1;1;202304;Apr;Sat;Evening;Low;Loose Tea;Chai tea;Spicy Eye Opener Chai;Hell's Kitchen
22.50;6;3;202304;Apr;Sat;Evening;Med;Coffee;Premium brewed coffee;Jamaican Coffee River Lg;Lower Manhattan
8.80;4;3;202304;Apr;Sat;Evening;Low;Coffee;Organic brewed coffee;Brazilian Sm;Lower Manhattan
6.00;2;2;202304;Apr;Sat;Evening;Low;Tea;Brewed Black tea;Earl Grey Lg;Lower Manhattan
45.00;3;3;202304;Apr;Sat;Evening;High;Coffee beans;Gourmet Beans;Columbian Medium Roast;Astoria
20.00;8;4;202304;Apr;Sat;Evening;Low;Tea;Brewed Black tea;English Breakfast Rg;Hell's Kitchen
11.80;4;3;202304;Apr;Sat;Evening;Low;Bakery;Scone;Ginger Scone;Lower Manhattan
12.75;3;2;202304;Apr;Sat;Evening;Low;Coffee;Barista Espresso;Cappuccino Lg;Lower Manhattan
5.60;7;3;202304;Apr;Sat;Evening;Low;Flavours;Regular syrup;Carmel syrup;Lower Manhattan
15.00;5;5;202304;Apr;Sat;Evening;Low;Coffee;Gourmet brewed coffee;Columbian Medium Roast Lg;Astoria
19.75;1;1;202304;Apr;Sat;Evening;Low;Coffee beans;Premium Beans;Jamacian Coffee River;Astoria
28.00;7;3;202304;Apr;Sat;Evening;Med;Tea;Brewed Chai tea;Morning Sunrise Chai Lg;Lower Manhattan
7.60;1;1;202304;Apr;Sat;Evening;Low;Packaged Chocolate;Organic Chocolate;Sustainably Grown Organic;Lower Manhattan
18.75;5;4;202304;Apr;Sat;Evening;Low;Drinking Chocolate;Hot chocolate;Sustainably Grown Organic Rg;Lower Manhattan
21.00;1;1;202304;Apr;Sat;Evening;Med;Coffee beans;Gourmet Beans;Ethiopia;Lower Manhattan
10.00;1;1;202304;Apr;Sat;Evening;Low;Coffee beans;Green beans;Guatemalan Sustainably Grown;Astoria
18.00;1;1;202304;Apr;Sat;Evening;Low;Coffee beans;House blend Beans;Our Old Time Diner Blend;Astoria
28.00;2;2;202304;Apr;Sat;Evening;Med;Branded;Housewares;I Need My Bean! Latte cup;Astoria
8.95;1;1;202304;Apr;Sat;Evening;Low;Loose Tea;Herbal tea;Peppermint;Astoria
6.00;2;1;202304;Apr;Sat;Evening;Low;Tea;Brewed Green tea;Serenity Green Tea Lg;Lower Manhattan
7.50;3;2;202304;Apr;Sun;Night;Low;Tea;Brewed Black tea;Earl Grey Rg;Hell's Kitchen
2.45;1;1;202304;Apr;Sun;Night;Low;Coffee;Premium brewed coffee;Jamaican Coffee River Sm;Hell's Kitchen
10.50;3;3;202304;Apr;Sun;Night;Low;Bakery;Biscotti;Chocolate Chip Biscotti;Hell's Kitchen
8.80;4;3;202304;Apr;Sun;Night;Low;Coffee;Gourmet brewed coffee;Ethiopia Sm;Hell's Kitchen
10.50;3;3;202304;Apr;Sun;Night;Low;Bakery;Biscotti;Ginger Biscotti;Hell's Kitchen
10.00;4;2;202304;Apr;Sun;Night;Low;Tea;Brewed Green tea;Serenity Green Tea Rg;Hell's Kitchen
9.50;2;1;202304;Apr;Sun;Night;Low;Drinking Chocolate;Hot chocolate;Sustainably Grown Organic Lg;Hell's Kitchen
9.00;3;2;202304;Apr;Sun;Night;Low;Tea;Brewed Green tea;Serenity Green Tea Lg;Hell's Kitchen
10.00;5;4;202304;Apr;Sun;Night;Low;Coffee;Gourmet brewed coffee;Columbian Medium Roast Sm;Hell's Kitchen
11.25;3;2;202304;Apr;Sun;Night;Low;Coffee;Barista Espresso;Cappuccino;Hell's Kitchen
0.80;1;1;202304;Apr;Sun;Night;Low;Flavours;Regular syrup;Carmel syrup;Hell's Kitchen
5.00;2;1;202304;Apr;Sun;Night;Low;Coffee;Gourmet brewed coffee;Columbian Medium Roast Rg;Hell's Kitchen
3.00;1;1;202304;Apr;Sun;Night;Low;Coffee;Organic brewed coffee;Brazilian Rg;Hell's Kitchen
9.00;3;2;202304;Apr;Sun;Night;Low;Tea;Brewed Chai tea;Traditional Blend Chai Lg;Hell's Kitchen
52.50;14;9;202304;Apr;Sun;Morning;High;Coffee;Barista Espresso;Cappuccino;Astoria
7.20;9;5;202304;Apr;Sun;Morning;Low;Flavours;Sugar free syrup;Sugar Free Vanilla syrup;Astoria
68.20;22;14;202304;Apr;Sun;Morning;very high;Coffee;Premium brewed coffee;Jamaican Coffee River Rg;Astoria
16.00;20;14;202304;Apr;Sun;Morning;Low;Flavours;Regular syrup;Carmel syrup;Hell's Kitchen
85.50;19;14;202304;Apr;Sun;Morning;very high;Drinking Chocolate;Hot chocolate;Dark chocolate Lg;Astoria
16.00;20;15;202304;Apr;Sun;Morning;Low;Flavours;Sugar free syrup;Sugar Free Vanilla syrup;Hell's Kitchen
33.75;9;9;202304;Apr;Sun;Morning;Med;Bakery;Scone;Jumbo Savory Scone;Hell's Kitchen
92.00;23;15;202304;Apr;Sun;Morning;very high;Tea;Brewed Chai tea;Morning Sunrise Chai Lg;Astoria
47.50;19;13;202304;Apr;Sun;Morning;High;Tea;Brewed Chai tea;Traditional Blend Chai Rg;Hell's Kitchen
35.00;10;10;202304;Apr;Sun;Morning;Med;Bakery;Biscotti;Chocolate Chip Biscotti;Hell's Kitchen
60.00;20;13;202304;Apr;Sun;Morning;High;Coffee;Barista Espresso;Espresso shot;Astoria
30.00;12;8;202304;Apr;Sun;Morning;Med;Tea;Brewed Black tea;English Breakfast Rg;Astoria
34.00;17;12;202304;Apr;Sun;Morning;Med;Coffee;Gourmet brewed coffee;Columbian Medium Roast Sm;Astoria
37.50;15;12;202304;Apr;Sun;Morning;Med;Coffee;Drip coffee;Our Old Time Diner Blend Rg;Astoria
26.85;3;3;202304;Apr;Sun;Morning;Med;Loose Tea;Black tea;English Breakfast;Lower Manhattan
62.00;20;16;202304;Apr;Sun;Morning;very high;Tea;Brewed Chai tea;Spicy Eye Opener Chai Lg;Astoria
108.75;29;18;202304;Apr;Sun;Morning;very high;Coffee;Barista Espresso;Latte;Astoria
36.00;2;2;202304;Apr;Sun;Morning;Med;Coffee beans;Organic Beans;Brazilian - Organic;Astoria
105.00;28;17;202304;Apr;Sun;Morning;very high;Coffee;Barista Espresso;Latte;Lower Manhattan
22.00;11;9;202304;Apr;Sun;Morning;Med;Coffee;Drip coffee;Our Old Time Diner Blend Sm;Astoria
69.00;23;15;202304;Apr;Sun;Morning;very high;Tea;Brewed Chai tea;Traditional Blend Chai Lg;Astoria
52.89;11;11;202304;Apr;Sun;Morning;High;Bakery;Scone;Scottish Cream Scone ;Lower Manhattan
45.00;12;7;202304;Apr;Sun;Morning;High;Coffee;Premium brewed coffee;Jamaican Coffee River Lg;Hell's Kitchen
45.50;13;13;202304;Apr;Sun;Morning;High;Bakery;Pastry;Croissant;Hell's Kitchen
37.40;17;12;202304;Apr;Sun;Morning;Med;Coffee;Organic brewed coffee;Brazilian Sm;Astoria
63.80;29;19;202304;Apr;Sun;Morning;very high;Coffee;Gourmet brewed coffee;Ethiopia Sm;Astoria
20.31;6;6;202304;Apr;Sun;Morning;very high;Bakery;Biscotti;Hazelnut Biscotti;Lower Manhattan
69.00;23;15;202304;Apr;Sun;Morning;very high;Tea;Brewed herbal tea;Peppermint Lg;Lower Manhattan
21.00;1;1;202304;Apr;Sun;Morning;Med;Coffee beans;Gourmet Beans;Ethiopia;Astoria
41.65;17;12;202304;Apr;Sun;Morning;High;Coffee;Premium brewed coffee;Jamaican Coffee River Sm;Astoria
35.00;10;10;202304;Apr;Sun;Morning;Med;Bakery;Biscotti;Ginger Biscotti;Astoria
28.00;8;8;202304;Apr;Sun;Morning;Med;Bakery;Pastry;Croissant;Astoria
35.00;14;10;202304;Apr;Sun;Morning;Med;Tea;Brewed Chai tea;Morning Sunrise Chai Rg;Astoria
68.00;16;12;202304;Apr;Sun;Morning;very high;Coffee;Barista Espresso;Latte Rg;Astoria
12.00;15;11;202304;Apr;Sun;Morning;Low;Flavours;Regular syrup;Hazelnut syrup;Hell's Kitchen
44.75;5;5;202304;Apr;Sun;Morning;High;Loose Tea;Herbal tea;Peppermint;Hell's Kitchen
40.00;16;12;202304;Apr;Sun;Morning;Med;Tea;Brewed herbal tea;Peppermint Rg;Astoria
21.00;6;6;202304;Apr;Sun;Morning;Med;Bakery;Biscotti;Chocolate Chip Biscotti;Astoria
19.50;6;6;202304;Apr;Sun;Morning;Low;Bakery;Biscotti;Hazelnut Biscotti;Astoria
66.00;22;14;202304;Apr;Sun;Morning;very high;Tea;Brewed Green tea;Serenity Green Tea Lg;Astoria
70.00;20;15;202304;Apr;Sun;Morning;very high;Coffee;Gourmet brewed coffee;Ethiopia Lg;Astoria
26.00;8;8;202304;Apr;Sun;Morning;Med;Bakery;Scone;Cranberry Scone;Astoria
66.50;19;14;202304;Apr;Sun;Morning;very high;Drinking Chocolate;Hot chocolate;Dark chocolate Rg;Astoria
20.45;1;1;202304;Apr;Sun;Morning;very high;Coffee beans;Espresso Beans;Primo Espresso Roast;Astoria
69.00;23;16;202304;Apr;Sun;Morning;very high;Tea;Brewed Black tea;Earl Grey Lg;Astoria
40.00;16;11;202304;Apr;Sun;Morning;Med;Tea;Brewed Black tea;Earl Grey Rg;Lower Manhattan
30.00;10;9;202304;Apr;Sun;Morning;Med;Tea;Brewed herbal tea;Peppermint Lg;Astoria
24.00;8;8;202304;Apr;Sun;Morning;Med;Bakery;Scone;Oatmeal Scone;Astoria
17.90;2;2;202304;Apr;Sun;Morning;Low;Loose Tea;Herbal tea;Peppermint;Lower Manhattan
35.75;11;11;202304;Apr;Sun;Morning;Med;Bakery;Scone;Cranberry Scone;Hell's Kitchen
25.60;4;4;202304;Apr;Sun;Morning;Med;Packaged Chocolate;Drinking Chocolate;Dark chocolate;Hell's Kitchen
108.00;9;3;202304;Apr;Sun;Morning;very high;Branded;Housewares;I Need My Bean! Diner mug;Lower Manhattan
17.90;2;2;202304;Apr;Sun;Morning;Low;Loose Tea;Herbal tea;Peppermint;Astoria
57.00;19;14;202304;Apr;Sun;Morning;High;Tea;Brewed Green tea;Serenity Green Tea Lg;Hell's Kitchen
93.75;25;16;202304;Apr;Sun;Morning;very high;Drinking Chocolate;Hot chocolate;Sustainably Grown Organic Rg;Astoria
20.45;1;1;202304;Apr;Sun;Morning;very high;Coffee beans;Espresso Beans;Primo Espresso Roast;Lower Manhattan
36.00;12;7;202304;Apr;Sun;Morning;Med;Tea;Brewed herbal tea;Lemon Grass Lg;Astoria
28.00;1;1;202304;Apr;Sun;Morning;Med;Branded;Clothing;I Need My Bean! T-shirt;Lower Manhattan
12.00;15;10;202304;Apr;Sun;Morning;Low;Flavours;Regular syrup;Carmel syrup;Lower Manhattan
8.00;10;6;202304;Apr;Sun;Morning;Low;Flavours;Regular syrup;Hazelnut syrup;Lower Manhattan
59.25;3;3;202304;Apr;Sun;Morning;High;Coffee beans;Premium Beans;Jamacian Coffee River;Lower Manhattan
17.90;2;2;202304;Apr;Sun;Morning;Low;Loose Tea;Black tea;Earl Grey;Lower Manhattan
45.00;2;2;202304;Apr;Sun;Morning;High;Coffee beans;Organic Beans;Organic Decaf Blend;Hell's Kitchen
39.38;10;10;202304;Apr;Sun;Morning;Med;Bakery;Scone;Jumbo Savory Scone;Lower Manhattan
10.00;1;1;202304;Apr;Sun;Morning;Low;Coffee beans;Green beans;Guatemalan Sustainably Grown;Lower Manhattan
26.66;2;2;202304;Apr;Sun;Morning;Med;Packaged Chocolate;Drinking Chocolate;Chili Mayan;Astoria
30.00;2;2;202304;Apr;Sun;Morning;Med;Coffee beans;Gourmet Beans;Columbian Medium Roast;Lower Manhattan
17.90;2;2;202304;Apr;Sun;Morning;Low;Loose Tea;Black tea;Earl Grey;Astoria
45.00;10;9;202304;Apr;Sun;Morning;High;Bakery;Scone;Scottish Cream Scone ;Astoria
28.00;2;2;202304;Apr;Sun;Morning;Med;Branded;Housewares;I Need My Bean! Latte cup;Lower Manhattan
53.32;4;4;202304;Apr;Sun;Morning;High;Packaged Chocolate;Drinking Chocolate;Chili Mayan;Lower Manhattan
22.80;3;3;202304;Apr;Sun;Morning;Med;Packaged Chocolate;Organic Chocolate;Sustainably Grown Organic;Hell's Kitchen
63.00;14;14;202304;Apr;Sun;Morning;very high;Bakery;Scone;Scottish Cream Scone ;Hell's Kitchen
10.00;4;2;202304;Apr;Sun;Night;Low;Tea;Brewed Chai tea;Traditional Blend Chai Rg;Astoria
21.00;7;5;202304;Apr;Sun;Afternoon;Med;Tea;Brewed herbal tea;Peppermint Lg;Astoria
45.00;1;1;202304;Apr;Sun;Afternoon;High;Coffee beans;Premium Beans;Civet Cat;Astoria
10.00;4;3;202304;Apr;Sun;Afternoon;Low;Tea;Brewed Black tea;English Breakfast Rg;Astoria
42.75;9;5;202304;Apr;Sun;Afternoon;High;Drinking Chocolate;Hot chocolate;Sustainably Grown Organic Lg;Lower Manhattan
6.40;8;5;202304;Apr;Sun;Afternoon;Low;Flavours;Regular syrup;Hazelnut syrup;Lower Manhattan
5.60;7;5;202304;Apr;Sun;Afternoon;Low;Flavours;Sugar free syrup;Sugar Free Vanilla syrup;Lower Manhattan
13.00;4;4;202304;Apr;Sun;Afternoon;Low;Bakery;Scone;Cranberry Scone;Hell's Kitchen
10.50;3;3;202304;Apr;Sun;Afternoon;Low;Bakery;Biscotti;Ginger Biscotti;Hell's Kitchen
19.75;1;1;202304;Apr;Sun;Afternoon;Low;Coffee beans;Premium Beans;Jamacian Coffee River;Astoria
17.50;7;4;202304;Apr;Sun;Afternoon;Low;Tea;Brewed Chai tea;Morning Sunrise Chai Rg;Lower Manhattan
24.00;8;5;202304;Apr;Sun;Afternoon;Med;Tea;Brewed Black tea;Earl Grey Lg;Hell's Kitchen
29.40;12;8;202304;Apr;Sun;Afternoon;Med;Coffee;Premium brewed coffee;Jamaican Coffee River Sm;Astoria
13.50;3;3;202304;Apr;Sun;Afternoon;Low;Bakery;Scone;Scottish Cream Scone ;Astoria
9.75;3;3;202304;Apr;Sun;Afternoon;Low;Bakery;Scone;Ginger Scone;Hell's Kitchen
12.50;5;4;202304;Apr;Sun;Afternoon;Low;Coffee;Gourmet brewed coffee;Columbian Medium Roast Rg;Hell's Kitchen
8.95;1;1;202304;Apr;Sun;Afternoon;Low;Loose Tea;Black tea;Earl Grey;Hell's Kitchen
12.00;4;2;202304;Apr;Sun;Afternoon;Low;Coffee;Gourmet brewed coffee;Columbian Medium Roast Lg;Lower Manhattan
10.20;4;3;202304;Apr;Sun;Afternoon;Low;Tea;Brewed Chai tea;Spicy Eye Opener Chai Rg;Hell's Kitchen
12.50;5;3;202304;Apr;Sun;Afternoon;Low;Tea;Brewed herbal tea;Lemon Grass Rg;Hell's Kitchen
12.40;4;3;202304;Apr;Sun;Afternoon;Low;Coffee;Premium brewed coffee;Jamaican Coffee River Rg;Lower Manhattan
0.80;1;1;202304;Apr;Sun;Afternoon;Low;Flavours;Sugar free syrup;Sugar Free Vanilla syrup;Hell's Kitchen
56.00;2;2;202304;Apr;Sun;Afternoon;High;Branded;Clothing;I Need My Bean! T-shirt;Lower Manhattan
14.75;1;1;202304;Apr;Sun;Evening;Low;Coffee beans;Espresso Beans;Espresso Roast;Hell's Kitchen
17.90;2;2;202304;Apr;Sun;Evening;Low;Loose Tea;Black tea;English Breakfast;Astoria
12.00;4;2;202304;Apr;Sun;Evening;Low;Tea;Brewed Green tea;Serenity Green Tea Lg;Lower Manhattan
21.70;7;5;202304;Apr;Sun;Evening;Med;Tea;Brewed Chai tea;Spicy Eye Opener Chai Lg;Astoria
30.00;2;2;202304;Apr;Sun;Evening;Med;Coffee beans;Gourmet Beans;Columbian Medium Roast;Astoria
22.50;9;6;202304;Apr;Sun;Evening;Med;Coffee;Drip coffee;Our Old Time Diner Blend Rg;Hell's Kitchen
37.50;10;7;202304;Apr;Sun;Evening;Med;Coffee;Barista Espresso;Latte;Lower Manhattan
5.63;1;1;202304;Apr;Sun;Evening;Low;Bakery;Scone;Scottish Cream Scone ;Lower Manhattan
10.00;1;1;202304;Apr;Sun;Evening;Low;Coffee beans;Green beans;Guatemalan Sustainably Grown;Lower Manhattan
10.00;1;1;202304;Apr;Sun;Evening;Low;Coffee beans;Green beans;Guatemalan Sustainably Grown;Hell's Kitchen
2.40;3;3;202304;Apr;Sun;Evening;Low;Flavours;Regular syrup;Hazelnut syrup;Hell's Kitchen
15.00;5;5;202304;Apr;Sun;Evening;Low;Tea;Brewed Chai tea;Traditional Blend Chai Lg;Lower Manhattan
7.60;1;1;202304;Apr;Sun;Evening;Low;Packaged Chocolate;Organic Chocolate;Sustainably Grown Organic;Astoria
15.94;4;4;202304;Apr;Sun;Evening;Low;Bakery;Pastry;Chocolate Croissant;Lower Manhattan
8.95;1;1;202304;Apr;Sun;Evening;Low;Loose Tea;Black tea;Earl Grey;Lower Manhattan
8.95;1;1;202304;Apr;Sun;Evening;Low;Loose Tea;Chai tea;Traditional Blend Chai;Astoria
37.50;10;6;202304;Apr;Sun;Evening;Med;Coffee;Barista Espresso;Latte;Hell's Kitchen
4.00;5;3;202304;Apr;Sun;Evening;Low;Flavours;Sugar free syrup;Sugar Free Vanilla syrup;Hell's Kitchen
10.95;1;1;202304;Apr;Sun;Evening;Low;Loose Tea;Chai tea;Spicy Eye Opener Chai;Astoria
2.40;3;2;202304;Apr;Sun;Evening;Low;Flavours;Regular syrup;Carmel syrup;Hell's Kitchen
7.00;2;2;202304;Apr;Sun;Evening;Low;Bakery;Biscotti;Chocolate Chip Biscotti;Hell's Kitchen
4.00;2;1;202304;Apr;Sun;Evening;Low;Coffee;Drip coffee;Our Old Time Diner Blend Sm;Lower Manhattan
9.50;1;1;202304;Apr;Sun;Evening;Low;Loose Tea;Chai tea;Morning Sunrise Chai;Astoria
9.75;3;3;202304;Apr;Sun;Evening;Low;Bakery;Biscotti;Hazelnut Biscotti;Astoria
18.60;6;3;202304;Apr;Sun;Evening;Low;Coffee;Premium brewed coffee;Jamaican Coffee River Rg;Lower Manhattan
9.50;1;1;202304;Apr;Sun;Evening;Low;Loose Tea;Chai tea;Morning Sunrise Chai;Lower Manhattan
12.00;1;1;202304;Apr;Sun;Evening;Low;Branded;Housewares;I Need My Bean! Diner mug;Lower Manhattan
20.00;8;6;202304;Apr;Sun;Evening;Low;Tea;Brewed herbal tea;Lemon Grass Rg;Lower Manhattan
6.50;2;2;202304;Apr;Sun;Evening;Low;Bakery;Scone;Ginger Scone;Hell's Kitchen
10.50;3;3;202304;Apr;Sun;Evening;Low;Bakery;Pastry;Croissant;Astoria
30.00;10;6;202304;Apr;Sun;Evening;Med;Tea;Brewed herbal tea;Peppermint Lg;Hell's Kitchen
6.00;2;1;202304;Apr;Sun;Evening;Low;Tea;Brewed Black tea;English Breakfast Lg;Lower Manhattan
16.00;4;2;202304;Apr;Mon;Night;Low;Tea;Brewed Chai tea;Morning Sunrise Chai Lg;Lower Manhattan
3.50;1;1;202304;Apr;Mon;Night;Low;Coffee;Gourmet brewed coffee;Ethiopia Lg;Lower Manhattan
12.50;5;3;202304;Apr;Mon;Night;Low;Tea;Brewed Black tea;English Breakfast Rg;Lower Manhattan
8.00;4;3;202304;Apr;Mon;Night;Low;Coffee;Gourmet brewed coffee;Columbian Medium Roast Sm;Lower Manhattan
22.95;9;5;202304;Apr;Mon;Night;Med;Tea;Brewed Chai tea;Spicy Eye Opener Chai Rg;Lower Manhattan
15.05;5;4;202304;Apr;Mon;Night;Low;Bakery;Scone;Ginger Scone;Lower Manhattan
28.00;8;4;202304;Apr;Mon;Night;Med;Drinking Chocolate;Hot chocolate;Dark chocolate Rg;Lower Manhattan
6.00;2;1;202304;Apr;Mon;Night;Low;Tea;Brewed Chai tea;Traditional Blend Chai Lg;Lower Manhattan
21.00;7;4;202304;Apr;Mon;Night;Med;Tea;Brewed Black tea;Earl Grey Lg;Lower Manhattan
15.00;4;4;202304;Apr;Mon;Night;Low;Bakery;Pastry;Chocolate Croissant;Lower Manhattan
12.50;5;3;202304;Apr;Mon;Night;Low;Tea;Brewed Chai tea;Traditional Blend Chai Rg;Lower Manhattan
13.50;3;3;202304;Apr;Mon;Night;Low;Bakery;Scone;Scottish Cream Scone ;Lower Manhattan
9.30;3;2;202304;Apr;Mon;Night;Low;Tea;Brewed Chai tea;Spicy Eye Opener Chai Lg;Lower Manhattan
36.00;8;6;202304;Apr;Sun;Afternoon;Med;Drinking Chocolate;Hot chocolate;Dark chocolate Lg;Hell's Kitchen
17.00;4;2;202304;Apr;Mon;Night;Low;Coffee;Barista Espresso;Latte Rg;Lower Manhattan
4.80;6;4;202304;Apr;Mon;Night;Low;Flavours;Regular syrup;Chocolate syrup;Lower Manhattan
12.50;5;3;202304;Apr;Mon;Night;Low;Coffee;Gourmet brewed coffee;Columbian Medium Roast Rg;Lower Manhattan
6.20;2;1;202304;Apr;Mon;Night;Low;Tea;Brewed Chai tea;Spicy Eye Opener Chai Lg;Hell's Kitchen
3.75;1;1;202304;Apr;Mon;Night;Low;Bakery;Pastry;Chocolate Croissant;Hell's Kitchen
5.00;2;1;202304;Apr;Mon;Night;Low;Tea;Brewed herbal tea;Lemon Grass Rg;Lower Manhattan
12.75;3;2;202304;Apr;Mon;Night;Low;Coffee;Barista Espresso;Cappuccino Lg;Lower Manhattan
3.20;4;2;202304;Apr;Mon;Night;Low;Flavours;Sugar free syrup;Sugar Free Vanilla syrup;Lower Manhattan
15.00;5;3;202304;Apr;Mon;Night;Low;Tea;Brewed Black tea;English Breakfast Lg;Lower Manhattan
10.50;3;3;202304;Apr;Mon;Night;Low;Bakery;Pastry;Croissant;Lower Manhattan
36.00;8;5;202304;Apr;Mon;Night;Med;Drinking Chocolate;Hot chocolate;Dark chocolate Lg;Lower Manhattan
12.00;3;2;202304;Apr;Mon;Night;Low;Tea;Brewed Chai tea;Morning Sunrise Chai Lg;Hell's Kitchen
7.00;2;2;202304;Apr;Mon;Night;Low;Bakery;Biscotti;Ginger Biscotti;Hell's Kitchen
5.00;2;1;202304;Apr;Mon;Night;Low;Tea;Brewed Green tea;Serenity Green Tea Rg;Hell's Kitchen
3.00;1;1;202304;Apr;Mon;Night;Low;Bakery;Scone;Oatmeal Scone;Hell's Kitchen
3.00;1;1;202304;Apr;Mon;Night;Low;Tea;Brewed Chai tea;Traditional Blend Chai Lg;Hell's Kitchen
11.25;3;2;202304;Apr;Mon;Night;Low;Coffee;Barista Espresso;Latte;Lower Manhattan
6.00;2;1;202304;Apr;Mon;Night;Low;Tea;Brewed Black tea;Earl Grey Lg;Hell's Kitchen
9.30;3;2;202304;Apr;Mon;Night;Low;Coffee;Premium brewed coffee;Jamaican Coffee River Rg;Hell's Kitchen
2.50;1;1;202304;Apr;Mon;Night;Low;Tea;Brewed herbal tea;Lemon Grass Rg;Hell's Kitchen
9.00;3;2;202304;Apr;Mon;Night;Low;Tea;Brewed herbal tea;Lemon Grass Lg;Hell's Kitchen
8.10;3;2;202304;Apr;Mon;Night;Low;Coffee;Barista Espresso;Ouro Brasileiro shot;Hell's Kitchen
3.75;1;1;202304;Apr;Mon;Night;Low;Bakery;Scone;Jumbo Savory Scone;Lower Manhattan
3.00;1;1;202304;Apr;Mon;Night;Low;Coffee;Organic brewed coffee;Brazilian Rg;Lower Manhattan
18.75;5;3;202304;Apr;Mon;Night;Low;Drinking Chocolate;Hot chocolate;Sustainably Grown Organic Rg;Hell's Kitchen
7.50;2;1;202304;Apr;Mon;Night;Low;Coffee;Barista Espresso;Cappuccino;Hell's Kitchen
1.60;2;1;202304;Apr;Mon;Night;Low;Flavours;Sugar free syrup;Sugar Free Vanilla syrup;Hell's Kitchen
12.00;4;2;202304;Apr;Mon;Night;Low;Tea;Brewed herbal tea;Lemon Grass Lg;Lower Manhattan
12.00;4;2;202304;Apr;Mon;Night;Low;Coffee;Organic brewed coffee;Brazilian Rg;Hell's Kitchen
7.50;3;3;202304;Apr;Mon;Night;Low;Tea;Brewed Chai tea;Morning Sunrise Chai Rg;Hell's Kitchen
7.50;2;2;202304;Apr;Mon;Night;Low;Bakery;Scone;Jumbo Savory Scone;Hell's Kitchen
7.50;3;2;202304;Apr;Mon;Night;Low;Tea;Brewed Chai tea;Traditional Blend Chai Rg;Hell's Kitchen
10.50;3;2;202304;Apr;Mon;Night;Low;Coffee;Organic brewed coffee;Brazilian Lg;Hell's Kitchen
9.00;3;2;202304;Apr;Mon;Night;Low;Coffee;Drip coffee;Our Old Time Diner Blend Lg;Hell's Kitchen
6.50;2;2;202304;Apr;Mon;Night;Low;Bakery;Scone;Cranberry Scone;Hell's Kitchen
7.50;3;3;202304;Apr;Mon;Night;Low;Tea;Brewed herbal tea;Peppermint Rg;Hell's Kitchen
4.00;2;1;202304;Apr;Mon;Night;Low;Coffee;Drip coffee;Our Old Time Diner Blend Sm;Lower Manhattan
18.00;1;1;202304;Apr;Mon;Night;Low;Coffee beans;Organic Beans;Brazilian - Organic;Lower Manhattan
22.50;9;7;202304;Apr;Mon;Morning;Med;Tea;Brewed herbal tea;Lemon Grass Rg;Hell's Kitchen
15.20;19;12;202304;Apr;Mon;Morning;Low;Flavours;Sugar free syrup;Sugar Free Vanilla syrup;Lower Manhattan
8.80;11;6;202304;Apr;Mon;Morning;Low;Flavours;Regular syrup;Hazelnut syrup;Astoria
59.40;27;17;202304;Apr;Mon;Morning;High;Coffee;Organic brewed coffee;Brazilian Sm;Astoria
35.75;11;11;202304;Apr;Mon;Morning;Med;Bakery;Scone;Ginger Scone;Astoria
8.00;10;5;202304;Apr;Mon;Morning;Low;Flavours;Regular syrup;Carmel syrup;Hell's Kitchen
30.00;12;8;202304;Apr;Mon;Morning;Med;Tea;Brewed Black tea;English Breakfast Rg;Astoria
54.00;18;10;202304;Apr;Mon;Morning;High;Tea;Brewed Black tea;Earl Grey Lg;Astoria
60.00;20;13;202304;Apr;Mon;Morning;High;Tea;Brewed Chai tea;Traditional Blend Chai Lg;Astoria
10.40;13;10;202304;Apr;Mon;Morning;Low;Flavours;Regular syrup;Carmel syrup;Lower Manhattan
24.50;7;7;202304;Apr;Mon;Morning;Med;Bakery;Biscotti;Chocolate Chip Biscotti;Astoria
52.50;21;13;202304;Apr;Mon;Morning;High;Tea;Brewed Chai tea;Traditional Blend Chai Rg;Astoria
22.00;10;7;202304;Apr;Mon;Morning;Med;Coffee;Organic brewed coffee;Brazilian Sm;Hell's Kitchen
18.00;1;1;202304;Apr;Mon;Morning;Low;Coffee beans;Organic Beans;Brazilian - Organic;Lower Manhattan
63.00;18;11;202304;Apr;Mon;Morning;very high;Coffee;Organic brewed coffee;Brazilian Lg;Hell's Kitchen
12.80;16;11;202304;Apr;Mon;Morning;Low;Flavours;Regular syrup;Carmel syrup;Astoria
21.00;1;1;202304;Apr;Mon;Morning;Med;Coffee beans;Gourmet Beans;Ethiopia;Astoria
59.25;3;3;202304;Apr;Mon;Morning;High;Coffee beans;Premium Beans;Jamacian Coffee River;Hell's Kitchen
48.75;13;13;202304;Apr;Mon;Morning;High;Bakery;Pastry;Chocolate Croissant;Hell's Kitchen
35.00;10;10;202304;Apr;Mon;Morning;Med;Bakery;Pastry;Croissant;Hell's Kitchen
30.80;14;10;202304;Apr;Mon;Morning;Med;Coffee;Gourmet brewed coffee;Ethiopia Sm;Astoria
42.00;14;8;202304;Apr;Mon;Morning;High;Tea;Brewed herbal tea;Peppermint Lg;Astoria
13.60;17;12;202304;Apr;Mon;Morning;Low;Flavours;Sugar free syrup;Sugar Free Vanilla syrup;Astoria
12.00;1;1;202304;Apr;Mon;Morning;Low;Branded;Housewares;I Need My Bean! Diner mug;Hell's Kitchen
36.00;3;3;202304;Apr;Mon;Morning;Med;Branded;Housewares;I Need My Bean! Diner mug;Astoria
65.00;26;16;202304;Apr;Mon;Morning;very high;Tea;Brewed Chai tea;Morning Sunrise Chai Rg;Astoria
35.20;16;11;202304;Apr;Mon;Morning;Med;Coffee;Gourmet brewed coffee;Ethiopia Sm;Hell's Kitchen
36.00;12;8;202304;Apr;Mon;Morning;Med;Coffee;Gourmet brewed coffee;Ethiopia Rg;Astoria
7.60;1;1;202304;Apr;Mon;Morning;Low;Packaged Chocolate;Organic Chocolate;Sustainably Grown Organic;Lower Manhattan
30.00;10;10;202304;Apr;Mon;Morning;Med;Bakery;Scone;Oatmeal Scone;Hell's Kitchen
33.75;9;6;202304;Apr;Mon;Morning;Med;Coffee;Premium brewed coffee;Jamaican Coffee River Lg;Hell's Kitchen
30.00;10;10;202304;Apr;Mon;Morning;Med;Bakery;Scone;Oatmeal Scone;Lower Manhattan
38.00;19;12;202304;Apr;Mon;Morning;Med;Coffee;Gourmet brewed coffee;Columbian Medium Roast Sm;Astoria
31.50;9;9;202304;Apr;Mon;Morning;Med;Bakery;Biscotti;Ginger Biscotti;Hell's Kitchen
45.00;1;1;202304;Apr;Mon;Morning;High;Coffee beans;Premium Beans;Civet Cat;Lower Manhattan
12.80;16;9;202304;Apr;Mon;Morning;Low;Flavours;Regular syrup;Hazelnut syrup;Lower Manhattan
26.25;7;7;202304;Apr;Mon;Morning;Med;Bakery;Pastry;Almond Croissant;Hell's Kitchen
13.60;17;10;202304;Apr;Mon;Morning;Low;Flavours;Regular syrup;Chocolate syrup;Lower Manhattan
18.50;2;2;202304;Apr;Mon;Morning;Low;Loose Tea;Green tea;Serenity Green Tea;Hell's Kitchen
28.00;2;2;202304;Apr;Mon;Morning;Med;Branded;Housewares;I Need My Bean! Latte cup;Lower Manhattan
41.25;11;11;202304;Apr;Mon;Morning;High;Bakery;Pastry;Almond Croissant;Astoria
45.00;2;2;202304;Apr;Mon;Morning;High;Coffee beans;Organic Beans;Organic Decaf Blend;Hell's Kitchen
45.00;15;10;202304;Apr;Mon;Morning;High;Coffee;Gourmet brewed coffee;Ethiopia Rg;Hell's Kitchen
6.40;1;1;202304;Apr;Mon;Morning;Low;Packaged Chocolate;Drinking Chocolate;Dark chocolate;Astoria
45.00;2;2;202304;Apr;Mon;Morning;High;Coffee beans;Organic Beans;Organic Decaf Blend;Lower Manhattan
9.00;3;3;202304;Apr;Mon;Morning;Low;Tea;Brewed Chai tea;Traditional Blend Chai Lg;Lower Manhattan
19.00;2;2;202304;Apr;Mon;Morning;Low;Loose Tea;Chai tea;Morning Sunrise Chai;Astoria
39.00;13;8;202304;Apr;Mon;Morning;Med;Tea;Brewed herbal tea;Lemon Grass Lg;Astoria
22.05;9;7;202304;Apr;Mon;Morning;Med;Coffee;Premium brewed coffee;Jamaican Coffee River Sm;Astoria
14.00;4;4;202304;Apr;Mon;Morning;Low;Bakery;Pastry;Croissant;Astoria
9.75;3;3;202304;Apr;Mon;Morning;Low;Bakery;Biscotti;Hazelnut Biscotti;Astoria
28.50;3;3;202304;Apr;Mon;Morning;Med;Loose Tea;Chai tea;Morning Sunrise Chai;Hell's Kitchen
8.00;10;6;202304;Apr;Mon;Morning;Low;Flavours;Regular syrup;Chocolate syrup;Hell's Kitchen
49.60;16;13;202304;Apr;Mon;Morning;High;Tea;Brewed Chai tea;Spicy Eye Opener Chai Lg;Astoria
5.60;7;5;202304;Apr;Mon;Morning;Low;Flavours;Sugar free syrup;Sugar Free Vanilla syrup;Hell's Kitchen
30.00;12;8;202304;Apr;Mon;Morning;Med;Tea;Brewed herbal tea;Peppermint Rg;Astoria
56.00;4;4;202304;Apr;Mon;Morning;High;Branded;Housewares;I Need My Bean! Latte cup;Astoria
6.40;8;6;202304;Apr;Mon;Morning;Low;Flavours;Regular syrup;Chocolate syrup;Astoria
28.00;1;1;202304;Apr;Mon;Morning;Med;Branded;Clothing;I Need My Bean! T-shirt;Lower Manhattan
6.40;1;1;202304;Apr;Mon;Morning;Low;Packaged Chocolate;Drinking Chocolate;Dark chocolate;Hell's Kitchen
41.25;11;7;202304;Apr;Mon;Morning;High;Coffee;Barista Espresso;Cappuccino;Hell's Kitchen
10.00;4;3;202304;Apr;Mon;Morning;Low;Coffee;Gourmet brewed coffee;Columbian Medium Roast Rg;Hell's Kitchen
2.40;3;3;202304;Apr;Mon;Morning;Low;Flavours;Regular syrup;Hazelnut syrup;Hell's Kitchen
40.00;16;11;202304;Apr;Mon;Morning;Med;Coffee;Drip coffee;Our Old Time Diner Blend Rg;Astoria
36.00;2;2;202304;Apr;Mon;Morning;Med;Coffee beans;Organic Beans;Brazilian - Organic;Hell's Kitchen
20.45;1;1;202304;Apr;Mon;Morning;very high;Coffee beans;Espresso Beans;Primo Espresso Roast;Astoria
17.90;2;2;202304;Apr;Mon;Morning;Low;Loose Tea;Herbal tea;Lemon Grass;Hell's Kitchen
24.00;2;2;202304;Apr;Mon;Morning;Med;Branded;Housewares;I Need My Bean! Diner mug;Lower Manhattan
6.40;8;6;202304;Apr;Mon;Afternoon;Low;Flavours;Regular syrup;Carmel syrup;Lower Manhattan
7.20;9;5;202304;Apr;Mon;Afternoon;Low;Flavours;Sugar free syrup;Sugar Free Vanilla syrup;Lower Manhattan
4.00;5;3;202304;Apr;Mon;Afternoon;Low;Flavours;Regular syrup;Carmel syrup;Hell's Kitchen
8.95;1;1;202304;Apr;Mon;Afternoon;Low;Loose Tea;Herbal tea;Lemon Grass;Hell's Kitchen
4.80;6;4;202304;Apr;Mon;Afternoon;Low;Flavours;Regular syrup;Chocolate syrup;Astoria
7.00;2;1;202304;Apr;Mon;Afternoon;Low;Coffee;Organic brewed coffee;Brazilian Lg;Lower Manhattan
18.00;1;1;202304;Apr;Mon;Afternoon;Low;Coffee beans;Organic Beans;Brazilian - Organic;Lower Manhattan
14.00;4;4;202304;Apr;Mon;Afternoon;Low;Bakery;Biscotti;Chocolate Chip Biscotti;Astoria
7.50;2;2;202304;Apr;Mon;Afternoon;Low;Bakery;Pastry;Almond Croissant;Hell's Kitchen
0.80;1;1;202304;Apr;Mon;Afternoon;Low;Flavours;Regular syrup;Hazelnut syrup;Hell's Kitchen
11.00;5;4;202304;Apr;Mon;Afternoon;Low;Coffee;Gourmet brewed coffee;Ethiopia Sm;Hell's Kitchen
10.00;1;1;202304;Apr;Mon;Afternoon;Low;Coffee beans;Green beans;Guatemalan Sustainably Grown;Hell's Kitchen
19.60;8;4;202304;Apr;Mon;Afternoon;Low;Coffee;Premium brewed coffee;Jamaican Coffee River Sm;Lower Manhattan
10.00;4;3;202304;Apr;Mon;Afternoon;Low;Tea;Brewed Green tea;Serenity Green Tea Rg;Hell's Kitchen
1.60;2;1;202304;Apr;Mon;Afternoon;Low;Flavours;Sugar free syrup;Sugar Free Vanilla syrup;Hell's Kitchen
12.00;1;1;202304;Apr;Mon;Afternoon;Low;Branded;Housewares;I Need My Bean! Diner mug;Astoria
24.00;8;6;202304;Apr;Mon;Afternoon;Med;Tea;Brewed Green tea;Serenity Green Tea Lg;Astoria
9.50;1;1;202304;Apr;Mon;Afternoon;Low;Loose Tea;Chai tea;Morning Sunrise Chai;Hell's Kitchen
22.50;6;6;202304;Apr;Mon;Afternoon;Med;Bakery;Pastry;Chocolate Croissant;Astoria
9.00;3;2;202304;Apr;Mon;Afternoon;Low;Tea;Brewed herbal tea;Peppermint Lg;Lower Manhattan
21.00;7;4;202304;Apr;Mon;Afternoon;Med;Coffee;Organic brewed coffee;Brazilian Rg;Lower Manhattan
5.60;7;5;202304;Apr;Mon;Afternoon;Low;Flavours;Regular syrup;Chocolate syrup;Lower Manhattan
10.00;5;4;202304;Apr;Mon;Afternoon;Low;Coffee;Drip coffee;Our Old Time Diner Blend Sm;Hell's Kitchen
18.75;5;3;202304;Apr;Mon;Afternoon;Low;Coffee;Barista Espresso;Latte;Astoria
0.80;1;1;202304;Apr;Mon;Afternoon;Low;Flavours;Regular syrup;Carmel syrup;Astoria
8.95;1;1;202304;Apr;Mon;Afternoon;Low;Loose Tea;Black tea;Earl Grey;Hell's Kitchen
12.00;6;3;202304;Apr;Mon;Evening;Low;Coffee;Drip coffee;Our Old Time Diner Blend Sm;Lower Manhattan
8.95;1;1;202304;Apr;Mon;Evening;Low;Loose Tea;Chai tea;Traditional Blend Chai;Lower Manhattan
9.00;3;3;202304;Apr;Mon;Evening;Low;Tea;Brewed Green tea;Serenity Green Tea Lg;Lower Manhattan
3.20;4;3;202304;Apr;Mon;Evening;Low;Flavours;Regular syrup;Carmel syrup;Astoria
9.00;2;2;202304;Apr;Mon;Evening;Low;Bakery;Scone;Scottish Cream Scone ;Astoria
36.00;2;2;202304;Apr;Mon;Evening;Med;Coffee beans;House blend Beans;Our Old Time Diner Blend;Astoria
17.50;5;5;202304;Apr;Mon;Evening;Low;Bakery;Biscotti;Chocolate Chip Biscotti;Astoria
16.00;4;3;202304;Apr;Mon;Evening;Low;Tea;Brewed Chai tea;Morning Sunrise Chai Lg;Lower Manhattan
10.50;3;2;202304;Apr;Mon;Evening;Low;Drinking Chocolate;Hot chocolate;Dark chocolate Rg;Lower Manhattan
5.60;7;4;202304;Apr;Mon;Evening;Low;Flavours;Sugar free syrup;Sugar Free Vanilla syrup;Lower Manhattan
15.00;4;2;202304;Apr;Mon;Evening;Low;Coffee;Barista Espresso;Latte;Hell's Kitchen
3.20;4;2;202304;Apr;Mon;Evening;Low;Flavours;Sugar free syrup;Sugar Free Vanilla syrup;Hell's Kitchen
7.50;3;2;202304;Apr;Mon;Evening;Low;Tea;Brewed Green tea;Serenity Green Tea Rg;Hell's Kitchen
8.95;1;1;202304;Apr;Mon;Evening;Low;Loose Tea;Herbal tea;Peppermint;Hell's Kitchen
7.60;1;1;202304;Apr;Mon;Evening;Low;Packaged Chocolate;Organic Chocolate;Sustainably Grown Organic;Astoria
21.00;7;5;202304;Apr;Mon;Evening;Med;Tea;Brewed Black tea;Earl Grey Lg;Hell's Kitchen
3.50;1;1;202304;Apr;Mon;Evening;Low;Bakery;Biscotti;Ginger Biscotti;Astoria
4.90;2;2;202304;Apr;Mon;Evening;Low;Coffee;Premium brewed coffee;Jamaican Coffee River Sm;Lower Manhattan
7.50;3;2;202304;Apr;Mon;Evening;Low;Tea;Brewed herbal tea;Peppermint Rg;Lower Manhattan
4.40;2;2;202304;Apr;Mon;Evening;Low;Coffee;Organic brewed coffee;Brazilian Sm;Lower Manhattan
4.00;5;3;202304;Apr;Mon;Evening;Low;Flavours;Sugar free syrup;Sugar Free Vanilla syrup;Astoria
15.00;5;3;202304;Apr;Mon;Evening;Low;Tea;Brewed Chai tea;Traditional Blend Chai Lg;Lower Manhattan
20.00;8;5;202304;Apr;Mon;Evening;Low;Tea;Brewed Chai tea;Morning Sunrise Chai Rg;Lower Manhattan
12.00;4;2;202304;Apr;Mon;Evening;Low;Tea;Brewed Black tea;English Breakfast Lg;Lower Manhattan
14.00;4;2;202304;Apr;Mon;Evening;Low;Coffee;Gourmet brewed coffee;Ethiopia Lg;Lower Manhattan
6.40;1;1;202304;Apr;Mon;Evening;Low;Packaged Chocolate;Drinking Chocolate;Dark chocolate;Hell's Kitchen
9.75;3;3;202304;Apr;Mon;Evening;Low;Bakery;Scone;Cranberry Scone;Hell's Kitchen
18.00;6;4;202304;Apr;Mon;Evening;Low;Coffee;Gourmet brewed coffee;Columbian Medium Roast Lg;Hell's Kitchen
22.50;9;6;202304;Apr;Mon;Evening;Med;Tea;Brewed Chai tea;Morning Sunrise Chai Rg;Hell's Kitchen
4.80;6;5;202304;Apr;Mon;Evening;Low;Flavours;Regular syrup;Carmel syrup;Lower Manhattan
3.75;1;1;202304;Apr;Mon;Evening;Low;Bakery;Pastry;Almond Croissant;Lower Manhattan
3.75;1;1;202304;Apr;Mon;Evening;Low;Bakery;Pastry;Chocolate Croissant;Hell's Kitchen
10.95;1;1;202304;Apr;Mon;Evening;Low;Loose Tea;Chai tea;Spicy Eye Opener Chai;Astoria
0.80;1;1;202304;Apr;Mon;Evening;Low;Flavours;Regular syrup;Chocolate syrup;Hell's Kitchen
45.00;1;1;202304;Apr;Mon;Evening;High;Coffee beans;Premium Beans;Civet Cat;Astoria
12.00;4;3;202304;Apr;Tue;Night;Low;Tea;Brewed Chai tea;Traditional Blend Chai Lg;Lower Manhattan
4.50;1;1;202304;Apr;Tue;Night;Low;Bakery;Scone;Scottish Cream Scone ;Lower Manhattan
11.25;3;2;202304;Apr;Tue;Night;Low;Coffee;Barista Espresso;Cappuccino;Lower Manhattan
6.40;8;5;202304;Apr;Tue;Night;Low;Flavours;Regular syrup;Chocolate syrup;Lower Manhattan
3.25;1;1;202304;Apr;Tue;Night;Low;Bakery;Biscotti;Hazelnut Biscotti;Lower Manhattan
13.20;6;4;202304;Apr;Tue;Night;Low;Coffee;Organic brewed coffee;Brazilian Sm;Lower Manhattan
21.00;7;3;202304;Apr;Tue;Night;Med;Tea;Brewed Green tea;Serenity Green Tea Lg;Lower Manhattan
27.50;11;5;202304;Apr;Tue;Night;Med;Tea;Brewed Green tea;Serenity Green Tea Rg;Lower Manhattan
6.50;2;2;202304;Apr;Tue;Night;Low;Bakery;Scone;Cranberry Scone;Lower Manhattan
9.00;3;2;202304;Apr;Tue;Night;Low;Tea;Brewed herbal tea;Peppermint Lg;Lower Manhattan
18.00;1;1;202304;Apr;Tue;Night;Low;Coffee beans;House blend Beans;Our Old Time Diner Blend;Lower Manhattan
11.25;3;2;202304;Apr;Tue;Night;Low;Coffee;Barista Espresso;Latte;Lower Manhattan
3.20;4;2;202304;Apr;Tue;Night;Low;Flavours;Sugar free syrup;Sugar Free Vanilla syrup;Lower Manhattan
9.00;3;3;202304;Apr;Tue;Night;Low;Bakery;Scone;Oatmeal Scone;Lower Manhattan
17.50;7;3;202304;Apr;Tue;Night;Low;Tea;Brewed Black tea;Earl Grey Rg;Lower Manhattan
4.25;1;1;202304;Apr;Tue;Night;Low;Coffee;Barista Espresso;Cappuccino Lg;Lower Manhattan
7.50;2;2;202304;Apr;Tue;Night;Low;Bakery;Pastry;Almond Croissant;Lower Manhattan
9.80;4;2;202304;Apr;Tue;Night;Low;Coffee;Premium brewed coffee;Jamaican Coffee River Sm;Lower Manhattan
3.50;1;1;202304;Apr;Tue;Night;Low;Coffee;Organic brewed coffee;Brazilian Lg;Lower Manhattan
9.00;3;2;202304;Apr;Tue;Night;Low;Coffee;Gourmet brewed coffee;Columbian Medium Roast Lg;Lower Manhattan
3.00;1;1;202304;Apr;Tue;Night;Low;Coffee;Drip coffee;Our Old Time Diner Blend Lg;Hell's Kitchen
7.50;2;2;202304;Apr;Tue;Night;Low;Bakery;Scone;Jumbo Savory Scone;Hell's Kitchen
6.00;2;1;202304;Apr;Tue;Night;Low;Tea;Brewed Chai tea;Traditional Blend Chai Lg;Hell's Kitchen
12.50;5;3;202304;Apr;Tue;Night;Low;Tea;Brewed herbal tea;Peppermint Rg;Lower Manhattan
10.00;4;3;202304;Apr;Tue;Night;Low;Coffee;Drip coffee;Our Old Time Diner Blend Rg;Lower Manhattan
15.00;5;5;202304;Apr;Tue;Night;Low;Coffee;Barista Espresso;Espresso shot;Lower Manhattan
28.00;8;4;202304;Apr;Tue;Night;Med;Coffee;Organic brewed coffee;Brazilian Lg;Hell's Kitchen
12.40;4;2;202304;Apr;Tue;Night;Low;Coffee;Premium brewed coffee;Jamaican Coffee River Rg;Lower Manhattan
6.60;3;2;202304;Apr;Tue;Night;Low;Coffee;Gourmet brewed coffee;Ethiopia Sm;Hell's Kitchen
3.25;1;1;202304;Apr;Tue;Night;Low;Bakery;Biscotti;Hazelnut Biscotti;Hell's Kitchen
6.00;2;1;202304;Apr;Tue;Night;Low;Coffee;Organic brewed coffee;Brazilian Rg;Lower Manhattan
14.25;3;2;202304;Apr;Tue;Night;Low;Drinking Chocolate;Hot chocolate;Sustainably Grown Organic Lg;Hell's Kitchen
6.20;2;1;202304;Apr;Tue;Night;Low;Tea;Brewed Chai tea;Spicy Eye Opener Chai Lg;Lower Manhattan
7.50;3;3;202304;Apr;Tue;Night;Low;Tea;Brewed Chai tea;Traditional Blend Chai Rg;Lower Manhattan
2.50;1;1;202304;Apr;Tue;Night;Low;Tea;Brewed Chai tea;Traditional Blend Chai Rg;Hell's Kitchen
2.50;1;1;202304;Apr;Tue;Night;Low;Tea;Brewed Black tea;English Breakfast Rg;Hell's Kitchen
5.00;2;1;202304;Apr;Tue;Night;Low;Coffee;Gourmet brewed coffee;Columbian Medium Roast Rg;Hell's Kitchen
13.50;3;3;202304;Apr;Tue;Night;Low;Bakery;Scone;Scottish Cream Scone ;Hell's Kitchen
21.25;5;3;202304;Apr;Tue;Night;Med;Coffee;Barista Espresso;Cappuccino Lg;Hell's Kitchen
2.40;3;2;202304;Apr;Tue;Night;Low;Flavours;Regular syrup;Hazelnut syrup;Hell's Kitchen
7.00;2;2;202304;Apr;Tue;Night;Low;Bakery;Biscotti;Ginger Biscotti;Hell's Kitchen
9.50;2;1;202304;Apr;Tue;Night;Low;Drinking Chocolate;Hot chocolate;Sustainably Grown Organic Lg;Lower Manhattan
6.00;2;1;202304;Apr;Tue;Night;Low;Tea;Brewed Green tea;Serenity Green Tea Lg;Hell's Kitchen
4.00;2;1;202304;Apr;Tue;Night;Low;Coffee;Drip coffee;Our Old Time Diner Blend Sm;Lower Manhattan
7.50;2;2;202304;Apr;Tue;Night;Low;Bakery;Pastry;Chocolate Croissant;Lower Manhattan
7.00;2;1;202304;Apr;Tue;Night;Low;Drinking Chocolate;Hot chocolate;Dark chocolate Rg;Hell's Kitchen
11.20;14;9;202304;Apr;Tue;Morning;Low;Flavours;Regular syrup;Carmel syrup;Hell's Kitchen
68.20;22;13;202304;Apr;Tue;Morning;very high;Coffee;Premium brewed coffee;Jamaican Coffee River Rg;Hell's Kitchen
10.50;3;3;202304;Apr;Tue;Morning;Low;Bakery;Biscotti;Ginger Biscotti;Lower Manhattan
10.00;1;1;202304;Apr;Tue;Morning;Low;Coffee beans;Green beans;Guatemalan Sustainably Grown;Lower Manhattan
43.40;14;9;202304;Apr;Tue;Morning;High;Coffee;Premium brewed coffee;Jamaican Coffee River Rg;Astoria
42.00;3;3;202304;Apr;Tue;Morning;High;Branded;Housewares;I Need My Bean! Latte cup;Hell's Kitchen
51.00;12;8;202304;Apr;Tue;Morning;High;Coffee;Barista Espresso;Cappuccino Lg;Astoria
4.00;5;4;202304;Apr;Tue;Morning;Low;Flavours;Regular syrup;Carmel syrup;Astoria
32.50;13;9;202304;Apr;Tue;Morning;Med;Tea;Brewed Chai tea;Morning Sunrise Chai Rg;Astoria
67.50;18;11;202304;Apr;Tue;Morning;very high;Coffee;Barista Espresso;Latte;Astoria
29.25;9;9;202304;Apr;Tue;Morning;Med;Bakery;Scone;Cranberry Scone;Hell's Kitchen
15.20;19;11;202304;Apr;Tue;Morning;Low;Flavours;Sugar free syrup;Sugar Free Vanilla syrup;Astoria
56.00;4;4;202304;Apr;Tue;Morning;High;Branded;Housewares;I Need My Bean! Latte cup;Astoria
35.00;14;10;202304;Apr;Tue;Morning;Med;Coffee;Drip coffee;Our Old Time Diner Blend Rg;Hell's Kitchen
30.60;12;9;202304;Apr;Tue;Morning;Med;Tea;Brewed Chai tea;Spicy Eye Opener Chai Rg;Astoria
39.00;13;9;202304;Apr;Tue;Morning;Med;Coffee;Drip coffee;Our Old Time Diner Blend Lg;Astoria
12.00;15;8;202304;Apr;Tue;Morning;Low;Flavours;Regular syrup;Chocolate syrup;Lower Manhattan
17.60;22;14;202304;Apr;Tue;Morning;Low;Flavours;Sugar free syrup;Sugar Free Vanilla syrup;Lower Manhattan
66.00;22;13;202304;Apr;Tue;Morning;very high;Tea;Brewed herbal tea;Lemon Grass Lg;Astoria
19.50;6;6;202304;Apr;Tue;Morning;Low;Bakery;Scone;Cranberry Scone;Lower Manhattan
9.60;12;8;202304;Apr;Tue;Morning;Low;Flavours;Regular syrup;Hazelnut syrup;Hell's Kitchen
14.00;4;4;202304;Apr;Tue;Morning;Low;Bakery;Biscotti;Chocolate Chip Biscotti;Astoria
15.40;7;6;202304;Apr;Tue;Morning;Low;Coffee;Organic brewed coffee;Brazilian Sm;Astoria
14.00;4;4;202304;Apr;Tue;Morning;Low;Bakery;Biscotti;Ginger Biscotti;Astoria
76.00;16;11;202304;Apr;Tue;Morning;very high;Drinking Chocolate;Hot chocolate;Sustainably Grown Organic Lg;Astoria
45.00;12;7;202304;Apr;Tue;Morning;High;Coffee;Barista Espresso;Cappuccino;Lower Manhattan
11.20;14;11;202304;Apr;Tue;Morning;Low;Flavours;Regular syrup;Hazelnut syrup;Lower Manhattan
35.00;14;8;202304;Apr;Tue;Morning;Med;Tea;Brewed herbal tea;Lemon Grass Rg;Hell's Kitchen
57.50;23;14;202304;Apr;Tue;Morning;High;Tea;Brewed Black tea;Earl Grey Rg;Astoria
24.50;7;7;202304;Apr;Tue;Morning;Med;Bakery;Biscotti;Chocolate Chip Biscotti;Hell's Kitchen
20.00;10;6;202304;Apr;Tue;Morning;Low;Coffee;Drip coffee;Our Old Time Diner Blend Sm;Astoria
11.20;14;10;202304;Apr;Tue;Morning;Low;Flavours;Regular syrup;Chocolate syrup;Hell's Kitchen
30.00;8;8;202304;Apr;Tue;Morning;Med;Bakery;Pastry;Almond Croissant;Astoria
21.00;6;6;202304;Apr;Tue;Morning;Med;Bakery;Pastry;Croissant;Hell's Kitchen
28.00;1;1;202304;Apr;Tue;Morning;Med;Branded;Clothing;I Need My Bean! T-shirt;Hell's Kitchen
22.75;7;7;202304;Apr;Tue;Morning;Med;Bakery;Biscotti;Hazelnut Biscotti;Lower Manhattan
24.50;7;7;202304;Apr;Tue;Morning;Med;Bakery;Pastry;Croissant;Lower Manhattan
7.20;9;6;202304;Apr;Tue;Morning;Low;Flavours;Sugar free syrup;Sugar Free Vanilla syrup;Hell's Kitchen
78.00;26;16;202304;Apr;Tue;Morning;very high;Coffee;Gourmet brewed coffee;Ethiopia Rg;Astoria
19.00;2;2;202304;Apr;Tue;Morning;Low;Loose Tea;Chai tea;Morning Sunrise Chai;Lower Manhattan
21.00;1;1;202304;Apr;Tue;Morning;Med;Coffee beans;Gourmet Beans;Ethiopia;Astoria
7.20;9;7;202304;Apr;Tue;Morning;Low;Flavours;Regular syrup;Carmel syrup;Lower Manhattan
13.50;3;3;202304;Apr;Tue;Morning;Low;Bakery;Scone;Scottish Cream Scone ;Astoria
39.00;13;9;202304;Apr;Tue;Morning;Med;Tea;Brewed Black tea;English Breakfast Lg;Astoria
33.00;11;11;202304;Apr;Tue;Morning;Med;Bakery;Scone;Oatmeal Scone;Hell's Kitchen
40.00;10;7;202304;Apr;Tue;Morning;Med;Tea;Brewed Chai tea;Morning Sunrise Chai Lg;Astoria
54.00;18;10;202304;Apr;Tue;Morning;High;Coffee;Organic brewed coffee;Brazilian Rg;Astoria
7.20;9;7;202304;Apr;Tue;Morning;Low;Flavours;Regular syrup;Hazelnut syrup;Astoria
32.50;10;10;202304;Apr;Tue;Morning;Med;Bakery;Biscotti;Hazelnut Biscotti;Hell's Kitchen
41.25;11;11;202304;Apr;Tue;Morning;High;Bakery;Pastry;Chocolate Croissant;Hell's Kitchen
35.00;14;9;202304;Apr;Tue;Morning;Med;Tea;Brewed Black tea;English Breakfast Rg;Astoria
18.00;6;6;202304;Apr;Tue;Morning;Low;Bakery;Scone;Oatmeal Scone;Astoria
50.00;20;11;202304;Apr;Tue;Morning;High;Coffee;Gourmet brewed coffee;Columbian Medium Roast Rg;Lower Manhattan
26.25;7;7;202304;Apr;Tue;Morning;Med;Bakery;Scone;Jumbo Savory Scone;Lower Manhattan
32.50;13;9;202304;Apr;Tue;Morning;Med;Tea;Brewed Green tea;Serenity Green Tea Rg;Astoria
50.00;20;12;202304;Apr;Tue;Morning;High;Tea;Brewed Green tea;Serenity Green Tea Rg;Lower Manhattan
10.50;3;3;202304;Apr;Tue;Morning;Low;Bakery;Pastry;Croissant;Astoria
46.00;23;13;202304;Apr;Tue;Morning;High;Coffee;Gourmet brewed coffee;Columbian Medium Roast Sm;Astoria
10.95;1;1;202304;Apr;Tue;Morning;Low;Loose Tea;Chai tea;Spicy Eye Opener Chai;Astoria
45.00;18;11;202304;Apr;Tue;Morning;High;Tea;Brewed herbal tea;Lemon Grass Rg;Astoria
9.60;12;8;202304;Apr;Tue;Morning;Low;Flavours;Regular syrup;Chocolate syrup;Astoria
22.80;3;3;202304;Apr;Tue;Morning;Med;Packaged Chocolate;Organic Chocolate;Sustainably Grown Organic;Hell's Kitchen
40.90;2;2;202304;Apr;Tue;Morning;very high;Coffee beans;Espresso Beans;Primo Espresso Roast;Hell's Kitchen
17.90;2;2;202304;Apr;Tue;Morning;Low;Loose Tea;Herbal tea;Lemon Grass;Hell's Kitchen
9.50;1;1;202304;Apr;Tue;Morning;Low;Loose Tea;Chai tea;Morning Sunrise Chai;Astoria
22.75;7;7;202304;Apr;Tue;Morning;Med;Bakery;Scone;Cranberry Scone;Astoria
18.00;1;1;202304;Apr;Tue;Morning;Low;Coffee beans;Organic Beans;Brazilian - Organic;Hell's Kitchen
29.25;9;9;202304;Apr;Tue;Morning;Med;Bakery;Scone;Ginger Scone;Astoria
12.00;1;1;202304;Apr;Tue;Morning;Low;Branded;Housewares;I Need My Bean! Diner mug;Hell's Kitchen
39.50;2;2;202304;Apr;Tue;Morning;Med;Coffee beans;Premium Beans;Jamacian Coffee River;Hell's Kitchen
13.33;1;1;202304;Apr;Tue;Morning;Low;Packaged Chocolate;Drinking Chocolate;Chili Mayan;Hell's Kitchen
31.85;13;8;202304;Apr;Tue;Morning;Med;Coffee;Premium brewed coffee;Jamaican Coffee River Sm;Astoria
7.50;3;3;202304;Apr;Tue;Afternoon;Low;Coffee;Gourmet brewed coffee;Columbian Medium Roast Rg;Lower Manhattan
9.00;3;3;202304;Apr;Tue;Afternoon;Low;Tea;Brewed herbal tea;Peppermint Lg;Hell's Kitchen
15.00;5;3;202304;Apr;Tue;Afternoon;Low;Tea;Brewed Green tea;Serenity Green Tea Lg;Lower Manhattan
27.00;6;6;202304;Apr;Tue;Afternoon;Med;Bakery;Scone;Scottish Cream Scone ;Lower Manhattan
10.95;1;1;202304;Apr;Tue;Afternoon;Low;Loose Tea;Chai tea;Spicy Eye Opener Chai;Astoria
4.00;1;1;202304;Apr;Tue;Afternoon;Low;Tea;Brewed Chai tea;Morning Sunrise Chai Lg;Hell's Kitchen
7.50;3;2;202304;Apr;Tue;Afternoon;Low;Coffee;Drip coffee;Our Old Time Diner Blend Rg;Hell's Kitchen
36.00;12;6;202304;Apr;Tue;Afternoon;Med;Tea;Brewed herbal tea;Lemon Grass Lg;Hell's Kitchen
12.00;1;1;202304;Apr;Tue;Afternoon;Low;Branded;Housewares;I Need My Bean! Diner mug;Hell's Kitchen
33.75;9;6;202304;Apr;Tue;Afternoon;Med;Coffee;Barista Espresso;Latte;Lower Manhattan
8.00;10;4;202304;Apr;Tue;Afternoon;Low;Flavours;Sugar free syrup;Sugar Free Vanilla syrup;Lower Manhattan
10.50;3;3;202304;Apr;Tue;Afternoon;Low;Bakery;Biscotti;Ginger Biscotti;Astoria
6.00;2;2;202304;Apr;Tue;Afternoon;Low;Tea;Brewed Black tea;English Breakfast Lg;Hell's Kitchen
12.00;4;4;202304;Apr;Tue;Afternoon;Low;Bakery;Scone;Oatmeal Scone;Hell's Kitchen
3.50;1;1;202304;Apr;Tue;Afternoon;Low;Bakery;Biscotti;Ginger Biscotti;Hell's Kitchen
45.00;15;8;202304;Apr;Tue;Afternoon;High;Tea;Brewed Black tea;English Breakfast Lg;Lower Manhattan
14.00;7;4;202304;Apr;Tue;Afternoon;Low;Coffee;Drip coffee;Our Old Time Diner Blend Sm;Hell's Kitchen
1.60;2;1;202304;Apr;Tue;Afternoon;Low;Flavours;Sugar free syrup;Sugar Free Vanilla syrup;Hell's Kitchen
17.60;8;5;202304;Apr;Tue;Afternoon;Low;Coffee;Organic brewed coffee;Brazilian Sm;Lower Manhattan
8.95;1;1;202304;Apr;Tue;Afternoon;Low;Loose Tea;Chai tea;Traditional Blend Chai;Lower Manhattan
3.50;1;1;202304;Apr;Tue;Afternoon;Low;Bakery;Biscotti;Ginger Biscotti;Lower Manhattan
9.30;3;2;202304;Apr;Tue;Afternoon;Low;Coffee;Premium brewed coffee;Jamaican Coffee River Rg;Lower Manhattan
1.60;2;2;202304;Apr;Tue;Afternoon;Low;Flavours;Regular syrup;Carmel syrup;Hell's Kitchen
20.00;8;5;202304;Apr;Tue;Afternoon;Low;Tea;Brewed Chai tea;Traditional Blend Chai Rg;Astoria
8.00;10;6;202304;Apr;Tue;Afternoon;Low;Flavours;Regular syrup;Hazelnut syrup;Lower Manhattan
6.00;2;1;202304;Apr;Tue;Afternoon;Low;Tea;Brewed Black tea;Earl Grey Lg;Hell's Kitchen
1.60;2;1;202304;Apr;Tue;Afternoon;Low;Flavours;Regular syrup;Hazelnut syrup;Astoria
20.00;10;6;202304;Apr;Tue;Afternoon;Low;Coffee;Gourmet brewed coffee;Columbian Medium Roast Sm;Hell's Kitchen
7.50;3;2;202304;Apr;Tue;Afternoon;Low;Coffee;Drip coffee;Our Old Time Diner Blend Rg;Lower Manhattan
4.90;2;2;202304;Apr;Tue;Afternoon;Low;Coffee;Premium brewed coffee;Jamaican Coffee River Sm;Hell's Kitchen
9.00;3;3;202304;Apr;Tue;Evening;Low;Tea;Brewed Chai tea;Traditional Blend Chai Lg;Lower Manhattan
10.00;4;2;202304;Apr;Tue;Evening;Low;Tea;Brewed Black tea;English Breakfast Rg;Lower Manhattan
6.50;2;2;202304;Apr;Tue;Evening;Low;Bakery;Biscotti;Hazelnut Biscotti;Astoria
8.80;4;4;202304;Apr;Tue;Evening;Low;Coffee;Organic brewed coffee;Brazilian Sm;Lower Manhattan
4.90;2;2;202304;Apr;Tue;Evening;Low;Coffee;Premium brewed coffee;Jamaican Coffee River Sm;Lower Manhattan
4.00;1;1;202304;Apr;Tue;Evening;Low;Tea;Brewed Chai tea;Morning Sunrise Chai Lg;Lower Manhattan
4.80;6;3;202304;Apr;Tue;Evening;Low;Flavours;Regular syrup;Hazelnut syrup;Lower Manhattan
9.15;3;3;202304;Apr;Tue;Evening;Low;Bakery;Scone;Ginger Scone;Lower Manhattan
13.50;3;3;202304;Apr;Tue;Evening;Low;Bakery;Scone;Scottish Cream Scone ;Astoria
1.60;2;2;202304;Apr;Tue;Evening;Low;Flavours;Regular syrup;Carmel syrup;Astoria
2.40;3;2;202304;Apr;Tue;Evening;Low;Flavours;Sugar free syrup;Sugar Free Vanilla syrup;Astoria
7.60;1;1;202304;Apr;Tue;Evening;Low;Packaged Chocolate;Organic Chocolate;Sustainably Grown Organic;Astoria
1.60;2;1;202304;Apr;Tue;Evening;Low;Flavours;Regular syrup;Carmel syrup;Hell's Kitchen
15.00;6;4;202304;Apr;Tue;Evening;Low;Coffee;Gourmet brewed coffee;Columbian Medium Roast Rg;Astoria
7.60;1;1;202304;Apr;Tue;Evening;Low;Packaged Chocolate;Organic Chocolate;Sustainably Grown Organic;Hell's Kitchen
18.00;6;4;202304;Apr;Tue;Evening;Low;Tea;Brewed herbal tea;Lemon Grass Lg;Hell's Kitchen
14.70;6;4;202304;Apr;Tue;Evening;Low;Coffee;Premium brewed coffee;Jamaican Coffee River Sm;Hell's Kitchen
4.80;6;3;202304;Apr;Tue;Evening;Low;Flavours;Sugar free syrup;Sugar Free Vanilla syrup;Lower Manhattan
9.00;2;2;202304;Apr;Tue;Evening;Low;Bakery;Scone;Scottish Cream Scone ;Lower Manhattan
4.00;5;3;202304;Apr;Tue;Evening;Low;Flavours;Regular syrup;Chocolate syrup;Hell's Kitchen
34.00;8;4;202304;Apr;Tue;Evening;Med;Coffee;Barista Espresso;Cappuccino Lg;Astoria
3.20;4;3;202304;Apr;Tue;Evening;Low;Flavours;Regular syrup;Chocolate syrup;Astoria
2.40;3;2;202304;Apr;Tue;Evening;Low;Flavours;Regular syrup;Chocolate syrup;Lower Manhattan
10.50;3;3;202304;Apr;Tue;Evening;Low;Bakery;Pastry;Croissant;Lower Manhattan
7.65;3;2;202304;Apr;Tue;Evening;Low;Tea;Brewed Chai tea;Spicy Eye Opener Chai Rg;Hell's Kitchen
3.50;1;1;202304;Apr;Tue;Evening;Low;Bakery;Biscotti;Chocolate Chip Biscotti;Lower Manhattan
36.00;3;3;202304;Apr;Tue;Evening;Med;Branded;Housewares;I Need My Bean! Diner mug;Astoria
7.50;2;1;202304;Apr;Tue;Evening;Low;Coffee;Barista Espresso;Latte;Hell's Kitchen
1.60;2;1;202304;Apr;Tue;Evening;Low;Flavours;Regular syrup;Hazelnut syrup;Hell's Kitchen
22.50;6;6;202304;Apr;Tue;Evening;Med;Bakery;Pastry;Chocolate Croissant;Hell's Kitchen
3.25;1;1;202304;Apr;Tue;Evening;Low;Bakery;Biscotti;Hazelnut Biscotti;Hell's Kitchen
36.00;2;2;202304;Apr;Tue;Evening;Med;Coffee beans;Organic Beans;Brazilian - Organic;Hell's Kitchen
27.50;11;7;202304;Apr;Wed;Night;Med;Tea;Brewed Chai tea;Morning Sunrise Chai Rg;Lower Manhattan
14.00;4;3;202304;Apr;Wed;Night;Low;Coffee;Organic brewed coffee;Brazilian Lg;Lower Manhattan
21.00;7;5;202304;Apr;Wed;Night;Med;Tea;Brewed herbal tea;Peppermint Lg;Lower Manhattan
17.50;7;4;202304;Apr;Wed;Night;Low;Tea;Brewed herbal tea;Lemon Grass Rg;Lower Manhattan
22.50;6;4;202304;Apr;Wed;Night;Med;Coffee;Barista Espresso;Cappuccino;Lower Manhattan
8.00;10;5;202304;Apr;Wed;Night;Low;Flavours;Sugar free syrup;Sugar Free Vanilla syrup;Lower Manhattan
15.00;4;4;202304;Apr;Wed;Night;Low;Bakery;Pastry;Almond Croissant;Lower Manhattan
12.00;4;2;202304;Apr;Wed;Night;Low;Tea;Brewed Black tea;Earl Grey Lg;Lower Manhattan
6.60;3;2;202304;Apr;Wed;Night;Low;Coffee;Organic brewed coffee;Brazilian Sm;Lower Manhattan
15.00;6;3;202304;Apr;Wed;Night;Low;Coffee;Drip coffee;Our Old Time Diner Blend Rg;Lower Manhattan
13.50;3;3;202304;Apr;Wed;Night;Low;Bakery;Scone;Scottish Cream Scone ;Lower Manhattan
9.00;3;2;202304;Apr;Wed;Night;Low;Coffee;Drip coffee;Our Old Time Diner Blend Lg;Lower Manhattan
9.00;3;3;202304;Apr;Wed;Night;Low;Bakery;Scone;Oatmeal Scone;Lower Manhattan
12.80;2;2;202304;Apr;Wed;Night;Low;Packaged Chocolate;Drinking Chocolate;Dark chocolate;Lower Manhattan
10.00;4;3;202304;Apr;Wed;Night;Low;Tea;Brewed herbal tea;Lemon Grass Rg;Hell's Kitchen
13.20;6;3;202304;Apr;Wed;Night;Low;Coffee;Gourmet brewed coffee;Ethiopia Sm;Hell's Kitchen
3.00;1;1;202304;Apr;Wed;Night;Low;Tea;Brewed Black tea;English Breakfast Lg;Lower Manhattan
12.75;5;3;202304;Apr;Wed;Night;Low;Tea;Brewed Chai tea;Spicy Eye Opener Chai Rg;Hell's Kitchen
7.50;3;3;202304;Apr;Wed;Night;Low;Tea;Brewed Black tea;English Breakfast Rg;Lower Manhattan
9.00;2;2;202304;Apr;Wed;Night;Low;Bakery;Scone;Scottish Cream Scone ;Hell's Kitchen
24.50;7;4;202304;Apr;Wed;Night;Med;Drinking Chocolate;Hot chocolate;Dark chocolate Rg;Lower Manhattan
3.50;1;1;202304;Apr;Wed;Night;Low;Bakery;Biscotti;Chocolate Chip Biscotti;Lower Manhattan
13.50;3;2;202304;Apr;Wed;Night;Low;Drinking Chocolate;Hot chocolate;Dark chocolate Lg;Hell's Kitchen
30.00;8;4;202304;Apr;Wed;Night;Med;Coffee;Barista Espresso;Latte;Lower Manhattan
4.00;5;2;202304;Apr;Wed;Night;Low;Flavours;Regular syrup;Hazelnut syrup;Lower Manhattan
4.40;2;1;202304;Apr;Wed;Night;Low;Coffee;Gourmet brewed coffee;Ethiopia Sm;Lower Manhattan
12.00;4;2;202304;Apr;Wed;Night;Low;Tea;Brewed Black tea;Earl Grey Lg;Hell's Kitchen
3.25;1;1;202304;Apr;Wed;Night;Low;Bakery;Biscotti;Hazelnut Biscotti;Hell's Kitchen
10.00;4;2;202304;Apr;Wed;Night;Low;Coffee;Drip coffee;Our Old Time Diner Blend Rg;Hell's Kitchen
3.50;1;1;202304;Apr;Wed;Night;Low;Drinking Chocolate;Hot chocolate;Dark chocolate Rg;Hell's Kitchen
3.00;1;1;202304;Apr;Wed;Night;Low;Tea;Brewed Chai tea;Traditional Blend Chai Lg;Hell's Kitchen
7.00;2;2;202304;Apr;Wed;Night;Low;Bakery;Pastry;Croissant;Hell's Kitchen
5.00;2;2;202304;Apr;Wed;Night;Low;Tea;Brewed Chai tea;Traditional Blend Chai Rg;Hell's Kitchen
6.20;2;1;202304;Apr;Wed;Night;Low;Tea;Brewed Chai tea;Spicy Eye Opener Chai Lg;Hell's Kitchen
37.50;10;6;202304;Apr;Wed;Night;Med;Coffee;Premium brewed coffee;Jamaican Coffee River Lg;Lower Manhattan
32.00;8;5;202304;Apr;Wed;Night;Med;Tea;Brewed Chai tea;Morning Sunrise Chai Lg;Lower Manhattan
7.00;2;2;202304;Apr;Wed;Night;Low;Bakery;Pastry;Croissant;Lower Manhattan
12.00;4;2;202304;Apr;Wed;Night;Low;Coffee;Drip coffee;Our Old Time Diner Blend Lg;Hell's Kitchen
6.60;3;2;202304;Apr;Wed;Night;Low;Coffee;Organic brewed coffee;Brazilian Sm;Hell's Kitchen
3.25;1;1;202304;Apr;Wed;Night;Low;Bakery;Scone;Ginger Scone;Lower Manhattan
4.25;1;1;202304;Apr;Wed;Night;Low;Coffee;Barista Espresso;Cappuccino Lg;Hell's Kitchen
1.60;2;1;202304;Apr;Wed;Night;Low;Flavours;Regular syrup;Chocolate syrup;Hell's Kitchen
3.75;1;1;202304;Apr;Wed;Night;Low;Bakery;Pastry;Chocolate Croissant;Lower Manhattan
25.00;10;8;202304;Apr;Wed;Morning;Med;Tea;Brewed Green tea;Serenity Green Tea Rg;Astoria
21.00;6;6;202304;Apr;Wed;Morning;Med;Bakery;Pastry;Croissant;Astoria
16.00;20;10;202304;Apr;Wed;Morning;Low;Flavours;Regular syrup;Carmel syrup;Lower Manhattan
17.50;7;5;202304;Apr;Wed;Morning;Low;Tea;Brewed herbal tea;Lemon Grass Rg;Lower Manhattan
30.00;10;7;202304;Apr;Wed;Morning;Med;Coffee;Gourmet brewed coffee;Columbian Medium Roast Lg;Astoria
24.20;11;6;202304;Apr;Wed;Morning;Med;Coffee;Organic brewed coffee;Brazilian Sm;Astoria
39.50;2;2;202304;Apr;Wed;Morning;Med;Coffee beans;Premium Beans;Jamacian Coffee River;Lower Manhattan
103.50;23;15;202304;Apr;Wed;Morning;very high;Drinking Chocolate;Hot chocolate;Dark chocolate Lg;Astoria
8.95;1;1;202304;Apr;Wed;Morning;Low;Loose Tea;Herbal tea;Lemon Grass;Astoria
16.80;21;9;202304;Apr;Wed;Morning;Low;Flavours;Sugar free syrup;Sugar Free Vanilla syrup;Lower Manhattan
37.50;15;9;202304;Apr;Wed;Morning;Med;Tea;Brewed herbal tea;Lemon Grass Rg;Hell's Kitchen
42.00;21;13;202304;Apr;Wed;Morning;High;Coffee;Gourmet brewed coffee;Columbian Medium Roast Sm;Astoria
12.80;16;8;202304;Apr;Wed;Morning;Low;Flavours;Regular syrup;Carmel syrup;Hell's Kitchen
49.00;14;10;202304;Apr;Wed;Morning;High;Coffee;Gourmet brewed coffee;Ethiopia Lg;Hell's Kitchen
22.00;11;8;202304;Apr;Wed;Morning;Med;Coffee;Gourmet brewed coffee;Columbian Medium Roast Sm;Hell's Kitchen
22.50;6;6;202304;Apr;Wed;Morning;Med;Bakery;Scone;Jumbo Savory Scone;Lower Manhattan
80.50;23;13;202304;Apr;Wed;Morning;very high;Coffee;Organic brewed coffee;Brazilian Lg;Astoria
9.50;1;1;202304;Apr;Wed;Morning;Low;Loose Tea;Chai tea;Morning Sunrise Chai;Hell's Kitchen
7.35;3;3;202304;Apr;Wed;Morning;Low;Coffee;Premium brewed coffee;Jamaican Coffee River Sm;Hell's Kitchen
21.00;6;6;202304;Apr;Wed;Morning;Med;Bakery;Biscotti;Chocolate Chip Biscotti;Hell's Kitchen
63.00;21;13;202304;Apr;Wed;Morning;very high;Coffee;Gourmet brewed coffee;Ethiopia Rg;Hell's Kitchen
45.00;10;10;202304;Apr;Wed;Morning;High;Bakery;Scone;Scottish Cream Scone ;Hell's Kitchen
4.00;5;3;202304;Apr;Wed;Morning;Low;Flavours;Regular syrup;Hazelnut syrup;Hell's Kitchen
18.00;6;6;202304;Apr;Wed;Morning;Low;Bakery;Scone;Oatmeal Scone;Astoria
42.00;14;9;202304;Apr;Wed;Morning;High;Coffee;Barista Espresso;Espresso shot;Hell's Kitchen
11.20;14;11;202304;Apr;Wed;Morning;Low;Flavours;Regular syrup;Chocolate syrup;Hell's Kitchen
29.50;2;2;202304;Apr;Wed;Morning;Med;Coffee beans;Espresso Beans;Espresso Roast;Astoria
42.00;2;2;202304;Apr;Wed;Morning;High;Coffee beans;Gourmet Beans;Ethiopia;Hell's Kitchen
28.00;1;1;202304;Apr;Wed;Morning;Med;Branded;Clothing;I Need My Bean! T-shirt;Hell's Kitchen
36.00;12;7;202304;Apr;Wed;Morning;Med;Tea;Brewed Black tea;Earl Grey Lg;Astoria
24.50;7;7;202304;Apr;Wed;Morning;Med;Bakery;Biscotti;Ginger Biscotti;Astoria
7.20;9;7;202304;Apr;Wed;Morning;Low;Flavours;Sugar free syrup;Sugar Free Vanilla syrup;Hell's Kitchen
42.00;14;9;202304;Apr;Wed;Morning;High;Tea;Brewed Green tea;Serenity Green Tea Lg;Astoria
20.00;8;6;202304;Apr;Wed;Morning;Low;Tea;Brewed Black tea;Earl Grey Rg;Hell's Kitchen
8.00;10;7;202304;Apr;Wed;Morning;Low;Flavours;Regular syrup;Chocolate syrup;Astoria
26.66;2;2;202304;Apr;Wed;Morning;Med;Packaged Chocolate;Drinking Chocolate;Chili Mayan;Astoria
16.80;21;11;202304;Apr;Wed;Morning;Low;Flavours;Regular syrup;Chocolate syrup;Lower Manhattan
8.95;1;1;202304;Apr;Wed;Morning;Low;Loose Tea;Black tea;Earl Grey;Astoria
48.00;16;10;202304;Apr;Wed;Morning;High;Coffee;Gourmet brewed coffee;Ethiopia Rg;Astoria
48.00;12;7;202304;Apr;Wed;Morning;High;Tea;Brewed Chai tea;Morning Sunrise Chai Lg;Astoria
26.25;7;7;202304;Apr;Wed;Morning;Med;Bakery;Scone;Jumbo Savory Scone;Astoria
37.20;12;10;202304;Apr;Wed;Morning;Med;Tea;Brewed Chai tea;Spicy Eye Opener Chai Lg;Hell's Kitchen
15.00;6;4;202304;Apr;Wed;Morning;Low;Tea;Brewed Chai tea;Morning Sunrise Chai Rg;Hell's Kitchen
45.00;15;8;202304;Apr;Wed;Morning;High;Coffee;Organic brewed coffee;Brazilian Rg;Astoria
39.50;2;2;202304;Apr;Wed;Morning;Med;Coffee beans;Premium Beans;Jamacian Coffee River;Astoria
67.80;25;18;202304;Apr;Wed;Morning;very high;Coffee;Barista Espresso;Ouro Brasileiro shot;Hell's Kitchen
8.95;1;1;202304;Apr;Wed;Morning;Low;Loose Tea;Chai tea;Traditional Blend Chai;Astoria
32.50;13;8;202304;Apr;Wed;Morning;Med;Tea;Brewed herbal tea;Lemon Grass Rg;Astoria
38.25;9;6;202304;Apr;Wed;Morning;Med;Coffee;Barista Espresso;Cappuccino Lg;Hell's Kitchen
15.00;5;4;202304;Apr;Wed;Morning;Low;Coffee;Barista Espresso;Espresso shot;Astoria
50.00;20;12;202304;Apr;Wed;Morning;High;Tea;Brewed herbal tea;Peppermint Rg;Astoria
32.85;3;3;202304;Apr;Wed;Morning;Med;Loose Tea;Chai tea;Spicy Eye Opener Chai;Hell's Kitchen
45.00;3;3;202304;Apr;Wed;Morning;High;Coffee beans;Gourmet Beans;Columbian Medium Roast;Hell's Kitchen
15.20;2;2;202304;Apr;Wed;Morning;Low;Packaged Chocolate;Organic Chocolate;Sustainably Grown Organic;Lower Manhattan
90.00;2;2;202304;Apr;Wed;Morning;very high;Coffee beans;Premium Beans;Civet Cat;Lower Manhattan
36.00;2;2;202304;Apr;Wed;Morning;Med;Coffee beans;House blend Beans;Our Old Time Diner Blend;Astoria
9.25;1;1;202304;Apr;Wed;Morning;Low;Loose Tea;Green tea;Serenity Green Tea;Lower Manhattan
42.50;17;12;202304;Apr;Wed;Morning;High;Tea;Brewed Chai tea;Traditional Blend Chai Rg;Astoria
9.50;1;1;202304;Apr;Wed;Morning;Low;Loose Tea;Chai tea;Morning Sunrise Chai;Astoria
22.50;6;6;202304;Apr;Wed;Morning;Med;Bakery;Pastry;Almond Croissant;Astoria
6.00;2;1;202304;Apr;Wed;Night;Low;Coffee;Barista Espresso;Espresso shot;Lower Manhattan
3.20;4;2;202304;Apr;Wed;Afternoon;Low;Flavours;Regular syrup;Hazelnut syrup;Hell's Kitchen
3.20;4;3;202304;Apr;Wed;Afternoon;Low;Flavours;Regular syrup;Carmel syrup;Hell's Kitchen
4.00;5;4;202304;Apr;Wed;Afternoon;Low;Flavours;Sugar free syrup;Sugar Free Vanilla syrup;Hell's Kitchen
36.00;12;7;202304;Apr;Wed;Afternoon;Med;Coffee;Organic brewed coffee;Brazilian Rg;Hell's Kitchen
8.95;1;1;202304;Apr;Wed;Afternoon;Low;Loose Tea;Black tea;English Breakfast;Hell's Kitchen
5.60;7;5;202304;Apr;Wed;Afternoon;Low;Flavours;Regular syrup;Chocolate syrup;Hell's Kitchen
8.00;10;5;202304;Apr;Wed;Afternoon;Low;Flavours;Regular syrup;Carmel syrup;Lower Manhattan
12.50;5;3;202304;Apr;Wed;Afternoon;Low;Tea;Brewed herbal tea;Lemon Grass Rg;Lower Manhattan
0.80;1;1;202304;Apr;Wed;Afternoon;Low;Flavours;Regular syrup;Chocolate syrup;Astoria
7.00;2;2;202304;Apr;Wed;Afternoon;Low;Bakery;Biscotti;Ginger Biscotti;Hell's Kitchen
7.50;2;2;202304;Apr;Wed;Afternoon;Low;Bakery;Pastry;Almond Croissant;Astoria
10.00;5;3;202304;Apr;Wed;Afternoon;Low;Coffee;Drip coffee;Our Old Time Diner Blend Sm;Hell's Kitchen
18.00;6;4;202304;Apr;Wed;Afternoon;Low;Coffee;Gourmet brewed coffee;Columbian Medium Roast Lg;Hell's Kitchen
11.25;3;3;202304;Apr;Wed;Afternoon;Low;Bakery;Scone;Jumbo Savory Scone;Hell's Kitchen
2.40;3;1;202304;Apr;Wed;Afternoon;Low;Flavours;Regular syrup;Hazelnut syrup;Lower Manhattan
8.95;1;1;202304;Apr;Wed;Afternoon;Low;Loose Tea;Herbal tea;Lemon Grass;Hell's Kitchen
8.95;1;1;202304;Apr;Wed;Afternoon;Low;Loose Tea;Black tea;Earl Grey;Astoria
19.75;1;1;202304;Apr;Wed;Afternoon;Low;Coffee beans;Premium Beans;Jamacian Coffee River;Hell's Kitchen
36.00;12;6;202304;Apr;Wed;Afternoon;Med;Tea;Brewed Black tea;Earl Grey Lg;Lower Manhattan
20.00;5;3;202304;Apr;Wed;Afternoon;Low;Tea;Brewed Chai tea;Morning Sunrise Chai Lg;Hell's Kitchen
32.50;10;9;202304;Apr;Wed;Afternoon;Med;Bakery;Scone;Ginger Scone;Hell's Kitchen
33.25;7;5;202304;Apr;Wed;Afternoon;Med;Drinking Chocolate;Hot chocolate;Sustainably Grown Organic Lg;Astoria
22.50;5;4;202304;Apr;Wed;Afternoon;Med;Drinking Chocolate;Hot chocolate;Dark chocolate Lg;Lower Manhattan
19.50;6;6;202304;Apr;Wed;Afternoon;Low;Bakery;Scone;Cranberry Scone;Lower Manhattan
0.80;1;1;202304;Apr;Wed;Afternoon;Low;Flavours;Regular syrup;Hazelnut syrup;Astoria
3.75;1;1;202304;Apr;Wed;Afternoon;Low;Bakery;Pastry;Chocolate Croissant;Astoria
22.50;1;1;202304;Apr;Wed;Afternoon;Med;Coffee beans;Organic Beans;Organic Decaf Blend;Lower Manhattan
12.00;1;1;202304;Apr;Wed;Afternoon;Low;Branded;Housewares;I Need My Bean! Diner mug;Hell's Kitchen
30.00;10;7;202304;Apr;Wed;Afternoon;Med;Coffee;Gourmet brewed coffee;Ethiopia Rg;Lower Manhattan
17.50;5;5;202304;Apr;Wed;Afternoon;Low;Bakery;Biscotti;Chocolate Chip Biscotti;Astoria
12.00;4;3;202304;Apr;Wed;Afternoon;Low;Coffee;Drip coffee;Our Old Time Diner Blend Lg;Hell's Kitchen
2.50;1;1;202304;Apr;Wed;Afternoon;Low;Coffee;Drip coffee;Our Old Time Diner Blend Rg;Hell's Kitchen
45.00;1;1;202304;Apr;Wed;Afternoon;High;Coffee beans;Premium Beans;Civet Cat;Lower Manhattan
8.95;1;1;202304;Apr;Wed;Afternoon;Low;Loose Tea;Black tea;English Breakfast;Lower Manhattan
8.95;1;1;202304;Apr;Wed;Afternoon;Low;Loose Tea;Chai tea;Traditional Blend Chai;Hell's Kitchen
5.10;2;1;202304;Apr;Wed;Night;Low;Tea;Brewed Chai tea;Spicy Eye Opener Chai Rg;Astoria
19.75;1;1;202304;Apr;Wed;Night;Low;Coffee beans;Premium Beans;Jamacian Coffee River;Astoria
7.50;3;2;202304;Apr;Wed;Evening;Low;Coffee;Gourmet brewed coffee;Columbian Medium Roast Rg;Lower Manhattan
30.00;10;6;202304;Apr;Wed;Evening;Med;Tea;Brewed herbal tea;Lemon Grass Lg;Lower Manhattan
4.00;5;3;202304;Apr;Wed;Evening;Low;Flavours;Regular syrup;Carmel syrup;Astoria
14.00;4;3;202304;Apr;Wed;Evening;Low;Drinking Chocolate;Hot chocolate;Dark chocolate Rg;Hell's Kitchen
7.20;9;5;202304;Apr;Wed;Evening;Low;Flavours;Regular syrup;Carmel syrup;Hell's Kitchen
3.75;1;1;202304;Apr;Wed;Evening;Low;Bakery;Scone;Jumbo Savory Scone;Hell's Kitchen
7.20;9;5;202304;Apr;Wed;Evening;Low;Flavours;Sugar free syrup;Sugar Free Vanilla syrup;Lower Manhattan
20.00;8;6;202304;Apr;Wed;Evening;Low;Coffee;Drip coffee;Our Old Time Diner Blend Rg;Hell's Kitchen
7.00;2;2;202304;Apr;Wed;Evening;Low;Bakery;Pastry;Croissant;Lower Manhattan
1.60;2;1;202304;Apr;Wed;Evening;Low;Flavours;Regular syrup;Hazelnut syrup;Lower Manhattan
18.60;6;4;202304;Apr;Wed;Evening;Low;Coffee;Premium brewed coffee;Jamaican Coffee River Rg;Hell's Kitchen
18.75;5;4;202304;Apr;Wed;Evening;Low;Coffee;Premium brewed coffee;Jamaican Coffee River Lg;Hell's Kitchen
42.50;10;7;202304;Apr;Wed;Evening;High;Coffee;Barista Espresso;Cappuccino Lg;Hell's Kitchen
4.00;5;4;202304;Apr;Wed;Evening;Low;Flavours;Sugar free syrup;Sugar Free Vanilla syrup;Hell's Kitchen
45.00;1;1;202304;Apr;Wed;Evening;High;Coffee beans;Premium Beans;Civet Cat;Hell's Kitchen
12.00;4;2;202304;Apr;Wed;Evening;Low;Tea;Brewed Black tea;Earl Grey Lg;Lower Manhattan
21.00;1;1;202304;Apr;Wed;Evening;Med;Coffee beans;Gourmet Beans;Ethiopia;Lower Manhattan
3.00;1;1;202304;Apr;Wed;Evening;Low;Coffee;Drip coffee;Our Old Time Diner Blend Lg;Lower Manhattan
10.00;5;3;202304;Apr;Wed;Evening;Low;Coffee;Gourmet brewed coffee;Columbian Medium Roast Sm;Lower Manhattan
18.75;5;3;202304;Apr;Wed;Evening;Low;Coffee;Premium brewed coffee;Jamaican Coffee River Lg;Lower Manhattan
4.80;6;4;202304;Apr;Wed;Evening;Low;Flavours;Regular syrup;Carmel syrup;Lower Manhattan
6.50;2;2;202304;Apr;Wed;Evening;Low;Bakery;Scone;Ginger Scone;Lower Manhattan
8.80;4;2;202304;Apr;Wed;Evening;Low;Coffee;Gourmet brewed coffee;Ethiopia Sm;Lower Manhattan
8.95;1;1;202304;Apr;Wed;Evening;Low;Loose Tea;Black tea;English Breakfast;Hell's Kitchen
8.95;1;1;202304;Apr;Wed;Evening;Low;Loose Tea;Herbal tea;Peppermint;Astoria
1.60;2;1;202304;Apr;Wed;Evening;Low;Flavours;Sugar free syrup;Sugar Free Vanilla syrup;Astoria
17.50;5;5;202304;Apr;Wed;Evening;Low;Bakery;Biscotti;Ginger Biscotti;Astoria
3.25;1;1;202304;Apr;Wed;Evening;Low;Bakery;Biscotti;Hazelnut Biscotti;Hell's Kitchen
7.50;3;2;202304;Apr;Wed;Evening;Low;Tea;Brewed Chai tea;Traditional Blend Chai Rg;Lower Manhattan
10.95;1;1;202304;Apr;Wed;Evening;Low;Loose Tea;Chai tea;Spicy Eye Opener Chai;Lower Manhattan
3.20;4;3;202304;Apr;Wed;Evening;Low;Flavours;Regular syrup;Chocolate syrup;Lower Manhattan
3.00;1;1;202304;Apr;Wed;Evening;Low;Coffee;Organic brewed coffee;Brazilian Rg;Lower Manhattan
2.20;1;1;202304;Apr;Wed;Evening;Low;Coffee;Organic brewed coffee;Brazilian Sm;Lower Manhattan
9.25;1;1;202304;Apr;Wed;Evening;Low;Loose Tea;Green tea;Serenity Green Tea;Astoria
7.35;3;2;202304;Apr;Wed;Evening;Low;Coffee;Premium brewed coffee;Jamaican Coffee River Sm;Lower Manhattan
7.50;3;2;202304;Apr;Wed;Evening;Low;Tea;Brewed herbal tea;Peppermint Rg;Lower Manhattan
1.60;2;1;202304;Apr;Wed;Evening;Low;Flavours;Regular syrup;Chocolate syrup;Astoria
7.50;2;2;202304;Apr;Wed;Evening;Low;Bakery;Pastry;Almond Croissant;Hell's Kitchen
6.40;1;1;202304;Apr;Wed;Evening;Low;Packaged Chocolate;Drinking Chocolate;Dark chocolate;Hell's Kitchen
42.00;2;2;202304;Apr;Wed;Evening;High;Coffee beans;Gourmet Beans;Ethiopia;Hell's Kitchen
6.00;3;2;202304;Apr;Wed;Evening;Low;Coffee;Gourmet brewed coffee;Columbian Medium Roast Sm;Astoria
14.00;1;1;202304;Apr;Wed;Evening;Low;Branded;Housewares;I Need My Bean! Latte cup;Hell's Kitchen
6.40;8;5;202304;Apr;Wed;Evening;Low;Flavours;Regular syrup;Chocolate syrup;Hell's Kitchen
104.50;22;14;202304;Apr;Thu;Morning;very high;Drinking Chocolate;Hot chocolate;Sustainably Grown Organic Lg;Astoria
24.00;8;6;202304;Apr;Thu;Morning;Med;Tea;Brewed Black tea;English Breakfast Lg;Astoria
4.00;5;5;202304;Apr;Thu;Morning;Low;Flavours;Sugar free syrup;Sugar Free Vanilla syrup;Astoria
30.00;12;9;202304;Apr;Thu;Morning;Med;Tea;Brewed Black tea;Earl Grey Rg;Astoria
26.95;11;9;202304;Apr;Thu;Morning;Med;Coffee;Premium brewed coffee;Jamaican Coffee River Sm;Astoria
31.50;7;7;202304;Apr;Thu;Morning;Med;Bakery;Scone;Scottish Cream Scone ;Astoria
16.00;20;12;202304;Apr;Thu;Morning;Low;Flavours;Regular syrup;Chocolate syrup;Lower Manhattan
51.00;17;12;202304;Apr;Thu;Morning;High;Coffee;Drip coffee;Our Old Time Diner Blend Lg;Astoria
38.50;11;11;202304;Apr;Thu;Morning;Med;Bakery;Pastry;Croissant;Astoria
40.50;9;9;202304;Apr;Thu;Morning;very high;Bakery;Scone;Scottish Cream Scone ;Lower Manhattan
12.00;6;6;202304;Apr;Thu;Morning;Low;Coffee;Drip coffee;Our Old Time Diner Blend Sm;Astoria
23.20;29;17;202304;Apr;Thu;Morning;Med;Flavours;Regular syrup;Carmel syrup;Lower Manhattan
8.95;1;1;202304;Apr;Thu;Morning;Low;Loose Tea;Chai tea;Traditional Blend Chai;Lower Manhattan
30.00;10;8;202304;Apr;Thu;Morning;Med;Tea;Brewed herbal tea;Peppermint Lg;Astoria
30.00;10;6;202304;Apr;Thu;Morning;Med;Coffee;Barista Espresso;Espresso shot;Astoria
5.60;7;5;202304;Apr;Thu;Morning;Low;Flavours;Regular syrup;Carmel syrup;Astoria
44.00;20;15;202304;Apr;Thu;Morning;High;Coffee;Organic brewed coffee;Brazilian Sm;Astoria
32.50;13;10;202304;Apr;Thu;Morning;Med;Tea;Brewed Green tea;Serenity Green Tea Rg;Astoria
39.00;13;9;202304;Apr;Thu;Morning;Med;Tea;Brewed Green tea;Serenity Green Tea Lg;Astoria
52.50;14;12;202304;Apr;Thu;Morning;High;Drinking Chocolate;Hot chocolate;Sustainably Grown Organic Rg;Astoria
33.75;9;9;202304;Apr;Thu;Morning;Med;Bakery;Scone;Jumbo Savory Scone;Astoria
54.00;18;10;202304;Apr;Thu;Morning;High;Tea;Brewed herbal tea;Lemon Grass Lg;Lower Manhattan
42.00;12;12;202304;Apr;Thu;Morning;High;Bakery;Pastry;Croissant;Lower Manhattan
8.80;11;6;202304;Apr;Thu;Morning;Low;Flavours;Regular syrup;Chocolate syrup;Astoria
18.00;6;5;202304;Apr;Thu;Morning;Low;Coffee;Gourmet brewed coffee;Columbian Medium Roast Lg;Astoria
26.25;7;7;202304;Apr;Thu;Morning;Med;Bakery;Scone;Jumbo Savory Scone;Hell's Kitchen
8.95;1;1;202304;Apr;Thu;Morning;Low;Loose Tea;Herbal tea;Lemon Grass;Hell's Kitchen
30.00;10;9;202304;Apr;Thu;Morning;Med;Coffee;Organic brewed coffee;Brazilian Rg;Astoria
49.00;14;10;202304;Apr;Thu;Morning;High;Coffee;Gourmet brewed coffee;Ethiopia Lg;Astoria
18.60;6;5;202304;Apr;Thu;Morning;Low;Tea;Brewed Chai tea;Spicy Eye Opener Chai Lg;Astoria
16.00;20;12;202304;Apr;Thu;Morning;Low;Flavours;Regular syrup;Carmel syrup;Hell's Kitchen
17.50;7;6;202304;Apr;Thu;Morning;Low;Coffee;Gourmet brewed coffee;Columbian Medium Roast Rg;Astoria
22.75;7;7;202304;Apr;Thu;Morning;Med;Bakery;Biscotti;Hazelnut Biscotti;Astoria
8.95;1;1;202304;Apr;Thu;Morning;Low;Loose Tea;Herbal tea;Peppermint;Hell's Kitchen
59.50;17;11;202304;Apr;Thu;Morning;High;Coffee;Organic brewed coffee;Brazilian Lg;Hell's Kitchen
18.00;6;6;202304;Apr;Thu;Morning;Low;Bakery;Scone;Oatmeal Scone;Hell's Kitchen
21.60;27;20;202304;Apr;Thu;Morning;Med;Flavours;Regular syrup;Hazelnut syrup;Hell's Kitchen
22.50;1;1;202304;Apr;Thu;Morning;Med;Coffee beans;Organic Beans;Organic Decaf Blend;Hell's Kitchen
46.00;23;11;202304;Apr;Thu;Morning;High;Coffee;Gourmet brewed coffee;Columbian Medium Roast Sm;Lower Manhattan
52.50;15;15;202304;Apr;Thu;Morning;High;Bakery;Biscotti;Chocolate Chip Biscotti;Lower Manhattan
21.00;6;6;202304;Apr;Thu;Morning;Med;Bakery;Biscotti;Ginger Biscotti;Astoria
45.00;15;11;202304;Apr;Thu;Morning;High;Coffee;Organic brewed coffee;Brazilian Rg;Hell's Kitchen
84.00;3;3;202304;Apr;Thu;Morning;very high;Branded;Clothing;I Need My Bean! T-shirt;Lower Manhattan
75.00;20;12;202304;Apr;Thu;Morning;very high;Coffee;Barista Espresso;Latte;Hell's Kitchen
40.50;9;9;202304;Apr;Thu;Morning;very high;Bakery;Scone;Scottish Cream Scone ;Hell's Kitchen
43.40;14;11;202304;Apr;Thu;Morning;High;Coffee;Premium brewed coffee;Jamaican Coffee River Rg;Astoria
12.80;16;9;202304;Apr;Thu;Morning;Low;Flavours;Regular syrup;Hazelnut syrup;Lower Manhattan
59.50;14;10;202304;Apr;Thu;Morning;High;Coffee;Barista Espresso;Cappuccino Lg;Hell's Kitchen
45.00;15;9;202304;Apr;Thu;Morning;High;Tea;Brewed Chai tea;Traditional Blend Chai Lg;Astoria
12.75;5;4;202304;Apr;Thu;Morning;Low;Tea;Brewed Chai tea;Spicy Eye Opener Chai Rg;Astoria
8.80;11;9;202304;Apr;Thu;Morning;Low;Flavours;Sugar free syrup;Sugar Free Vanilla syrup;Hell's Kitchen
10.40;13;8;202304;Apr;Thu;Morning;Low;Flavours;Sugar free syrup;Sugar Free Vanilla syrup;Lower Manhattan
22.40;28;16;202304;Apr;Thu;Morning;Med;Flavours;Regular syrup;Chocolate syrup;Hell's Kitchen
48.75;13;8;202304;Apr;Thu;Morning;High;Drinking Chocolate;Hot chocolate;Sustainably Grown Organic Rg;Hell's Kitchen
21.00;1;1;202304;Apr;Thu;Morning;Med;Coffee beans;Gourmet Beans;Ethiopia;Hell's Kitchen
21.00;7;7;202304;Apr;Thu;Morning;Med;Bakery;Scone;Oatmeal Scone;Astoria
14.00;1;1;202304;Apr;Thu;Morning;Low;Branded;Housewares;I Need My Bean! Latte cup;Lower Manhattan
2.40;3;3;202304;Apr;Thu;Morning;Low;Flavours;Regular syrup;Hazelnut syrup;Astoria
30.00;12;9;202304;Apr;Thu;Morning;Med;Tea;Brewed herbal tea;Lemon Grass Rg;Astoria
8.95;1;1;202304;Apr;Thu;Morning;Low;Loose Tea;Chai tea;Traditional Blend Chai;Hell's Kitchen
30.00;8;8;202304;Apr;Thu;Morning;Med;Bakery;Scone;Jumbo Savory Scone;Lower Manhattan
18.00;1;1;202304;Apr;Sun;Afternoon;Low;Coffee beans;House blend Beans;Our Old Time Diner Blend;Astoria
13.33;1;1;202304;Apr;Tue;Afternoon;Low;Packaged Chocolate;Drinking Chocolate;Chili Mayan;Lower Manhattan
3.50;1;1;202304;Apr;Tue;Afternoon;Low;Bakery;Pastry;Croissant;Hell's Kitchen
4.00;5;3;202304;Apr;Tue;Afternoon;Low;Flavours;Sugar free syrup;Sugar Free Vanilla syrup;Astoria
9.80;4;3;202304;Apr;Wed;Night;Low;Coffee;Premium brewed coffee;Jamaican Coffee River Sm;Lower Manhattan
8.00;10;8;202304;Apr;Wed;Morning;Low;Flavours;Regular syrup;Carmel syrup;Astoria
45.50;13;9;202304;Apr;Thu;Morning;High;Coffee;Organic brewed coffee;Brazilian Lg;Astoria
64.00;16;9;202304;Apr;Thu;Morning;very high;Tea;Brewed Chai tea;Morning Sunrise Chai Lg;Hell's Kitchen
42.00;21;12;202304;Apr;Thu;Morning;High;Coffee;Drip coffee;Our Old Time Diner Blend Sm;Hell's Kitchen
14.00;4;4;202304;Apr;Thu;Morning;Low;Bakery;Pastry;Croissant;Hell's Kitchen
18.00;1;1;202304;Apr;Thu;Morning;Low;Coffee beans;Organic Beans;Brazilian - Organic;Lower Manhattan
15.20;2;2;202304;Apr;Thu;Morning;Low;Packaged Chocolate;Organic Chocolate;Sustainably Grown Organic;Hell's Kitchen
45.00;1;1;202304;Apr;Thu;Morning;High;Coffee beans;Premium Beans;Civet Cat;Hell's Kitchen
26.66;2;2;202304;Apr;Thu;Morning;Med;Packaged Chocolate;Drinking Chocolate;Chili Mayan;Lower Manhattan
52.50;15;12;202304;Apr;Thu;Morning;High;Drinking Chocolate;Hot chocolate;Dark chocolate Rg;Astoria
15.00;4;4;202304;Apr;Thu;Afternoon;Low;Bakery;Scone;Jumbo Savory Scone;Lower Manhattan
21.00;1;1;202304;Apr;Thu;Afternoon;Med;Coffee beans;Gourmet Beans;Ethiopia;Lower Manhattan
12.50;5;3;202304;Apr;Thu;Afternoon;Low;Tea;Brewed Chai tea;Morning Sunrise Chai Rg;Hell's Kitchen
18.75;5;3;202304;Apr;Thu;Afternoon;Low;Drinking Chocolate;Hot chocolate;Sustainably Grown Organic Rg;Astoria
9.50;1;1;202304;Apr;Thu;Afternoon;Low;Loose Tea;Chai tea;Morning Sunrise Chai;Hell's Kitchen
7.50;3;3;202304;Apr;Thu;Afternoon;Low;Tea;Brewed Chai tea;Morning Sunrise Chai Rg;Astoria
15.00;1;1;202304;Apr;Thu;Afternoon;Low;Coffee beans;Gourmet Beans;Columbian Medium Roast;Hell's Kitchen
6.40;1;1;202304;Apr;Thu;Afternoon;Low;Packaged Chocolate;Drinking Chocolate;Dark chocolate;Hell's Kitchen
7.50;2;2;202304;Apr;Thu;Afternoon;Low;Bakery;Pastry;Almond Croissant;Hell's Kitchen
30.00;12;6;202304;Apr;Thu;Afternoon;Med;Tea;Brewed Green tea;Serenity Green Tea Rg;Hell's Kitchen
3.00;1;1;202304;Apr;Thu;Afternoon;Low;Tea;Brewed Black tea;English Breakfast Lg;Hell's Kitchen
15.20;2;2;202304;Apr;Thu;Afternoon;Low;Packaged Chocolate;Organic Chocolate;Sustainably Grown Organic;Hell's Kitchen
27.50;11;5;202304;Apr;Thu;Afternoon;Med;Tea;Brewed herbal tea;Peppermint Rg;Lower Manhattan
10.50;3;3;202304;Apr;Thu;Afternoon;Low;Bakery;Pastry;Croissant;Lower Manhattan
18.75;5;5;202304;Apr;Thu;Afternoon;Low;Bakery;Pastry;Almond Croissant;Lower Manhattan
0.80;1;1;202304;Apr;Thu;Afternoon;Low;Flavours;Regular syrup;Carmel syrup;Astoria
1.60;2;2;202304;Apr;Thu;Afternoon;Low;Flavours;Sugar free syrup;Sugar Free Vanilla syrup;Astoria
12.00;4;3;202304;Apr;Thu;Afternoon;Low;Tea;Brewed herbal tea;Peppermint Lg;Lower Manhattan
3.20;4;3;202304;Apr;Thu;Afternoon;Low;Flavours;Regular syrup;Hazelnut syrup;Hell's Kitchen
6.40;8;6;202304;Apr;Thu;Afternoon;Low;Flavours;Regular syrup;Carmel syrup;Hell's Kitchen
8.95;1;1;202304;Apr;Thu;Afternoon;Low;Loose Tea;Herbal tea;Lemon Grass;Hell's Kitchen
18.00;1;1;202304;Apr;Thu;Afternoon;Low;Coffee beans;Organic Beans;Brazilian - Organic;Hell's Kitchen
5.60;7;5;202304;Apr;Thu;Afternoon;Low;Flavours;Regular syrup;Chocolate syrup;Lower Manhattan
7.60;1;1;202304;Apr;Thu;Afternoon;Low;Packaged Chocolate;Organic Chocolate;Sustainably Grown Organic;Lower Manhattan
17.00;4;3;202304;Apr;Thu;Evening;Low;Coffee;Barista Espresso;Cappuccino Lg;Hell's Kitchen
5.60;7;4;202304;Apr;Thu;Evening;Low;Flavours;Regular syrup;Hazelnut syrup;Hell's Kitchen
18.00;1;1;202304;Apr;Thu;Evening;Low;Coffee beans;House blend Beans;Our Old Time Diner Blend;Lower Manhattan
8.95;1;1;202304;Apr;Thu;Evening;Low;Loose Tea;Herbal tea;Peppermint;Lower Manhattan
15.00;5;5;202304;Apr;Thu;Evening;Low;Tea;Brewed herbal tea;Peppermint Lg;Astoria
4.00;5;4;202304;Apr;Thu;Evening;Low;Flavours;Sugar free syrup;Sugar Free Vanilla syrup;Lower Manhattan
14.00;4;4;202304;Apr;Thu;Evening;Low;Bakery;Pastry;Croissant;Hell's Kitchen
4.00;5;3;202304;Apr;Thu;Evening;Low;Flavours;Regular syrup;Hazelnut syrup;Astoria
22.00;11;6;202304;Apr;Thu;Evening;Med;Coffee;Drip coffee;Our Old Time Diner Blend Sm;Astoria
4.80;6;4;202304;Apr;Thu;Evening;Low;Flavours;Sugar free syrup;Sugar Free Vanilla syrup;Hell's Kitchen
4.80;6;3;202304;Apr;Thu;Evening;Low;Flavours;Regular syrup;Chocolate syrup;Hell's Kitchen
2.40;3;3;202304;Apr;Thu;Evening;Low;Flavours;Regular syrup;Carmel syrup;Astoria
12.50;5;2;202304;Apr;Thu;Evening;Low;Tea;Brewed Chai tea;Morning Sunrise Chai Rg;Lower Manhattan
5.00;2;1;202304;Apr;Thu;Evening;Low;Coffee;Drip coffee;Our Old Time Diner Blend Rg;Lower Manhattan
41.25;11;7;202304;Apr;Thu;Evening;High;Drinking Chocolate;Hot chocolate;Sustainably Grown Organic Rg;Hell's Kitchen
28.60;13;6;202304;Apr;Thu;Evening;Med;Coffee;Gourmet brewed coffee;Ethiopia Sm;Lower Manhattan
17.50;7;5;202304;Apr;Thu;Evening;Low;Tea;Brewed Green tea;Serenity Green Tea Rg;Lower Manhattan
14.00;4;4;202304;Apr;Thu;Evening;Low;Bakery;Biscotti;Chocolate Chip Biscotti;Astoria
3.20;4;2;202304;Apr;Thu;Evening;Low;Flavours;Regular syrup;Chocolate syrup;Lower Manhattan
6.00;2;2;202304;Apr;Thu;Evening;Low;Coffee;Gourmet brewed coffee;Ethiopia Rg;Hell's Kitchen
2.40;3;2;202304;Apr;Thu;Evening;Low;Flavours;Regular syrup;Chocolate syrup;Astoria
18.00;1;1;202304;Apr;Thu;Evening;Low;Coffee beans;Organic Beans;Brazilian - Organic;Hell's Kitchen
10.00;4;3;202304;Apr;Thu;Evening;Low;Tea;Brewed Chai tea;Traditional Blend Chai Rg;Lower Manhattan
10.50;3;3;202304;Apr;Thu;Evening;Low;Bakery;Biscotti;Ginger Biscotti;Lower Manhattan
12.25;5;3;202304;Apr;Thu;Evening;Low;Coffee;Premium brewed coffee;Jamaican Coffee River Sm;Lower Manhattan
8.50;2;2;202304;Apr;Thu;Evening;Low;Coffee;Barista Espresso;Latte Rg;Astoria
45.00;2;2;202304;Apr;Thu;Evening;High;Coffee beans;Organic Beans;Organic Decaf Blend;Hell's Kitchen
28.00;8;5;202304;Apr;Thu;Evening;Med;Drinking Chocolate;Hot chocolate;Dark chocolate Rg;Astoria
7.20;9;6;202304;Apr;Thu;Evening;Low;Flavours;Regular syrup;Carmel syrup;Hell's Kitchen
6.50;2;2;202304;Apr;Thu;Evening;Low;Bakery;Biscotti;Hazelnut Biscotti;Hell's Kitchen
37.50;10;6;202304;Apr;Fri;Morning;Med;Drinking Chocolate;Hot chocolate;Sustainably Grown Organic Rg;Lower Manhattan
26.66;2;2;202304;Apr;Fri;Morning;Med;Packaged Chocolate;Drinking Chocolate;Chili Mayan;Lower Manhattan
33.90;14;7;202304;Apr;Fri;Morning;Med;Coffee;Barista Espresso;Ouro Brasileiro shot;Lower Manhattan
33.00;15;11;202304;Apr;Fri;Morning;Med;Coffee;Gourmet brewed coffee;Ethiopia Sm;Hell's Kitchen
17.90;2;2;202304;Apr;Fri;Morning;Low;Loose Tea;Herbal tea;Lemon Grass;Hell's Kitchen
60.00;24;14;202304;Apr;Fri;Morning;High;Tea;Brewed Green tea;Serenity Green Tea Rg;Astoria
16.25;5;5;202304;Apr;Fri;Morning;Low;Bakery;Biscotti;Hazelnut Biscotti;Astoria
30.00;2;2;202304;Apr;Fri;Morning;Med;Coffee beans;Gourmet Beans;Columbian Medium Roast;Astoria
13.60;17;11;202304;Apr;Fri;Morning;Low;Flavours;Regular syrup;Chocolate syrup;Hell's Kitchen
140.00;5;5;202304;Apr;Fri;Morning;very high;Branded;Clothing;I Need My Bean! T-shirt;Astoria
36.00;12;8;202304;Apr;Fri;Morning;Med;Tea;Brewed Black tea;Earl Grey Lg;Astoria
70.00;4;4;202304;Apr;Fri;Morning;very high;Branded;Housewares;I Need My Bean! Diner mug;Astoria
22.50;1;1;202304;Apr;Fri;Morning;Med;Coffee beans;Organic Beans;Organic Decaf Blend;Hell's Kitchen
12.00;1;1;202304;Apr;Fri;Morning;Low;Branded;Housewares;I Need My Bean! Diner mug;Lower Manhattan
29.50;2;2;202304;Apr;Fri;Morning;Med;Coffee beans;Espresso Beans;Espresso Roast;Lower Manhattan
13.33;1;1;202304;Apr;Fri;Morning;Low;Packaged Chocolate;Drinking Chocolate;Chili Mayan;Hell's Kitchen
42.00;3;3;202304;Apr;Fri;Morning;High;Branded;Housewares;I Need My Bean! Latte cup;Lower Manhattan
30.00;2;2;202304;Apr;Fri;Morning;Med;Coffee beans;Gourmet Beans;Columbian Medium Roast;Hell's Kitchen
3.20;4;2;202304;Apr;Fri;Morning;Low;Flavours;Sugar free syrup;Sugar Free Vanilla syrup;Astoria
11.20;14;9;202304;Apr;Fri;Morning;Low;Flavours;Regular syrup;Chocolate syrup;Astoria
7.60;1;1;202304;Apr;Fri;Morning;Low;Packaged Chocolate;Organic Chocolate;Sustainably Grown Organic;Hell's Kitchen
33.00;11;7;202304;Apr;Fri;Morning;Med;Coffee;Barista Espresso;Espresso shot;Astoria
26.66;2;2;202304;Apr;Fri;Morning;Med;Packaged Chocolate;Drinking Chocolate;Chili Mayan;Astoria
17.90;2;2;202304;Apr;Fri;Morning;Low;Loose Tea;Chai tea;Traditional Blend Chai;Hell's Kitchen
17.90;2;2;202304;Apr;Fri;Morning;Low;Loose Tea;Black tea;English Breakfast;Hell's Kitchen
180.00;4;4;202304;Apr;Fri;Morning;very high;Coffee beans;Premium Beans;Civet Cat;Hell's Kitchen
6.40;8;4;202304;Apr;Fri;Morning;Low;Flavours;Regular syrup;Hazelnut syrup;Astoria
39.50;2;2;202304;Apr;Fri;Morning;Med;Coffee beans;Premium Beans;Jamacian Coffee River;Astoria
8.80;11;6;202304;Apr;Fri;Morning;Low;Flavours;Regular syrup;Carmel syrup;Astoria
33.00;11;7;202304;Apr;Fri;Morning;Med;Tea;Brewed Green tea;Serenity Green Tea Lg;Astoria
42.00;12;12;202304;Apr;Fri;Morning;High;Bakery;Biscotti;Ginger Biscotti;Lower Manhattan
8.95;1;1;202304;Apr;Fri;Morning;Low;Loose Tea;Herbal tea;Peppermint;Hell's Kitchen
10.00;1;1;202304;Apr;Fri;Morning;Low;Coffee beans;Green beans;Guatemalan Sustainably Grown;Hell's Kitchen
6.40;1;1;202304;Apr;Fri;Morning;Low;Packaged Chocolate;Drinking Chocolate;Dark chocolate;Lower Manhattan
28.00;1;1;202304;Apr;Fri;Morning;Med;Branded;Clothing;I Need My Bean! T-shirt;Lower Manhattan
20.45;1;1;202304;Apr;Fri;Morning;very high;Coffee beans;Espresso Beans;Primo Espresso Roast;Astoria
45.30;16;11;202304;Apr;Fri;Morning;High;Coffee;Barista Espresso;Ouro Brasileiro shot;Hell's Kitchen
17.90;2;2;202304;Apr;Fri;Morning;Low;Loose Tea;Black tea;English Breakfast;Astoria
36.00;12;7;202304;Apr;Fri;Afternoon;Med;Coffee;Organic brewed coffee;Brazilian Rg;Lower Manhattan
11.25;3;3;202304;Apr;Fri;Afternoon;Low;Bakery;Scone;Jumbo Savory Scone;Lower Manhattan
18.00;6;4;202304;Apr;Fri;Afternoon;Low;Tea;Brewed herbal tea;Lemon Grass Lg;Astoria
8.95;1;1;202304;Apr;Fri;Afternoon;Low;Loose Tea;Black tea;English Breakfast;Hell's Kitchen
12.50;5;3;202304;Apr;Fri;Afternoon;Low;Tea;Brewed herbal tea;Lemon Grass Rg;Hell's Kitchen
18.75;5;3;202304;Apr;Fri;Afternoon;Low;Coffee;Premium brewed coffee;Jamaican Coffee River Lg;Lower Manhattan
45.00;2;2;202304;Apr;Fri;Afternoon;High;Coffee beans;Organic Beans;Organic Decaf Blend;Lower Manhattan
22.00;10;5;202304;Apr;Fri;Afternoon;Med;Coffee;Organic brewed coffee;Brazilian Sm;Lower Manhattan
8.95;1;1;202304;Apr;Fri;Afternoon;Low;Loose Tea;Chai tea;Traditional Blend Chai;Lower Manhattan
37.50;10;5;202304;Apr;Fri;Afternoon;Med;Coffee;Barista Espresso;Latte;Lower Manhattan
3.20;4;3;202304;Apr;Fri;Afternoon;Low;Flavours;Sugar free syrup;Sugar Free Vanilla syrup;Lower Manhattan
13.00;4;4;202304;Apr;Fri;Afternoon;Low;Bakery;Scone;Cranberry Scone;Lower Manhattan
21.00;7;4;202304;Apr;Fri;Afternoon;Med;Tea;Brewed Black tea;Earl Grey Lg;Hell's Kitchen
21.00;7;4;202304;Apr;Fri;Afternoon;Med;Coffee;Gourmet brewed coffee;Columbian Medium Roast Lg;Lower Manhattan
9.00;3;3;202304;Apr;Fri;Afternoon;Low;Bakery;Scone;Oatmeal Scone;Lower Manhattan
30.00;10;6;202304;Apr;Fri;Afternoon;Med;Coffee;Drip coffee;Our Old Time Diner Blend Lg;Hell's Kitchen
8.00;4;2;202304;Apr;Fri;Afternoon;Low;Coffee;Gourmet brewed coffee;Columbian Medium Roast Sm;Astoria
47.50;10;6;202304;Apr;Fri;Afternoon;High;Drinking Chocolate;Hot chocolate;Sustainably Grown Organic Lg;Astoria
11.25;3;2;202304;Apr;Fri;Afternoon;Low;Drinking Chocolate;Hot chocolate;Sustainably Grown Organic Rg;Lower Manhattan
24.00;2;2;202304;Apr;Fri;Afternoon;Med;Branded;Housewares;I Need My Bean! Diner mug;Lower Manhattan
7.00;2;2;202304;Apr;Fri;Afternoon;Low;Drinking Chocolate;Hot chocolate;Dark chocolate Rg;Lower Manhattan
42.00;14;9;202304;Apr;Fri;Afternoon;High;Coffee;Gourmet brewed coffee;Ethiopia Rg;Lower Manhattan
56.00;2;2;202304;Apr;Fri;Afternoon;High;Branded;Clothing;I Need My Bean! T-shirt;Lower Manhattan
19.50;6;6;202304;Apr;Fri;Afternoon;Low;Bakery;Biscotti;Hazelnut Biscotti;Lower Manhattan
6.00;3;3;202304;Apr;Fri;Afternoon;Low;Coffee;Gourmet brewed coffee;Columbian Medium Roast Sm;Lower Manhattan
21.90;2;2;202304;Apr;Fri;Afternoon;Med;Loose Tea;Chai tea;Spicy Eye Opener Chai;Astoria
2.40;3;2;202304;Apr;Fri;Afternoon;Low;Flavours;Sugar free syrup;Sugar Free Vanilla syrup;Astoria
2.40;3;2;202304;Apr;Fri;Afternoon;Low;Flavours;Regular syrup;Chocolate syrup;Lower Manhattan
15.40;7;4;202304;Apr;Fri;Afternoon;Low;Coffee;Gourmet brewed coffee;Ethiopia Sm;Astoria
1.60;2;2;202304;Apr;Fri;Afternoon;Low;Flavours;Regular syrup;Hazelnut syrup;Astoria
18.00;1;1;202304;Apr;Fri;Afternoon;Low;Coffee beans;Organic Beans;Brazilian - Organic;Hell's Kitchen
18.00;4;4;202304;Apr;Fri;Afternoon;Low;Bakery;Scone;Scottish Cream Scone ;Lower Manhattan
19.75;1;1;202304;Apr;Fri;Afternoon;Low;Coffee beans;Premium Beans;Jamacian Coffee River;Astoria
15.40;7;4;202304;Apr;Fri;Afternoon;Low;Coffee;Gourmet brewed coffee;Ethiopia Sm;Lower Manhattan
38.50;11;8;202304;Apr;Fri;Afternoon;Med;Coffee;Organic brewed coffee;Brazilian Lg;Lower Manhattan
7.00;2;2;202304;Apr;Fri;Afternoon;Low;Bakery;Biscotti;Chocolate Chip Biscotti;Lower Manhattan
21.25;5;4;202304;Apr;Fri;Afternoon;Med;Coffee;Barista Espresso;Cappuccino Lg;Lower Manhattan
10.50;3;3;202304;Apr;Fri;Afternoon;Low;Bakery;Pastry;Croissant;Lower Manhattan
10.00;4;3;202304;Apr;Fri;Afternoon;Low;Tea;Brewed Black tea;Earl Grey Rg;Hell's Kitchen
9.80;4;4;202304;Apr;Fri;Afternoon;Low;Coffee;Premium brewed coffee;Jamaican Coffee River Sm;Lower Manhattan
17.50;7;4;202304;Apr;Fri;Afternoon;Low;Coffee;Drip coffee;Our Old Time Diner Blend Rg;Lower Manhattan
36.00;2;2;202304;Apr;Fri;Afternoon;Med;Coffee beans;House blend Beans;Our Old Time Diner Blend;Astoria
15.00;5;3;202304;Apr;Fri;Afternoon;Low;Tea;Brewed herbal tea;Peppermint Lg;Hell's Kitchen
14.75;1;1;202304;Apr;Fri;Afternoon;Low;Coffee beans;Espresso Beans;Espresso Roast;Hell's Kitchen
19.00;4;4;202304;Apr;Fri;Afternoon;Low;Drinking Chocolate;Hot chocolate;Sustainably Grown Organic Lg;Lower Manhattan
3.75;1;1;202304;Apr;Fri;Afternoon;Low;Bakery;Pastry;Almond Croissant;Astoria
10.00;4;3;202304;Apr;Fri;Afternoon;Low;Tea;Brewed herbal tea;Peppermint Rg;Hell's Kitchen
8.95;1;1;202304;Apr;Fri;Afternoon;Low;Loose Tea;Chai tea;Traditional Blend Chai;Hell's Kitchen
15.00;4;2;202304;Apr;Fri;Evening;Low;Coffee;Premium brewed coffee;Jamaican Coffee River Lg;Lower Manhattan
15.40;7;5;202304;Apr;Fri;Evening;Low;Coffee;Gourmet brewed coffee;Ethiopia Sm;Lower Manhattan
30.00;15;9;202304;Apr;Fri;Evening;Med;Coffee;Gourmet brewed coffee;Columbian Medium Roast Sm;Astoria
5.00;2;2;202304;Apr;Fri;Evening;Low;Coffee;Gourmet brewed coffee;Columbian Medium Roast Rg;Lower Manhattan
11.25;3;3;202304;Apr;Fri;Evening;Low;Bakery;Pastry;Chocolate Croissant;Lower Manhattan
6.00;2;2;202304;Apr;Fri;Evening;Low;Tea;Brewed Black tea;English Breakfast Lg;Hell's Kitchen
8.80;4;2;202304;Apr;Fri;Evening;Low;Coffee;Organic brewed coffee;Brazilian Sm;Lower Manhattan
28.50;6;4;202304;Apr;Fri;Evening;Med;Drinking Chocolate;Hot chocolate;Sustainably Grown Organic Lg;Lower Manhattan
9.00;2;1;202304;Apr;Fri;Evening;Low;Drinking Chocolate;Hot chocolate;Dark chocolate Lg;Lower Manhattan
30.00;10;6;202304;Apr;Fri;Evening;Med;Coffee;Organic brewed coffee;Brazilian Rg;Hell's Kitchen
24.00;2;2;202304;Apr;Fri;Evening;Med;Branded;Housewares;I Need My Bean! Diner mug;Lower Manhattan
9.00;3;2;202304;Apr;Fri;Evening;Low;Tea;Brewed herbal tea;Lemon Grass Lg;Lower Manhattan
13.50;3;3;202304;Apr;Fri;Evening;Low;Bakery;Scone;Scottish Cream Scone ;Lower Manhattan
8.80;4;2;202304;Apr;Fri;Evening;Low;Coffee;Gourmet brewed coffee;Ethiopia Sm;Hell's Kitchen
12.00;4;3;202304;Apr;Fri;Evening;Low;Coffee;Gourmet brewed coffee;Ethiopia Rg;Lower Manhattan
4.80;6;4;202304;Apr;Fri;Evening;Low;Flavours;Regular syrup;Carmel syrup;Astoria
18.00;4;4;202304;Apr;Fri;Evening;Low;Bakery;Scone;Scottish Cream Scone ;Astoria
52.50;14;10;202304;Apr;Fri;Evening;High;Coffee;Barista Espresso;Cappuccino;Astoria
4.80;6;4;202304;Apr;Fri;Evening;Low;Flavours;Regular syrup;Hazelnut syrup;Astoria
21.00;7;4;202304;Apr;Fri;Evening;Med;Coffee;Organic brewed coffee;Brazilian Rg;Astoria
17.60;8;5;202304;Apr;Fri;Evening;Low;Coffee;Gourmet brewed coffee;Ethiopia Sm;Astoria
8.95;1;1;202304;Apr;Fri;Evening;Low;Loose Tea;Herbal tea;Lemon Grass;Hell's Kitchen
2.50;1;1;202304;Apr;Fri;Evening;Low;Tea;Brewed Black tea;Earl Grey Rg;Lower Manhattan
15.00;4;2;202304;Apr;Fri;Evening;Low;Coffee;Barista Espresso;Latte;Lower Manhattan
1.60;2;1;202304;Apr;Fri;Evening;Low;Flavours;Regular syrup;Chocolate syrup;Lower Manhattan
9.25;1;1;202304;Apr;Fri;Evening;Low;Loose Tea;Green tea;Serenity Green Tea;Lower Manhattan
23.00;1;1;202304;Apr;Fri;Evening;Med;Branded;Housewares;I Need My Bean! Latte cup;Astoria
22.50;5;5;202304;Apr;Fri;Evening;Med;Bakery;Scone;Scottish Cream Scone ;Hell's Kitchen
10.00;1;1;202304;Apr;Fri;Evening;Low;Coffee beans;Green beans;Guatemalan Sustainably Grown;Hell's Kitchen
25.00;10;7;202304;Apr;Fri;Evening;Med;Tea;Brewed Black tea;English Breakfast Rg;Hell's Kitchen
21.00;1;1;202304;Apr;Fri;Evening;Med;Coffee beans;Gourmet Beans;Ethiopia;Hell's Kitchen
3.75;1;1;202304;Apr;Fri;Evening;Low;Drinking Chocolate;Hot chocolate;Sustainably Grown Organic Rg;Lower Manhattan
19.20;7;4;202304;Apr;Fri;Evening;Low;Coffee;Barista Espresso;Ouro Brasileiro shot;Lower Manhattan
7.00;2;2;202304;Apr;Fri;Evening;Low;Bakery;Biscotti;Ginger Biscotti;Lower Manhattan
2.55;1;1;202304;Apr;Fri;Evening;Low;Tea;Brewed Chai tea;Spicy Eye Opener Chai Rg;Lower Manhattan
7.50;3;3;202304;Apr;Fri;Evening;Low;Coffee;Drip coffee;Our Old Time Diner Blend Rg;Astoria
58.50;13;10;202304;Apr;Fri;Evening;High;Drinking Chocolate;Hot chocolate;Dark chocolate Lg;Hell's Kitchen
9.80;4;2;202304;Apr;Fri;Evening;Low;Coffee;Premium brewed coffee;Jamaican Coffee River Sm;Lower Manhattan
19.50;8;7;202304;Apr;Fri;Evening;Low;Coffee;Barista Espresso;Ouro Brasileiro shot;Hell's Kitchen
17.50;5;5;202304;Apr;Fri;Evening;Low;Bakery;Biscotti;Chocolate Chip Biscotti;Hell's Kitchen
14.75;1;1;202304;Apr;Fri;Evening;Low;Coffee beans;Espresso Beans;Espresso Roast;Astoria
10.95;1;1;202304;Apr;Fri;Evening;Low;Loose Tea;Chai tea;Spicy Eye Opener Chai;Hell's Kitchen
19.00;2;2;202304;Apr;Fri;Evening;Low;Loose Tea;Chai tea;Morning Sunrise Chai;Hell's Kitchen
3.20;4;2;202304;Apr;Fri;Evening;Low;Flavours;Sugar free syrup;Sugar Free Vanilla syrup;Astoria
56.00;2;2;202304;Apr;Fri;Evening;High;Branded;Clothing;I Need My Bean! T-shirt;Astoria
24.00;6;3;202304;Apr;Fri;Evening;Med;Tea;Brewed Chai tea;Morning Sunrise Chai Lg;Hell's Kitchen
13.33;1;1;202304;Apr;Fri;Evening;Low;Packaged Chocolate;Drinking Chocolate;Chili Mayan;Hell's Kitchen
6.00;2;1;202304;Apr;Fri;Evening;Low;Tea;Brewed Black tea;Earl Grey Lg;Hell's Kitchen
22.50;1;1;202304;Apr;Fri;Evening;Med;Coffee beans;Organic Beans;Organic Decaf Blend;Hell's Kitchen
14.00;4;2;202304;Apr;Sat;Night;Low;Coffee;Organic brewed coffee;Brazilian Lg;Lower Manhattan
15.00;6;3;202304;Apr;Sat;Night;Low;Tea;Brewed Chai tea;Morning Sunrise Chai Rg;Lower Manhattan
7.50;2;2;202304;Apr;Sat;Night;Low;Coffee;Barista Espresso;Latte;Lower Manhattan
0.80;1;1;202304;Apr;Sat;Night;Low;Flavours;Regular syrup;Carmel syrup;Lower Manhattan
17.00;4;2;202304;Apr;Sat;Night;Low;Coffee;Barista Espresso;Latte Rg;Lower Manhattan
4.80;6;4;202304;Apr;Sat;Night;Low;Flavours;Regular syrup;Hazelnut syrup;Lower Manhattan
5.00;2;1;202304;Apr;Sat;Night;Low;Tea;Brewed Black tea;English Breakfast Rg;Lower Manhattan
22.50;5;4;202304;Apr;Sat;Night;Med;Drinking Chocolate;Hot chocolate;Dark chocolate Lg;Lower Manhattan
13.00;4;4;202304;Apr;Sat;Night;Low;Bakery;Scone;Cranberry Scone;Lower Manhattan
3.00;1;1;202304;Apr;Sat;Night;Low;Bakery;Scone;Oatmeal Scone;Lower Manhattan
18.75;5;5;202304;Apr;Sat;Night;Low;Bakery;Pastry;Almond Croissant;Lower Manhattan
8.95;1;1;202304;Apr;Sat;Night;Low;Loose Tea;Black tea;Earl Grey;Lower Manhattan
12.00;3;1;202304;Apr;Sat;Night;Low;Tea;Brewed Chai tea;Morning Sunrise Chai Lg;Lower Manhattan
21.00;7;4;202304;Apr;Sat;Night;Med;Tea;Brewed Chai tea;Traditional Blend Chai Lg;Lower Manhattan
7.00;2;1;202304;Apr;Sat;Night;Low;Coffee;Gourmet brewed coffee;Ethiopia Lg;Lower Manhattan
24.00;8;4;202304;Apr;Sat;Night;Med;Coffee;Barista Espresso;Espresso shot;Lower Manhattan
4.80;6;4;202304;Apr;Sat;Night;Low;Flavours;Sugar free syrup;Sugar Free Vanilla syrup;Lower Manhattan
7.50;2;1;202304;Apr;Sat;Night;Low;Coffee;Premium brewed coffee;Jamaican Coffee River Lg;Lower Manhattan
12.50;5;3;202304;Apr;Sat;Night;Low;Tea;Brewed herbal tea;Peppermint Rg;Lower Manhattan
27.00;9;4;202304;Apr;Sat;Night;Med;Coffee;Gourmet brewed coffee;Columbian Medium Roast Lg;Lower Manhattan
17.50;5;3;202304;Apr;Sat;Night;Low;Coffee;Organic brewed coffee;Brazilian Lg;Hell's Kitchen
9.50;2;1;202304;Apr;Sat;Night;Low;Drinking Chocolate;Hot chocolate;Sustainably Grown Organic Lg;Lower Manhattan
5.00;2;1;202304;Apr;Sat;Night;Low;Tea;Brewed Chai tea;Morning Sunrise Chai Rg;Hell's Kitchen
6.30;3;2;202304;Apr;Sat;Night;Low;Coffee;Barista Espresso;Ouro Brasileiro shot;Hell's Kitchen
9.75;3;2;202304;Apr;Sat;Night;Low;Bakery;Scone;Ginger Scone;Hell's Kitchen
9.00;3;2;202304;Apr;Sat;Night;Low;Tea;Brewed Black tea;English Breakfast Lg;Hell's Kitchen
7.50;2;1;202304;Apr;Sat;Night;Low;Coffee;Premium brewed coffee;Jamaican Coffee River Lg;Hell's Kitchen
3.00;1;1;202304;Apr;Sat;Night;Low;Bakery;Scone;Oatmeal Scone;Hell's Kitchen
6.00;2;1;202304;Apr;Sat;Night;Low;Tea;Brewed herbal tea;Lemon Grass Lg;Lower Manhattan
7.50;3;1;202304;Apr;Sat;Night;Low;Tea;Brewed herbal tea;Lemon Grass Rg;Lower Manhattan
7.00;2;2;202304;Apr;Sat;Night;Low;Bakery;Biscotti;Chocolate Chip Biscotti;Lower Manhattan
7.50;2;1;202304;Apr;Sat;Night;Low;Coffee;Barista Espresso;Cappuccino;Lower Manhattan
5.10;2;1;202304;Apr;Sat;Night;Low;Tea;Brewed Chai tea;Spicy Eye Opener Chai Rg;Lower Manhattan
3.00;1;1;202304;Apr;Sat;Night;Low;Tea;Brewed Chai tea;Traditional Blend Chai Lg;Hell's Kitchen
37.50;15;11;202304;Apr;Sat;Morning;Med;Tea;Brewed Black tea;English Breakfast Rg;Astoria
42.00;12;8;202304;Apr;Sat;Morning;High;Coffee;Organic brewed coffee;Brazilian Lg;Astoria
22.50;1;1;202304;Apr;Sat;Morning;Med;Coffee beans;Organic Beans;Organic Decaf Blend;Hell's Kitchen
6.40;8;5;202304;Apr;Sat;Morning;Low;Flavours;Regular syrup;Carmel syrup;Astoria
14.00;4;4;202304;Apr;Sat;Morning;Low;Bakery;Biscotti;Chocolate Chip Biscotti;Hell's Kitchen
7.20;9;7;202304;Apr;Sat;Morning;Low;Flavours;Sugar free syrup;Sugar Free Vanilla syrup;Astoria
22.50;1;1;202304;Apr;Sat;Morning;Med;Coffee beans;Organic Beans;Organic Decaf Blend;Astoria
16.25;5;5;202304;Apr;Sat;Morning;Low;Bakery;Scone;Ginger Scone;Astoria
2.40;3;3;202304;Apr;Sat;Morning;Low;Flavours;Regular syrup;Chocolate syrup;Astoria
12.00;1;1;202304;Apr;Sat;Morning;Low;Branded;Housewares;I Need My Bean! Diner mug;Hell's Kitchen
55.25;13;7;202304;Apr;Sat;Morning;High;Coffee;Barista Espresso;Latte Rg;Astoria
15.00;1;1;202304;Apr;Sat;Morning;Low;Coffee beans;Gourmet Beans;Columbian Medium Roast;Astoria
29.50;2;2;202304;Apr;Sat;Morning;Med;Coffee beans;Espresso Beans;Espresso Roast;Astoria
42.00;3;3;202304;Apr;Sat;Morning;High;Branded;Housewares;I Need My Bean! Latte cup;Astoria
4.00;5;4;202304;Apr;Sat;Morning;Low;Flavours;Regular syrup;Hazelnut syrup;Astoria
9.25;1;1;202304;Apr;Sat;Morning;Low;Loose Tea;Green tea;Serenity Green Tea;Astoria
19.75;1;1;202304;Apr;Sat;Morning;Low;Coffee beans;Premium Beans;Jamacian Coffee River;Astoria
21.00;6;6;202304;Apr;Sat;Morning;Med;Bakery;Biscotti;Chocolate Chip Biscotti;Astoria
24.00;2;2;202304;Apr;Sat;Morning;Med;Branded;Housewares;I Need My Bean! Diner mug;Lower Manhattan
8.95;1;1;202304;Apr;Sat;Morning;Low;Loose Tea;Black tea;English Breakfast;Astoria
6.40;8;5;202304;Apr;Sat;Morning;Low;Flavours;Regular syrup;Chocolate syrup;Lower Manhattan
7.60;1;1;202304;Apr;Sat;Morning;Low;Packaged Chocolate;Organic Chocolate;Sustainably Grown Organic;Astoria
20.45;1;1;202304;Apr;Sat;Morning;very high;Coffee beans;Espresso Beans;Primo Espresso Roast;Lower Manhattan
6.40;1;1;202304;Apr;Sat;Morning;Low;Packaged Chocolate;Drinking Chocolate;Dark chocolate;Hell's Kitchen
40.90;2;2;202304;Apr;Sat;Morning;very high;Coffee beans;Espresso Beans;Primo Espresso Roast;Hell's Kitchen
8.95;1;1;202304;Apr;Sat;Morning;Low;Loose Tea;Black tea;English Breakfast;Lower Manhattan
8.95;1;1;202304;Apr;Sat;Morning;Low;Loose Tea;Black tea;English Breakfast;Hell's Kitchen
21.00;1;1;202304;Apr;Sat;Morning;Med;Coffee beans;Gourmet Beans;Ethiopia;Astoria
7.60;1;1;202304;Apr;Sat;Morning;Low;Packaged Chocolate;Organic Chocolate;Sustainably Grown Organic;Lower Manhattan
28.00;1;1;202304;Apr;Sat;Morning;Med;Branded;Clothing;I Need My Bean! T-shirt;Astoria
2.00;1;1;202304;Apr;Sat;Afternoon;Low;Coffee;Drip coffee;Our Old Time Diner Blend Sm;Lower Manhattan
7.60;1;1;202304;Apr;Sat;Afternoon;Low;Packaged Chocolate;Organic Chocolate;Sustainably Grown Organic;Lower Manhattan
4.80;6;4;202304;Apr;Sat;Afternoon;Low;Flavours;Regular syrup;Chocolate syrup;Lower Manhattan
1.60;2;1;202304;Apr;Sat;Afternoon;Low;Flavours;Regular syrup;Carmel syrup;Astoria
8.95;1;1;202304;Apr;Sat;Afternoon;Low;Loose Tea;Herbal tea;Lemon Grass;Lower Manhattan
13.33;1;1;202304;Apr;Sat;Afternoon;Low;Packaged Chocolate;Drinking Chocolate;Chili Mayan;Hell's Kitchen
14.00;1;1;202304;Apr;Sat;Afternoon;Low;Branded;Housewares;I Need My Bean! Latte cup;Hell's Kitchen
1.60;2;1;202304;Apr;Sat;Afternoon;Low;Flavours;Regular syrup;Chocolate syrup;Astoria
12.00;1;1;202304;Apr;Sat;Afternoon;Low;Branded;Housewares;I Need My Bean! Diner mug;Lower Manhattan
10.00;5;4;202304;Apr;Sat;Evening;Low;Coffee;Gourmet brewed coffee;Columbian Medium Roast Sm;Lower Manhattan
16.25;5;5;202304;Apr;Sat;Evening;Low;Bakery;Scone;Ginger Scone;Hell's Kitchen
7.50;2;2;202304;Apr;Sat;Evening;Low;Bakery;Scone;Jumbo Savory Scone;Hell's Kitchen
10.50;3;3;202304;Apr;Sat;Evening;Low;Bakery;Biscotti;Ginger Biscotti;Lower Manhattan
18.00;1;1;202304;Apr;Sat;Evening;Low;Coffee beans;Organic Beans;Brazilian - Organic;Astoria
0.80;1;1;202304;Apr;Sat;Evening;Low;Flavours;Regular syrup;Chocolate syrup;Astoria
7.50;3;3;202304;Apr;Sun;Night;Low;Tea;Brewed Chai tea;Traditional Blend Chai Rg;Lower Manhattan
7.50;2;2;202304;Apr;Sun;Night;Low;Bakery;Pastry;Chocolate Croissant;Lower Manhattan
25.00;10;5;202304;Apr;Sun;Night;Med;Coffee;Gourmet brewed coffee;Columbian Medium Roast Rg;Lower Manhattan
15.00;4;4;202304;Apr;Sun;Night;Low;Coffee;Barista Espresso;Latte;Lower Manhattan
3.20;4;3;202304;Apr;Sun;Night;Low;Flavours;Regular syrup;Hazelnut syrup;Lower Manhattan
12.50;5;3;202304;Apr;Sun;Night;Low;Tea;Brewed Black tea;English Breakfast Rg;Lower Manhattan
3.25;1;1;202304;Apr;Sun;Night;Low;Bakery;Scone;Cranberry Scone;Lower Manhattan
9.00;3;3;202304;Apr;Sun;Night;Low;Coffee;Barista Espresso;Espresso shot;Lower Manhattan
3.20;4;3;202304;Apr;Sun;Night;Low;Flavours;Regular syrup;Chocolate syrup;Lower Manhattan
22.50;6;3;202304;Apr;Sun;Night;Med;Coffee;Premium brewed coffee;Jamaican Coffee River Lg;Lower Manhattan
18.75;5;3;202304;Apr;Sun;Night;Low;Drinking Chocolate;Hot chocolate;Sustainably Grown Organic Rg;Lower Manhattan
10.00;5;3;202304;Apr;Sun;Night;Low;Coffee;Drip coffee;Our Old Time Diner Blend Sm;Lower Manhattan
14.00;4;3;202304;Apr;Sun;Night;Low;Coffee;Organic brewed coffee;Brazilian Lg;Lower Manhattan
21.90;2;2;202304;Apr;Sun;Night;Med;Loose Tea;Chai tea;Spicy Eye Opener Chai;Lower Manhattan
2.55;1;1;202304;Apr;Sun;Night;Low;Tea;Brewed Chai tea;Spicy Eye Opener Chai Rg;Lower Manhattan
3.25;1;1;202304;Apr;Sun;Night;Low;Bakery;Biscotti;Hazelnut Biscotti;Lower Manhattan
15.00;5;2;202304;Apr;Sun;Night;Low;Tea;Brewed Black tea;Earl Grey Lg;Lower Manhattan
6.00;2;1;202304;Apr;Sun;Night;Low;Tea;Brewed Black tea;Earl Grey Lg;Hell's Kitchen
8.50;2;1;202304;Apr;Sun;Night;Low;Coffee;Barista Espresso;Latte Rg;Hell's Kitchen
0.80;1;1;202304;Apr;Sun;Night;Low;Flavours;Regular syrup;Chocolate syrup;Hell's Kitchen
11.25;3;2;202304;Apr;Sun;Night;Low;Coffee;Barista Espresso;Latte;Hell's Kitchen
17.50;5;3;202304;Apr;Sun;Night;Low;Drinking Chocolate;Hot chocolate;Dark chocolate Rg;Hell's Kitchen
2.50;1;1;202304;Apr;Sun;Night;Low;Tea;Brewed herbal tea;Peppermint Rg;Lower Manhattan
15.00;5;3;202304;Apr;Sun;Night;Low;Coffee;Organic brewed coffee;Brazilian Rg;Lower Manhattan
6.00;2;2;202304;Apr;Sun;Night;Low;Bakery;Scone;Oatmeal Scone;Lower Manhattan
28.00;2;2;202304;Apr;Sun;Night;Med;Branded;Housewares;I Need My Bean! Latte cup;Lower Manhattan
1.60;2;1;202304;Apr;Sun;Night;Low;Flavours;Regular syrup;Hazelnut syrup;Hell's Kitchen
7.50;2;2;202304;Apr;Sun;Night;Low;Bakery;Pastry;Chocolate Croissant;Hell's Kitchen
10.00;4;2;202304;Apr;Sun;Night;Low;Tea;Brewed Chai tea;Morning Sunrise Chai Rg;Hell's Kitchen
14.00;1;1;202304;Apr;Sun;Night;Low;Branded;Housewares;I Need My Bean! Latte cup;Hell's Kitchen
15.00;4;4;202304;Apr;Sun;Night;Low;Bakery;Pastry;Almond Croissant;Hell's Kitchen
7.50;2;1;202304;Apr;Sun;Night;Low;Drinking Chocolate;Hot chocolate;Sustainably Grown Organic Rg;Hell's Kitchen
3.00;1;1;202304;Apr;Sun;Night;Low;Coffee;Barista Espresso;Espresso shot;Hell's Kitchen
0.80;1;1;202304;Apr;Sun;Night;Low;Flavours;Sugar free syrup;Sugar Free Vanilla syrup;Hell's Kitchen
7.35;3;3;202304;Apr;Sun;Night;Low;Coffee;Premium brewed coffee;Jamaican Coffee River Sm;Lower Manhattan
8.80;4;3;202304;Apr;Sun;Night;Low;Coffee;Organic brewed coffee;Brazilian Sm;Lower Manhattan
10.00;4;2;202304;Apr;Sun;Night;Low;Tea;Brewed herbal tea;Lemon Grass Rg;Hell's Kitchen
3.75;1;1;202304;Apr;Sun;Night;Low;Bakery;Scone;Jumbo Savory Scone;Hell's Kitchen
14.00;4;2;202304;Apr;Sun;Night;Low;Coffee;Organic brewed coffee;Brazilian Lg;Hell's Kitchen
5.00;2;1;202304;Apr;Sun;Night;Low;Coffee;Drip coffee;Our Old Time Diner Blend Rg;Hell's Kitchen
5.10;2;2;202304;Apr;Sun;Night;Low;Coffee;Barista Espresso;Ouro Brasileiro shot;Hell's Kitchen
4.50;1;1;202304;Apr;Sun;Night;Low;Drinking Chocolate;Hot chocolate;Dark chocolate Lg;Hell's Kitchen
5.00;2;2;202304;Apr;Sun;Night;Low;Coffee;Drip coffee;Our Old Time Diner Blend Rg;Lower Manhattan
6.00;2;1;202304;Apr;Sun;Night;Low;Tea;Brewed herbal tea;Lemon Grass Lg;Hell's Kitchen
4.25;1;1;202304;Apr;Sun;Night;Low;Coffee;Barista Espresso;Latte Rg;Lower Manhattan
2.40;3;2;202304;Apr;Sun;Night;Low;Flavours;Regular syrup;Carmel syrup;Lower Manhattan
6.20;2;1;202304;Apr;Sun;Night;Low;Coffee;Premium brewed coffee;Jamaican Coffee River Rg;Lower Manhattan
8.00;2;1;202304;Apr;Sun;Night;Low;Tea;Brewed Chai tea;Morning Sunrise Chai Lg;Hell's Kitchen
8.50;2;2;202304;Apr;Sun;Night;Low;Coffee;Barista Espresso;Cappuccino Lg;Lower Manhattan
5.60;7;3;202304;Apr;Sun;Night;Low;Flavours;Sugar free syrup;Sugar Free Vanilla syrup;Lower Manhattan
9.50;1;1;202304;Apr;Sun;Morning;Low;Loose Tea;Chai tea;Morning Sunrise Chai;Hell's Kitchen
12.00;15;10;202304;Apr;Sun;Morning;Low;Flavours;Regular syrup;Chocolate syrup;Astoria
18.00;1;1;202304;Apr;Sun;Morning;Low;Coffee beans;House blend Beans;Our Old Time Diner Blend;Hell's Kitchen
49.00;14;10;202304;Apr;Sun;Morning;High;Coffee;Organic brewed coffee;Brazilian Lg;Astoria
5.60;7;6;202304;Apr;Sun;Morning;Low;Flavours;Regular syrup;Carmel syrup;Astoria
6.40;8;5;202304;Apr;Sun;Morning;Low;Flavours;Regular syrup;Chocolate syrup;Hell's Kitchen
5.60;7;5;202304;Apr;Sun;Morning;Low;Flavours;Regular syrup;Hazelnut syrup;Astoria
22.75;7;7;202304;Apr;Sun;Morning;Med;Bakery;Scone;Ginger Scone;Astoria
8.95;1;1;202304;Apr;Sun;Morning;Low;Loose Tea;Herbal tea;Lemon Grass;Lower Manhattan
28.00;2;2;202304;Apr;Sun;Morning;Med;Branded;Housewares;I Need My Bean! Latte cup;Hell's Kitchen
34.20;12;9;202304;Apr;Sun;Morning;Med;Bakery;Scone;Ginger Scone;Lower Manhattan
8.95;1;1;202304;Apr;Sun;Morning;Low;Loose Tea;Herbal tea;Lemon Grass;Astoria
9.50;1;1;202304;Apr;Sun;Morning;Low;Loose Tea;Chai tea;Morning Sunrise Chai;Astoria
8.95;1;1;202304;Apr;Sun;Morning;Low;Loose Tea;Black tea;English Breakfast;Astoria
43.80;17;12;202304;Apr;Sun;Morning;High;Coffee;Barista Espresso;Ouro Brasileiro shot;Lower Manhattan
45.00;1;1;202304;Apr;Sun;Morning;High;Coffee beans;Premium Beans;Civet Cat;Astoria
17.50;5;5;202304;Apr;Sun;Morning;Low;Bakery;Biscotti;Ginger Biscotti;Hell's Kitchen
63.00;3;3;202304;Apr;Sun;Morning;very high;Coffee beans;Gourmet Beans;Ethiopia;Hell's Kitchen
14.40;18;12;202304;Apr;Sun;Morning;Low;Flavours;Regular syrup;Chocolate syrup;Lower Manhattan
44.25;3;3;202304;Apr;Sun;Morning;High;Coffee beans;Espresso Beans;Espresso Roast;Lower Manhattan
15.00;4;4;202304;Apr;Sun;Morning;Low;Bakery;Pastry;Almond Croissant;Astoria
8.95;1;1;202304;Apr;Sun;Morning;Low;Loose Tea;Chai tea;Traditional Blend Chai;Hell's Kitchen
21.00;7;7;202304;Apr;Sun;Morning;Med;Bakery;Scone;Oatmeal Scone;Hell's Kitchen
11.25;3;3;202304;Apr;Sun;Morning;Low;Bakery;Pastry;Almond Croissant;Lower Manhattan
180.00;4;4;202304;Apr;Sun;Morning;very high;Coffee beans;Premium Beans;Civet Cat;Hell's Kitchen
45.00;1;1;202304;Apr;Sun;Morning;High;Coffee beans;Premium Beans;Civet Cat;Lower Manhattan
20.45;1;1;202304;Apr;Sun;Morning;very high;Coffee beans;Espresso Beans;Primo Espresso Roast;Hell's Kitchen
15.00;1;1;202304;Apr;Sun;Morning;Low;Coffee beans;Gourmet Beans;Columbian Medium Roast;Astoria
26.66;2;2;202304;Apr;Sun;Morning;Med;Packaged Chocolate;Drinking Chocolate;Chili Mayan;Hell's Kitchen
28.00;2;2;202304;Apr;Sun;Morning;Med;Branded;Housewares;I Need My Bean! Latte cup;Astoria
0.80;1;1;202304;Apr;Sun;Afternoon;Low;Flavours;Regular syrup;Chocolate syrup;Hell's Kitchen
7.60;1;1;202304;Apr;Sun;Afternoon;Low;Packaged Chocolate;Organic Chocolate;Sustainably Grown Organic;Astoria
7.60;1;1;202304;Apr;Sun;Afternoon;Low;Packaged Chocolate;Organic Chocolate;Sustainably Grown Organic;Lower Manhattan
12.00;4;3;202304;Apr;Sun;Afternoon;Low;Tea;Brewed Black tea;English Breakfast Lg;Lower Manhattan
1.60;2;1;202304;Apr;Sun;Afternoon;Low;Flavours;Regular syrup;Carmel syrup;Astoria
17.50;5;3;202304;Apr;Sun;Afternoon;Low;Coffee;Gourmet brewed coffee;Ethiopia Lg;Lower Manhattan
0.80;1;1;202304;Apr;Sun;Afternoon;Low;Flavours;Regular syrup;Hazelnut syrup;Hell's Kitchen
2.40;3;2;202304;Apr;Sun;Afternoon;Low;Flavours;Regular syrup;Chocolate syrup;Lower Manhattan
3.50;1;1;202304;Apr;Sun;Afternoon;Low;Bakery;Pastry;Croissant;Hell's Kitchen
6.00;2;1;202304;Apr;Sun;Afternoon;Low;Coffee;Drip coffee;Our Old Time Diner Blend Lg;Hell's Kitchen
28.00;2;2;202304;Apr;Sun;Afternoon;Med;Branded;Housewares;I Need My Bean! Latte cup;Lower Manhattan
3.20;4;3;202304;Apr;Sun;Afternoon;Low;Flavours;Sugar free syrup;Sugar Free Vanilla syrup;Astoria
1.60;2;1;202304;Apr;Sun;Afternoon;Low;Flavours;Regular syrup;Hazelnut syrup;Astoria
9.50;1;1;202304;Apr;Sun;Afternoon;Low;Loose Tea;Chai tea;Morning Sunrise Chai;Astoria
6.00;2;2;202304;Apr;Sun;Afternoon;Low;Bakery;Scone;Oatmeal Scone;Lower Manhattan
12.00;1;1;202304;Apr;Sun;Afternoon;Low;Branded;Housewares;I Need My Bean! Diner mug;Lower Manhattan
4.25;1;1;202304;Apr;Sun;Night;Low;Coffee;Barista Espresso;Latte Rg;Astoria
15.00;5;4;202304;Apr;Sun;Evening;Low;Tea;Brewed herbal tea;Peppermint Lg;Lower Manhattan
14.00;1;1;202304;Apr;Sun;Evening;Low;Branded;Housewares;I Need My Bean! Latte cup;Astoria
22.50;5;3;202304;Apr;Sun;Evening;Med;Drinking Chocolate;Hot chocolate;Dark chocolate Lg;Hell's Kitchen
2.55;1;1;202304;Apr;Sun;Evening;Low;Tea;Brewed Chai tea;Spicy Eye Opener Chai Rg;Lower Manhattan
26.25;7;4;202304;Apr;Sun;Evening;Med;Coffee;Premium brewed coffee;Jamaican Coffee River Lg;Lower Manhattan
14.75;1;1;202304;Apr;Sun;Evening;Low;Coffee beans;Espresso Beans;Espresso Roast;Lower Manhattan
4.80;6;4;202304;Apr;Sun;Evening;Low;Flavours;Sugar free syrup;Sugar Free Vanilla syrup;Lower Manhattan
0.80;1;1;202304;Apr;Sun;Evening;Low;Flavours;Regular syrup;Carmel syrup;Lower Manhattan
3.00;1;1;202304;Apr;Sun;Evening;Low;Coffee;Barista Espresso;Espresso shot;Lower Manhattan
8.95;1;1;202304;Apr;Sun;Evening;Low;Loose Tea;Black tea;Earl Grey;Astoria
18.00;1;1;202304;Apr;Sun;Evening;Low;Coffee beans;House blend Beans;Our Old Time Diner Blend;Astoria
9.30;3;3;202304;Apr;Mon;Night;Low;Coffee;Premium brewed coffee;Jamaican Coffee River Rg;Lower Manhattan
6.00;2;2;202304;Apr;Mon;Night;Low;Coffee;Barista Espresso;Espresso shot;Lower Manhattan
24.00;8;4;202304;Apr;Mon;Night;Med;Tea;Brewed Green tea;Serenity Green Tea Lg;Lower Manhattan
5.00;2;2;202304;Apr;Mon;Night;Low;Tea;Brewed Green tea;Serenity Green Tea Rg;Lower Manhattan
15.00;6;4;202304;Apr;Mon;Night;Low;Tea;Brewed Black tea;Earl Grey Rg;Lower Manhattan
4.40;2;1;202304;Apr;Mon;Night;Low;Coffee;Organic brewed coffee;Brazilian Sm;Lower Manhattan
14.00;4;3;202304;Apr;Mon;Night;Low;Coffee;Organic brewed coffee;Brazilian Lg;Lower Manhattan
6.50;2;2;202304;Apr;Mon;Night;Low;Bakery;Biscotti;Hazelnut Biscotti;Lower Manhattan
6.40;1;1;202304;Apr;Mon;Night;Low;Packaged Chocolate;Drinking Chocolate;Dark chocolate;Lower Manhattan
4.75;1;1;202304;Apr;Mon;Night;Low;Drinking Chocolate;Hot chocolate;Sustainably Grown Organic Lg;Hell's Kitchen
5.00;2;2;202304;Apr;Mon;Night;Low;Coffee;Drip coffee;Our Old Time Diner Blend Rg;Lower Manhattan
5.00;2;1;202304;Apr;Mon;Night;Low;Tea;Brewed Chai tea;Morning Sunrise Chai Rg;Lower Manhattan
3.75;1;1;202304;Apr;Mon;Night;Low;Bakery;Pastry;Almond Croissant;Hell's Kitchen
15.00;4;2;202304;Apr;Mon;Night;Low;Coffee;Premium brewed coffee;Jamaican Coffee River Lg;Lower Manhattan
1.60;2;1;202304;Apr;Mon;Night;Low;Flavours;Regular syrup;Hazelnut syrup;Lower Manhattan
3.25;1;1;202304;Apr;Mon;Night;Low;Bakery;Scone;Cranberry Scone;Lower Manhattan
3.25;1;1;202304;Apr;Mon;Night;Low;Bakery;Scone;Ginger Scone;Hell's Kitchen
10.00;4;3;202304;Apr;Mon;Night;Low;Coffee;Gourmet brewed coffee;Columbian Medium Roast Rg;Hell's Kitchen
2.50;1;1;202304;Apr;Mon;Night;Low;Tea;Brewed Black tea;Earl Grey Rg;Hell's Kitchen
3.00;1;1;202304;Apr;Mon;Night;Low;Coffee;Drip coffee;Our Old Time Diner Blend Lg;Lower Manhattan
6.00;2;1;202304;Apr;Mon;Night;Low;Tea;Brewed herbal tea;Peppermint Lg;Lower Manhattan
9.00;2;1;202304;Apr;Mon;Night;Low;Drinking Chocolate;Hot chocolate;Dark chocolate Lg;Hell's Kitchen
13.20;5;2;202304;Apr;Mon;Night;Low;Coffee;Barista Espresso;Ouro Brasileiro shot;Lower Manhattan
7.50;2;2;202304;Apr;Mon;Night;Low;Bakery;Pastry;Almond Croissant;Lower Manhattan
1.60;2;2;202304;Apr;Mon;Night;Low;Flavours;Regular syrup;Carmel syrup;Lower Manhattan
7.50;3;2;202304;Apr;Mon;Night;Low;Tea;Brewed Black tea;English Breakfast Rg;Hell's Kitchen
2.00;1;1;202304;Apr;Mon;Night;Low;Coffee;Drip coffee;Our Old Time Diner Blend Sm;Hell's Kitchen
18.00;9;7;202304;Apr;Mon;Morning;Low;Coffee;Gourmet brewed coffee;Columbian Medium Roast Sm;Hell's Kitchen
7.60;1;1;202304;Apr;Mon;Morning;Low;Packaged Chocolate;Organic Chocolate;Sustainably Grown Organic;Hell's Kitchen
14.00;1;1;202304;Apr;Mon;Morning;Low;Branded;Housewares;I Need My Bean! Latte cup;Hell's Kitchen
33.00;11;5;202304;Apr;Mon;Morning;Med;Coffee;Gourmet brewed coffee;Columbian Medium Roast Lg;Lower Manhattan
18.00;1;1;202304;Apr;Mon;Morning;Low;Coffee beans;House blend Beans;Our Old Time Diner Blend;Hell's Kitchen
28.00;1;1;202304;Apr;Mon;Morning;Med;Branded;Clothing;I Need My Bean! T-shirt;Astoria
8.95;1;1;202304;Apr;Mon;Morning;Low;Loose Tea;Black tea;Earl Grey;Astoria
720.00;16;2;202304;Apr;Mon;Morning;very high;Coffee beans;Premium Beans;Civet Cat;Hell's Kitchen
14.75;1;1;202304;Apr;Mon;Morning;Low;Coffee beans;Espresso Beans;Espresso Roast;Astoria
8.95;1;1;202304;Apr;Mon;Morning;Low;Loose Tea;Black tea;English Breakfast;Lower Manhattan
18.00;1;1;202304;Apr;Mon;Morning;Low;Coffee beans;Organic Beans;Brazilian - Organic;Astoria
22.50;1;1;202304;Apr;Mon;Morning;Med;Coffee beans;Organic Beans;Organic Decaf Blend;Astoria
9.00;3;2;202304;Apr;Mon;Afternoon;Low;Tea;Brewed herbal tea;Lemon Grass Lg;Hell's Kitchen
14.00;1;1;202304;Apr;Mon;Afternoon;Low;Branded;Housewares;I Need My Bean! Latte cup;Astoria
45.00;2;2;202304;Apr;Mon;Afternoon;High;Coffee beans;Organic Beans;Organic Decaf Blend;Hell's Kitchen
14.00;1;1;202304;Apr;Mon;Afternoon;Low;Branded;Housewares;I Need My Bean! Latte cup;Lower Manhattan
6.00;2;2;202304;Apr;Mon;Afternoon;Low;Bakery;Scone;Oatmeal Scone;Lower Manhattan
5.90;2;2;202304;Apr;Mon;Afternoon;Low;Bakery;Scone;Ginger Scone;Hell's Kitchen
2.50;1;1;202304;Apr;Mon;Evening;Low;Tea;Brewed herbal tea;Lemon Grass Rg;Hell's Kitchen
2.40;3;2;202304;Apr;Mon;Evening;Low;Flavours;Regular syrup;Chocolate syrup;Lower Manhattan
21.00;1;1;202304;Apr;Mon;Evening;Med;Coffee beans;Gourmet Beans;Ethiopia;Lower Manhattan
14.00;1;1;202304;Apr;Mon;Evening;Low;Branded;Housewares;I Need My Bean! Latte cup;Lower Manhattan
15.00;4;2;202304;Apr;Mon;Evening;Low;Drinking Chocolate;Hot chocolate;Sustainably Grown Organic Rg;Lower Manhattan
2.40;3;2;202304;Apr;Mon;Evening;Low;Flavours;Regular syrup;Hazelnut syrup;Lower Manhattan
4.50;1;1;202304;Apr;Mon;Evening;Low;Bakery;Scone;Scottish Cream Scone ;Lower Manhattan
21.00;1;1;202304;Apr;Mon;Evening;Med;Coffee beans;Gourmet Beans;Ethiopia;Astoria
7.50;2;2;202304;Apr;Mon;Evening;Low;Coffee;Premium brewed coffee;Jamaican Coffee River Lg;Lower Manhattan
3.50;1;1;202304;Apr;Mon;Evening;Low;Bakery;Biscotti;Ginger Biscotti;Lower Manhattan
14.00;1;1;202304;Apr;Mon;Evening;Low;Branded;Housewares;I Need My Bean! Latte cup;Astoria
28.00;1;1;202304;Apr;Mon;Evening;Med;Branded;Clothing;I Need My Bean! T-shirt;Astoria
17.50;5;2;202304;Apr;Tue;Night;Low;Coffee;Gourmet brewed coffee;Ethiopia Lg;Lower Manhattan
15.00;1;1;202304;Apr;Tue;Night;Low;Coffee beans;Gourmet Beans;Columbian Medium Roast;Lower Manhattan
16.00;4;2;202304;Apr;Tue;Night;Low;Tea;Brewed Chai tea;Morning Sunrise Chai Lg;Lower Manhattan
5.00;2;2;202304;Apr;Tue;Night;Low;Tea;Brewed Chai tea;Morning Sunrise Chai Rg;Lower Manhattan
3.50;1;1;202304;Apr;Tue;Night;Low;Bakery;Pastry;Croissant;Lower Manhattan
1.60;2;1;202304;Apr;Tue;Night;Low;Flavours;Regular syrup;Hazelnut syrup;Lower Manhattan
6.00;2;1;202304;Apr;Tue;Night;Low;Coffee;Gourmet brewed coffee;Ethiopia Rg;Hell's Kitchen
5.00;2;2;202304;Apr;Tue;Night;Low;Tea;Brewed herbal tea;Lemon Grass Rg;Hell's Kitchen
3.75;1;1;202304;Apr;Tue;Night;Low;Coffee;Barista Espresso;Cappuccino;Hell's Kitchen
0.80;1;1;202304;Apr;Tue;Night;Low;Flavours;Sugar free syrup;Sugar Free Vanilla syrup;Hell's Kitchen
12.00;4;2;202304;Apr;Tue;Night;Low;Tea;Brewed herbal tea;Lemon Grass Lg;Lower Manhattan
2.40;3;3;202304;Apr;Tue;Night;Low;Flavours;Regular syrup;Carmel syrup;Lower Manhattan
8.80;4;2;202304;Apr;Tue;Night;Low;Coffee;Gourmet brewed coffee;Ethiopia Sm;Lower Manhattan
3.25;1;1;202304;Apr;Tue;Night;Low;Bakery;Scone;Ginger Scone;Hell's Kitchen
3.00;1;1;202304;Apr;Tue;Night;Low;Tea;Brewed Black tea;English Breakfast Lg;Lower Manhattan
12.50;5;3;202304;Apr;Tue;Night;Low;Coffee;Gourmet brewed coffee;Columbian Medium Roast Rg;Lower Manhattan
6.20;2;1;202304;Apr;Tue;Night;Low;Tea;Brewed Chai tea;Spicy Eye Opener Chai Lg;Hell's Kitchen
14.00;1;1;202304;Apr;Tue;Night;Low;Branded;Housewares;I Need My Bean! Latte cup;Lower Manhattan
3.50;1;1;202304;Apr;Tue;Night;Low;Bakery;Biscotti;Ginger Biscotti;Lower Manhattan
3.75;1;1;202304;Apr;Tue;Night;Low;Coffee;Premium brewed coffee;Jamaican Coffee River Lg;Hell's Kitchen
6.00;2;1;202304;Apr;Tue;Night;Low;Tea;Brewed Black tea;English Breakfast Lg;Hell's Kitchen
6.50;2;2;202304;Apr;Tue;Night;Low;Bakery;Scone;Cranberry Scone;Hell's Kitchen
22.50;5;2;202304;Apr;Tue;Night;Med;Drinking Chocolate;Hot chocolate;Dark chocolate Lg;Lower Manhattan
6.00;2;1;202304;Apr;Tue;Night;Low;Tea;Brewed Black tea;Earl Grey Lg;Lower Manhattan
3.75;1;1;202304;Apr;Tue;Night;Low;Drinking Chocolate;Hot chocolate;Sustainably Grown Organic Rg;Lower Manhattan
9.00;2;1;202304;Apr;Tue;Night;Low;Drinking Chocolate;Hot chocolate;Dark chocolate Lg;Hell's Kitchen
3.50;1;1;202304;Apr;Tue;Night;Low;Bakery;Pastry;Croissant;Hell's Kitchen
6.00;2;1;202304;Apr;Tue;Night;Low;Coffee;Gourmet brewed coffee;Columbian Medium Roast Lg;Hell's Kitchen
11.25;3;2;202304;Apr;Tue;Night;Low;Coffee;Premium brewed coffee;Jamaican Coffee River Lg;Lower Manhattan
6.60;3;2;202304;Apr;Tue;Night;Low;Coffee;Organic brewed coffee;Brazilian Sm;Hell's Kitchen
12.00;3;2;202304;Apr;Tue;Night;Low;Tea;Brewed Chai tea;Morning Sunrise Chai Lg;Hell's Kitchen
33.00;11;7;202304;Apr;Tue;Morning;Med;Tea;Brewed herbal tea;Peppermint Lg;Astoria
8.95;1;1;202304;Apr;Tue;Morning;Low;Loose Tea;Chai tea;Traditional Blend Chai;Astoria
30.00;2;2;202304;Apr;Tue;Morning;Med;Coffee beans;Gourmet Beans;Columbian Medium Roast;Lower Manhattan
12.00;1;1;202304;Apr;Tue;Morning;Low;Branded;Housewares;I Need My Bean! Diner mug;Lower Manhattan
7.60;1;1;202304;Apr;Tue;Morning;Low;Packaged Chocolate;Organic Chocolate;Sustainably Grown Organic;Astoria
17.90;2;2;202304;Apr;Tue;Morning;Low;Loose Tea;Herbal tea;Peppermint;Hell's Kitchen
13.33;1;1;202304;Apr;Tue;Morning;Low;Packaged Chocolate;Drinking Chocolate;Chili Mayan;Lower Manhattan
3.00;1;1;202304;Apr;Thu;Evening;Low;Bakery;Scone;Oatmeal Scone;Hell's Kitchen
0.80;1;1;202304;Apr;Fri;Afternoon;Low;Flavours;Regular syrup;Carmel syrup;Lower Manhattan
5.60;7;4;202304;Apr;Sat;Evening;Low;Flavours;Regular syrup;Hazelnut syrup;Lower Manhattan
11.10;4;3;202304;Apr;Mon;Evening;Low;Coffee;Barista Espresso;Ouro Brasileiro shot;Lower Manhattan
12.80;2;2;202304;Apr;Tue;Morning;Low;Packaged Chocolate;Drinking Chocolate;Dark chocolate;Hell's Kitchen
18.75;5;4;202304;Apr;Tue;Morning;Low;Coffee;Premium brewed coffee;Jamaican Coffee River Lg;Astoria
17.90;2;2;202304;Apr;Tue;Morning;Low;Loose Tea;Herbal tea;Peppermint;Astoria
17.90;2;2;202304;Apr;Tue;Morning;Low;Loose Tea;Herbal tea;Lemon Grass;Astoria
8.95;1;1;202304;Apr;Tue;Morning;Low;Loose Tea;Black tea;Earl Grey;Lower Manhattan
8.95;1;1;202304;Apr;Tue;Morning;Low;Loose Tea;Black tea;Earl Grey;Astoria
15.00;5;5;202304;Apr;Tue;Morning;Low;Bakery;Scone;Oatmeal Scone;Lower Manhattan
18.00;1;1;202304;Apr;Tue;Morning;Low;Coffee beans;House blend Beans;Our Old Time Diner Blend;Lower Manhattan
14.75;1;1;202304;Apr;Tue;Morning;Low;Coffee beans;Espresso Beans;Espresso Roast;Hell's Kitchen
45.00;1;1;202304;Apr;Tue;Morning;High;Coffee beans;Premium Beans;Civet Cat;Hell's Kitchen
11.25;3;3;202304;Apr;Tue;Morning;Low;Bakery;Scone;Jumbo Savory Scone;Astoria
12.00;1;1;202304;Apr;Tue;Morning;Low;Branded;Housewares;I Need My Bean! Diner mug;Astoria
22.50;1;1;202304;Apr;Tue;Morning;Med;Coffee beans;Organic Beans;Organic Decaf Blend;Astoria
26.66;2;2;202304;Apr;Tue;Morning;Med;Packaged Chocolate;Drinking Chocolate;Chili Mayan;Astoria
17.90;2;2;202304;Apr;Tue;Morning;Low;Loose Tea;Black tea;Earl Grey;Hell's Kitchen
45.00;1;1;202304;Apr;Tue;Morning;High;Coffee beans;Premium Beans;Civet Cat;Astoria
18.00;1;1;202304;Apr;Tue;Morning;Low;Coffee beans;Organic Beans;Brazilian - Organic;Astoria
18.00;1;1;202304;Apr;Tue;Morning;Low;Coffee beans;House blend Beans;Our Old Time Diner Blend;Astoria
10.00;1;1;202304;Apr;Tue;Morning;Low;Coffee beans;Green beans;Guatemalan Sustainably Grown;Hell's Kitchen
3.00;1;1;202304;Apr;Tue;Night;Low;Coffee;Gourmet brewed coffee;Ethiopia Rg;Lower Manhattan
18.00;1;1;202304;Apr;Tue;Morning;Low;Coffee beans;House blend Beans;Our Old Time Diner Blend;Hell's Kitchen
9.50;1;1;202304;Apr;Tue;Morning;Low;Loose Tea;Chai tea;Morning Sunrise Chai;Hell's Kitchen
21.00;1;1;202304;Apr;Tue;Afternoon;Med;Coffee beans;Gourmet Beans;Ethiopia;Lower Manhattan
2.40;3;2;202304;Apr;Tue;Afternoon;Low;Flavours;Regular syrup;Chocolate syrup;Hell's Kitchen
6.20;2;1;202304;Apr;Tue;Afternoon;Low;Coffee;Premium brewed coffee;Jamaican Coffee River Rg;Hell's Kitchen
4.80;6;4;202304;Apr;Tue;Afternoon;Low;Flavours;Regular syrup;Chocolate syrup;Lower Manhattan
13.33;1;1;202304;Apr;Tue;Afternoon;Low;Packaged Chocolate;Drinking Chocolate;Chili Mayan;Astoria
1.60;2;1;202304;Apr;Tue;Afternoon;Low;Flavours;Regular syrup;Carmel syrup;Lower Manhattan
24.00;8;4;202304;Apr;Tue;Afternoon;Med;Tea;Brewed Chai tea;Traditional Blend Chai Lg;Hell's Kitchen
28.00;2;2;202304;Apr;Tue;Afternoon;Med;Branded;Housewares;I Need My Bean! Latte cup;Lower Manhattan
10.95;1;1;202304;Apr;Tue;Afternoon;Low;Loose Tea;Chai tea;Spicy Eye Opener Chai;Lower Manhattan
1.60;2;1;202304;Apr;Tue;Afternoon;Low;Flavours;Regular syrup;Hazelnut syrup;Hell's Kitchen
15.20;2;2;202304;Apr;Tue;Afternoon;Low;Packaged Chocolate;Organic Chocolate;Sustainably Grown Organic;Lower Manhattan
3.25;1;1;202304;Apr;Tue;Afternoon;Low;Bakery;Biscotti;Hazelnut Biscotti;Lower Manhattan
8.95;1;1;202304;Apr;Tue;Afternoon;Low;Loose Tea;Black tea;English Breakfast;Lower Manhattan
15.00;5;3;202304;Apr;Tue;Evening;Low;Coffee;Organic brewed coffee;Brazilian Rg;Hell's Kitchen
14.00;1;1;202304;Apr;Tue;Evening;Low;Branded;Housewares;I Need My Bean! Latte cup;Hell's Kitchen
28.00;1;1;202304;Apr;Tue;Evening;Med;Branded;Clothing;I Need My Bean! T-shirt;Astoria
15.00;6;3;202304;Apr;Tue;Evening;Low;Tea;Brewed Chai tea;Morning Sunrise Chai Rg;Lower Manhattan
7.00;2;2;202304;Apr;Tue;Evening;Low;Bakery;Biscotti;Chocolate Chip Biscotti;Astoria
20.45;1;1;202304;Apr;Tue;Evening;very high;Coffee beans;Espresso Beans;Primo Espresso Roast;Astoria
17.50;7;5;202304;Apr;Tue;Evening;Low;Tea;Brewed Chai tea;Morning Sunrise Chai Rg;Hell's Kitchen
7.60;1;1;202304;Apr;Tue;Evening;Low;Packaged Chocolate;Organic Chocolate;Sustainably Grown Organic;Lower Manhattan
15.00;5;4;202304;Apr;Tue;Evening;Low;Tea;Brewed Chai tea;Traditional Blend Chai Lg;Astoria
22.50;1;1;202304;Apr;Tue;Evening;Med;Coffee beans;Organic Beans;Organic Decaf Blend;Astoria
10.00;1;1;202304;Apr;Tue;Evening;Low;Coffee beans;Green beans;Guatemalan Sustainably Grown;Astoria
7.50;2;2;202304;Apr;Tue;Evening;Low;Coffee;Barista Espresso;Latte;Astoria
1.60;2;1;202304;Apr;Tue;Evening;Low;Flavours;Sugar free syrup;Sugar Free Vanilla syrup;Hell's Kitchen
7.00;2;1;202304;Apr;Tue;Evening;Low;Coffee;Gourmet brewed coffee;Ethiopia Lg;Lower Manhattan
39.50;2;2;202304;Apr;Tue;Evening;Med;Coffee beans;Premium Beans;Jamacian Coffee River;Lower Manhattan
8.95;1;1;202304;Apr;Tue;Evening;Low;Loose Tea;Herbal tea;Lemon Grass;Astoria
8.95;1;1;202304;Apr;Tue;Evening;Low;Loose Tea;Black tea;Earl Grey;Hell's Kitchen
5.00;2;1;202304;Apr;Wed;Night;Low;Tea;Brewed Black tea;Earl Grey Rg;Lower Manhattan
5.10;2;2;202304;Apr;Wed;Night;Low;Tea;Brewed Chai tea;Spicy Eye Opener Chai Rg;Lower Manhattan
6.20;2;2;202304;Apr;Wed;Night;Low;Coffee;Premium brewed coffee;Jamaican Coffee River Rg;Lower Manhattan
8.50;2;1;202304;Apr;Wed;Night;Low;Coffee;Barista Espresso;Latte Rg;Lower Manhattan
3.50;1;1;202304;Apr;Wed;Night;Low;Bakery;Biscotti;Chocolate Chip Biscotti;Hell's Kitchen
3.00;1;1;202304;Apr;Wed;Night;Low;Tea;Brewed herbal tea;Lemon Grass Lg;Hell's Kitchen
10.50;3;3;202304;Apr;Wed;Night;Low;Bakery;Biscotti;Ginger Biscotti;Hell's Kitchen
9.00;3;2;202304;Apr;Wed;Night;Low;Coffee;Gourmet brewed coffee;Columbian Medium Roast Lg;Lower Manhattan
3.75;1;1;202304;Apr;Wed;Night;Low;Drinking Chocolate;Hot chocolate;Sustainably Grown Organic Rg;Hell's Kitchen
12.00;4;2;202304;Apr;Wed;Night;Low;Tea;Brewed herbal tea;Peppermint Lg;Hell's Kitchen
15.00;6;3;202304;Apr;Wed;Night;Low;Tea;Brewed Green tea;Serenity Green Tea Rg;Hell's Kitchen
3.00;1;1;202304;Apr;Wed;Night;Low;Tea;Brewed herbal tea;Lemon Grass Lg;Lower Manhattan
3.10;1;1;202304;Apr;Wed;Night;Low;Coffee;Premium brewed coffee;Jamaican Coffee River Rg;Hell's Kitchen
12.50;5;2;202304;Apr;Wed;Night;Low;Tea;Brewed herbal tea;Peppermint Rg;Lower Manhattan
15.00;6;4;202304;Apr;Wed;Night;Low;Coffee;Gourmet brewed coffee;Columbian Medium Roast Rg;Lower Manhattan
4.00;2;1;202304;Apr;Wed;Night;Low;Coffee;Drip coffee;Our Old Time Diner Blend Sm;Lower Manhattan
7.50;2;1;202304;Apr;Wed;Night;Low;Coffee;Barista Espresso;Latte;Hell's Kitchen
1.60;2;1;202304;Apr;Wed;Night;Low;Flavours;Regular syrup;Hazelnut syrup;Hell's Kitchen
13.33;1;1;202304;Apr;Wed;Night;Low;Packaged Chocolate;Drinking Chocolate;Chili Mayan;Hell's Kitchen
6.00;2;1;202304;Apr;Wed;Night;Low;Coffee;Organic brewed coffee;Brazilian Rg;Lower Manhattan
3.25;1;1;202304;Apr;Wed;Night;Low;Bakery;Biscotti;Hazelnut Biscotti;Lower Manhattan
2.50;1;1;202304;Apr;Wed;Night;Low;Tea;Brewed Chai tea;Morning Sunrise Chai Rg;Hell's Kitchen
14.25;3;2;202304;Apr;Wed;Night;Low;Drinking Chocolate;Hot chocolate;Sustainably Grown Organic Lg;Lower Manhattan
2.00;1;1;202304;Apr;Wed;Night;Low;Coffee;Gourmet brewed coffee;Columbian Medium Roast Sm;Lower Manhattan
3.00;1;1;202304;Apr;Wed;Night;Low;Coffee;Organic brewed coffee;Brazilian Rg;Hell's Kitchen
4.90;2;2;202304;Apr;Wed;Night;Low;Coffee;Premium brewed coffee;Jamaican Coffee River Sm;Hell's Kitchen
13.00;4;4;202304;Apr;Wed;Night;Low;Bakery;Scone;Cranberry Scone;Lower Manhattan
7.50;2;1;202304;Apr;Wed;Night;Low;Coffee;Barista Espresso;Cappuccino;Hell's Kitchen
0.80;1;1;202304;Apr;Wed;Night;Low;Flavours;Regular syrup;Carmel syrup;Hell's Kitchen
6.00;2;1;202304;Apr;Wed;Night;Low;Coffee;Gourmet brewed coffee;Columbian Medium Roast Lg;Hell's Kitchen
3.75;1;1;202304;Apr;Wed;Night;Low;Bakery;Scone;Jumbo Savory Scone;Lower Manhattan
3.00;1;1;202304;Apr;Wed;Night;Low;Tea;Brewed Green tea;Serenity Green Tea Lg;Hell's Kitchen
4.00;5;3;202304;Apr;Wed;Night;Low;Flavours;Regular syrup;Carmel syrup;Lower Manhattan
8.00;4;2;202304;Apr;Wed;Night;Low;Coffee;Gourmet brewed coffee;Columbian Medium Roast Sm;Hell's Kitchen
3.00;1;1;202304;Apr;Wed;Night;Low;Coffee;Gourmet brewed coffee;Ethiopia Rg;Lower Manhattan
14.00;4;4;202304;Apr;Wed;Morning;Low;Bakery;Biscotti;Ginger Biscotti;Hell's Kitchen
14.00;1;1;202304;Apr;Wed;Morning;Low;Branded;Housewares;I Need My Bean! Latte cup;Hell's Kitchen
7.60;1;1;202304;Apr;Wed;Morning;Low;Packaged Chocolate;Organic Chocolate;Sustainably Grown Organic;Hell's Kitchen
6.40;8;5;202304;Apr;Wed;Morning;Low;Flavours;Regular syrup;Hazelnut syrup;Astoria
32.50;13;8;202304;Apr;Wed;Morning;Med;Tea;Brewed Black tea;English Breakfast Rg;Astoria
22.50;1;1;202304;Apr;Wed;Morning;Med;Coffee beans;Organic Beans;Organic Decaf Blend;Astoria
15.00;5;5;202304;Apr;Wed;Morning;Low;Bakery;Scone;Oatmeal Scone;Hell's Kitchen
4.00;5;4;202304;Apr;Wed;Morning;Low;Flavours;Sugar free syrup;Sugar Free Vanilla syrup;Astoria
39.00;12;12;202304;Apr;Wed;Morning;Med;Bakery;Biscotti;Hazelnut Biscotti;Hell's Kitchen
44.25;3;3;202304;Apr;Wed;Morning;High;Coffee beans;Espresso Beans;Espresso Roast;Hell's Kitchen
28.00;1;1;202304;Apr;Wed;Morning;Med;Branded;Clothing;I Need My Bean! T-shirt;Astoria
8.95;1;1;202304;Apr;Wed;Morning;Low;Loose Tea;Herbal tea;Peppermint;Hell's Kitchen
12.80;16;10;202304;Apr;Wed;Morning;Low;Flavours;Regular syrup;Hazelnut syrup;Lower Manhattan
20.00;2;2;202304;Apr;Wed;Morning;Low;Coffee beans;Green beans;Guatemalan Sustainably Grown;Astoria
63.00;3;3;202304;Apr;Wed;Morning;very high;Coffee beans;Gourmet Beans;Ethiopia;Astoria
33.00;11;7;202304;Apr;Wed;Morning;Med;Tea;Brewed Chai tea;Traditional Blend Chai Lg;Astoria
31.50;9;6;202304;Apr;Wed;Morning;Med;Coffee;Gourmet brewed coffee;Ethiopia Lg;Astoria
36.00;2;2;202304;Apr;Wed;Morning;Med;Coffee beans;House blend Beans;Our Old Time Diner Blend;Hell's Kitchen
9.25;1;1;202304;Apr;Wed;Morning;Low;Loose Tea;Green tea;Serenity Green Tea;Astoria
42.00;3;3;202304;Apr;Wed;Morning;High;Branded;Housewares;I Need My Bean! Latte cup;Astoria
27.00;6;6;202304;Apr;Wed;Morning;Med;Bakery;Scone;Scottish Cream Scone ;Astoria
8.95;1;1;202304;Apr;Wed;Morning;Low;Loose Tea;Black tea;English Breakfast;Astoria
42.00;3;3;202304;Apr;Wed;Morning;High;Branded;Housewares;I Need My Bean! Latte cup;Lower Manhattan
10.00;1;1;202304;Apr;Wed;Morning;Low;Coffee beans;Green beans;Guatemalan Sustainably Grown;Hell's Kitchen
18.50;2;2;202304;Apr;Wed;Morning;Low;Loose Tea;Green tea;Serenity Green Tea;Hell's Kitchen
7.60;1;1;202304;Apr;Wed;Morning;Low;Packaged Chocolate;Organic Chocolate;Sustainably Grown Organic;Astoria
90.00;2;2;202304;Apr;Wed;Morning;very high;Coffee beans;Premium Beans;Civet Cat;Hell's Kitchen
10.95;1;1;202304;Apr;Wed;Morning;Low;Loose Tea;Chai tea;Spicy Eye Opener Chai;Astoria
5.00;2;1;202304;Apr;Wed;Night;Low;Coffee;Gourmet brewed coffee;Columbian Medium Roast Rg;Astoria
0.80;1;1;202304;Apr;Wed;Night;Low;Flavours;Regular syrup;Chocolate syrup;Lower Manhattan
10.00;4;3;202304;Apr;Wed;Afternoon;Low;Coffee;Gourmet brewed coffee;Columbian Medium Roast Rg;Hell's Kitchen
21.25;5;4;202304;Apr;Wed;Afternoon;Med;Coffee;Barista Espresso;Latte Rg;Hell's Kitchen
15.00;4;2;202304;Apr;Wed;Afternoon;Low;Coffee;Barista Espresso;Latte;Lower Manhattan
1.60;2;1;202304;Apr;Wed;Afternoon;Low;Flavours;Sugar free syrup;Sugar Free Vanilla syrup;Lower Manhattan
4.80;6;4;202304;Apr;Wed;Afternoon;Low;Flavours;Regular syrup;Chocolate syrup;Lower Manhattan
5.00;2;2;202304;Apr;Wed;Afternoon;Low;Tea;Brewed herbal tea;Lemon Grass Rg;Hell's Kitchen
9.25;1;1;202304;Apr;Wed;Afternoon;Low;Loose Tea;Green tea;Serenity Green Tea;Hell's Kitchen
1.60;2;1;202304;Apr;Wed;Afternoon;Low;Flavours;Regular syrup;Carmel syrup;Astoria
15.00;5;3;202304;Apr;Wed;Afternoon;Low;Coffee;Gourmet brewed coffee;Columbian Medium Roast Lg;Astoria
18.00;1;1;202304;Apr;Wed;Afternoon;Low;Coffee beans;Organic Beans;Brazilian - Organic;Astoria
28.00;1;1;202304;Apr;Wed;Afternoon;Med;Branded;Clothing;I Need My Bean! T-shirt;Astoria
36.00;2;2;202304;Apr;Wed;Afternoon;Med;Coffee beans;Organic Beans;Brazilian - Organic;Lower Manhattan
14.00;1;1;202304;Apr;Wed;Afternoon;Low;Branded;Housewares;I Need My Bean! Latte cup;Lower Manhattan
10.00;1;1;202304;Apr;Wed;Evening;Low;Coffee beans;Green beans;Guatemalan Sustainably Grown;Hell's Kitchen
14.00;1;1;202304;Apr;Wed;Evening;Low;Branded;Housewares;I Need My Bean! Latte cup;Astoria
22.50;1;1;202304;Apr;Wed;Evening;Med;Coffee beans;Organic Beans;Organic Decaf Blend;Hell's Kitchen
17.50;5;3;202304;Apr;Wed;Evening;Low;Drinking Chocolate;Hot chocolate;Dark chocolate Rg;Lower Manhattan
18.00;1;1;202304;Apr;Wed;Evening;Low;Coffee beans;Organic Beans;Brazilian - Organic;Astoria
12.50;5;4;202304;Apr;Wed;Evening;Low;Tea;Brewed Black tea;English Breakfast Rg;Astoria
20.45;1;1;202304;Apr;Wed;Evening;very high;Coffee beans;Espresso Beans;Primo Espresso Roast;Hell's Kitchen
20.45;1;1;202304;Apr;Wed;Evening;very high;Coffee beans;Espresso Beans;Primo Espresso Roast;Astoria
18.00;1;1;202304;Apr;Thu;Morning;Low;Coffee beans;Organic Beans;Brazilian - Organic;Astoria
17.90;2;2;202304;Apr;Thu;Morning;Low;Loose Tea;Herbal tea;Lemon Grass;Astoria
18.00;1;1;202304;Apr;Thu;Morning;Low;Coffee beans;House blend Beans;Our Old Time Diner Blend;Astoria
22.50;1;1;202304;Apr;Thu;Morning;Med;Coffee beans;Organic Beans;Organic Decaf Blend;Astoria
18.50;2;2;202304;Apr;Thu;Morning;Low;Loose Tea;Green tea;Serenity Green Tea;Hell's Kitchen
45.00;1;1;202304;Apr;Thu;Morning;High;Coffee beans;Premium Beans;Civet Cat;Astoria
42.00;3;3;202304;Apr;Thu;Morning;High;Branded;Housewares;I Need My Bean! Latte cup;Hell's Kitchen
9.50;1;1;202304;Apr;Thu;Morning;Low;Loose Tea;Chai tea;Morning Sunrise Chai;Astoria
12.00;1;1;202304;Apr;Thu;Morning;Low;Branded;Housewares;I Need My Bean! Diner mug;Lower Manhattan
36.00;2;2;202304;Apr;Thu;Morning;Med;Coffee beans;House blend Beans;Our Old Time Diner Blend;Lower Manhattan
20.45;1;1;202304;Apr;Thu;Morning;very high;Coffee beans;Espresso Beans;Primo Espresso Roast;Astoria
8.95;1;1;202304;Apr;Thu;Morning;Low;Loose Tea;Herbal tea;Lemon Grass;Lower Manhattan
22.50;1;1;202304;Apr;Thu;Morning;Med;Coffee beans;Organic Beans;Organic Decaf Blend;Lower Manhattan
7.60;1;1;202304;Apr;Thu;Morning;Low;Packaged Chocolate;Organic Chocolate;Sustainably Grown Organic;Lower Manhattan
19.75;1;1;202304;Apr;Thu;Morning;Low;Coffee beans;Premium Beans;Jamacian Coffee River;Lower Manhattan
24.00;8;5;202304;Apr;Thu;Afternoon;Med;Coffee;Organic brewed coffee;Brazilian Rg;Hell's Kitchen
6.50;2;2;202304;Apr;Thu;Afternoon;Low;Bakery;Scone;Cranberry Scone;Lower Manhattan
22.50;1;1;202304;Apr;Thu;Afternoon;Med;Coffee beans;Organic Beans;Organic Decaf Blend;Hell's Kitchen
8.95;1;1;202304;Apr;Thu;Afternoon;Low;Loose Tea;Chai tea;Traditional Blend Chai;Astoria
28.50;6;3;202304;Apr;Thu;Afternoon;Med;Drinking Chocolate;Hot chocolate;Sustainably Grown Organic Lg;Lower Manhattan
7.20;9;6;202304;Apr;Thu;Afternoon;Low;Flavours;Regular syrup;Carmel syrup;Lower Manhattan
17.70;6;5;202304;Apr;Thu;Afternoon;Low;Bakery;Scone;Ginger Scone;Lower Manhattan
12.50;5;3;202304;Apr;Thu;Afternoon;Low;Tea;Brewed Chai tea;Traditional Blend Chai Rg;Lower Manhattan
1.60;2;2;202304;Apr;Thu;Afternoon;Low;Flavours;Regular syrup;Chocolate syrup;Hell's Kitchen
7.00;2;2;202304;Apr;Thu;Afternoon;Low;Bakery;Biscotti;Chocolate Chip Biscotti;Astoria
12.00;4;2;202304;Apr;Thu;Afternoon;Low;Coffee;Gourmet brewed coffee;Ethiopia Rg;Lower Manhattan
17.90;2;2;202304;Apr;Thu;Afternoon;Low;Loose Tea;Herbal tea;Peppermint;Astoria
15.00;1;1;202304;Apr;Thu;Afternoon;Low;Coffee beans;Gourmet Beans;Columbian Medium Roast;Astoria
10.95;1;1;202304;Apr;Thu;Afternoon;Low;Loose Tea;Chai tea;Spicy Eye Opener Chai;Lower Manhattan
9.30;3;2;202304;Apr;Thu;Afternoon;Low;Coffee;Premium brewed coffee;Jamaican Coffee River Rg;Lower Manhattan
4.50;1;1;202304;Apr;Thu;Afternoon;Low;Bakery;Scone;Scottish Cream Scone ;Hell's Kitchen
12.00;4;2;202304;Apr;Thu;Afternoon;Low;Tea;Brewed Chai tea;Traditional Blend Chai Lg;Lower Manhattan
3.25;1;1;202304;Apr;Thu;Afternoon;Low;Bakery;Scone;Cranberry Scone;Astoria
3.75;1;1;202304;Apr;Thu;Evening;Low;Bakery;Scone;Jumbo Savory Scone;Lower Manhattan
0.80;1;1;202304;Apr;Thu;Evening;Low;Flavours;Regular syrup;Hazelnut syrup;Lower Manhattan
13.00;4;4;202304;Apr;Thu;Evening;Low;Bakery;Biscotti;Hazelnut Biscotti;Astoria
12.00;4;2;202304;Apr;Thu;Evening;Low;Coffee;Gourmet brewed coffee;Ethiopia Rg;Lower Manhattan
2.00;1;1;202304;Apr;Thu;Evening;Low;Coffee;Gourmet brewed coffee;Columbian Medium Roast Sm;Lower Manhattan
7.50;2;2;202304;Apr;Thu;Evening;Low;Bakery;Scone;Jumbo Savory Scone;Hell's Kitchen
22.50;1;1;202304;Apr;Thu;Evening;Med;Coffee beans;Organic Beans;Organic Decaf Blend;Astoria
90.00;2;2;202304;Apr;Thu;Evening;very high;Coffee beans;Premium Beans;Civet Cat;Astoria
9.75;3;3;202304;Apr;Thu;Evening;Low;Bakery;Biscotti;Hazelnut Biscotti;Lower Manhattan
18.00;6;2;202304;Apr;Thu;Evening;Low;Tea;Brewed Green tea;Serenity Green Tea Lg;Lower Manhattan
12.00;1;1;202304;Apr;Thu;Evening;Low;Branded;Housewares;I Need My Bean! Diner mug;Lower Manhattan
18.50;2;2;202304;Apr;Thu;Evening;Low;Loose Tea;Green tea;Serenity Green Tea;Astoria
0.80;1;1;202304;Apr;Thu;Evening;Low;Flavours;Sugar free syrup;Sugar Free Vanilla syrup;Astoria
6.40;1;1;202304;Apr;Thu;Evening;Low;Packaged Chocolate;Drinking Chocolate;Dark chocolate;Astoria
22.50;6;4;202304;Apr;Thu;Evening;Med;Coffee;Barista Espresso;Latte;Hell's Kitchen
14.00;1;1;202304;Apr;Thu;Evening;Low;Branded;Housewares;I Need My Bean! Latte cup;Hell's Kitchen
12.00;4;2;202304;Apr;Thu;Evening;Low;Tea;Brewed herbal tea;Peppermint Lg;Hell's Kitchen
9.25;1;1;202304;Apr;Fri;Morning;Low;Loose Tea;Green tea;Serenity Green Tea;Lower Manhattan
21.00;1;1;202304;Apr;Fri;Morning;Med;Coffee beans;Gourmet Beans;Ethiopia;Hell's Kitchen
7.60;1;1;202304;Apr;Fri;Morning;Low;Packaged Chocolate;Organic Chocolate;Sustainably Grown Organic;Astoria
10.00;1;1;202304;Apr;Fri;Morning;Low;Coffee beans;Green beans;Guatemalan Sustainably Grown;Astoria
7.00;2;2;202304;Apr;Fri;Morning;Low;Bakery;Pastry;Croissant;Astoria
9.00;2;2;202304;Apr;Fri;Morning;Low;Bakery;Scone;Scottish Cream Scone ;Lower Manhattan
14.00;1;1;202304;Apr;Fri;Morning;Low;Branded;Housewares;I Need My Bean! Latte cup;Hell's Kitchen
9.50;1;1;202304;Apr;Fri;Morning;Low;Loose Tea;Chai tea;Morning Sunrise Chai;Lower Manhattan
9.25;1;1;202304;Apr;Fri;Morning;Low;Loose Tea;Green tea;Serenity Green Tea;Hell's Kitchen
11.25;3;3;202304;Apr;Fri;Afternoon;Low;Bakery;Scone;Jumbo Savory Scone;Hell's Kitchen
21.70;7;4;202304;Apr;Fri;Afternoon;Med;Coffee;Premium brewed coffee;Jamaican Coffee River Rg;Lower Manhattan
24.80;8;5;202304;Apr;Fri;Afternoon;Med;Tea;Brewed Chai tea;Spicy Eye Opener Chai Lg;Lower Manhattan
20.10;7;4;202304;Apr;Fri;Afternoon;very high;Coffee;Barista Espresso;Ouro Brasileiro shot;Hell's Kitchen
21.00;7;4;202304;Apr;Fri;Afternoon;Med;Tea;Brewed Black tea;English Breakfast Lg;Lower Manhattan
19.80;9;6;202304;Apr;Fri;Afternoon;Low;Coffee;Barista Espresso;Ouro Brasileiro shot;Lower Manhattan
19.75;1;1;202304;Apr;Fri;Afternoon;Low;Coffee beans;Premium Beans;Jamacian Coffee River;Lower Manhattan
9.00;2;2;202304;Apr;Fri;Afternoon;Low;Drinking Chocolate;Hot chocolate;Dark chocolate Lg;Lower Manhattan
24.50;7;6;202304;Apr;Fri;Afternoon;Med;Coffee;Gourmet brewed coffee;Ethiopia Lg;Lower Manhattan
7.60;1;1;202304;Apr;Fri;Afternoon;Low;Packaged Chocolate;Organic Chocolate;Sustainably Grown Organic;Lower Manhattan
1.60;2;1;202304;Apr;Fri;Afternoon;Low;Flavours;Regular syrup;Carmel syrup;Hell's Kitchen
10.50;3;3;202304;Apr;Fri;Afternoon;Low;Bakery;Pastry;Croissant;Hell's Kitchen
14.00;1;1;202304;Apr;Fri;Afternoon;Low;Branded;Housewares;I Need My Bean! Latte cup;Hell's Kitchen
19.75;1;1;202304;Apr;Fri;Afternoon;Low;Coffee beans;Premium Beans;Jamacian Coffee River;Hell's Kitchen
15.00;5;3;202304;Apr;Fri;Afternoon;Low;Tea;Brewed Green tea;Serenity Green Tea Lg;Lower Manhattan
3.75;1;1;202304;Apr;Fri;Afternoon;Low;Bakery;Pastry;Chocolate Croissant;Lower Manhattan
15.00;4;2;202304;Apr;Fri;Afternoon;Low;Coffee;Premium brewed coffee;Jamaican Coffee River Lg;Hell's Kitchen
10.00;4;2;202304;Apr;Fri;Afternoon;Low;Tea;Brewed Chai tea;Traditional Blend Chai Rg;Lower Manhattan
10.50;3;3;202304;Apr;Fri;Afternoon;Low;Bakery;Pastry;Croissant;Astoria
9.00;3;2;202304;Apr;Fri;Afternoon;Low;Coffee;Drip coffee;Our Old Time Diner Blend Lg;Lower Manhattan
14.00;4;4;202304;Apr;Fri;Afternoon;Low;Bakery;Biscotti;Ginger Biscotti;Lower Manhattan
7.00;2;2;202304;Apr;Fri;Afternoon;Low;Drinking Chocolate;Hot chocolate;Dark chocolate Rg;Astoria
21.00;1;1;202304;Apr;Fri;Afternoon;Med;Coffee beans;Gourmet Beans;Ethiopia;Astoria
28.00;1;1;202304;Apr;Fri;Afternoon;Med;Branded;Clothing;I Need My Bean! T-shirt;Astoria
7.60;1;1;202304;Apr;Fri;Afternoon;Low;Packaged Chocolate;Organic Chocolate;Sustainably Grown Organic;Astoria
12.50;5;2;202304;Apr;Fri;Evening;Low;Tea;Brewed Chai tea;Morning Sunrise Chai Rg;Lower Manhattan
15.50;5;3;202304;Apr;Fri;Evening;Low;Coffee;Premium brewed coffee;Jamaican Coffee River Rg;Lower Manhattan
6.50;2;2;202304;Apr;Fri;Evening;Low;Bakery;Biscotti;Hazelnut Biscotti;Lower Manhattan
1.60;2;1;202304;Apr;Fri;Evening;Low;Flavours;Regular syrup;Hazelnut syrup;Lower Manhattan
6.00;2;1;202304;Apr;Fri;Evening;Low;Coffee;Barista Espresso;Espresso shot;Lower Manhattan
2.40;3;2;202304;Apr;Fri;Evening;Low;Flavours;Regular syrup;Carmel syrup;Lower Manhattan
3.50;1;1;202304;Apr;Fri;Evening;Low;Bakery;Pastry;Croissant;Lower Manhattan
14.00;7;5;202304;Apr;Fri;Evening;Low;Coffee;Gourmet brewed coffee;Columbian Medium Roast Sm;Hell's Kitchen
10.50;3;3;202304;Apr;Fri;Evening;Low;Drinking Chocolate;Hot chocolate;Dark chocolate Rg;Lower Manhattan
19.50;6;6;202304;Apr;Fri;Evening;Low;Bakery;Scone;Ginger Scone;Hell's Kitchen
9.00;3;3;202304;Apr;Fri;Evening;Low;Bakery;Scone;Oatmeal Scone;Lower Manhattan
8.00;4;3;202304;Apr;Fri;Evening;Low;Coffee;Gourmet brewed coffee;Columbian Medium Roast Sm;Lower Manhattan
7.50;3;2;202304;Apr;Fri;Evening;Low;Tea;Brewed Chai tea;Traditional Blend Chai Rg;Lower Manhattan
12.00;4;2;202304;Apr;Fri;Evening;Low;Tea;Brewed herbal tea;Peppermint Lg;Lower Manhattan
17.50;7;4;202304;Apr;Fri;Evening;Low;Tea;Brewed herbal tea;Lemon Grass Rg;Lower Manhattan
12.75;3;1;202304;Apr;Fri;Evening;Low;Coffee;Barista Espresso;Latte Rg;Lower Manhattan
17.50;5;4;202304;Apr;Fri;Evening;Low;Coffee;Gourmet brewed coffee;Ethiopia Lg;Lower Manhattan
15.00;5;2;202304;Apr;Fri;Evening;Low;Tea;Brewed Black tea;English Breakfast Lg;Lower Manhattan
8.95;1;1;202304;Apr;Fri;Evening;Low;Loose Tea;Black tea;English Breakfast;Astoria
17.50;5;2;202304;Apr;Fri;Evening;Low;Coffee;Organic brewed coffee;Brazilian Lg;Lower Manhattan
4.00;5;3;202304;Apr;Fri;Evening;Low;Flavours;Regular syrup;Chocolate syrup;Astoria
8.50;2;1;202304;Apr;Fri;Night;Low;Coffee;Barista Espresso;Latte Rg;Hell's Kitchen
1.60;2;1;202304;Apr;Fri;Night;Low;Flavours;Sugar free syrup;Sugar Free Vanilla syrup;Hell's Kitchen
12.00;4;2;202304;Apr;Sat;Night;Low;Coffee;Drip coffee;Our Old Time Diner Blend Lg;Lower Manhattan
3.00;1;1;202304;Apr;Sat;Night;Low;Tea;Brewed herbal tea;Peppermint Lg;Lower Manhattan
4.40;2;1;202304;Apr;Sat;Night;Low;Coffee;Gourmet brewed coffee;Ethiopia Sm;Lower Manhattan
6.20;2;1;202304;Apr;Sat;Night;Low;Coffee;Premium brewed coffee;Jamaican Coffee River Rg;Lower Manhattan
10.95;1;1;202304;Apr;Sat;Night;Low;Loose Tea;Chai tea;Spicy Eye Opener Chai;Lower Manhattan
5.00;2;2;202304;Apr;Sat;Night;Low;Coffee;Drip coffee;Our Old Time Diner Blend Rg;Lower Manhattan
6.60;3;1;202304;Apr;Sat;Night;Low;Coffee;Organic brewed coffee;Brazilian Sm;Lower Manhattan
5.00;2;1;202304;Apr;Sat;Night;Low;Tea;Brewed Chai tea;Traditional Blend Chai Rg;Lower Manhattan
6.40;1;1;202304;Apr;Sat;Night;Low;Packaged Chocolate;Drinking Chocolate;Dark chocolate;Lower Manhattan
10.50;3;2;202304;Apr;Sat;Night;Low;Drinking Chocolate;Hot chocolate;Dark chocolate Rg;Lower Manhattan
9.00;3;1;202304;Apr;Sat;Night;Low;Tea;Brewed Green tea;Serenity Green Tea Lg;Lower Manhattan
4.00;1;1;202304;Apr;Sat;Night;Low;Tea;Brewed Chai tea;Morning Sunrise Chai Lg;Hell's Kitchen
2.00;1;1;202304;Apr;Sat;Night;Low;Coffee;Drip coffee;Our Old Time Diner Blend Sm;Hell's Kitchen
9.50;2;1;202304;Apr;Sat;Night;Low;Drinking Chocolate;Hot chocolate;Sustainably Grown Organic Lg;Hell's Kitchen
5.00;2;2;202304;Apr;Sat;Night;Low;Coffee;Gourmet brewed coffee;Columbian Medium Roast Rg;Lower Manhattan
9.00;3;2;202304;Apr;Sat;Night;Low;Tea;Brewed Black tea;English Breakfast Lg;Lower Manhattan
10.00;4;3;202304;Apr;Fri;Afternoon;Low;Tea;Brewed Chai tea;Traditional Blend Chai Rg;Hell's Kitchen
3.75;1;1;202304;Apr;Sat;Night;Low;Bakery;Pastry;Chocolate Croissant;Hell's Kitchen
3.50;1;1;202304;Apr;Sat;Night;Low;Drinking Chocolate;Hot chocolate;Dark chocolate Rg;Hell's Kitchen
8.50;2;1;202304;Apr;Sat;Night;Low;Coffee;Barista Espresso;Cappuccino Lg;Hell's Kitchen
3.00;1;1;202304;Apr;Sat;Night;Low;Coffee;Gourmet brewed coffee;Ethiopia Rg;Hell's Kitchen
3.25;1;1;202304;Apr;Sat;Night;Low;Bakery;Scone;Cranberry Scone;Hell's Kitchen
3.50;1;1;202304;Apr;Sat;Night;Low;Bakery;Pastry;Croissant;Lower Manhattan
7.50;2;1;202304;Apr;Sat;Night;Low;Drinking Chocolate;Hot chocolate;Sustainably Grown Organic Rg;Lower Manhattan
2.50;1;1;202304;Apr;Sat;Night;Low;Tea;Brewed herbal tea;Peppermint Rg;Hell's Kitchen
6.20;2;1;202304;Apr;Sat;Night;Low;Tea;Brewed Chai tea;Spicy Eye Opener Chai Lg;Hell's Kitchen
9.25;1;1;202304;Apr;Sat;Morning;Low;Loose Tea;Green tea;Serenity Green Tea;Lower Manhattan
18.00;1;1;202304;Apr;Sat;Morning;Low;Coffee beans;House blend Beans;Our Old Time Diner Blend;Lower Manhattan
22.50;1;1;202304;Apr;Sat;Morning;Med;Coffee beans;Organic Beans;Organic Decaf Blend;Lower Manhattan
10.00;1;1;202304;Apr;Sat;Morning;Low;Coffee beans;Green beans;Guatemalan Sustainably Grown;Lower Manhattan
19.75;1;1;202304;Apr;Sat;Morning;Low;Coffee beans;Premium Beans;Jamacian Coffee River;Hell's Kitchen
18.00;1;1;202304;Apr;Sat;Morning;Low;Coffee beans;Organic Beans;Brazilian - Organic;Hell's Kitchen
45.00;1;1;202304;Apr;Sat;Morning;High;Coffee beans;Premium Beans;Civet Cat;Lower Manhattan
9.50;1;1;202304;Apr;Sat;Afternoon;Low;Loose Tea;Chai tea;Morning Sunrise Chai;Lower Manhattan
25.00;10;6;202304;Apr;Sat;Afternoon;Med;Tea;Brewed Black tea;English Breakfast Rg;Lower Manhattan
13.33;1;1;202304;Apr;Sat;Afternoon;Low;Packaged Chocolate;Drinking Chocolate;Chili Mayan;Lower Manhattan
7.00;2;2;202304;Apr;Sat;Afternoon;Low;Bakery;Biscotti;Chocolate Chip Biscotti;Hell's Kitchen
9.00;2;2;202304;Apr;Sat;Afternoon;Low;Bakery;Scone;Scottish Cream Scone ;Astoria
1.60;2;1;202304;Apr;Sat;Evening;Low;Flavours;Regular syrup;Hazelnut syrup;Hell's Kitchen
8.95;1;1;202304;Apr;Sat;Evening;Low;Loose Tea;Black tea;English Breakfast;Hell's Kitchen
0.80;1;1;202304;Apr;Sat;Evening;Low;Flavours;Regular syrup;Chocolate syrup;Lower Manhattan
7.60;1;1;202304;Apr;Sat;Evening;Low;Packaged Chocolate;Organic Chocolate;Sustainably Grown Organic;Hell's Kitchen
1.60;2;1;202304;Apr;Sat;Evening;Low;Flavours;Regular syrup;Chocolate syrup;Hell's Kitchen
9.75;3;3;202304;Apr;Sat;Evening;Low;Bakery;Scone;Cranberry Scone;Hell's Kitchen
8.00;2;1;202304;Apr;Sun;Night;Low;Tea;Brewed Chai tea;Morning Sunrise Chai Lg;Lower Manhattan
6.00;3;2;202304;Apr;Sun;Night;Low;Coffee;Gourmet brewed coffee;Columbian Medium Roast Sm;Lower Manhattan
12.00;4;2;202304;Apr;Sun;Night;Low;Coffee;Gourmet brewed coffee;Ethiopia Rg;Lower Manhattan
4.50;1;1;202304;Apr;Sun;Night;Low;Bakery;Scone;Scottish Cream Scone ;Hell's Kitchen
5.10;2;1;202304;Apr;Sun;Night;Low;Tea;Brewed Chai tea;Spicy Eye Opener Chai Rg;Hell's Kitchen
7.00;2;2;202304;Apr;Sun;Night;Low;Bakery;Biscotti;Chocolate Chip Biscotti;Lower Manhattan
18.00;6;3;202304;Apr;Sun;Night;Low;Tea;Brewed herbal tea;Peppermint Lg;Lower Manhattan
3.00;1;1;202304;Apr;Sun;Night;Low;Coffee;Gourmet brewed coffee;Ethiopia Rg;Hell's Kitchen
6.60;3;2;202304;Apr;Sun;Night;Low;Coffee;Gourmet brewed coffee;Ethiopia Sm;Lower Manhattan
18.00;4;2;202304;Apr;Sun;Night;Low;Drinking Chocolate;Hot chocolate;Dark chocolate Lg;Lower Manhattan
8.95;1;1;202304;Apr;Sun;Night;Low;Loose Tea;Black tea;Earl Grey;Lower Manhattan
11.25;3;1;202304;Apr;Sun;Night;Low;Coffee;Barista Espresso;Cappuccino;Lower Manhattan
6.00;2;2;202304;Apr;Sun;Night;Low;Bakery;Scone;Oatmeal Scone;Hell's Kitchen
8.95;1;1;202304;Apr;Sun;Night;Low;Loose Tea;Chai tea;Traditional Blend Chai;Hell's Kitchen
7.50;2;1;202304;Apr;Sun;Night;Low;Coffee;Premium brewed coffee;Jamaican Coffee River Lg;Hell's Kitchen
15.00;5;2;202304;Apr;Sun;Night;Low;Tea;Brewed Black tea;English Breakfast Lg;Lower Manhattan
10.50;3;1;202304;Apr;Sun;Night;Low;Drinking Chocolate;Hot chocolate;Dark chocolate Rg;Lower Manhattan
5.00;2;1;202304;Apr;Sun;Night;Low;Tea;Brewed Chai tea;Traditional Blend Chai Rg;Hell's Kitchen
7.50;3;1;202304;Apr;Sun;Night;Low;Tea;Brewed Green tea;Serenity Green Tea Rg;Lower Manhattan
9.25;1;1;202304;Apr;Sun;Night;Low;Loose Tea;Green tea;Serenity Green Tea;Lower Manhattan
8.95;1;1;202304;Apr;Sun;Morning;Low;Loose Tea;Chai tea;Traditional Blend Chai;Lower Manhattan
11.20;14;9;202304;Apr;Sun;Morning;Low;Flavours;Sugar free syrup;Sugar Free Vanilla syrup;Lower Manhattan
7.60;1;1;202304;Apr;Sun;Morning;Low;Packaged Chocolate;Organic Chocolate;Sustainably Grown Organic;Lower Manhattan
15.00;1;1;202304;Apr;Sun;Morning;Low;Coffee beans;Gourmet Beans;Columbian Medium Roast;Hell's Kitchen
14.75;1;1;202304;Apr;Sun;Morning;Low;Coffee beans;Espresso Beans;Espresso Roast;Hell's Kitchen
39.50;2;2;202304;Apr;Sun;Morning;Med;Coffee beans;Premium Beans;Jamacian Coffee River;Hell's Kitchen
15.00;1;1;202304;Apr;Sun;Afternoon;Low;Coffee beans;Gourmet Beans;Columbian Medium Roast;Hell's Kitchen
2.40;3;3;202304;Apr;Sun;Afternoon;Low;Flavours;Regular syrup;Carmel syrup;Lower Manhattan
18.00;1;1;202304;Apr;Sun;Afternoon;Low;Coffee beans;Organic Beans;Brazilian - Organic;Lower Manhattan
8.80;4;3;202304;Apr;Sun;Afternoon;Low;Coffee;Gourmet brewed coffee;Ethiopia Sm;Astoria
18.00;1;1;202304;Apr;Sun;Afternoon;Low;Coffee beans;House blend Beans;Our Old Time Diner Blend;Hell's Kitchen
7.50;3;3;202304;Apr;Sun;Afternoon;Low;Tea;Brewed Black tea;Earl Grey Rg;Lower Manhattan
9.50;1;1;202304;Apr;Sun;Afternoon;Low;Loose Tea;Chai tea;Morning Sunrise Chai;Lower Manhattan
6.00;2;1;202304;Apr;Sun;Evening;Low;Tea;Brewed Black tea;Earl Grey Lg;Lower Manhattan
9.25;1;1;202304;Apr;Sun;Evening;Low;Loose Tea;Green tea;Serenity Green Tea;Lower Manhattan
10.00;4;3;202304;Apr;Sun;Evening;Low;Tea;Brewed Black tea;English Breakfast Rg;Hell's Kitchen
0.80;1;1;202304;Apr;Sun;Evening;Low;Flavours;Regular syrup;Chocolate syrup;Lower Manhattan
9.75;3;3;202304;Apr;Sun;Evening;Low;Bakery;Scone;Ginger Scone;Lower Manhattan
3.00;1;1;202304;Apr;Sun;Evening;Low;Bakery;Scone;Oatmeal Scone;Hell's Kitchen
7.50;2;1;202304;Apr;Mon;Night;Low;Coffee;Barista Espresso;Cappuccino;Lower Manhattan
2.45;1;1;202304;Apr;Mon;Night;Low;Coffee;Premium brewed coffee;Jamaican Coffee River Sm;Lower Manhattan
14.25;3;1;202304;Apr;Mon;Night;Low;Drinking Chocolate;Hot chocolate;Sustainably Grown Organic Lg;Lower Manhattan
28.00;1;1;202304;Apr;Mon;Night;Med;Branded;Clothing;I Need My Bean! T-shirt;Lower Manhattan
7.60;1;1;202304;Apr;Mon;Night;Low;Packaged Chocolate;Organic Chocolate;Sustainably Grown Organic;Lower Manhattan
3.00;1;1;202304;Apr;Mon;Night;Low;Coffee;Gourmet brewed coffee;Columbian Medium Roast Lg;Hell's Kitchen
2.50;1;1;202304;Apr;Mon;Night;Low;Coffee;Drip coffee;Our Old Time Diner Blend Rg;Hell's Kitchen
2.45;1;1;202304;Apr;Mon;Night;Low;Coffee;Premium brewed coffee;Jamaican Coffee River Sm;Hell's Kitchen
3.50;1;1;202304;Apr;Mon;Night;Low;Bakery;Biscotti;Ginger Biscotti;Lower Manhattan
2.50;1;1;202304;Apr;Mon;Night;Low;Tea;Brewed herbal tea;Peppermint Rg;Lower Manhattan
3.00;1;1;202304;Apr;Mon;Night;Low;Coffee;Barista Espresso;Espresso shot;Hell's Kitchen
7.50;2;2;202304;Apr;Mon;Morning;Low;Bakery;Scone;Jumbo Savory Scone;Astoria
8.95;1;1;202304;Apr;Mon;Morning;Low;Loose Tea;Herbal tea;Lemon Grass;Lower Manhattan
21.00;1;1;202304;Apr;Mon;Morning;Med;Coffee beans;Gourmet Beans;Ethiopia;Lower Manhattan
14.75;1;1;202304;Apr;Mon;Morning;Low;Coffee beans;Espresso Beans;Espresso Roast;Hell's Kitchen
10.00;1;1;202304;Apr;Mon;Morning;Low;Coffee beans;Green beans;Guatemalan Sustainably Grown;Hell's Kitchen
21.00;1;1;202304;Apr;Mon;Morning;Med;Coffee beans;Gourmet Beans;Ethiopia;Hell's Kitchen
8.95;1;1;202304;Apr;Mon;Morning;Low;Loose Tea;Herbal tea;Peppermint;Lower Manhattan
8.50;2;1;202304;Apr;Mon;Night;Low;Coffee;Barista Espresso;Cappuccino Lg;Astoria
8.95;1;1;202304;Apr;Mon;Afternoon;Low;Loose Tea;Black tea;Earl Grey;Lower Manhattan
11.25;3;2;202304;Apr;Mon;Afternoon;Low;Coffee;Barista Espresso;Cappuccino;Lower Manhattan
6.00;2;2;202304;Apr;Mon;Afternoon;Low;Tea;Brewed Black tea;Earl Grey Lg;Astoria
1.60;2;1;202304;Apr;Mon;Afternoon;Low;Flavours;Regular syrup;Chocolate syrup;Hell's Kitchen
15.00;1;1;202304;Apr;Mon;Evening;Low;Coffee beans;Gourmet Beans;Columbian Medium Roast;Hell's Kitchen
6.50;2;2;202304;Apr;Mon;Evening;Low;Bakery;Scone;Cranberry Scone;Lower Manhattan
9.25;1;1;202304;Apr;Mon;Evening;Low;Loose Tea;Green tea;Serenity Green Tea;Lower Manhattan
2.65;1;1;202304;Apr;Mon;Evening;Low;Bakery;Scone;Ginger Scone;Lower Manhattan
7.50;3;2;202304;Apr;Mon;Evening;Low;Tea;Brewed herbal tea;Peppermint Rg;Astoria
7.50;2;1;202304;Apr;Mon;Evening;Low;Coffee;Barista Espresso;Cappuccino;Lower Manhattan
9.25;1;1;202304;Apr;Mon;Evening;Low;Loose Tea;Green tea;Serenity Green Tea;Hell's Kitchen
9.00;3;1;202304;Apr;Tue;Night;Low;Coffee;Barista Espresso;Ouro Brasileiro shot;Lower Manhattan
3.75;1;1;202304;Apr;Tue;Night;Low;Bakery;Pastry;Chocolate Croissant;Hell's Kitchen
10.00;1;1;202304;Apr;Tue;Night;Low;Coffee beans;Green beans;Guatemalan Sustainably Grown;Lower Manhattan
6.00;2;1;202304;Apr;Tue;Night;Low;Tea;Brewed herbal tea;Lemon Grass Lg;Hell's Kitchen
3.50;1;1;202304;Apr;Tue;Night;Low;Drinking Chocolate;Hot chocolate;Dark chocolate Rg;Lower Manhattan
4.25;1;1;202304;Apr;Tue;Night;Low;Coffee;Barista Espresso;Latte Rg;Lower Manhattan
3.75;1;1;202304;Apr;Tue;Night;Low;Drinking Chocolate;Hot chocolate;Sustainably Grown Organic Rg;Hell's Kitchen
2.00;1;1;202304;Apr;Tue;Night;Low;Coffee;Drip coffee;Our Old Time Diner Blend Sm;Hell's Kitchen
3.00;1;1;202304;Apr;Tue;Night;Low;Tea;Brewed herbal tea;Peppermint Lg;Hell's Kitchen
9.25;1;1;202304;Apr;Tue;Morning;Low;Loose Tea;Green tea;Serenity Green Tea;Lower Manhattan
40.90;2;2;202304;Apr;Tue;Morning;very high;Coffee beans;Espresso Beans;Primo Espresso Roast;Lower Manhattan
56.00;2;2;202304;Apr;Tue;Morning;High;Branded;Clothing;I Need My Bean! T-shirt;Lower Manhattan
8.95;1;1;202304;Apr;Tue;Morning;Low;Loose Tea;Chai tea;Traditional Blend Chai;Hell's Kitchen
22.50;1;1;202304;Apr;Tue;Morning;Med;Coffee beans;Organic Beans;Organic Decaf Blend;Lower Manhattan
6.40;1;1;202304;Apr;Tue;Morning;Low;Packaged Chocolate;Drinking Chocolate;Dark chocolate;Lower Manhattan
15.00;1;1;202304;Apr;Tue;Morning;Low;Coffee beans;Gourmet Beans;Columbian Medium Roast;Hell's Kitchen
3.50;1;1;202304;Apr;Tue;Afternoon;Low;Bakery;Biscotti;Chocolate Chip Biscotti;Astoria
22.50;1;1;202304;Apr;Tue;Afternoon;Med;Coffee beans;Organic Beans;Organic Decaf Blend;Hell's Kitchen
14.00;4;4;202304;Apr;Tue;Afternoon;Low;Bakery;Pastry;Croissant;Astoria
3.00;1;1;202304;Apr;Tue;Afternoon;Low;Bakery;Scone;Oatmeal Scone;Astoria
6.50;2;2;202304;Apr;Tue;Afternoon;Low;Bakery;Scone;Ginger Scone;Astoria
17.50;5;3;202304;Apr;Tue;Afternoon;Low;Coffee;Organic brewed coffee;Brazilian Lg;Astoria
7.50;3;1;202304;Apr;Tue;Afternoon;Low;Tea;Brewed Green tea;Serenity Green Tea Rg;Lower Manhattan
21.00;1;1;202304;Apr;Tue;Afternoon;Med;Coffee beans;Gourmet Beans;Ethiopia;Hell's Kitchen
4.50;1;1;202304;Apr;Tue;Afternoon;Low;Bakery;Scone;Scottish Cream Scone ;Hell's Kitchen
9.25;1;1;202304;Apr;Tue;Afternoon;Low;Loose Tea;Green tea;Serenity Green Tea;Hell's Kitchen
3.25;1;1;202304;Apr;Tue;Afternoon;Low;Bakery;Scone;Ginger Scone;Hell's Kitchen
19.75;1;1;202304;Apr;Tue;Afternoon;Low;Coffee beans;Premium Beans;Jamacian Coffee River;Hell's Kitchen
3.00;1;1;202304;Apr;Tue;Night;Low;Tea;Brewed Chai tea;Traditional Blend Chai Lg;Astoria
9.00;3;1;202304;Apr;Tue;Evening;Low;Tea;Brewed herbal tea;Lemon Grass Lg;Lower Manhattan
4.50;1;1;202304;Apr;Tue;Evening;Low;Bakery;Scone;Scottish Cream Scone ;Hell's Kitchen
14.25;3;2;202304;Apr;Tue;Evening;Low;Drinking Chocolate;Hot chocolate;Sustainably Grown Organic Lg;Lower Manhattan
6.00;2;1;202304;Apr;Tue;Evening;Low;Tea;Brewed Green tea;Serenity Green Tea Lg;Lower Manhattan
0.80;1;1;202304;Apr;Tue;Evening;Low;Flavours;Regular syrup;Carmel syrup;Lower Manhattan
8.95;1;1;202304;Apr;Tue;Evening;Low;Loose Tea;Black tea;English Breakfast;Hell's Kitchen
3.00;1;1;202304;Apr;Wed;Night;Low;Coffee;Barista Espresso;Ouro Brasileiro shot;Lower Manhattan
5.00;2;1;202304;Apr;Wed;Night;Low;Tea;Brewed Chai tea;Traditional Blend Chai Rg;Lower Manhattan
3.00;1;1;202304;Apr;Wed;Night;Low;Coffee;Gourmet brewed coffee;Ethiopia Rg;Hell's Kitchen
8.50;2;2;202304;Apr;Wed;Night;Low;Coffee;Barista Espresso;Latte Rg;Hell's Kitchen
4.00;1;1;202304;Apr;Wed;Night;Low;Tea;Brewed Chai tea;Morning Sunrise Chai Lg;Hell's Kitchen
21.00;6;2;202304;Apr;Wed;Night;Med;Coffee;Gourmet brewed coffee;Ethiopia Lg;Lower Manhattan
7.50;2;1;202304;Apr;Wed;Night;Low;Drinking Chocolate;Hot chocolate;Sustainably Grown Organic Rg;Lower Manhattan
12.75;3;1;202304;Apr;Wed;Night;Low;Coffee;Barista Espresso;Cappuccino Lg;Lower Manhattan
22.50;1;1;202304;Apr;Wed;Night;Med;Coffee beans;Organic Beans;Organic Decaf Blend;Lower Manhattan
9.50;1;1;202304;Apr;Wed;Night;Low;Loose Tea;Chai tea;Morning Sunrise Chai;Lower Manhattan
3.25;1;1;202304;Apr;Wed;Night;Low;Bakery;Scone;Cranberry Scone;Hell's Kitchen
3.25;1;1;202304;Apr;Wed;Night;Low;Bakery;Scone;Ginger Scone;Hell's Kitchen
3.00;1;1;202304;Apr;Wed;Night;Low;Coffee;Barista Espresso;Espresso shot;Hell's Kitchen
7.00;2;1;202304;Apr;Wed;Night;Low;Coffee;Gourmet brewed coffee;Ethiopia Lg;Hell's Kitchen
7.50;3;1;202304;Apr;Wed;Night;Low;Tea;Brewed Green tea;Serenity Green Tea Rg;Lower Manhattan
14.00;1;1;202304;Apr;Wed;Night;Low;Branded;Housewares;I Need My Bean! Latte cup;Lower Manhattan
28.50;6;4;202304;Apr;Wed;Morning;Med;Drinking Chocolate;Hot chocolate;Sustainably Grown Organic Lg;Astoria
20.45;1;1;202304;Apr;Wed;Morning;very high;Coffee beans;Espresso Beans;Primo Espresso Roast;Hell's Kitchen
19.75;1;1;202304;Apr;Wed;Morning;Low;Coffee beans;Premium Beans;Jamacian Coffee River;Hell's Kitchen
9.50;1;1;202304;Apr;Wed;Morning;Low;Loose Tea;Chai tea;Morning Sunrise Chai;Lower Manhattan
8.95;1;1;202304;Apr;Wed;Morning;Low;Loose Tea;Chai tea;Traditional Blend Chai;Hell's Kitchen
21.00;1;1;202304;Apr;Wed;Morning;Med;Coffee beans;Gourmet Beans;Ethiopia;Lower Manhattan
7.50;2;2;202304;Apr;Wed;Afternoon;Low;Bakery;Pastry;Almond Croissant;Hell's Kitchen
28.00;1;1;202304;Apr;Wed;Afternoon;Med;Branded;Clothing;I Need My Bean! T-shirt;Lower Manhattan
18.00;1;1;202304;Apr;Wed;Afternoon;Low;Coffee beans;House blend Beans;Our Old Time Diner Blend;Lower Manhattan
10.00;1;1;202304;Apr;Wed;Afternoon;Low;Coffee beans;Green beans;Guatemalan Sustainably Grown;Hell's Kitchen
3.00;1;1;202304;Apr;Wed;Afternoon;Low;Bakery;Scone;Oatmeal Scone;Lower Manhattan
18.00;1;1;202304;Apr;Wed;Afternoon;Low;Coffee beans;House blend Beans;Our Old Time Diner Blend;Hell's Kitchen
3.50;1;1;202304;Apr;Wed;Afternoon;Low;Bakery;Biscotti;Ginger Biscotti;Lower Manhattan
19.75;1;1;202304;Apr;Wed;Night;Low;Coffee beans;Premium Beans;Jamacian Coffee River;Lower Manhattan
6.00;2;2;202304;Apr;Wed;Evening;Low;Bakery;Scone;Oatmeal Scone;Lower Manhattan
15.00;1;1;202304;Apr;Wed;Evening;Low;Coffee beans;Gourmet Beans;Columbian Medium Roast;Lower Manhattan
3.50;1;1;202304;Apr;Wed;Evening;Low;Bakery;Biscotti;Ginger Biscotti;Lower Manhattan
1.60;2;1;202304;Apr;Wed;Evening;Low;Flavours;Regular syrup;Hazelnut syrup;Hell's Kitchen
15.00;1;1;202304;Apr;Thu;Morning;Low;Coffee beans;Gourmet Beans;Columbian Medium Roast;Hell's Kitchen
21.00;1;1;202304;Apr;Thu;Morning;Med;Coffee beans;Gourmet Beans;Ethiopia;Lower Manhattan
8.95;1;1;202304;Apr;Tue;Night;Low;Loose Tea;Black tea;English Breakfast;Lower Manhattan
6.40;8;4;202304;Apr;Thu;Afternoon;Low;Flavours;Sugar free syrup;Sugar Free Vanilla syrup;Hell's Kitchen
30.00;10;4;202304;Apr;Thu;Afternoon;Med;Tea;Brewed Green tea;Serenity Green Tea Lg;Lower Manhattan
24.00;2;2;202304;Apr;Thu;Afternoon;Med;Branded;Housewares;I Need My Bean! Diner mug;Lower Manhattan
8.95;1;1;202304;Apr;Thu;Afternoon;Low;Loose Tea;Chai tea;Traditional Blend Chai;Lower Manhattan
6.40;1;1;202304;Apr;Thu;Afternoon;Low;Packaged Chocolate;Drinking Chocolate;Dark chocolate;Lower Manhattan
0.80;1;1;202304;Apr;Thu;Afternoon;Low;Flavours;Sugar free syrup;Sugar Free Vanilla syrup;Lower Manhattan
2.50;1;1;202304;Apr;Thu;Night;Low;Coffee;Drip coffee;Our Old Time Diner Blend Rg;Hell's Kitchen
6.00;2;1;202304;Apr;Thu;Night;Low;Tea;Brewed Green tea;Serenity Green Tea Lg;Astoria
3.50;1;1;202304;Apr;Thu;Night;Low;Drinking Chocolate;Hot chocolate;Dark chocolate Rg;Hell's Kitchen
6.40;1;1;202304;Apr;Thu;Evening;Low;Packaged Chocolate;Drinking Chocolate;Dark chocolate;Lower Manhattan
3.25;1;1;202304;Apr;Thu;Evening;Low;Bakery;Scone;Ginger Scone;Lower Manhattan
4.75;1;1;202304;Apr;Thu;Evening;Low;Drinking Chocolate;Hot chocolate;Sustainably Grown Organic Lg;Lower Manhattan
3.50;1;1;202304;Apr;Thu;Evening;Low;Bakery;Pastry;Croissant;Lower Manhattan
9.25;1;1;202304;Apr;Thu;Evening;Low;Loose Tea;Green tea;Serenity Green Tea;Lower Manhattan
1.60;2;1;202304;Apr;Thu;Evening;Low;Flavours;Regular syrup;Carmel syrup;Lower Manhattan
12.00;4;2;202304;Apr;Thu;Evening;Low;Coffee;Barista Espresso;Espresso shot;Astoria
6.00;2;1;202304;Apr;Thu;Evening;Low;Tea;Brewed Black tea;Earl Grey Lg;Astoria
3.75;1;1;202304;Apr;Thu;Evening;Low;Bakery;Pastry;Almond Croissant;Hell's Kitchen
15.00;4;4;202304;Apr;Fri;Afternoon;Low;Bakery;Scone;Jumbo Savory Scone;Astoria
24.00;8;5;202304;Apr;Fri;Afternoon;Med;Coffee;Barista Espresso;Espresso shot;Lower Manhattan
14.00;4;3;202304;Apr;Fri;Afternoon;Low;Coffee;Gourmet brewed coffee;Ethiopia Lg;Astoria
10.00;4;3;202304;Apr;Fri;Afternoon;Low;Tea;Brewed Black tea;English Breakfast Rg;Lower Manhattan
8.00;2;1;202304;Apr;Fri;Afternoon;Low;Tea;Brewed Chai tea;Morning Sunrise Chai Lg;Lower Manhattan
18.00;6;5;202304;Apr;Fri;Afternoon;Low;Tea;Brewed herbal tea;Peppermint Lg;Astoria
9.00;3;2;202304;Apr;Fri;Afternoon;Low;Coffee;Barista Espresso;Espresso shot;Hell's Kitchen
12.75;3;2;202304;Apr;Fri;Afternoon;Low;Coffee;Barista Espresso;Cappuccino Lg;Astoria
15.00;5;3;202304;Apr;Fri;Afternoon;Low;Tea;Brewed Chai tea;Traditional Blend Chai Lg;Lower Manhattan
3.00;1;1;202304;Apr;Fri;Afternoon;Low;Tea;Brewed Black tea;Earl Grey Lg;Lower Manhattan
2.50;1;1;202304;Apr;Fri;Afternoon;Low;Tea;Brewed Black tea;Earl Grey Rg;Lower Manhattan
3.00;1;1;202304;Apr;Fri;Afternoon;Low;Tea;Brewed Black tea;Earl Grey Lg;Astoria
10.20;4;2;202304;Apr;Fri;Afternoon;Low;Tea;Brewed Chai tea;Spicy Eye Opener Chai Rg;Lower Manhattan
6.20;2;1;202304;Apr;Fri;Afternoon;Low;Coffee;Premium brewed coffee;Jamaican Coffee River Rg;Hell's Kitchen
15.00;5;4;202304;Apr;Fri;Evening;Low;Tea;Brewed Green tea;Serenity Green Tea Lg;Lower Manhattan
6.20;2;2;202304;Apr;Fri;Evening;Low;Tea;Brewed Chai tea;Spicy Eye Opener Chai Lg;Lower Manhattan
11.25;3;3;202304;Apr;Fri;Evening;Low;Bakery;Scone;Jumbo Savory Scone;Lower Manhattan
12.00;4;3;202304;Apr;Fri;Evening;Low;Coffee;Gourmet brewed coffee;Columbian Medium Roast Lg;Hell's Kitchen
12.75;5;3;202304;Apr;Fri;Evening;Low;Tea;Brewed Chai tea;Spicy Eye Opener Chai Rg;Astoria
9.00;3;2;202304;Apr;Fri;Evening;Low;Tea;Brewed Chai tea;Traditional Blend Chai Lg;Lower Manhattan
4.00;2;1;202304;Apr;Fri;Evening;Low;Coffee;Drip coffee;Our Old Time Diner Blend Sm;Lower Manhattan
3.75;1;1;202304;Apr;Fri;Evening;Low;Bakery;Pastry;Almond Croissant;Lower Manhattan
12.00;4;2;202304;Apr;Fri;Evening;Low;Coffee;Drip coffee;Our Old Time Diner Blend Lg;Lower Manhattan
11.25;3;2;202304;Apr;Fri;Evening;Low;Coffee;Barista Espresso;Cappuccino;Hell's Kitchen
3.50;1;1;202304;Apr;Fri;Evening;Low;Bakery;Biscotti;Chocolate Chip Biscotti;Lower Manhattan
8.55;3;2;202304;Apr;Fri;Evening;Low;Bakery;Scone;Ginger Scone;Lower Manhattan
12.00;4;3;202304;Apr;Fri;Evening;Low;Tea;Brewed Black tea;Earl Grey Lg;Lower Manhattan
7.50;2;1;202304;Apr;Fri;Evening;Low;Coffee;Barista Espresso;Cappuccino;Lower Manhattan
6.00;3;2;202304;Apr;Fri;Evening;Low;Coffee;Drip coffee;Our Old Time Diner Blend Sm;Astoria
5.00;2;1;202304;Apr;Fri;Evening;Low;Tea;Brewed Green tea;Serenity Green Tea Rg;Lower Manhattan
5.00;2;1;202304;Apr;Fri;Evening;Low;Tea;Brewed herbal tea;Peppermint Rg;Lower Manhattan
3.50;1;1;202304;Apr;Fri;Evening;Low;Bakery;Biscotti;Chocolate Chip Biscotti;Astoria
3.25;1;1;202304;Apr;Fri;Evening;Low;Bakery;Scone;Cranberry Scone;Astoria
3.75;1;1;202304;Apr;Sat;Afternoon;Low;Bakery;Scone;Jumbo Savory Scone;Hell's Kitchen
12.75;3;2;202304;Apr;Sat;Afternoon;Low;Coffee;Barista Espresso;Cappuccino Lg;Hell's Kitchen
5.00;2;1;202304;Apr;Sat;Afternoon;Low;Tea;Brewed herbal tea;Peppermint Rg;Hell's Kitchen
3.50;1;1;202304;Apr;Sat;Night;Low;Bakery;Biscotti;Ginger Biscotti;Lower Manhattan
17.50;5;3;202304;Apr;Sat;Evening;Low;Drinking Chocolate;Hot chocolate;Dark chocolate Rg;Lower Manhattan
4.20;2;1;202304;Apr;Sat;Evening;Low;Coffee;Barista Espresso;Ouro Brasileiro shot;Lower Manhattan
2.50;1;1;202304;Apr;Sun;Night;Low;Tea;Brewed herbal tea;Lemon Grass Rg;Lower Manhattan
3.75;1;1;202304;Apr;Sun;Night;Low;Bakery;Pastry;Almond Croissant;Lower Manhattan
9.00;3;2;202304;Apr;Sun;Night;Low;Tea;Brewed Green tea;Serenity Green Tea Lg;Lower Manhattan
6.00;2;1;202304;Apr;Sun;Night;Low;Coffee;Barista Espresso;Ouro Brasileiro shot;Lower Manhattan
6.20;2;1;202304;Apr;Sun;Night;Low;Tea;Brewed Chai tea;Spicy Eye Opener Chai Lg;Hell's Kitchen
3.25;1;1;202304;Apr;Sun;Night;Low;Bakery;Scone;Ginger Scone;Hell's Kitchen
3.50;1;1;202304;Apr;Sun;Night;Low;Coffee;Gourmet brewed coffee;Ethiopia Lg;Hell's Kitchen
3.25;1;1;202304;Apr;Sun;Night;Low;Bakery;Scone;Cranberry Scone;Hell's Kitchen
3.00;1;1;202304;Apr;Sun;Night;Low;Tea;Brewed Chai tea;Traditional Blend Chai Lg;Lower Manhattan
3.75;1;1;202304;Apr;Sun;Night;Low;Bakery;Scone;Jumbo Savory Scone;Lower Manhattan
3.10;1;1;202304;Apr;Sun;Night;Low;Tea;Brewed Chai tea;Spicy Eye Opener Chai Lg;Lower Manhattan
4.50;1;1;202304;Apr;Sun;Night;Low;Bakery;Scone;Scottish Cream Scone ;Lower Manhattan
10.95;1;1;202304;Apr;Sun;Morning;Low;Loose Tea;Chai tea;Spicy Eye Opener Chai;Lower Manhattan
8.95;1;1;202304;Apr;Sun;Morning;Low;Loose Tea;Black tea;Earl Grey;Hell's Kitchen
9.25;1;1;202304;Apr;Sun;Morning;Low;Loose Tea;Green tea;Serenity Green Tea;Astoria
21.00;1;1;202304;Apr;Sun;Morning;Med;Coffee beans;Gourmet Beans;Ethiopia;Lower Manhattan
3.20;4;2;202304;Apr;Sun;Afternoon;Low;Flavours;Regular syrup;Chocolate syrup;Astoria
0.80;1;1;202304;Apr;Sun;Afternoon;Low;Flavours;Regular syrup;Carmel syrup;Hell's Kitchen
8.95;1;1;202304;Apr;Sun;Afternoon;Low;Loose Tea;Chai tea;Traditional Blend Chai;Hell's Kitchen
1.60;2;1;202304;Apr;Sun;Evening;Low;Flavours;Regular syrup;Hazelnut syrup;Lower Manhattan
7.60;1;1;202304;Apr;Sun;Evening;Low;Packaged Chocolate;Organic Chocolate;Sustainably Grown Organic;Hell's Kitchen
1.60;2;1;202304;Apr;Sun;Evening;Low;Flavours;Regular syrup;Chocolate syrup;Hell's Kitchen
45.00;1;1;202304;Apr;Sun;Evening;High;Coffee beans;Premium Beans;Civet Cat;Astoria
0.80;1;1;202304;Apr;Sun;Evening;Low;Flavours;Regular syrup;Carmel syrup;Astoria
20.45;1;1;202304;Apr;Sun;Evening;very high;Coffee beans;Espresso Beans;Primo Espresso Roast;Astoria
87.00;29;16;202305;May;Mon;Morning;very high;Coffee;Gourmet brewed coffee;Columbian Medium Roast Lg;Lower Manhattan
76.00;38;24;202305;May;Mon;Morning;very high;Coffee;Drip coffee;Our Old Time Diner Blend Sm;Lower Manhattan
69.00;23;15;202305;May;Mon;Morning;very high;Coffee;Barista Espresso;Espresso shot;Lower Manhattan
112.50;25;18;202305;May;Mon;Morning;very high;Drinking Chocolate;Hot chocolate;Dark chocolate Lg;Lower Manhattan
199.50;42;26;202305;May;Mon;Morning;very high;Drinking Chocolate;Hot chocolate;Sustainably Grown Organic Lg;Lower Manhattan
71.30;23;13;202305;May;Mon;Morning;very high;Tea;Brewed Chai tea;Spicy Eye Opener Chai Lg;Lower Manhattan
96.00;32;19;202305;May;Mon;Morning;very high;Tea;Brewed herbal tea;Peppermint Lg;Lower Manhattan
165.75;39;26;202305;May;Mon;Morning;very high;Coffee;Barista Espresso;Latte Rg;Lower Manhattan
57.00;19;19;202305;May;Mon;Morning;High;Bakery;Scone;Oatmeal Scone;Lower Manhattan
82.50;33;18;202305;May;Mon;Morning;very high;Tea;Brewed Chai tea;Morning Sunrise Chai Rg;Lower Manhattan
90.00;36;20;202305;May;Mon;Morning;very high;Tea;Brewed Black tea;Earl Grey Rg;Lower Manhattan
96.00;32;16;202305;May;Mon;Morning;very high;Tea;Brewed Chai tea;Traditional Blend Chai Lg;Lower Manhattan
79.05;31;17;202305;May;Mon;Morning;very high;Tea;Brewed Chai tea;Spicy Eye Opener Chai Rg;Lower Manhattan
35.00;10;10;202305;May;Mon;Morning;Med;Bakery;Biscotti;Ginger Biscotti;Lower Manhattan
90.00;30;17;202305;May;Mon;Morning;very high;Tea;Brewed Green tea;Serenity Green Tea Lg;Lower Manhattan
42.00;14;11;202305;May;Mon;Morning;High;Coffee;Gourmet brewed coffee;Ethiopia Rg;Lower Manhattan
86.25;23;23;202305;May;Mon;Morning;very high;Bakery;Pastry;Chocolate Croissant;Lower Manhattan
62.00;31;18;202305;May;Mon;Morning;very high;Coffee;Gourmet brewed coffee;Columbian Medium Roast Sm;Lower Manhattan
78.40;32;19;202305;May;Mon;Morning;very high;Coffee;Premium brewed coffee;Jamaican Coffee River Sm;Lower Manhattan
99.00;33;22;202305;May;Mon;Morning;very high;Coffee;Drip coffee;Our Old Time Diner Blend Lg;Lower Manhattan
79.35;27;20;202305;May;Mon;Morning;very high;Bakery;Scone;Ginger Scone;Lower Manhattan
94.50;27;15;202305;May;Mon;Morning;very high;Drinking Chocolate;Hot chocolate;Dark chocolate Rg;Lower Manhattan
55.00;25;16;202305;May;Mon;Morning;High;Coffee;Organic brewed coffee;Brazilian Sm;Lower Manhattan
74.40;29;17;202305;May;Mon;Morning;very high;Coffee;Barista Espresso;Ouro Brasileiro shot;Lower Manhattan
75.00;25;18;202305;May;Mon;Morning;very high;Coffee;Organic brewed coffee;Brazilian Rg;Lower Manhattan
102.00;24;16;202305;May;Mon;Morning;very high;Coffee;Barista Espresso;Cappuccino Lg;Lower Manhattan
97.50;39;24;202305;May;Mon;Morning;very high;Tea;Brewed herbal tea;Lemon Grass Rg;Hell's Kitchen
87.00;29;19;202305;May;Mon;Morning;very high;Tea;Brewed herbal tea;Peppermint Lg;Hell's Kitchen
90.00;20;14;202305;May;Mon;Morning;very high;Drinking Chocolate;Hot chocolate;Dark chocolate Lg;Hell's Kitchen
78.00;26;18;202305;May;Mon;Morning;very high;Tea;Brewed herbal tea;Lemon Grass Lg;Lower Manhattan
44.00;20;12;202305;May;Mon;Morning;High;Coffee;Gourmet brewed coffee;Ethiopia Sm;Lower Manhattan
28.00;14;10;202305;May;Mon;Morning;Med;Coffee;Gourmet brewed coffee;Columbian Medium Roast Sm;Hell's Kitchen
112.00;32;21;202305;May;Mon;Morning;very high;Coffee;Gourmet brewed coffee;Ethiopia Lg;Hell's Kitchen
45.00;15;11;202305;May;Mon;Morning;High;Coffee;Drip coffee;Our Old Time Diner Blend Lg;Hell's Kitchen
99.00;33;19;202305;May;Mon;Morning;very high;Tea;Brewed Black tea;Earl Grey Lg;Lower Manhattan
116.25;31;19;202305;May;Mon;Morning;very high;Coffee;Barista Espresso;Cappuccino;Hell's Kitchen
35.75;11;11;202305;May;Mon;Morning;Med;Bakery;Biscotti;Hazelnut Biscotti;Lower Manhattan
84.00;28;16;202305;May;Mon;Morning;very high;Coffee;Gourmet brewed coffee;Columbian Medium Roast Lg;Hell's Kitchen
37.50;15;11;202305;May;Mon;Morning;Med;Tea;Brewed herbal tea;Peppermint Rg;Hell's Kitchen
52.50;15;15;202305;May;Mon;Morning;High;Bakery;Biscotti;Ginger Biscotti;Hell's Kitchen
61.20;24;16;202305;May;Mon;Morning;very high;Tea;Brewed Chai tea;Spicy Eye Opener Chai Rg;Hell's Kitchen
142.50;30;20;202305;May;Mon;Morning;very high;Drinking Chocolate;Hot chocolate;Sustainably Grown Organic Lg;Hell's Kitchen
49.00;14;14;202305;May;Mon;Morning;High;Bakery;Biscotti;Chocolate Chip Biscotti;Lower Manhattan
42.00;21;16;202305;May;Mon;Morning;High;Coffee;Drip coffee;Our Old Time Diner Blend Sm;Hell's Kitchen
114.75;27;17;202305;May;Mon;Morning;very high;Coffee;Barista Espresso;Latte Rg;Hell's Kitchen
52.50;15;15;202305;May;Mon;Morning;High;Bakery;Pastry;Croissant;Hell's Kitchen
45.00;18;15;202305;May;Mon;Morning;High;Tea;Brewed Chai tea;Morning Sunrise Chai Rg;Hell's Kitchen
63.00;21;13;202305;May;Mon;Morning;very high;Tea;Brewed Chai tea;Traditional Blend Chai Lg;Hell's Kitchen
60.00;24;14;202305;May;Mon;Morning;High;Coffee;Drip coffee;Our Old Time Diner Blend Rg;Lower Manhattan
112.50;30;19;202305;May;Mon;Morning;very high;Coffee;Barista Espresso;Latte;Hell's Kitchen
122.50;35;19;202305;May;Mon;Morning;very high;Coffee;Organic brewed coffee;Brazilian Lg;Lower Manhattan
161.25;43;28;202305;May;Mon;Morning;very high;Coffee;Premium brewed coffee;Jamaican Coffee River Lg;Lower Manhattan
35.00;14;10;202305;May;Mon;Morning;Med;Coffee;Gourmet brewed coffee;Columbian Medium Roast Rg;Lower Manhattan
45.00;18;13;202305;May;Mon;Morning;High;Tea;Brewed herbal tea;Peppermint Rg;Lower Manhattan
54.00;18;12;202305;May;Mon;Morning;High;Tea;Brewed Green tea;Serenity Green Tea Lg;Hell's Kitchen
58.90;19;13;202305;May;Mon;Morning;High;Coffee;Premium brewed coffee;Jamaican Coffee River Rg;Hell's Kitchen
53.90;22;13;202305;May;Mon;Morning;High;Coffee;Premium brewed coffee;Jamaican Coffee River Sm;Hell's Kitchen
92.00;23;12;202305;May;Mon;Morning;very high;Tea;Brewed Chai tea;Morning Sunrise Chai Lg;Lower Manhattan
80.00;32;20;202305;May;Mon;Morning;very high;Tea;Brewed Black tea;Earl Grey Rg;Hell's Kitchen
97.50;26;17;202305;May;Mon;Morning;very high;Drinking Chocolate;Hot chocolate;Sustainably Grown Organic Rg;Lower Manhattan
54.00;12;12;202305;May;Mon;Morning;High;Bakery;Scone;Scottish Cream Scone ;Lower Manhattan
131.25;35;26;202305;May;Mon;Morning;very high;Coffee;Barista Espresso;Latte;Lower Manhattan
62.50;25;17;202305;May;Mon;Morning;very high;Coffee;Drip coffee;Our Old Time Diner Blend Rg;Hell's Kitchen
50.00;20;15;202305;May;Mon;Morning;High;Tea;Brewed Green tea;Serenity Green Tea Rg;Hell's Kitchen
60.00;20;12;202305;May;Mon;Morning;High;Coffee;Gourmet brewed coffee;Ethiopia Rg;Hell's Kitchen
67.50;18;11;202305;May;Mon;Morning;very high;Coffee;Premium brewed coffee;Jamaican Coffee River Lg;Hell's Kitchen
42.00;14;9;202305;May;Mon;Morning;High;Coffee;Organic brewed coffee;Brazilian Rg;Hell's Kitchen
58.90;19;13;202305;May;Mon;Morning;High;Tea;Brewed Chai tea;Spicy Eye Opener Chai Lg;Hell's Kitchen
77.50;31;21;202305;May;Mon;Morning;very high;Coffee;Gourmet brewed coffee;Columbian Medium Roast Rg;Hell's Kitchen
29.25;9;9;202305;May;Mon;Morning;Med;Bakery;Scone;Cranberry Scone;Lower Manhattan
73.50;21;12;202305;May;Mon;Morning;very high;Drinking Chocolate;Hot chocolate;Dark chocolate Rg;Hell's Kitchen
68.20;31;18;202305;May;Mon;Morning;very high;Coffee;Organic brewed coffee;Brazilian Sm;Hell's Kitchen
81.00;27;19;202305;May;Mon;Morning;very high;Tea;Brewed Black tea;English Breakfast Lg;Hell's Kitchen
84.00;24;18;202305;May;Mon;Morning;very high;Coffee;Organic brewed coffee;Brazilian Lg;Hell's Kitchen
97.50;26;26;202305;May;Mon;Morning;very high;Bakery;Pastry;Chocolate Croissant;Hell's Kitchen
85.00;34;22;202305;May;Mon;Morning;very high;Tea;Brewed Green tea;Serenity Green Tea Rg;Lower Manhattan
102.00;24;14;202305;May;Mon;Morning;very high;Coffee;Barista Espresso;Cappuccino Lg;Hell's Kitchen
48.75;13;8;202305;May;Mon;Morning;High;Coffee;Barista Espresso;Cappuccino;Lower Manhattan
40.00;16;10;202305;May;Mon;Morning;Med;Tea;Brewed Black tea;English Breakfast Rg;Hell's Kitchen
92.00;23;15;202305;May;Mon;Morning;very high;Tea;Brewed Chai tea;Morning Sunrise Chai Lg;Hell's Kitchen
30.00;10;10;202305;May;Mon;Morning;Med;Bakery;Scone;Oatmeal Scone;Hell's Kitchen
63.75;17;17;202305;May;Mon;Morning;very high;Bakery;Scone;Jumbo Savory Scone;Lower Manhattan
102.30;33;20;202305;May;Mon;Morning;very high;Coffee;Premium brewed coffee;Jamaican Coffee River Rg;Lower Manhattan
60.00;24;12;202305;May;Mon;Morning;High;Tea;Brewed Black tea;English Breakfast Rg;Lower Manhattan
75.00;20;15;202305;May;Mon;Morning;very high;Drinking Chocolate;Hot chocolate;Sustainably Grown Organic Rg;Hell's Kitchen
32.50;10;10;202305;May;Mon;Morning;Med;Bakery;Biscotti;Hazelnut Biscotti;Hell's Kitchen
84.00;28;19;202305;May;Mon;Morning;very high;Tea;Brewed Black tea;Earl Grey Lg;Hell's Kitchen
63.75;17;17;202305;May;Mon;Morning;very high;Bakery;Pastry;Almond Croissant;Hell's Kitchen
18.75;5;5;202305;May;Mon;Morning;Low;Bakery;Pastry;Almond Croissant;Lower Manhattan
54.00;27;18;202305;May;Mon;Morning;High;Coffee;Drip coffee;Our Old Time Diner Blend Sm;Astoria
84.00;21;14;202305;May;Mon;Morning;very high;Tea;Brewed Chai tea;Morning Sunrise Chai Lg;Astoria
50.60;23;13;202305;May;Mon;Morning;High;Coffee;Gourmet brewed coffee;Ethiopia Sm;Astoria
157.50;35;24;202305;May;Mon;Morning;very high;Drinking Chocolate;Hot chocolate;Dark chocolate Lg;Astoria
57.00;19;13;202305;May;Mon;Morning;High;Tea;Brewed Green tea;Serenity Green Tea Lg;Astoria
45.00;12;12;202305;May;Mon;Morning;High;Bakery;Scone;Jumbo Savory Scone;Astoria
52.50;21;17;202305;May;Mon;Morning;High;Tea;Brewed Green tea;Serenity Green Tea Rg;Astoria
51.00;17;12;202305;May;Mon;Morning;High;Tea;Brewed herbal tea;Lemon Grass Lg;Astoria
87.50;35;23;202305;May;Mon;Morning;very high;Tea;Brewed Chai tea;Traditional Blend Chai Rg;Astoria
60.00;24;15;202305;May;Mon;Morning;High;Tea;Brewed herbal tea;Lemon Grass Rg;Astoria
63.00;14;12;202305;May;Mon;Morning;very high;Bakery;Scone;Scottish Cream Scone ;Astoria
57.50;23;15;202305;May;Mon;Morning;High;Tea;Brewed Chai tea;Morning Sunrise Chai Rg;Astoria
84.00;28;20;202305;May;Mon;Morning;very high;Tea;Brewed herbal tea;Peppermint Lg;Astoria
71.25;19;12;202305;May;Mon;Morning;very high;Drinking Chocolate;Hot chocolate;Sustainably Grown Organic Rg;Astoria
21.00;6;6;202305;May;Mon;Morning;Med;Bakery;Biscotti;Chocolate Chip Biscotti;Hell's Kitchen
57.00;19;14;202305;May;Mon;Morning;High;Tea;Brewed Black tea;English Breakfast Lg;Astoria
108.50;31;20;202305;May;Mon;Morning;very high;Coffee;Gourmet brewed coffee;Ethiopia Lg;Lower Manhattan
66.50;19;12;202305;May;Mon;Morning;very high;Coffee;Gourmet brewed coffee;Ethiopia Lg;Astoria
75.00;25;16;202305;May;Mon;Morning;very high;Coffee;Gourmet brewed coffee;Ethiopia Rg;Astoria
60.00;20;14;202305;May;Mon;Morning;High;Coffee;Gourmet brewed coffee;Columbian Medium Roast Lg;Astoria
38.50;11;11;202305;May;Mon;Morning;Med;Bakery;Pastry;Croissant;Lower Manhattan
21.00;6;5;202305;May;Mon;Morning;Med;Bakery;Biscotti;Ginger Biscotti;Astoria
99.75;21;14;202305;May;Mon;Morning;very high;Drinking Chocolate;Hot chocolate;Sustainably Grown Organic Lg;Astoria
80.60;26;16;202305;May;Mon;Morning;very high;Tea;Brewed Chai tea;Spicy Eye Opener Chai Lg;Astoria
82.50;22;14;202305;May;Mon;Morning;very high;Coffee;Barista Espresso;Cappuccino;Astoria
84.00;24;16;202305;May;Mon;Morning;very high;Drinking Chocolate;Hot chocolate;Dark chocolate Rg;Astoria
86.70;34;21;202305;May;Mon;Morning;very high;Tea;Brewed Chai tea;Spicy Eye Opener Chai Rg;Astoria
72.00;24;15;202305;May;Mon;Morning;very high;Tea;Brewed Black tea;Earl Grey Lg;Astoria
93.75;25;20;202305;May;Mon;Morning;very high;Coffee;Barista Espresso;Latte;Astoria
48.75;15;15;202305;May;Mon;Morning;High;Bakery;Scone;Ginger Scone;Hell's Kitchen
42.00;14;8;202305;May;Mon;Morning;High;Coffee;Organic brewed coffee;Brazilian Rg;Astoria
97.50;26;18;202305;May;Mon;Morning;very high;Coffee;Premium brewed coffee;Jamaican Coffee River Lg;Astoria
51.00;17;13;202305;May;Mon;Morning;High;Tea;Brewed Black tea;English Breakfast Lg;Lower Manhattan
78.00;26;20;202305;May;Mon;Morning;very high;Coffee;Barista Espresso;Espresso shot;Astoria
72.50;29;16;202305;May;Mon;Morning;very high;Tea;Brewed Chai tea;Traditional Blend Chai Rg;Lower Manhattan
82.50;33;22;202305;May;Mon;Morning;very high;Tea;Brewed Black tea;Earl Grey Rg;Astoria
5.00;2;1;202305;May;Mon;Night;Low;Tea;Brewed Chai tea;Traditional Blend Chai Rg;Astoria
45.00;18;10;202305;May;Mon;Afternoon;High;Coffee;Gourmet brewed coffee;Columbian Medium Roast Rg;Lower Manhattan
19.60;8;5;202305;May;Mon;Afternoon;Low;Coffee;Premium brewed coffee;Jamaican Coffee River Sm;Hell's Kitchen
18.75;5;5;202305;May;Mon;Afternoon;Low;Bakery;Pastry;Almond Croissant;Hell's Kitchen
48.00;16;11;202305;May;Mon;Afternoon;High;Tea;Brewed Black tea;English Breakfast Lg;Astoria
51.00;17;9;202305;May;Mon;Afternoon;High;Coffee;Organic brewed coffee;Brazilian Rg;Hell's Kitchen
63.00;21;13;202305;May;Mon;Afternoon;very high;Tea;Brewed Green tea;Serenity Green Tea Lg;Hell's Kitchen
50.00;20;13;202305;May;Mon;Afternoon;High;Tea;Brewed herbal tea;Peppermint Rg;Astoria
51.00;17;11;202305;May;Mon;Afternoon;High;Tea;Brewed herbal tea;Lemon Grass Lg;Hell's Kitchen
22.75;7;7;202305;May;Mon;Afternoon;Med;Bakery;Scone;Cranberry Scone;Lower Manhattan
47.50;19;12;202305;May;Mon;Afternoon;High;Tea;Brewed Chai tea;Traditional Blend Chai Rg;Astoria
47.50;19;12;202305;May;Mon;Afternoon;High;Tea;Brewed Black tea;English Breakfast Rg;Astoria
17.50;7;5;202305;May;Mon;Afternoon;Low;Tea;Brewed Green tea;Serenity Green Tea Rg;Lower Manhattan
27.00;9;8;202305;May;Mon;Afternoon;Med;Coffee;Drip coffee;Our Old Time Diner Blend Lg;Hell's Kitchen
84.00;24;14;202305;May;Mon;Afternoon;very high;Drinking Chocolate;Hot chocolate;Dark chocolate Rg;Astoria
24.80;8;6;202305;May;Mon;Afternoon;Med;Coffee;Premium brewed coffee;Jamaican Coffee River Rg;Hell's Kitchen
39.60;15;11;202305;May;Mon;Afternoon;Med;Coffee;Barista Espresso;Ouro Brasileiro shot;Hell's Kitchen
60.00;20;13;202305;May;Mon;Afternoon;High;Coffee;Organic brewed coffee;Brazilian Rg;Astoria
63.00;21;14;202305;May;Mon;Afternoon;very high;Tea;Brewed Black tea;English Breakfast Lg;Hell's Kitchen
22.00;10;7;202305;May;Mon;Afternoon;Med;Coffee;Organic brewed coffee;Brazilian Sm;Hell's Kitchen
63.00;18;11;202305;May;Mon;Afternoon;very high;Coffee;Organic brewed coffee;Brazilian Lg;Lower Manhattan
19.50;6;6;202305;May;Mon;Afternoon;Low;Bakery;Biscotti;Hazelnut Biscotti;Lower Manhattan
49.00;20;14;202305;May;Mon;Afternoon;High;Coffee;Premium brewed coffee;Jamaican Coffee River Sm;Astoria
48.75;13;12;202305;May;Mon;Afternoon;High;Bakery;Pastry;Chocolate Croissant;Astoria
52.50;21;14;202305;May;Mon;Afternoon;High;Tea;Brewed herbal tea;Lemon Grass Rg;Astoria
33.75;9;6;202305;May;Mon;Afternoon;Med;Coffee;Barista Espresso;Latte;Lower Manhattan
49.50;11;8;202305;May;Mon;Afternoon;High;Drinking Chocolate;Hot chocolate;Dark chocolate Lg;Hell's Kitchen
15.00;4;3;202305;May;Mon;Afternoon;Low;Coffee;Premium brewed coffee;Jamaican Coffee River Lg;Hell's Kitchen
57.20;26;16;202305;May;Mon;Afternoon;High;Coffee;Organic brewed coffee;Brazilian Sm;Lower Manhattan
123.75;33;19;202305;May;Mon;Afternoon;very high;Coffee;Barista Espresso;Latte;Astoria
66.50;14;8;202305;May;Mon;Afternoon;very high;Drinking Chocolate;Hot chocolate;Sustainably Grown Organic Lg;Hell's Kitchen
52.50;21;13;202305;May;Mon;Afternoon;High;Tea;Brewed Chai tea;Morning Sunrise Chai Rg;Astoria
82.50;22;13;202305;May;Mon;Afternoon;very high;Drinking Chocolate;Hot chocolate;Sustainably Grown Organic Rg;Astoria
35.20;16;11;202305;May;Mon;Afternoon;Med;Coffee;Organic brewed coffee;Brazilian Sm;Astoria
25.00;10;6;202305;May;Mon;Afternoon;Med;Tea;Brewed Green tea;Serenity Green Tea Rg;Hell's Kitchen
15.00;4;4;202305;May;Mon;Afternoon;Low;Bakery;Pastry;Chocolate Croissant;Hell's Kitchen
46.00;23;14;202305;May;Mon;Afternoon;High;Coffee;Drip coffee;Our Old Time Diner Blend Sm;Astoria
63.00;21;12;202305;May;Mon;Afternoon;very high;Coffee;Drip coffee;Our Old Time Diner Blend Lg;Astoria
63.00;18;12;202305;May;Mon;Afternoon;very high;Coffee;Gourmet brewed coffee;Ethiopia Lg;Astoria
51.00;12;7;202305;May;Mon;Afternoon;High;Coffee;Barista Espresso;Latte Rg;Hell's Kitchen
51.00;12;7;202305;May;Mon;Afternoon;High;Coffee;Barista Espresso;Cappuccino Lg;Lower Manhattan
67.50;15;12;202305;May;Mon;Afternoon;very high;Drinking Chocolate;Hot chocolate;Dark chocolate Lg;Astoria
63.75;17;10;202305;May;Mon;Afternoon;very high;Drinking Chocolate;Hot chocolate;Sustainably Grown Organic Rg;Hell's Kitchen
36.00;12;10;202305;May;Mon;Afternoon;Med;Bakery;Scone;Oatmeal Scone;Astoria
63.75;17;11;202305;May;Mon;Afternoon;very high;Coffee;Barista Espresso;Latte;Hell's Kitchen
60.00;24;17;202305;May;Mon;Afternoon;High;Coffee;Gourmet brewed coffee;Columbian Medium Roast Rg;Astoria
12.00;4;4;202305;May;Mon;Afternoon;Low;Coffee;Barista Espresso;Espresso shot;Lower Manhattan
27.00;9;6;202305;May;Mon;Afternoon;Med;Tea;Brewed Green tea;Serenity Green Tea Lg;Lower Manhattan
38.50;11;8;202305;May;Mon;Afternoon;Med;Bakery;Biscotti;Ginger Biscotti;Astoria
35.00;14;8;202305;May;Mon;Afternoon;Med;Tea;Brewed herbal tea;Lemon Grass Rg;Hell's Kitchen
63.00;21;15;202305;May;Mon;Afternoon;very high;Tea;Brewed Chai tea;Traditional Blend Chai Lg;Astoria
16.00;8;5;202305;May;Mon;Afternoon;Low;Coffee;Gourmet brewed coffee;Columbian Medium Roast Sm;Hell's Kitchen
17.50;5;4;202305;May;Mon;Afternoon;Low;Drinking Chocolate;Hot chocolate;Dark chocolate Rg;Hell's Kitchen
28.00;8;7;202305;May;Mon;Afternoon;Med;Coffee;Gourmet brewed coffee;Ethiopia Lg;Hell's Kitchen
67.50;27;18;202305;May;Mon;Afternoon;very high;Coffee;Drip coffee;Our Old Time Diner Blend Rg;Astoria
31.50;9;8;202305;May;Mon;Afternoon;Med;Bakery;Pastry;Croissant;Astoria
52.50;14;8;202305;May;Mon;Afternoon;High;Coffee;Barista Espresso;Cappuccino;Lower Manhattan
36.60;12;10;202305;May;Mon;Afternoon;Med;Bakery;Scone;Ginger Scone;Lower Manhattan
40.00;16;10;202305;May;Mon;Afternoon;Med;Tea;Brewed herbal tea;Peppermint Rg;Lower Manhattan
48.00;16;10;202305;May;Mon;Afternoon;High;Coffee;Gourmet brewed coffee;Ethiopia Rg;Hell's Kitchen
45.00;18;13;202305;May;Mon;Afternoon;High;Tea;Brewed Green tea;Serenity Green Tea Rg;Astoria
26.40;12;10;202305;May;Mon;Afternoon;Med;Coffee;Gourmet brewed coffee;Ethiopia Sm;Astoria
7.50;2;2;202305;May;Mon;Afternoon;Low;Bakery;Pastry;Almond Croissant;Astoria
80.75;17;11;202305;May;Mon;Afternoon;very high;Drinking Chocolate;Hot chocolate;Sustainably Grown Organic Lg;Lower Manhattan
12.75;5;5;202305;May;Mon;Afternoon;Low;Tea;Brewed Chai tea;Spicy Eye Opener Chai Rg;Lower Manhattan
21.00;6;6;202305;May;Mon;Afternoon;Med;Bakery;Pastry;Croissant;Lower Manhattan
62.00;20;13;202305;May;Mon;Afternoon;very high;Coffee;Premium brewed coffee;Jamaican Coffee River Rg;Astoria
35.00;14;9;202305;May;Mon;Afternoon;Med;Coffee;Gourmet brewed coffee;Columbian Medium Roast Rg;Hell's Kitchen
60.00;20;15;202305;May;Mon;Afternoon;High;Coffee;Barista Espresso;Espresso shot;Hell's Kitchen
24.80;8;7;202305;May;Mon;Afternoon;Med;Tea;Brewed Chai tea;Spicy Eye Opener Chai Lg;Lower Manhattan
21.00;6;4;202305;May;Mon;Afternoon;Med;Coffee;Organic brewed coffee;Brazilian Lg;Astoria
35.75;11;9;202305;May;Mon;Afternoon;Med;Bakery;Scone;Cranberry Scone;Astoria
15.00;5;5;202305;May;Mon;Afternoon;Low;Tea;Brewed herbal tea;Peppermint Lg;Hell's Kitchen
22.50;5;5;202305;May;Mon;Afternoon;Med;Bakery;Scone;Scottish Cream Scone ;Hell's Kitchen
142.50;30;20;202305;May;Mon;Afternoon;very high;Drinking Chocolate;Hot chocolate;Sustainably Grown Organic Lg;Astoria
42.00;14;9;202305;May;Mon;Afternoon;High;Tea;Brewed Green tea;Serenity Green Tea Lg;Astoria
69.00;23;15;202305;May;Mon;Afternoon;very high;Tea;Brewed herbal tea;Lemon Grass Lg;Astoria
48.00;16;10;202305;May;Mon;Afternoon;High;Tea;Brewed Black tea;English Breakfast Lg;Lower Manhattan
68.20;22;14;202305;May;Mon;Afternoon;very high;Tea;Brewed Chai tea;Spicy Eye Opener Chai Lg;Astoria
93.75;25;18;202305;May;Mon;Afternoon;very high;Coffee;Premium brewed coffee;Jamaican Coffee River Lg;Astoria
24.00;12;9;202305;May;Mon;Afternoon;Med;Coffee;Gourmet brewed coffee;Columbian Medium Roast Sm;Astoria
59.50;14;8;202305;May;Mon;Afternoon;High;Coffee;Barista Espresso;Latte Rg;Astoria
57.00;19;11;202305;May;Mon;Afternoon;High;Tea;Brewed herbal tea;Peppermint Lg;Lower Manhattan
52.50;21;14;202305;May;Mon;Afternoon;High;Tea;Brewed Chai tea;Morning Sunrise Chai Rg;Hell's Kitchen
60.00;20;11;202305;May;Mon;Afternoon;High;Coffee;Drip coffee;Our Old Time Diner Blend Lg;Lower Manhattan
33.00;11;8;202305;May;Mon;Afternoon;Med;Coffee;Gourmet brewed coffee;Columbian Medium Roast Lg;Lower Manhattan
41.25;11;9;202305;May;Mon;Afternoon;High;Drinking Chocolate;Hot chocolate;Sustainably Grown Organic Rg;Lower Manhattan
27.00;6;6;202305;May;Mon;Afternoon;Med;Bakery;Scone;Scottish Cream Scone ;Lower Manhattan
30.00;15;9;202305;May;Mon;Afternoon;Med;Coffee;Drip coffee;Our Old Time Diner Blend Sm;Hell's Kitchen
16.25;5;5;202305;May;Mon;Afternoon;Low;Bakery;Biscotti;Hazelnut Biscotti;Hell's Kitchen
63.00;14;11;202305;May;Mon;Afternoon;very high;Drinking Chocolate;Hot chocolate;Dark chocolate Lg;Lower Manhattan
85.00;20;10;202305;May;Mon;Afternoon;very high;Coffee;Barista Espresso;Latte Rg;Lower Manhattan
33.00;11;8;202305;May;Mon;Afternoon;Med;Tea;Brewed Chai tea;Traditional Blend Chai Lg;Lower Manhattan
41.25;11;11;202305;May;Mon;Afternoon;High;Bakery;Pastry;Almond Croissant;Lower Manhattan
10.50;3;3;202305;May;Mon;Afternoon;Low;Bakery;Biscotti;Ginger Biscotti;Hell's Kitchen
28.00;7;5;202305;May;Mon;Afternoon;Med;Tea;Brewed Chai tea;Morning Sunrise Chai Lg;Hell's Kitchen
14.00;4;4;202305;May;Mon;Afternoon;Low;Bakery;Pastry;Croissant;Hell's Kitchen
54.00;18;10;202305;May;Mon;Afternoon;High;Tea;Brewed herbal tea;Lemon Grass Lg;Lower Manhattan
70.00;20;12;202305;May;Mon;Afternoon;very high;Coffee;Gourmet brewed coffee;Ethiopia Lg;Lower Manhattan
24.00;8;6;202305;May;Mon;Afternoon;Med;Tea;Brewed Black tea;Earl Grey Lg;Lower Manhattan
29.40;11;8;202305;May;Mon;Afternoon;Med;Coffee;Barista Espresso;Ouro Brasileiro shot;Lower Manhattan
33.00;11;8;202305;May;Mon;Afternoon;Med;Coffee;Gourmet brewed coffee;Columbian Medium Roast Lg;Astoria
56.00;16;11;202305;May;Mon;Afternoon;High;Coffee;Organic brewed coffee;Brazilian Lg;Hell's Kitchen
42.00;14;10;202305;May;Mon;Afternoon;High;Tea;Brewed Black tea;Earl Grey Lg;Astoria
26.25;7;6;202305;May;Mon;Afternoon;Med;Coffee;Premium brewed coffee;Jamaican Coffee River Lg;Lower Manhattan
57.50;23;14;202305;May;Mon;Afternoon;High;Tea;Brewed Chai tea;Traditional Blend Chai Rg;Lower Manhattan
29.25;9;7;202305;May;Mon;Afternoon;Med;Bakery;Biscotti;Hazelnut Biscotti;Astoria
66.30;26;17;202305;May;Mon;Afternoon;very high;Tea;Brewed Chai tea;Spicy Eye Opener Chai Rg;Astoria
27.00;9;7;202305;May;Mon;Afternoon;Med;Coffee;Barista Espresso;Espresso shot;Astoria
48.75;13;9;202305;May;Mon;Afternoon;High;Coffee;Barista Espresso;Cappuccino;Hell's Kitchen
14.00;4;4;202305;May;Mon;Afternoon;Low;Bakery;Biscotti;Chocolate Chip Biscotti;Hell's Kitchen
32.50;13;9;202305;May;Mon;Afternoon;Med;Tea;Brewed Black tea;English Breakfast Rg;Hell's Kitchen
42.00;14;9;202305;May;Mon;Afternoon;High;Tea;Brewed Chai tea;Traditional Blend Chai Lg;Hell's Kitchen
30.00;8;8;202305;May;Mon;Afternoon;Med;Bakery;Pastry;Chocolate Croissant;Lower Manhattan
29.40;12;9;202305;May;Mon;Afternoon;Med;Coffee;Premium brewed coffee;Jamaican Coffee River Sm;Lower Manhattan
89.25;21;14;202305;May;Mon;Afternoon;very high;Coffee;Barista Espresso;Cappuccino Lg;Astoria
36.00;12;7;202305;May;Mon;Afternoon;Med;Coffee;Organic brewed coffee;Brazilian Rg;Lower Manhattan
15.00;6;4;202305;May;Mon;Afternoon;Low;Tea;Brewed herbal tea;Peppermint Rg;Hell's Kitchen
48.00;16;10;202305;May;Mon;Afternoon;High;Coffee;Gourmet brewed coffee;Ethiopia Rg;Astoria
52.50;21;14;202305;May;Mon;Afternoon;High;Tea;Brewed Black tea;Earl Grey Rg;Astoria
24.00;8;6;202305;May;Mon;Afternoon;Med;Coffee;Gourmet brewed coffee;Ethiopia Rg;Lower Manhattan
35.00;14;10;202305;May;Mon;Afternoon;Med;Coffee;Drip coffee;Our Old Time Diner Blend Rg;Lower Manhattan
96.00;24;15;202305;May;Mon;Afternoon;very high;Tea;Brewed Chai tea;Morning Sunrise Chai Lg;Astoria
33.75;9;8;202305;May;Mon;Afternoon;Med;Bakery;Scone;Jumbo Savory Scone;Astoria
33.15;13;10;202305;May;Mon;Afternoon;Med;Tea;Brewed Chai tea;Spicy Eye Opener Chai Rg;Hell's Kitchen
43.40;14;9;202305;May;Mon;Afternoon;High;Coffee;Premium brewed coffee;Jamaican Coffee River Rg;Lower Manhattan
25.00;10;8;202305;May;Mon;Afternoon;Med;Tea;Brewed herbal tea;Lemon Grass Rg;Lower Manhattan
51.00;17;11;202305;May;Mon;Afternoon;High;Tea;Brewed Black tea;Earl Grey Lg;Hell's Kitchen
15.00;6;5;202305;May;Mon;Afternoon;Low;Tea;Brewed Black tea;Earl Grey Rg;Hell's Kitchen
45.00;15;8;202305;May;Mon;Afternoon;High;Coffee;Gourmet brewed coffee;Columbian Medium Roast Lg;Hell's Kitchen
13.00;4;4;202305;May;Mon;Afternoon;Low;Bakery;Scone;Ginger Scone;Astoria
36.00;9;6;202305;May;Mon;Afternoon;Med;Tea;Brewed Chai tea;Morning Sunrise Chai Lg;Lower Manhattan
40.30;13;8;202305;May;Mon;Afternoon;very high;Tea;Brewed Chai tea;Spicy Eye Opener Chai Lg;Hell's Kitchen
30.00;12;9;202305;May;Mon;Afternoon;Med;Tea;Brewed Chai tea;Morning Sunrise Chai Rg;Lower Manhattan
20.00;10;7;202305;May;Mon;Afternoon;Low;Coffee;Gourmet brewed coffee;Columbian Medium Roast Sm;Lower Manhattan
14.00;4;4;202305;May;Mon;Afternoon;Low;Bakery;Biscotti;Ginger Biscotti;Lower Manhattan
49.00;14;9;202305;May;Mon;Afternoon;High;Bakery;Biscotti;Chocolate Chip Biscotti;Astoria
22.75;7;7;202305;May;Mon;Afternoon;Med;Bakery;Scone;Cranberry Scone;Hell's Kitchen
67.50;18;14;202305;May;Mon;Afternoon;very high;Coffee;Barista Espresso;Cappuccino;Astoria
37.40;17;10;202305;May;Mon;Afternoon;Med;Coffee;Gourmet brewed coffee;Ethiopia Sm;Lower Manhattan
28.00;8;8;202305;May;Mon;Afternoon;Med;Bakery;Biscotti;Chocolate Chip Biscotti;Lower Manhattan
12.00;4;4;202305;May;Mon;Afternoon;Low;Bakery;Scone;Oatmeal Scone;Lower Manhattan
24.20;11;6;202305;May;Mon;Afternoon;Med;Coffee;Gourmet brewed coffee;Ethiopia Sm;Hell's Kitchen
42.50;10;7;202305;May;Mon;Evening;High;Coffee;Barista Espresso;Cappuccino Lg;Hell's Kitchen
60.00;20;15;202305;May;Mon;Evening;High;Tea;Brewed herbal tea;Lemon Grass Lg;Astoria
37.50;10;10;202305;May;Mon;Evening;Med;Bakery;Pastry;Chocolate Croissant;Astoria
20.00;10;8;202305;May;Mon;Evening;Low;Coffee;Drip coffee;Our Old Time Diner Blend Sm;Hell's Kitchen
31.85;13;9;202305;May;Mon;Evening;Med;Coffee;Premium brewed coffee;Jamaican Coffee River Sm;Astoria
35.20;16;10;202305;May;Mon;Evening;Med;Coffee;Gourmet brewed coffee;Ethiopia Sm;Astoria
45.50;13;11;202305;May;Mon;Evening;High;Bakery;Biscotti;Chocolate Chip Biscotti;Astoria
45.00;18;11;202305;May;Mon;Evening;High;Tea;Brewed Green tea;Serenity Green Tea Rg;Hell's Kitchen
20.40;8;6;202305;May;Mon;Evening;very high;Tea;Brewed Chai tea;Spicy Eye Opener Chai Rg;Lower Manhattan
57.50;23;16;202305;May;Mon;Evening;High;Tea;Brewed herbal tea;Lemon Grass Rg;Astoria
27.50;11;6;202305;May;Mon;Evening;Med;Tea;Brewed Black tea;English Breakfast Rg;Hell's Kitchen
26.25;7;7;202305;May;Mon;Evening;Med;Bakery;Pastry;Almond Croissant;Hell's Kitchen
40.00;16;11;202305;May;Mon;Evening;Med;Coffee;Drip coffee;Our Old Time Diner Blend Rg;Astoria
33.00;11;6;202305;May;Mon;Evening;Med;Coffee;Gourmet brewed coffee;Ethiopia Rg;Lower Manhattan
41.25;11;7;202305;May;Mon;Evening;High;Drinking Chocolate;Hot chocolate;Sustainably Grown Organic Rg;Hell's Kitchen
35.00;10;8;202305;May;Mon;Evening;Med;Coffee;Organic brewed coffee;Brazilian Lg;Hell's Kitchen
30.00;12;10;202305;May;Mon;Evening;Med;Coffee;Gourmet brewed coffee;Columbian Medium Roast Rg;Hell's Kitchen
63.00;21;16;202305;May;Mon;Evening;very high;Tea;Brewed Green tea;Serenity Green Tea Lg;Astoria
29.25;9;8;202305;May;Mon;Evening;Med;Bakery;Biscotti;Hazelnut Biscotti;Astoria
50.40;18;14;202305;May;Mon;Evening;High;Coffee;Barista Espresso;Ouro Brasileiro shot;Hell's Kitchen
57.50;23;15;202305;May;Mon;Evening;High;Tea;Brewed Chai tea;Morning Sunrise Chai Rg;Astoria
36.75;15;9;202305;May;Mon;Evening;Med;Coffee;Premium brewed coffee;Jamaican Coffee River Sm;Lower Manhattan
27.00;6;6;202305;May;Mon;Evening;Med;Bakery;Scone;Scottish Cream Scone ;Lower Manhattan
35.00;14;9;202305;May;Mon;Evening;Med;Tea;Brewed herbal tea;Lemon Grass Rg;Hell's Kitchen
65.10;21;14;202305;May;Mon;Evening;very high;Coffee;Premium brewed coffee;Jamaican Coffee River Rg;Astoria
18.75;5;4;202305;May;Mon;Evening;Low;Bakery;Pastry;Almond Croissant;Astoria
42.00;14;9;202305;May;Mon;Evening;High;Tea;Brewed Black tea;English Breakfast Lg;Hell's Kitchen
31.50;9;6;202305;May;Mon;Evening;Med;Drinking Chocolate;Hot chocolate;Dark chocolate Rg;Hell's Kitchen
42.50;10;8;202305;May;Mon;Evening;High;Coffee;Barista Espresso;Latte Rg;Astoria
51.00;17;11;202305;May;Mon;Evening;High;Coffee;Gourmet brewed coffee;Columbian Medium Roast Lg;Astoria
50.00;20;16;202305;May;Mon;Evening;High;Coffee;Gourmet brewed coffee;Columbian Medium Roast Rg;Astoria
95.00;20;12;202305;May;Mon;Evening;very high;Drinking Chocolate;Hot chocolate;Sustainably Grown Organic Lg;Astoria
53.55;21;13;202305;May;Mon;Evening;High;Tea;Brewed Chai tea;Spicy Eye Opener Chai Rg;Astoria
51.00;17;15;202305;May;Mon;Evening;High;Coffee;Drip coffee;Our Old Time Diner Blend Lg;Astoria
35.00;14;10;202305;May;Mon;Evening;Med;Tea;Brewed Black tea;English Breakfast Rg;Astoria
82.50;22;14;202305;May;Mon;Evening;very high;Coffee;Premium brewed coffee;Jamaican Coffee River Lg;Astoria
20.00;10;6;202305;May;Mon;Evening;Low;Coffee;Drip coffee;Our Old Time Diner Blend Sm;Lower Manhattan
44.00;22;15;202305;May;Mon;Evening;High;Coffee;Drip coffee;Our Old Time Diner Blend Sm;Astoria
60.00;20;14;202305;May;Mon;Evening;High;Coffee;Gourmet brewed coffee;Columbian Medium Roast Lg;Hell's Kitchen
21.70;7;5;202305;May;Mon;Evening;Med;Coffee;Premium brewed coffee;Jamaican Coffee River Rg;Lower Manhattan
32.50;13;8;202305;May;Mon;Evening;Med;Coffee;Drip coffee;Our Old Time Diner Blend Rg;Lower Manhattan
31.50;9;8;202305;May;Mon;Evening;Med;Bakery;Biscotti;Ginger Biscotti;Astoria
42.00;14;9;202305;May;Mon;Evening;High;Tea;Brewed Chai tea;Traditional Blend Chai Lg;Hell's Kitchen
19.50;6;5;202305;May;Mon;Evening;Low;Bakery;Scone;Ginger Scone;Astoria
22.50;9;6;202305;May;Mon;Evening;Med;Tea;Brewed herbal tea;Lemon Grass Rg;Lower Manhattan
10.20;4;3;202305;May;Mon;Evening;Low;Coffee;Barista Espresso;Ouro Brasileiro shot;Lower Manhattan
18.00;6;6;202305;May;Mon;Evening;Low;Bakery;Scone;Oatmeal Scone;Lower Manhattan
31.50;9;6;202305;May;Mon;Evening;Med;Coffee;Organic brewed coffee;Brazilian Lg;Astoria
17.60;8;5;202305;May;Mon;Evening;Low;Coffee;Organic brewed coffee;Brazilian Sm;Lower Manhattan
84.00;28;19;202305;May;Mon;Evening;very high;Tea;Brewed Black tea;Earl Grey Lg;Astoria
14.00;4;2;202305;May;Mon;Evening;Low;Coffee;Gourmet brewed coffee;Ethiopia Lg;Lower Manhattan
68.00;17;10;202305;May;Mon;Evening;very high;Tea;Brewed Chai tea;Morning Sunrise Chai Lg;Hell's Kitchen
10.50;3;3;202305;May;Mon;Evening;Low;Bakery;Biscotti;Chocolate Chip Biscotti;Hell's Kitchen
94.50;21;16;202305;May;Mon;Evening;very high;Drinking Chocolate;Hot chocolate;Dark chocolate Lg;Astoria
36.00;18;13;202305;May;Mon;Evening;Med;Coffee;Gourmet brewed coffee;Columbian Medium Roast Sm;Astoria
48.00;16;12;202305;May;Mon;Evening;High;Coffee;Organic brewed coffee;Brazilian Rg;Astoria
25.00;10;6;202305;May;Mon;Evening;Med;Tea;Brewed Green tea;Serenity Green Tea Rg;Lower Manhattan
89.25;21;13;202305;May;Mon;Evening;very high;Coffee;Barista Espresso;Latte Rg;Hell's Kitchen
40.00;16;12;202305;May;Mon;Evening;Med;Tea;Brewed Black tea;Earl Grey Rg;Hell's Kitchen
52.50;14;9;202305;May;Mon;Evening;High;Coffee;Barista Espresso;Latte;Hell's Kitchen
71.25;19;13;202305;May;Mon;Evening;very high;Coffee;Barista Espresso;Latte;Astoria
27.50;11;7;202305;May;Mon;Evening;Med;Tea;Brewed herbal tea;Peppermint Rg;Lower Manhattan
18.00;6;4;202305;May;Mon;Evening;Low;Tea;Brewed Chai tea;Traditional Blend Chai Lg;Lower Manhattan
11.25;3;3;202305;May;Mon;Evening;Low;Bakery;Pastry;Chocolate Croissant;Lower Manhattan
20.00;8;4;202305;May;Mon;Evening;Low;Coffee;Drip coffee;Our Old Time Diner Blend Rg;Hell's Kitchen
78.00;26;16;202305;May;Mon;Evening;very high;Coffee;Barista Espresso;Espresso shot;Astoria
45.50;13;13;202305;May;Mon;Evening;High;Bakery;Biscotti;Ginger Biscotti;Hell's Kitchen
20.00;8;5;202305;May;Mon;Evening;Low;Tea;Brewed Black tea;Earl Grey Rg;Lower Manhattan
51.00;17;10;202305;May;Mon;Evening;High;Tea;Brewed herbal tea;Peppermint Lg;Astoria
19.50;6;6;202305;May;Mon;Evening;Low;Bakery;Scone;Cranberry Scone;Astoria
49.00;14;9;202305;May;Mon;Evening;High;Drinking Chocolate;Hot chocolate;Dark chocolate Rg;Astoria
33.00;11;8;202305;May;Mon;Evening;Med;Tea;Brewed Black tea;English Breakfast Lg;Astoria
33.75;9;4;202305;May;Mon;Evening;Med;Coffee;Premium brewed coffee;Jamaican Coffee River Lg;Lower Manhattan
52.50;14;11;202305;May;Mon;Evening;High;Coffee;Barista Espresso;Cappuccino;Astoria
37.50;10;7;202305;May;Mon;Evening;Med;Coffee;Barista Espresso;Latte;Lower Manhattan
45.00;18;14;202305;May;Mon;Evening;High;Tea;Brewed Black tea;Earl Grey Rg;Astoria
42.00;14;8;202305;May;Mon;Evening;High;Tea;Brewed Black tea;English Breakfast Lg;Lower Manhattan
30.80;14;9;202305;May;Mon;Evening;Med;Coffee;Gourmet brewed coffee;Ethiopia Sm;Hell's Kitchen
47.50;19;10;202305;May;Mon;Evening;High;Tea;Brewed Chai tea;Traditional Blend Chai Rg;Hell's Kitchen
18.00;4;4;202305;May;Mon;Evening;Low;Bakery;Scone;Scottish Cream Scone ;Hell's Kitchen
27.50;11;8;202305;May;Mon;Evening;Med;Tea;Brewed Chai tea;Morning Sunrise Chai Rg;Hell's Kitchen
22.50;9;6;202305;May;Mon;Evening;Med;Tea;Brewed Chai tea;Traditional Blend Chai Rg;Lower Manhattan
49.50;11;7;202305;May;Mon;Evening;High;Drinking Chocolate;Hot chocolate;Dark chocolate Lg;Hell's Kitchen
10.20;4;3;202305;May;Mon;Evening;Low;Tea;Brewed Chai tea;Spicy Eye Opener Chai Rg;Hell's Kitchen
39.60;18;12;202305;May;Mon;Evening;Med;Coffee;Organic brewed coffee;Brazilian Sm;Astoria
88.00;22;14;202305;May;Mon;Evening;very high;Tea;Brewed Chai tea;Morning Sunrise Chai Lg;Astoria
15.40;7;3;202305;May;Mon;Evening;Low;Coffee;Gourmet brewed coffee;Ethiopia Sm;Lower Manhattan
17.50;5;5;202305;May;Mon;Evening;Low;Bakery;Pastry;Croissant;Astoria
46.50;15;11;202305;May;Mon;Evening;High;Tea;Brewed Chai tea;Spicy Eye Opener Chai Lg;Lower Manhattan
18.75;5;5;202305;May;Mon;Evening;Low;Bakery;Pastry;Almond Croissant;Lower Manhattan
6.00;2;2;202305;May;Mon;Evening;Low;Coffee;Drip coffee;Our Old Time Diner Blend Lg;Lower Manhattan
35.00;10;10;202305;May;Mon;Evening;Med;Bakery;Pastry;Croissant;Lower Manhattan
32.00;16;10;202305;May;Mon;Evening;Med;Coffee;Gourmet brewed coffee;Columbian Medium Roast Sm;Hell's Kitchen
15.00;5;5;202305;May;Mon;Evening;Low;Bakery;Scone;Oatmeal Scone;Hell's Kitchen
72.00;16;11;202305;May;Mon;Evening;very high;Bakery;Scone;Scottish Cream Scone ;Astoria
30.00;10;7;202305;May;Mon;Evening;Med;Coffee;Gourmet brewed coffee;Columbian Medium Roast Lg;Lower Manhattan
33.00;11;7;202305;May;Mon;Evening;Med;Tea;Brewed herbal tea;Peppermint Lg;Hell's Kitchen
63.75;15;9;202305;May;Mon;Evening;very high;Coffee;Barista Espresso;Cappuccino Lg;Astoria
24.00;8;5;202305;May;Mon;Evening;Med;Coffee;Barista Espresso;Espresso shot;Lower Manhattan
3.25;1;1;202305;May;Mon;Evening;Low;Bakery;Scone;Cranberry Scone;Lower Manhattan
17.50;7;4;202305;May;Mon;Evening;Low;Tea;Brewed Green tea;Serenity Green Tea Rg;Astoria
25.00;10;6;202305;May;Mon;Evening;Med;Coffee;Gourmet brewed coffee;Columbian Medium Roast Rg;Lower Manhattan
17.50;5;5;202305;May;Mon;Evening;Low;Bakery;Biscotti;Chocolate Chip Biscotti;Lower Manhattan
43.40;14;10;202305;May;Mon;Evening;High;Tea;Brewed Chai tea;Spicy Eye Opener Chai Lg;Hell's Kitchen
48.00;16;10;202305;May;Mon;Evening;High;Coffee;Gourmet brewed coffee;Ethiopia Rg;Astoria
34.10;11;8;202305;May;Mon;Evening;Med;Coffee;Premium brewed coffee;Jamaican Coffee River Rg;Hell's Kitchen
24.00;8;8;202305;May;Mon;Evening;Med;Bakery;Scone;Oatmeal Scone;Astoria
24.00;8;5;202305;May;Mon;Evening;Med;Coffee;Organic brewed coffee;Brazilian Rg;Lower Manhattan
90.25;19;12;202305;May;Mon;Evening;very high;Drinking Chocolate;Hot chocolate;Sustainably Grown Organic Lg;Hell's Kitchen
24.00;8;6;202305;May;Mon;Evening;Med;Coffee;Drip coffee;Our Old Time Diner Blend Lg;Hell's Kitchen
6.00;2;2;202305;May;Mon;Evening;Low;Tea;Brewed herbal tea;Peppermint Lg;Lower Manhattan
45.00;15;10;202305;May;Mon;Evening;High;Tea;Brewed Chai tea;Traditional Blend Chai Lg;Astoria
21.00;7;4;202305;May;Mon;Evening;Med;Tea;Brewed Green tea;Serenity Green Tea Lg;Hell's Kitchen
22.50;9;6;202305;May;Mon;Evening;Med;Tea;Brewed Chai tea;Morning Sunrise Chai Rg;Lower Manhattan
15.00;5;4;202305;May;Mon;Evening;Low;Tea;Brewed herbal tea;Lemon Grass Lg;Lower Manhattan
38.25;9;6;202305;May;Mon;Evening;Med;Coffee;Barista Espresso;Latte Rg;Lower Manhattan
35.00;14;9;202305;May;Mon;Evening;Med;Tea;Brewed Chai tea;Traditional Blend Chai Rg;Astoria
33.75;9;6;202305;May;Mon;Evening;Med;Bakery;Scone;Jumbo Savory Scone;Astoria
71.25;19;13;202305;May;Mon;Evening;very high;Drinking Chocolate;Hot chocolate;Sustainably Grown Organic Rg;Astoria
18.00;6;4;202305;May;Mon;Evening;Low;Coffee;Organic brewed coffee;Brazilian Rg;Hell's Kitchen
21.00;6;4;202305;May;Mon;Evening;Med;Coffee;Organic brewed coffee;Brazilian Lg;Lower Manhattan
33.00;11;7;202305;May;Mon;Evening;Med;Tea;Brewed herbal tea;Lemon Grass Lg;Hell's Kitchen
10.50;3;2;202305;May;Mon;Evening;Low;Coffee;Gourmet brewed coffee;Ethiopia Lg;Hell's Kitchen
31.85;13;8;202305;May;Mon;Evening;Med;Coffee;Premium brewed coffee;Jamaican Coffee River Sm;Hell's Kitchen
14.00;4;4;202305;May;Mon;Evening;Low;Bakery;Pastry;Croissant;Hell's Kitchen
80.60;26;18;202305;May;Mon;Evening;very high;Tea;Brewed Chai tea;Spicy Eye Opener Chai Lg;Astoria
60.00;16;9;202305;May;Mon;Evening;High;Coffee;Premium brewed coffee;Jamaican Coffee River Lg;Hell's Kitchen
18.75;5;5;202305;May;Mon;Evening;Low;Bakery;Pastry;Chocolate Croissant;Hell's Kitchen
37.50;10;6;202305;May;Mon;Evening;Med;Coffee;Barista Espresso;Cappuccino;Hell's Kitchen
30.00;10;7;202305;May;Mon;Evening;Med;Coffee;Barista Espresso;Espresso shot;Hell's Kitchen
22.75;7;7;202305;May;Mon;Evening;Med;Bakery;Biscotti;Hazelnut Biscotti;Hell's Kitchen
37.50;15;10;202305;May;Mon;Evening;Med;Tea;Brewed herbal tea;Peppermint Rg;Astoria
90.00;30;15;202305;May;Tue;Morning;very high;Coffee;Barista Espresso;Espresso shot;Lower Manhattan
85.80;39;20;202305;May;Tue;Morning;very high;Coffee;Gourmet brewed coffee;Ethiopia Sm;Lower Manhattan
108.75;29;18;202305;May;Tue;Morning;very high;Drinking Chocolate;Hot chocolate;Sustainably Grown Organic Rg;Lower Manhattan
103.13;27;27;202305;May;Tue;Morning;very high;Bakery;Pastry;Chocolate Croissant;Lower Manhattan
36.00;18;11;202305;May;Tue;Morning;Med;Coffee;Gourmet brewed coffee;Columbian Medium Roast Sm;Lower Manhattan
32.50;13;8;202305;May;Tue;Morning;Med;Tea;Brewed Chai tea;Traditional Blend Chai Rg;Lower Manhattan
132.00;44;27;202305;May;Tue;Morning;very high;Tea;Brewed Green tea;Serenity Green Tea Lg;Lower Manhattan
152.00;32;21;202305;May;Tue;Morning;very high;Drinking Chocolate;Hot chocolate;Sustainably Grown Organic Lg;Lower Manhattan
85.00;34;21;202305;May;Tue;Morning;very high;Tea;Brewed herbal tea;Lemon Grass Rg;Lower Manhattan
102.00;34;23;202305;May;Tue;Morning;very high;Tea;Brewed Chai tea;Traditional Blend Chai Lg;Lower Manhattan
98.00;28;16;202305;May;Tue;Morning;very high;Drinking Chocolate;Hot chocolate;Dark chocolate Rg;Lower Manhattan
108.50;31;19;202305;May;Tue;Morning;very high;Coffee;Gourmet brewed coffee;Ethiopia Lg;Lower Manhattan
46.30;13;13;202305;May;Tue;Morning;High;Bakery;Scone;Cranberry Scone;Lower Manhattan
111.00;37;23;202305;May;Tue;Morning;very high;Coffee;Gourmet brewed coffee;Ethiopia Rg;Lower Manhattan
42.19;11;11;202305;May;Tue;Morning;High;Bakery;Scone;Jumbo Savory Scone;Lower Manhattan
63.00;18;12;202305;May;Tue;Morning;very high;Coffee;Organic brewed coffee;Brazilian Lg;Lower Manhattan
54.00;27;18;202305;May;Tue;Morning;High;Coffee;Drip coffee;Our Old Time Diner Blend Sm;Lower Manhattan
54.00;18;12;202305;May;Tue;Morning;High;Tea;Brewed herbal tea;Peppermint Lg;Lower Manhattan
67.50;27;19;202305;May;Tue;Morning;very high;Tea;Brewed Black tea;English Breakfast Rg;Lower Manhattan
35.02;9;9;202305;May;Tue;Morning;Med;Bakery;Pastry;Croissant;Lower Manhattan
44.00;20;14;202305;May;Tue;Morning;High;Coffee;Gourmet brewed coffee;Ethiopia Sm;Hell's Kitchen
74.80;34;22;202305;May;Tue;Morning;very high;Coffee;Organic brewed coffee;Brazilian Sm;Hell's Kitchen
124.00;31;20;202305;May;Tue;Morning;very high;Tea;Brewed Chai tea;Morning Sunrise Chai Lg;Lower Manhattan
99.45;39;23;202305;May;Tue;Morning;very high;Tea;Brewed Chai tea;Spicy Eye Opener Chai Rg;Lower Manhattan
118.75;25;18;202305;May;Tue;Morning;very high;Drinking Chocolate;Hot chocolate;Sustainably Grown Organic Lg;Hell's Kitchen
49.00;14;14;202305;May;Tue;Morning;High;Bakery;Biscotti;Ginger Biscotti;Hell's Kitchen
52.50;21;15;202305;May;Tue;Morning;High;Tea;Brewed Black tea;English Breakfast Rg;Hell's Kitchen
75.00;25;20;202305;May;Tue;Morning;very high;Coffee;Barista Espresso;Espresso shot;Hell's Kitchen
123.75;33;21;202305;May;Tue;Morning;very high;Coffee;Barista Espresso;Latte;Lower Manhattan
27.00;9;9;202305;May;Tue;Morning;Med;Bakery;Scone;Oatmeal Scone;Lower Manhattan
77.00;22;17;202305;May;Tue;Morning;very high;Coffee;Organic brewed coffee;Brazilian Lg;Hell's Kitchen
78.40;32;19;202305;May;Tue;Morning;very high;Coffee;Premium brewed coffee;Jamaican Coffee River Sm;Lower Manhattan
72.00;24;15;202305;May;Tue;Morning;very high;Tea;Brewed Black tea;English Breakfast Lg;Hell's Kitchen
99.00;33;23;202305;May;Tue;Morning;very high;Coffee;Gourmet brewed coffee;Columbian Medium Roast Lg;Hell's Kitchen
107.50;43;31;202305;May;Tue;Morning;very high;Tea;Brewed herbal tea;Peppermint Rg;Hell's Kitchen
69.00;23;16;202305;May;Tue;Morning;very high;Coffee;Organic brewed coffee;Brazilian Rg;Lower Manhattan
85.00;34;24;202305;May;Tue;Morning;very high;Tea;Brewed herbal tea;Peppermint Rg;Lower Manhattan
75.00;25;18;202305;May;Tue;Morning;very high;Coffee;Organic brewed coffee;Brazilian Rg;Hell's Kitchen
80.50;23;16;202305;May;Tue;Morning;very high;Drinking Chocolate;Hot chocolate;Dark chocolate Rg;Hell's Kitchen
70.00;28;19;202305;May;Tue;Morning;very high;Tea;Brewed Chai tea;Traditional Blend Chai Rg;Hell's Kitchen
63.80;29;19;202305;May;Tue;Morning;very high;Coffee;Organic brewed coffee;Brazilian Sm;Lower Manhattan
77.50;31;20;202305;May;Tue;Morning;very high;Tea;Brewed Green tea;Serenity Green Tea Rg;Lower Manhattan
51.99;15;15;202305;May;Tue;Morning;High;Bakery;Biscotti;Hazelnut Biscotti;Lower Manhattan
157.25;37;21;202305;May;Tue;Morning;very high;Coffee;Barista Espresso;Cappuccino Lg;Lower Manhattan
55.00;22;15;202305;May;Tue;Morning;High;Coffee;Gourmet brewed coffee;Columbian Medium Roast Rg;Lower Manhattan
62.50;25;16;202305;May;Tue;Morning;very high;Tea;Brewed herbal tea;Lemon Grass Rg;Hell's Kitchen
111.00;37;21;202305;May;Tue;Morning;very high;Tea;Brewed Chai tea;Traditional Blend Chai Lg;Hell's Kitchen
55.00;22;13;202305;May;Tue;Morning;High;Tea;Brewed Chai tea;Morning Sunrise Chai Rg;Lower Manhattan
50.00;25;18;202305;May;Tue;Morning;High;Coffee;Gourmet brewed coffee;Columbian Medium Roast Sm;Hell's Kitchen
51.00;20;12;202305;May;Tue;Morning;High;Tea;Brewed Chai tea;Spicy Eye Opener Chai Rg;Hell's Kitchen
56.35;23;17;202305;May;Tue;Morning;High;Coffee;Premium brewed coffee;Jamaican Coffee River Sm;Hell's Kitchen
84.00;28;17;202305;May;Tue;Morning;very high;Tea;Brewed Black tea;Earl Grey Lg;Hell's Kitchen
72.00;24;15;202305;May;Tue;Morning;very high;Tea;Brewed herbal tea;Peppermint Lg;Hell's Kitchen
83.70;27;19;202305;May;Tue;Morning;very high;Coffee;Premium brewed coffee;Jamaican Coffee River Rg;Hell's Kitchen
150.50;43;26;202305;May;Tue;Morning;very high;Coffee;Gourmet brewed coffee;Ethiopia Lg;Hell's Kitchen
146.25;39;24;202305;May;Tue;Morning;very high;Coffee;Barista Espresso;Cappuccino;Hell's Kitchen
182.75;43;28;202305;May;Tue;Morning;very high;Coffee;Barista Espresso;Latte Rg;Hell's Kitchen
52.70;17;10;202305;May;Tue;Morning;High;Coffee;Premium brewed coffee;Jamaican Coffee River Rg;Lower Manhattan
36.00;18;12;202305;May;Tue;Morning;Med;Coffee;Drip coffee;Our Old Time Diner Blend Sm;Hell's Kitchen
39.40;10;10;202305;May;Tue;Morning;Med;Bakery;Biscotti;Chocolate Chip Biscotti;Lower Manhattan
77.50;25;16;202305;May;Tue;Morning;very high;Tea;Brewed Chai tea;Spicy Eye Opener Chai Lg;Lower Manhattan
180.00;40;23;202305;May;Tue;Morning;very high;Drinking Chocolate;Hot chocolate;Dark chocolate Lg;Lower Manhattan
71.25;19;12;202305;May;Tue;Morning;very high;Coffee;Barista Espresso;Cappuccino;Lower Manhattan
82.50;33;22;202305;May;Tue;Morning;very high;Tea;Brewed Green tea;Serenity Green Tea Rg;Hell's Kitchen
116.25;31;21;202305;May;Tue;Morning;very high;Coffee;Barista Espresso;Latte;Hell's Kitchen
87.00;29;15;202305;May;Tue;Morning;very high;Tea;Brewed herbal tea;Lemon Grass Lg;Lower Manhattan
82.50;33;21;202305;May;Tue;Morning;very high;Tea;Brewed Black tea;Earl Grey Rg;Hell's Kitchen
120.00;30;21;202305;May;Tue;Morning;very high;Tea;Brewed Chai tea;Morning Sunrise Chai Lg;Hell's Kitchen
77.50;31;21;202305;May;Tue;Morning;very high;Coffee;Gourmet brewed coffee;Columbian Medium Roast Rg;Hell's Kitchen
144.00;32;18;202305;May;Tue;Morning;very high;Drinking Chocolate;Hot chocolate;Dark chocolate Lg;Hell's Kitchen
70.00;28;20;202305;May;Tue;Morning;very high;Coffee;Drip coffee;Our Old Time Diner Blend Rg;Hell's Kitchen
107.10;42;32;202305;May;Tue;Morning;very high;Coffee;Barista Espresso;Ouro Brasileiro shot;Hell's Kitchen
60.00;20;13;202305;May;Tue;Morning;High;Coffee;Gourmet brewed coffee;Columbian Medium Roast Lg;Lower Manhattan
114.00;38;26;202305;May;Tue;Morning;very high;Tea;Brewed herbal tea;Lemon Grass Lg;Hell's Kitchen
89.25;21;16;202305;May;Tue;Morning;very high;Coffee;Barista Espresso;Cappuccino Lg;Hell's Kitchen
75.00;20;20;202305;May;Tue;Morning;very high;Bakery;Scone;Jumbo Savory Scone;Hell's Kitchen
42.00;12;12;202305;May;Tue;Morning;High;Bakery;Biscotti;Chocolate Chip Biscotti;Hell's Kitchen
26.25;7;7;202305;May;Tue;Morning;Med;Bakery;Pastry;Almond Croissant;Hell's Kitchen
67.50;27;16;202305;May;Tue;Morning;very high;Coffee;Drip coffee;Our Old Time Diner Blend Rg;Lower Manhattan
57.50;23;16;202305;May;Tue;Morning;High;Tea;Brewed Black tea;Earl Grey Rg;Lower Manhattan
54.00;18;11;202305;May;Tue;Morning;High;Tea;Brewed Black tea;Earl Grey Lg;Lower Manhattan
25.38;7;7;202305;May;Tue;Morning;Med;Bakery;Biscotti;Ginger Biscotti;Lower Manhattan
74.40;24;16;202305;May;Tue;Morning;very high;Tea;Brewed Chai tea;Spicy Eye Opener Chai Lg;Hell's Kitchen
45.50;14;14;202305;May;Tue;Morning;High;Bakery;Biscotti;Hazelnut Biscotti;Hell's Kitchen
108.50;31;21;202305;May;Tue;Morning;very high;Coffee;Gourmet brewed coffee;Ethiopia Lg;Astoria
85.00;20;13;202305;May;Tue;Morning;very high;Coffee;Barista Espresso;Cappuccino Lg;Astoria
66.00;22;18;202305;May;Tue;Morning;very high;Coffee;Organic brewed coffee;Brazilian Rg;Astoria
15.00;5;5;202305;May;Tue;Morning;Low;Bakery;Scone;Oatmeal Scone;Astoria
66.00;22;15;202305;May;Tue;Morning;very high;Tea;Brewed Chai tea;Traditional Blend Chai Lg;Astoria
39.00;12;12;202305;May;Tue;Morning;Med;Bakery;Scone;Cranberry Scone;Astoria
87.00;29;19;202305;May;Tue;Morning;very high;Coffee;Gourmet brewed coffee;Columbian Medium Roast Lg;Astoria
72.50;29;20;202305;May;Tue;Morning;very high;Tea;Brewed herbal tea;Lemon Grass Rg;Astoria
74.80;34;22;202305;May;Tue;Morning;very high;Coffee;Gourmet brewed coffee;Ethiopia Sm;Astoria
45.50;13;13;202305;May;Tue;Morning;High;Bakery;Pastry;Croissant;Astoria
60.00;24;16;202305;May;Tue;Morning;High;Tea;Brewed Chai tea;Morning Sunrise Chai Rg;Hell's Kitchen
71.25;19;15;202305;May;Tue;Morning;very high;Coffee;Premium brewed coffee;Jamaican Coffee River Lg;Astoria
42.00;14;10;202305;May;Tue;Morning;High;Tea;Brewed herbal tea;Peppermint Lg;Astoria
37.50;10;10;202305;May;Tue;Morning;Med;Bakery;Pastry;Almond Croissant;Astoria
72.50;29;20;202305;May;Tue;Morning;very high;Coffee;Gourmet brewed coffee;Columbian Medium Roast Rg;Astoria
123.75;33;24;202305;May;Tue;Morning;very high;Coffee;Barista Espresso;Latte;Astoria
60.00;24;15;202305;May;Tue;Morning;High;Tea;Brewed Chai tea;Traditional Blend Chai Rg;Astoria
55.00;22;18;202305;May;Tue;Morning;High;Tea;Brewed Green tea;Serenity Green Tea Rg;Astoria
90.00;30;21;202305;May;Tue;Morning;very high;Tea;Brewed Black tea;English Breakfast Lg;Astoria
48.75;13;13;202305;May;Tue;Morning;High;Bakery;Scone;Jumbo Savory Scone;Astoria
90.25;19;13;202305;May;Tue;Morning;very high;Drinking Chocolate;Hot chocolate;Sustainably Grown Organic Lg;Astoria
48.00;24;17;202305;May;Tue;Morning;High;Coffee;Drip coffee;Our Old Time Diner Blend Sm;Astoria
49.00;14;9;202305;May;Tue;Morning;High;Coffee;Organic brewed coffee;Brazilian Lg;Astoria
112.50;30;21;202305;May;Tue;Morning;very high;Drinking Chocolate;Hot chocolate;Sustainably Grown Organic Rg;Hell's Kitchen
90.00;24;24;202305;May;Tue;Morning;very high;Bakery;Pastry;Chocolate Croissant;Hell's Kitchen
91.00;28;25;202305;May;Tue;Morning;very high;Bakery;Scone;Ginger Scone;Hell's Kitchen
93.75;25;16;202305;May;Tue;Morning;very high;Coffee;Barista Espresso;Cappuccino;Astoria
25.00;10;9;202305;May;Tue;Morning;Med;Tea;Brewed Black tea;English Breakfast Rg;Astoria
116.25;31;20;202305;May;Tue;Morning;very high;Coffee;Premium brewed coffee;Jamaican Coffee River Lg;Lower Manhattan
57.00;19;14;202305;May;Tue;Morning;High;Coffee;Gourmet brewed coffee;Ethiopia Rg;Astoria
39.00;12;12;202305;May;Tue;Morning;Med;Bakery;Biscotti;Hazelnut Biscotti;Astoria
56.10;22;16;202305;May;Tue;Morning;High;Tea;Brewed Chai tea;Spicy Eye Opener Chai Rg;Astoria
93.75;25;25;202305;May;Tue;Morning;very high;Bakery;Pastry;Chocolate Croissant;Astoria
85.50;19;19;202305;May;Tue;Morning;very high;Bakery;Scone;Scottish Cream Scone ;Hell's Kitchen
15.00;6;4;202305;May;Tue;Night;Low;Coffee;Drip coffee;Our Old Time Diner Blend Rg;Hell's Kitchen
21.00;7;6;202305;May;Tue;Afternoon;Med;Coffee;Drip coffee;Our Old Time Diner Blend Lg;Lower Manhattan
48.00;12;10;202305;May;Tue;Afternoon;High;Tea;Brewed Chai tea;Morning Sunrise Chai Lg;Lower Manhattan
66.50;19;11;202305;May;Tue;Afternoon;very high;Coffee;Organic brewed coffee;Brazilian Lg;Hell's Kitchen
66.00;22;15;202305;May;Tue;Afternoon;very high;Tea;Brewed Chai tea;Traditional Blend Chai Lg;Astoria
45.00;15;10;202305;May;Tue;Afternoon;High;Coffee;Barista Espresso;Espresso shot;Astoria
55.00;22;17;202305;May;Tue;Afternoon;High;Coffee;Drip coffee;Our Old Time Diner Blend Rg;Astoria
27.00;9;5;202305;May;Tue;Afternoon;Med;Coffee;Drip coffee;Our Old Time Diner Blend Lg;Hell's Kitchen
16.25;5;5;202305;May;Tue;Afternoon;Low;Bakery;Biscotti;Hazelnut Biscotti;Hell's Kitchen
37.50;15;11;202305;May;Tue;Afternoon;Med;Coffee;Drip coffee;Our Old Time Diner Blend Rg;Hell's Kitchen
63.75;15;9;202305;May;Tue;Afternoon;very high;Coffee;Barista Espresso;Latte Rg;Astoria
30.00;8;8;202305;May;Tue;Afternoon;Med;Bakery;Pastry;Chocolate Croissant;Astoria
40.00;16;9;202305;May;Tue;Afternoon;Med;Tea;Brewed Black tea;English Breakfast Rg;Lower Manhattan
45.00;15;9;202305;May;Tue;Afternoon;High;Coffee;Gourmet brewed coffee;Ethiopia Rg;Lower Manhattan
28.88;8;8;202305;May;Tue;Afternoon;Med;Bakery;Pastry;Croissant;Lower Manhattan
54.00;18;12;202305;May;Tue;Afternoon;High;Tea;Brewed herbal tea;Lemon Grass Lg;Astoria
104.50;22;15;202305;May;Tue;Afternoon;very high;Drinking Chocolate;Hot chocolate;Sustainably Grown Organic Lg;Astoria
52.50;15;10;202305;May;Tue;Afternoon;High;Coffee;Gourmet brewed coffee;Ethiopia Lg;Hell's Kitchen
84.00;28;17;202305;May;Tue;Afternoon;very high;Tea;Brewed Green tea;Serenity Green Tea Lg;Astoria
22.75;7;7;202305;May;Tue;Afternoon;Med;Bakery;Biscotti;Hazelnut Biscotti;Astoria
37.50;15;9;202305;May;Tue;Afternoon;Med;Tea;Brewed Chai tea;Morning Sunrise Chai Rg;Hell's Kitchen
22.50;9;6;202305;May;Tue;Afternoon;Med;Tea;Brewed Chai tea;Traditional Blend Chai Rg;Lower Manhattan
30.00;8;7;202305;May;Tue;Afternoon;Med;Drinking Chocolate;Hot chocolate;Sustainably Grown Organic Rg;Astoria
52.50;21;12;202305;May;Tue;Afternoon;High;Tea;Brewed Black tea;Earl Grey Rg;Astoria
35.00;14;9;202305;May;Tue;Afternoon;Med;Tea;Brewed Chai tea;Traditional Blend Chai Rg;Hell's Kitchen
76.00;19;13;202305;May;Tue;Afternoon;very high;Tea;Brewed Chai tea;Morning Sunrise Chai Lg;Astoria
39.60;18;11;202305;May;Tue;Afternoon;Med;Coffee;Organic brewed coffee;Brazilian Sm;Astoria
45.00;12;12;202305;May;Tue;Afternoon;High;Bakery;Scone;Jumbo Savory Scone;Astoria
27.50;11;7;202305;May;Tue;Afternoon;Med;Tea;Brewed herbal tea;Peppermint Rg;Lower Manhattan
19.50;6;6;202305;May;Tue;Afternoon;Low;Bakery;Biscotti;Hazelnut Biscotti;Lower Manhattan
22.00;11;8;202305;May;Tue;Afternoon;Med;Coffee;Gourmet brewed coffee;Columbian Medium Roast Sm;Hell's Kitchen
18.00;6;6;202305;May;Tue;Afternoon;Low;Bakery;Scone;Oatmeal Scone;Hell's Kitchen
17.50;7;6;202305;May;Tue;Afternoon;Low;Tea;Brewed Black tea;English Breakfast Rg;Hell's Kitchen
15.00;5;4;202305;May;Tue;Afternoon;Low;Tea;Brewed herbal tea;Peppermint Lg;Lower Manhattan
38.00;19;13;202305;May;Tue;Afternoon;Med;Coffee;Drip coffee;Our Old Time Diner Blend Sm;Astoria
31.88;8;8;202305;May;Tue;Afternoon;Med;Bakery;Scone;Jumbo Savory Scone;Lower Manhattan
22.50;5;5;202305;May;Tue;Afternoon;Med;Bakery;Scone;Scottish Cream Scone ;Astoria
18.00;6;6;202305;May;Tue;Afternoon;Low;Bakery;Scone;Oatmeal Scone;Astoria
35.00;14;10;202305;May;Tue;Afternoon;Med;Tea;Brewed Chai tea;Morning Sunrise Chai Rg;Lower Manhattan
38.50;11;6;202305;May;Tue;Afternoon;Med;Coffee;Gourmet brewed coffee;Ethiopia Lg;Lower Manhattan
85.50;19;11;202305;May;Tue;Afternoon;very high;Drinking Chocolate;Hot chocolate;Dark chocolate Lg;Astoria
37.50;10;7;202305;May;Tue;Afternoon;Med;Drinking Chocolate;Hot chocolate;Sustainably Grown Organic Rg;Hell's Kitchen
27.90;9;6;202305;May;Tue;Afternoon;Med;Coffee;Premium brewed coffee;Jamaican Coffee River Rg;Hell's Kitchen
25.00;10;7;202305;May;Tue;Afternoon;Med;Tea;Brewed Black tea;Earl Grey Rg;Hell's Kitchen
59.50;17;12;202305;May;Tue;Afternoon;High;Drinking Chocolate;Hot chocolate;Dark chocolate Rg;Astoria
24.20;11;7;202305;May;Tue;Afternoon;Med;Coffee;Organic brewed coffee;Brazilian Sm;Lower Manhattan
65.10;21;11;202305;May;Tue;Afternoon;very high;Tea;Brewed Chai tea;Spicy Eye Opener Chai Lg;Lower Manhattan
59.50;17;14;202305;May;Tue;Afternoon;High;Coffee;Gourmet brewed coffee;Ethiopia Lg;Astoria
14.00;4;3;202305;May;Tue;Afternoon;Low;Bakery;Biscotti;Ginger Biscotti;Astoria
27.00;9;5;202305;May;Tue;Afternoon;Med;Coffee;Barista Espresso;Espresso shot;Lower Manhattan
30.60;12;9;202305;May;Tue;Afternoon;Med;Tea;Brewed Chai tea;Spicy Eye Opener Chai Rg;Astoria
30.00;12;7;202305;May;Tue;Afternoon;Med;Tea;Brewed herbal tea;Lemon Grass Rg;Lower Manhattan
20.10;7;5;202305;May;Tue;Afternoon;very high;Coffee;Barista Espresso;Ouro Brasileiro shot;Hell's Kitchen
46.20;16;11;202305;May;Tue;Afternoon;High;Coffee;Barista Espresso;Ouro Brasileiro shot;Lower Manhattan
47.50;19;14;202305;May;Tue;Afternoon;High;Tea;Brewed herbal tea;Peppermint Rg;Hell's Kitchen
42.00;14;10;202305;May;Tue;Afternoon;High;Tea;Brewed Black tea;Earl Grey Lg;Astoria
86.25;23;16;202305;May;Tue;Afternoon;very high;Coffee;Barista Espresso;Cappuccino;Astoria
26.25;7;7;202305;May;Tue;Afternoon;Med;Bakery;Pastry;Almond Croissant;Astoria
24.00;8;5;202305;May;Tue;Afternoon;Med;Coffee;Gourmet brewed coffee;Columbian Medium Roast Lg;Lower Manhattan
54.00;18;11;202305;May;Tue;Afternoon;High;Coffee;Organic brewed coffee;Brazilian Rg;Lower Manhattan
42.50;17;11;202305;May;Tue;Afternoon;High;Tea;Brewed Green tea;Serenity Green Tea Rg;Astoria
33.00;15;11;202305;May;Tue;Afternoon;Med;Coffee;Gourmet brewed coffee;Ethiopia Sm;Hell's Kitchen
52.50;14;9;202305;May;Tue;Afternoon;High;Coffee;Premium brewed coffee;Jamaican Coffee River Lg;Astoria
38.50;11;7;202305;May;Tue;Afternoon;Med;Drinking Chocolate;Hot chocolate;Dark chocolate Rg;Lower Manhattan
12.00;4;4;202305;May;Tue;Afternoon;Low;Bakery;Scone;Oatmeal Scone;Lower Manhattan
48.75;13;9;202305;May;Tue;Afternoon;High;Coffee;Barista Espresso;Cappuccino;Lower Manhattan
25.00;10;8;202305;May;Tue;Afternoon;Med;Tea;Brewed Chai tea;Traditional Blend Chai Rg;Astoria
54.00;18;12;202305;May;Tue;Afternoon;High;Tea;Brewed herbal tea;Peppermint Lg;Astoria
45.00;15;9;202305;May;Tue;Afternoon;High;Coffee;Gourmet brewed coffee;Columbian Medium Roast Lg;Hell's Kitchen
27.90;9;7;202305;May;Tue;Afternoon;Med;Tea;Brewed Chai tea;Spicy Eye Opener Chai Lg;Hell's Kitchen
36.00;12;8;202305;May;Tue;Afternoon;Med;Coffee;Gourmet brewed coffee;Ethiopia Rg;Astoria
45.00;18;11;202305;May;Tue;Afternoon;High;Tea;Brewed herbal tea;Peppermint Rg;Astoria
63.00;18;10;202305;May;Tue;Afternoon;very high;Coffee;Organic brewed coffee;Brazilian Lg;Astoria
27.00;9;6;202305;May;Tue;Afternoon;Med;Tea;Brewed Green tea;Serenity Green Tea Lg;Hell's Kitchen
30.00;15;10;202305;May;Tue;Afternoon;Med;Coffee;Gourmet brewed coffee;Columbian Medium Roast Sm;Astoria
40.30;13;9;202305;May;Tue;Afternoon;very high;Tea;Brewed Chai tea;Spicy Eye Opener Chai Lg;Astoria
24.00;8;6;202305;May;Tue;Afternoon;Med;Tea;Brewed Black tea;English Breakfast Lg;Hell's Kitchen
40.00;10;7;202305;May;Tue;Afternoon;Med;Tea;Brewed Chai tea;Morning Sunrise Chai Lg;Hell's Kitchen
55.25;13;9;202305;May;Tue;Afternoon;High;Coffee;Barista Espresso;Cappuccino Lg;Hell's Kitchen
21.00;7;5;202305;May;Tue;Afternoon;Med;Tea;Brewed Black tea;English Breakfast Lg;Lower Manhattan
27.00;9;8;202305;May;Mon;Evening;Med;Coffee;Gourmet brewed coffee;Ethiopia Rg;Hell's Kitchen
63.00;18;13;202305;May;Mon;Evening;very high;Coffee;Gourmet brewed coffee;Ethiopia Lg;Astoria
108.00;36;25;202305;May;Tue;Morning;very high;Coffee;Gourmet brewed coffee;Ethiopia Rg;Hell's Kitchen
51.00;17;12;202305;May;Tue;Afternoon;High;Coffee;Drip coffee;Our Old Time Diner Blend Lg;Astoria
18.38;5;5;202305;May;Tue;Afternoon;Low;Bakery;Biscotti;Ginger Biscotti;Lower Manhattan
45.00;15;9;202305;May;Tue;Afternoon;High;Tea;Brewed Green tea;Serenity Green Tea Lg;Lower Manhattan
63.75;17;12;202305;May;Tue;Afternoon;very high;Coffee;Barista Espresso;Latte;Astoria
30.00;10;6;202305;May;Tue;Afternoon;Med;Coffee;Barista Espresso;Espresso shot;Hell's Kitchen
31.50;7;7;202305;May;Tue;Afternoon;Med;Bakery;Scone;Scottish Cream Scone ;Hell's Kitchen
45.00;12;9;202305;May;Tue;Afternoon;High;Coffee;Premium brewed coffee;Jamaican Coffee River Lg;Lower Manhattan
18.00;6;5;202305;May;Tue;Afternoon;Low;Coffee;Gourmet brewed coffee;Columbian Medium Roast Lg;Astoria
24.20;11;8;202305;May;Tue;Afternoon;Med;Coffee;Gourmet brewed coffee;Ethiopia Sm;Lower Manhattan
46.75;11;7;202305;May;Tue;Afternoon;High;Coffee;Barista Espresso;Latte Rg;Hell's Kitchen
26.00;8;8;202305;May;Tue;Afternoon;Med;Bakery;Scone;Ginger Scone;Astoria
35.20;16;10;202305;May;Tue;Afternoon;Med;Coffee;Gourmet brewed coffee;Ethiopia Sm;Astoria
54.00;18;9;202305;May;Tue;Afternoon;High;Tea;Brewed Black tea;Earl Grey Lg;Lower Manhattan
23.75;5;4;202305;May;Tue;Afternoon;Med;Drinking Chocolate;Hot chocolate;Sustainably Grown Organic Lg;Lower Manhattan
27.50;11;9;202305;May;Tue;Afternoon;Med;Coffee;Gourmet brewed coffee;Columbian Medium Roast Rg;Astoria
21.00;6;6;202305;May;Tue;Afternoon;Med;Bakery;Biscotti;Chocolate Chip Biscotti;Astoria
54.00;12;8;202305;May;Tue;Afternoon;High;Drinking Chocolate;Hot chocolate;Dark chocolate Lg;Lower Manhattan
22.05;9;6;202305;May;Tue;Afternoon;Med;Coffee;Premium brewed coffee;Jamaican Coffee River Sm;Astoria
56.25;15;10;202305;May;Tue;Afternoon;High;Coffee;Premium brewed coffee;Jamaican Coffee River Lg;Hell's Kitchen
13.20;6;4;202305;May;Tue;Afternoon;Low;Coffee;Organic brewed coffee;Brazilian Sm;Hell's Kitchen
38.00;8;6;202305;May;Tue;Afternoon;Med;Drinking Chocolate;Hot chocolate;Sustainably Grown Organic Lg;Hell's Kitchen
27.00;9;7;202305;May;Tue;Afternoon;Med;Tea;Brewed herbal tea;Lemon Grass Lg;Hell's Kitchen
25.00;10;7;202305;May;Tue;Afternoon;Med;Tea;Brewed Black tea;Earl Grey Rg;Lower Manhattan
24.50;7;4;202305;May;Tue;Afternoon;Med;Drinking Chocolate;Hot chocolate;Dark chocolate Rg;Hell's Kitchen
40.50;9;7;202305;May;Tue;Afternoon;very high;Drinking Chocolate;Hot chocolate;Dark chocolate Lg;Hell's Kitchen
30.00;10;8;202305;May;Tue;Afternoon;Med;Coffee;Organic brewed coffee;Brazilian Rg;Hell's Kitchen
11.25;3;3;202305;May;Tue;Afternoon;Low;Bakery;Pastry;Almond Croissant;Hell's Kitchen
17.15;7;4;202305;May;Tue;Afternoon;Low;Coffee;Premium brewed coffee;Jamaican Coffee River Sm;Hell's Kitchen
22.75;7;7;202305;May;Tue;Afternoon;Med;Bakery;Scone;Cranberry Scone;Astoria
40.00;16;10;202305;May;Tue;Afternoon;Med;Tea;Brewed Chai tea;Morning Sunrise Chai Rg;Astoria
11.25;3;3;202305;May;Tue;Afternoon;Low;Bakery;Pastry;Chocolate Croissant;Hell's Kitchen
42.50;10;6;202305;May;Tue;Afternoon;High;Coffee;Barista Espresso;Latte Rg;Lower Manhattan
40.00;16;11;202305;May;Tue;Afternoon;Med;Tea;Brewed Green tea;Serenity Green Tea Rg;Hell's Kitchen
41.25;11;6;202305;May;Tue;Afternoon;High;Coffee;Barista Espresso;Latte;Hell's Kitchen
36.75;15;11;202305;May;Tue;Afternoon;Med;Coffee;Premium brewed coffee;Jamaican Coffee River Sm;Lower Manhattan
36.00;12;8;202305;May;Tue;Afternoon;Med;Coffee;Organic brewed coffee;Brazilian Rg;Astoria
17.50;5;5;202305;May;Tue;Afternoon;Low;Bakery;Pastry;Croissant;Astoria
28.05;11;7;202305;May;Tue;Afternoon;Med;Tea;Brewed Chai tea;Spicy Eye Opener Chai Rg;Lower Manhattan
35.00;14;8;202305;May;Tue;Afternoon;Med;Coffee;Drip coffee;Our Old Time Diner Blend Rg;Lower Manhattan
18.00;4;4;202305;May;Tue;Afternoon;Low;Bakery;Scone;Scottish Cream Scone ;Lower Manhattan
7.00;2;2;202305;May;Tue;Afternoon;Low;Bakery;Biscotti;Chocolate Chip Biscotti;Hell's Kitchen
15.30;6;5;202305;May;Tue;Afternoon;Low;Tea;Brewed Chai tea;Spicy Eye Opener Chai Rg;Hell's Kitchen
48.00;16;11;202305;May;Tue;Afternoon;High;Tea;Brewed Black tea;English Breakfast Lg;Astoria
43.40;14;8;202305;May;Tue;Afternoon;High;Coffee;Premium brewed coffee;Jamaican Coffee River Rg;Astoria
15.00;4;4;202305;May;Tue;Afternoon;Low;Bakery;Scone;Jumbo Savory Scone;Hell's Kitchen
33.00;11;7;202305;May;Tue;Afternoon;Med;Tea;Brewed herbal tea;Peppermint Lg;Hell's Kitchen
20.00;10;6;202305;May;Tue;Afternoon;Low;Coffee;Gourmet brewed coffee;Columbian Medium Roast Sm;Lower Manhattan
71.25;19;11;202305;May;Tue;Afternoon;very high;Coffee;Barista Espresso;Latte;Lower Manhattan
13.00;4;4;202305;May;Tue;Afternoon;Low;Bakery;Scone;Cranberry Scone;Lower Manhattan
14.00;4;2;202305;May;Tue;Afternoon;Low;Coffee;Organic brewed coffee;Brazilian Lg;Lower Manhattan
42.50;10;8;202305;May;Tue;Afternoon;High;Coffee;Barista Espresso;Cappuccino Lg;Lower Manhattan
33.00;11;8;202305;May;Tue;Afternoon;Med;Coffee;Gourmet brewed coffee;Ethiopia Rg;Hell's Kitchen
37.50;15;11;202305;May;Tue;Afternoon;Med;Tea;Brewed herbal tea;Lemon Grass Rg;Astoria
29.67;9;9;202305;May;Tue;Afternoon;Med;Bakery;Scone;Ginger Scone;Lower Manhattan
32.00;16;10;202305;May;Tue;Afternoon;Med;Coffee;Drip coffee;Our Old Time Diner Blend Sm;Hell's Kitchen
24.00;8;6;202305;May;Tue;Afternoon;Med;Tea;Brewed Chai tea;Traditional Blend Chai Lg;Hell's Kitchen
15.00;4;3;202305;May;Tue;Afternoon;Low;Coffee;Barista Espresso;Cappuccino;Hell's Kitchen
20.00;8;6;202305;May;Tue;Afternoon;Low;Tea;Brewed Green tea;Serenity Green Tea Rg;Lower Manhattan
13.00;4;4;202305;May;Tue;Afternoon;Low;Bakery;Scone;Cranberry Scone;Hell's Kitchen
18.00;9;6;202305;May;Tue;Afternoon;Low;Coffee;Drip coffee;Our Old Time Diner Blend Sm;Lower Manhattan
10.50;3;3;202305;May;Tue;Afternoon;Low;Bakery;Biscotti;Ginger Biscotti;Hell's Kitchen
30.00;12;8;202305;May;Tue;Afternoon;Med;Coffee;Gourmet brewed coffee;Columbian Medium Roast Rg;Lower Manhattan
24.80;8;6;202305;May;Tue;Night;Med;Coffee;Premium brewed coffee;Jamaican Coffee River Rg;Lower Manhattan
18.00;6;4;202305;May;Tue;Night;Low;Coffee;Organic brewed coffee;Brazilian Rg;Lower Manhattan
3.00;1;1;202305;May;Tue;Night;Low;Tea;Brewed Black tea;Earl Grey Lg;Astoria
72.00;24;14;202305;May;Tue;Evening;very high;Tea;Brewed Black tea;Earl Grey Lg;Astoria
31.50;7;7;202305;May;Tue;Evening;Med;Bakery;Scone;Scottish Cream Scone ;Astoria
76.50;18;11;202305;May;Tue;Evening;very high;Coffee;Barista Espresso;Latte Rg;Lower Manhattan
37.50;10;6;202305;May;Tue;Evening;Med;Coffee;Barista Espresso;Cappuccino;Lower Manhattan
5.00;2;2;202305;May;Tue;Evening;Low;Tea;Brewed herbal tea;Peppermint Rg;Lower Manhattan
9.00;3;3;202305;May;Tue;Evening;Low;Coffee;Organic brewed coffee;Brazilian Rg;Lower Manhattan
64.00;16;10;202305;May;Tue;Evening;very high;Tea;Brewed Chai tea;Morning Sunrise Chai Lg;Astoria
30.80;14;9;202305;May;Tue;Evening;Med;Coffee;Organic brewed coffee;Brazilian Sm;Astoria
45.00;18;11;202305;May;Tue;Evening;High;Tea;Brewed Chai tea;Traditional Blend Chai Rg;Lower Manhattan
30.00;10;6;202305;May;Tue;Evening;Med;Coffee;Barista Espresso;Ouro Brasileiro shot;Hell's Kitchen
56.00;16;10;202305;May;Tue;Evening;High;Coffee;Gourmet brewed coffee;Ethiopia Lg;Hell's Kitchen
42.50;10;7;202305;May;Tue;Evening;High;Coffee;Barista Espresso;Latte Rg;Astoria
81.00;27;17;202305;May;Tue;Evening;very high;Tea;Brewed herbal tea;Peppermint Lg;Astoria
42.00;14;9;202305;May;Tue;Evening;High;Coffee;Organic brewed coffee;Brazilian Rg;Hell's Kitchen
33.00;11;8;202305;May;Tue;Evening;Med;Tea;Brewed Green tea;Serenity Green Tea Lg;Hell's Kitchen
25.00;10;8;202305;May;Tue;Evening;Med;Coffee;Gourmet brewed coffee;Columbian Medium Roast Rg;Lower Manhattan
24.00;8;7;202305;May;Tue;Evening;Med;Coffee;Gourmet brewed coffee;Columbian Medium Roast Lg;Lower Manhattan
22.00;11;8;202305;May;Tue;Evening;Med;Coffee;Drip coffee;Our Old Time Diner Blend Sm;Hell's Kitchen
14.63;3;3;202305;May;Tue;Evening;Low;Bakery;Scone;Scottish Cream Scone ;Lower Manhattan
36.00;12;9;202305;May;Tue;Evening;Med;Coffee;Gourmet brewed coffee;Ethiopia Rg;Astoria
15.00;6;3;202305;May;Tue;Evening;Low;Tea;Brewed Black tea;English Breakfast Rg;Lower Manhattan
40.00;16;10;202305;May;Tue;Evening;Med;Tea;Brewed Black tea;Earl Grey Rg;Hell's Kitchen
24.00;8;5;202305;May;Tue;Evening;Med;Coffee;Drip coffee;Our Old Time Diner Blend Lg;Hell's Kitchen
60.00;20;12;202305;May;Tue;Evening;High;Tea;Brewed Chai tea;Traditional Blend Chai Lg;Astoria
33.00;11;8;202305;May;Tue;Evening;Med;Tea;Brewed herbal tea;Lemon Grass Lg;Hell's Kitchen
18.00;4;4;202305;May;Tue;Evening;Low;Drinking Chocolate;Hot chocolate;Dark chocolate Lg;Lower Manhattan
41.25;11;8;202305;May;Tue;Evening;High;Coffee;Barista Espresso;Latte;Astoria
52.50;14;9;202305;May;Tue;Evening;High;Drinking Chocolate;Hot chocolate;Sustainably Grown Organic Rg;Lower Manhattan
25.00;10;7;202305;May;Tue;Evening;Med;Tea;Brewed herbal tea;Lemon Grass Rg;Hell's Kitchen
42.00;14;11;202305;May;Tue;Evening;High;Coffee;Gourmet brewed coffee;Columbian Medium Roast Lg;Astoria
15.00;6;4;202305;May;Tue;Evening;Low;Coffee;Drip coffee;Our Old Time Diner Blend Rg;Lower Manhattan
48.00;16;11;202305;May;Tue;Evening;High;Tea;Brewed Black tea;English Breakfast Lg;Hell's Kitchen
22.50;9;8;202305;May;Tue;Evening;Med;Tea;Brewed Black tea;English Breakfast Rg;Astoria
63.00;18;10;202305;May;Tue;Evening;very high;Coffee;Organic brewed coffee;Brazilian Lg;Astoria
35.00;14;8;202305;May;Tue;Evening;Med;Tea;Brewed Chai tea;Morning Sunrise Chai Rg;Hell's Kitchen
37.20;12;9;202305;May;Tue;Evening;Med;Tea;Brewed Chai tea;Spicy Eye Opener Chai Lg;Lower Manhattan
45.50;13;9;202305;May;Tue;Evening;High;Drinking Chocolate;Hot chocolate;Dark chocolate Rg;Astoria
17.50;5;5;202305;May;Tue;Evening;Low;Bakery;Biscotti;Chocolate Chip Biscotti;Astoria
30.00;8;8;202305;May;Tue;Evening;Med;Bakery;Pastry;Almond Croissant;Astoria
42.50;17;11;202305;May;Tue;Evening;High;Tea;Brewed herbal tea;Peppermint Rg;Astoria
16.25;5;5;202305;May;Tue;Evening;Low;Bakery;Scone;Ginger Scone;Astoria
70.00;28;16;202305;May;Tue;Evening;very high;Coffee;Gourmet brewed coffee;Columbian Medium Roast Rg;Astoria
57.00;12;8;202305;May;Tue;Evening;High;Drinking Chocolate;Hot chocolate;Sustainably Grown Organic Lg;Hell's Kitchen
42.00;14;7;202305;May;Tue;Evening;High;Tea;Brewed Chai tea;Traditional Blend Chai Lg;Hell's Kitchen
32.50;13;10;202305;May;Tue;Evening;Med;Tea;Brewed Green tea;Serenity Green Tea Rg;Hell's Kitchen
22.50;9;6;202305;May;Tue;Evening;Med;Tea;Brewed herbal tea;Peppermint Rg;Hell's Kitchen
67.50;18;12;202305;May;Tue;Evening;very high;Coffee;Premium brewed coffee;Jamaican Coffee River Lg;Astoria
42.50;17;11;202305;May;Tue;Evening;High;Tea;Brewed Chai tea;Traditional Blend Chai Rg;Astoria
22.50;9;4;202305;May;Tue;Evening;Med;Tea;Brewed Black tea;Earl Grey Rg;Lower Manhattan
17.60;8;6;202305;May;Tue;Evening;Low;Coffee;Gourmet brewed coffee;Ethiopia Sm;Hell's Kitchen
14.00;4;4;202305;May;Tue;Evening;Low;Bakery;Pastry;Croissant;Lower Manhattan
50.60;23;16;202305;May;Tue;Evening;High;Coffee;Gourmet brewed coffee;Ethiopia Sm;Astoria
18.00;9;7;202305;May;Tue;Evening;Low;Coffee;Gourmet brewed coffee;Columbian Medium Roast Sm;Hell's Kitchen
17.00;4;3;202305;May;Tue;Evening;Low;Coffee;Barista Espresso;Latte Rg;Hell's Kitchen
37.20;12;7;202305;May;Tue;Evening;Med;Tea;Brewed Chai tea;Spicy Eye Opener Chai Lg;Hell's Kitchen
35.00;14;10;202305;May;Tue;Evening;Med;Tea;Brewed Chai tea;Morning Sunrise Chai Rg;Astoria
45.00;12;12;202305;May;Tue;Evening;High;Bakery;Scone;Jumbo Savory Scone;Astoria
10.00;5;3;202305;May;Tue;Evening;Low;Coffee;Drip coffee;Our Old Time Diner Blend Sm;Lower Manhattan
95.00;20;15;202305;May;Tue;Evening;very high;Drinking Chocolate;Hot chocolate;Sustainably Grown Organic Lg;Astoria
36.00;12;6;202305;May;Tue;Evening;Med;Coffee;Gourmet brewed coffee;Ethiopia Rg;Lower Manhattan
40.00;16;11;202305;May;Tue;Evening;Med;Tea;Brewed Green tea;Serenity Green Tea Rg;Astoria
38.25;9;6;202305;May;Tue;Evening;Med;Coffee;Barista Espresso;Cappuccino Lg;Lower Manhattan
21.00;7;5;202305;May;Tue;Evening;Med;Tea;Brewed Green tea;Serenity Green Tea Lg;Lower Manhattan
33.00;11;8;202305;May;Tue;Evening;Med;Tea;Brewed Black tea;English Breakfast Lg;Astoria
17.60;8;5;202305;May;Tue;Evening;Low;Coffee;Organic brewed coffee;Brazilian Sm;Lower Manhattan
55.00;22;13;202305;May;Tue;Evening;High;Tea;Brewed Black tea;Earl Grey Rg;Astoria
38.50;11;11;202305;May;Tue;Evening;Med;Bakery;Biscotti;Ginger Biscotti;Astoria
22.50;6;6;202305;May;Tue;Evening;Med;Bakery;Scone;Jumbo Savory Scone;Hell's Kitchen
51.00;12;8;202305;May;Tue;Evening;High;Coffee;Barista Espresso;Cappuccino Lg;Hell's Kitchen
13.20;6;5;202305;May;Tue;Evening;Low;Coffee;Organic brewed coffee;Brazilian Sm;Hell's Kitchen
37.50;15;11;202305;May;Tue;Evening;Med;Tea;Brewed Chai tea;Traditional Blend Chai Rg;Hell's Kitchen
15.00;5;5;202305;May;Tue;Evening;Low;Bakery;Scone;Oatmeal Scone;Lower Manhattan
15.00;6;4;202305;May;Tue;Evening;Low;Tea;Brewed Chai tea;Morning Sunrise Chai Rg;Lower Manhattan
52.00;13;9;202305;May;Tue;Evening;High;Tea;Brewed Chai tea;Morning Sunrise Chai Lg;Hell's Kitchen
27.50;11;8;202305;May;Tue;Evening;Med;Tea;Brewed herbal tea;Lemon Grass Rg;Astoria
30.00;8;5;202305;May;Tue;Evening;Med;Coffee;Premium brewed coffee;Jamaican Coffee River Lg;Hell's Kitchen
45.50;13;8;202305;May;Tue;Evening;High;Coffee;Organic brewed coffee;Brazilian Lg;Lower Manhattan
112.50;25;15;202305;May;Tue;Evening;very high;Drinking Chocolate;Hot chocolate;Dark chocolate Lg;Astoria
21.00;7;5;202305;May;Tue;Evening;Med;Coffee;Barista Espresso;Ouro Brasileiro shot;Lower Manhattan
46.50;15;9;202305;May;Tue;Evening;High;Coffee;Premium brewed coffee;Jamaican Coffee River Rg;Astoria
48.00;16;12;202305;May;Tue;Evening;High;Tea;Brewed Green tea;Serenity Green Tea Lg;Astoria
18.00;6;4;202305;May;Tue;Evening;Low;Tea;Brewed herbal tea;Lemon Grass Lg;Lower Manhattan
26.00;13;10;202305;May;Tue;Evening;Med;Coffee;Gourmet brewed coffee;Columbian Medium Roast Sm;Astoria
42.00;14;9;202305;May;Tue;Evening;High;Coffee;Drip coffee;Our Old Time Diner Blend Lg;Astoria
24.50;10;6;202305;May;Tue;Evening;Med;Coffee;Premium brewed coffee;Jamaican Coffee River Sm;Hell's Kitchen
30.00;10;8;202305;May;Tue;Evening;Med;Coffee;Gourmet brewed coffee;Columbian Medium Roast Lg;Hell's Kitchen
7.50;2;2;202305;May;Tue;Evening;Low;Bakery;Pastry;Chocolate Croissant;Hell's Kitchen
3.00;1;1;202305;May;Tue;Evening;Low;Tea;Brewed Black tea;English Breakfast Lg;Lower Manhattan
82.50;22;14;202305;May;Tue;Evening;very high;Coffee;Barista Espresso;Cappuccino;Astoria
11.25;3;3;202305;May;Tue;Evening;Low;Bakery;Scone;Jumbo Savory Scone;Lower Manhattan
42.00;14;11;202305;May;Tue;Evening;High;Tea;Brewed herbal tea;Lemon Grass Lg;Astoria
24.20;11;8;202305;May;Tue;Evening;Med;Coffee;Gourmet brewed coffee;Ethiopia Sm;Lower Manhattan
10.50;3;3;202305;May;Tue;Evening;Low;Bakery;Biscotti;Ginger Biscotti;Lower Manhattan
20.40;8;5;202305;May;Tue;Evening;very high;Tea;Brewed Chai tea;Spicy Eye Opener Chai Rg;Astoria
33.00;11;8;202305;May;Tue;Evening;Med;Coffee;Organic brewed coffee;Brazilian Rg;Astoria
54.00;18;12;202305;May;Tue;Evening;High;Coffee;Gourmet brewed coffee;Ethiopia Rg;Hell's Kitchen
19.50;6;6;202305;May;Tue;Evening;Low;Bakery;Biscotti;Hazelnut Biscotti;Hell's Kitchen
37.20;12;8;202305;May;Tue;Evening;Med;Tea;Brewed Chai tea;Spicy Eye Opener Chai Lg;Astoria
15.00;6;5;202305;May;Tue;Evening;Low;Tea;Brewed Black tea;English Breakfast Rg;Hell's Kitchen
9.00;3;3;202305;May;Tue;Evening;Low;Bakery;Scone;Oatmeal Scone;Hell's Kitchen
30.00;10;6;202305;May;Tue;Evening;Med;Coffee;Barista Espresso;Espresso shot;Astoria
45.00;15;10;202305;May;Tue;Evening;High;Tea;Brewed Black tea;Earl Grey Lg;Hell's Kitchen
9.75;3;3;202305;May;Tue;Evening;Low;Bakery;Scone;Ginger Scone;Hell's Kitchen
20.40;8;5;202305;May;Tue;Evening;very high;Tea;Brewed Chai tea;Spicy Eye Opener Chai Rg;Hell's Kitchen
16.00;4;3;202305;May;Tue;Evening;Low;Tea;Brewed Chai tea;Morning Sunrise Chai Lg;Lower Manhattan
3.50;1;1;202305;May;Tue;Evening;Low;Bakery;Biscotti;Chocolate Chip Biscotti;Lower Manhattan
7.50;2;2;202305;May;Tue;Evening;Low;Bakery;Pastry;Almond Croissant;Lower Manhattan
26.00;8;8;202305;May;Tue;Evening;Med;Bakery;Scone;Cranberry Scone;Astoria
80.50;23;15;202305;May;Tue;Evening;very high;Coffee;Gourmet brewed coffee;Ethiopia Lg;Astoria
34.30;14;8;202305;May;Tue;Evening;Med;Coffee;Premium brewed coffee;Jamaican Coffee River Sm;Lower Manhattan
10.50;3;3;202305;May;Tue;Evening;Low;Bakery;Pastry;Croissant;Astoria
16.25;5;5;202305;May;Tue;Evening;Low;Bakery;Scone;Cranberry Scone;Hell's Kitchen
44.00;22;14;202305;May;Tue;Evening;High;Coffee;Drip coffee;Our Old Time Diner Blend Sm;Astoria
24.00;8;8;202305;May;Tue;Evening;Med;Bakery;Scone;Oatmeal Scone;Astoria
33.75;9;9;202305;May;Tue;Evening;Med;Bakery;Pastry;Chocolate Croissant;Astoria
40.00;16;11;202305;May;Tue;Evening;Med;Coffee;Drip coffee;Our Old Time Diner Blend Rg;Astoria
60.00;16;14;202305;May;Tue;Evening;High;Drinking Chocolate;Hot chocolate;Sustainably Grown Organic Rg;Astoria
30.00;8;7;202305;May;Tue;Evening;Med;Coffee;Barista Espresso;Cappuccino;Hell's Kitchen
36.00;12;7;202305;May;Tue;Evening;Med;Coffee;Barista Espresso;Espresso shot;Hell's Kitchen
22.50;6;5;202305;May;Tue;Evening;Med;Drinking Chocolate;Hot chocolate;Sustainably Grown Organic Rg;Hell's Kitchen
11.25;3;3;202305;May;Tue;Evening;Low;Bakery;Pastry;Almond Croissant;Hell's Kitchen
40.00;16;9;202305;May;Tue;Evening;Med;Coffee;Drip coffee;Our Old Time Diner Blend Rg;Hell's Kitchen
49.50;11;6;202305;May;Tue;Evening;High;Drinking Chocolate;Hot chocolate;Dark chocolate Lg;Hell's Kitchen
32.50;13;9;202305;May;Tue;Evening;Med;Coffee;Gourmet brewed coffee;Columbian Medium Roast Rg;Hell's Kitchen
39.20;16;10;202305;May;Tue;Evening;Med;Coffee;Premium brewed coffee;Jamaican Coffee River Sm;Astoria
15.50;5;4;202305;May;Tue;Evening;Low;Coffee;Premium brewed coffee;Jamaican Coffee River Rg;Hell's Kitchen
37.50;10;6;202305;May;Tue;Evening;Med;Coffee;Barista Espresso;Latte;Hell's Kitchen
49.00;14;7;202305;May;Tue;Evening;High;Drinking Chocolate;Hot chocolate;Dark chocolate Rg;Hell's Kitchen
91.00;26;16;202305;May;Wed;Morning;very high;Coffee;Gourmet brewed coffee;Ethiopia Lg;Lower Manhattan
90.25;19;13;202305;May;Wed;Morning;very high;Drinking Chocolate;Hot chocolate;Sustainably Grown Organic Lg;Lower Manhattan
93.00;31;20;202305;May;Wed;Morning;very high;Tea;Brewed herbal tea;Peppermint Lg;Lower Manhattan
87.00;29;18;202305;May;Wed;Morning;very high;Tea;Brewed herbal tea;Lemon Grass Lg;Lower Manhattan
58.50;13;13;202305;May;Wed;Morning;High;Bakery;Scone;Scottish Cream Scone ;Lower Manhattan
112.50;30;19;202305;May;Wed;Morning;very high;Coffee;Barista Espresso;Cappuccino;Lower Manhattan
55.00;22;13;202305;May;Wed;Morning;High;Tea;Brewed herbal tea;Lemon Grass Rg;Lower Manhattan
48.75;15;15;202305;May;Wed;Morning;High;Bakery;Biscotti;Hazelnut Biscotti;Lower Manhattan
69.00;23;12;202305;May;Wed;Morning;very high;Coffee;Drip coffee;Our Old Time Diner Blend Lg;Lower Manhattan
105.00;28;28;202305;May;Wed;Morning;very high;Bakery;Pastry;Chocolate Croissant;Lower Manhattan
50.00;20;14;202305;May;Wed;Morning;High;Coffee;Drip coffee;Our Old Time Diner Blend Rg;Lower Manhattan
117.00;26;15;202305;May;Wed;Morning;very high;Drinking Chocolate;Hot chocolate;Dark chocolate Lg;Lower Manhattan
41.25;11;11;202305;May;Wed;Morning;High;Bakery;Pastry;Almond Croissant;Lower Manhattan
67.50;27;22;202305;May;Wed;Morning;very high;Tea;Brewed Chai tea;Traditional Blend Chai Rg;Lower Manhattan
39.60;18;12;202305;May;Wed;Morning;Med;Coffee;Gourmet brewed coffee;Ethiopia Sm;Lower Manhattan
161.25;43;28;202305;May;Wed;Morning;very high;Coffee;Premium brewed coffee;Jamaican Coffee River Lg;Lower Manhattan
66.00;22;16;202305;May;Wed;Morning;very high;Coffee;Gourmet brewed coffee;Columbian Medium Roast Lg;Lower Manhattan
86.70;34;21;202305;May;Wed;Morning;very high;Tea;Brewed Chai tea;Spicy Eye Opener Chai Rg;Lower Manhattan
102.00;34;21;202305;May;Wed;Morning;very high;Coffee;Organic brewed coffee;Brazilian Rg;Lower Manhattan
80.60;26;16;202305;May;Wed;Morning;very high;Tea;Brewed Chai tea;Spicy Eye Opener Chai Lg;Lower Manhattan
93.50;22;15;202305;May;Wed;Morning;very high;Coffee;Barista Espresso;Cappuccino Lg;Lower Manhattan
128.00;32;17;202305;May;Wed;Morning;very high;Tea;Brewed Chai tea;Morning Sunrise Chai Lg;Lower Manhattan
34.00;17;13;202305;May;Wed;Morning;Med;Coffee;Gourmet brewed coffee;Columbian Medium Roast Sm;Lower Manhattan
126.00;36;22;202305;May;Wed;Morning;very high;Drinking Chocolate;Hot chocolate;Dark chocolate Rg;Lower Manhattan
71.25;19;19;202305;May;Wed;Morning;very high;Bakery;Scone;Jumbo Savory Scone;Lower Manhattan
73.50;21;14;202305;May;Wed;Morning;very high;Drinking Chocolate;Hot chocolate;Dark chocolate Rg;Hell's Kitchen
106.25;25;18;202305;May;Wed;Morning;very high;Coffee;Barista Espresso;Cappuccino Lg;Hell's Kitchen
90.00;30;17;202305;May;Wed;Morning;very high;Tea;Brewed Green tea;Serenity Green Tea Lg;Lower Manhattan
49.56;15;15;202305;May;Wed;Morning;High;Bakery;Scone;Cranberry Scone;Lower Manhattan
101.25;27;15;202305;May;Wed;Morning;very high;Drinking Chocolate;Hot chocolate;Sustainably Grown Organic Rg;Lower Manhattan
62.50;25;16;202305;May;Wed;Morning;very high;Tea;Brewed Green tea;Serenity Green Tea Rg;Hell's Kitchen
45.00;15;10;202305;May;Wed;Morning;High;Coffee;Barista Espresso;Espresso shot;Hell's Kitchen
38.50;11;11;202305;May;Wed;Morning;Med;Bakery;Biscotti;Chocolate Chip Biscotti;Hell's Kitchen
78.40;32;21;202305;May;Wed;Morning;very high;Coffee;Premium brewed coffee;Jamaican Coffee River Sm;Lower Manhattan
57.00;19;15;202305;May;Wed;Morning;High;Coffee;Drip coffee;Our Old Time Diner Blend Lg;Hell's Kitchen
52.00;16;16;202305;May;Wed;Morning;High;Bakery;Biscotti;Hazelnut Biscotti;Hell's Kitchen
58.00;29;17;202305;May;Wed;Morning;High;Coffee;Drip coffee;Our Old Time Diner Blend Sm;Lower Manhattan
81.00;27;18;202305;May;Wed;Morning;very high;Tea;Brewed herbal tea;Peppermint Lg;Hell's Kitchen
55.00;22;14;202305;May;Wed;Morning;High;Coffee;Drip coffee;Our Old Time Diner Blend Rg;Hell's Kitchen
42.50;17;10;202305;May;Wed;Morning;High;Coffee;Gourmet brewed coffee;Columbian Medium Roast Rg;Hell's Kitchen
63.00;14;10;202305;May;Wed;Morning;very high;Drinking Chocolate;Hot chocolate;Dark chocolate Lg;Hell's Kitchen
65.00;26;19;202305;May;Wed;Morning;very high;Tea;Brewed Chai tea;Traditional Blend Chai Rg;Hell's Kitchen
105.00;35;20;202305;May;Wed;Morning;very high;Tea;Brewed Black tea;Earl Grey Lg;Lower Manhattan
128.25;27;18;202305;May;Wed;Morning;very high;Drinking Chocolate;Hot chocolate;Sustainably Grown Organic Lg;Hell's Kitchen
90.00;30;17;202305;May;Wed;Morning;very high;Coffee;Gourmet brewed coffee;Ethiopia Rg;Lower Manhattan
82.50;33;20;202305;May;Wed;Morning;very high;Tea;Brewed Black tea;English Breakfast Rg;Lower Manhattan
93.75;25;14;202305;May;Wed;Morning;very high;Coffee;Barista Espresso;Latte;Lower Manhattan
58.65;23;16;202305;May;Wed;Morning;High;Tea;Brewed Chai tea;Spicy Eye Opener Chai Rg;Hell's Kitchen
90.00;20;20;202305;May;Wed;Morning;very high;Bakery;Scone;Scottish Cream Scone ;Hell's Kitchen
68.00;34;21;202305;May;Wed;Morning;very high;Coffee;Drip coffee;Our Old Time Diner Blend Sm;Hell's Kitchen
62.50;25;18;202305;May;Wed;Morning;very high;Tea;Brewed Black tea;Earl Grey Rg;Hell's Kitchen
57.00;19;15;202305;May;Wed;Morning;High;Coffee;Gourmet brewed coffee;Ethiopia Rg;Hell's Kitchen
31.50;9;9;202305;May;Wed;Morning;Med;Bakery;Biscotti;Ginger Biscotti;Lower Manhattan
97.20;36;28;202305;May;Wed;Morning;very high;Coffee;Barista Espresso;Ouro Brasileiro shot;Hell's Kitchen
52.50;14;9;202305;May;Wed;Morning;High;Drinking Chocolate;Hot chocolate;Sustainably Grown Organic Rg;Hell's Kitchen
45.00;18;12;202305;May;Wed;Morning;High;Tea;Brewed herbal tea;Lemon Grass Rg;Hell's Kitchen
45.00;12;12;202305;May;Wed;Morning;High;Bakery;Pastry;Almond Croissant;Hell's Kitchen
84.00;24;13;202305;May;Wed;Morning;very high;Coffee;Organic brewed coffee;Brazilian Lg;Lower Manhattan
62.00;20;14;202305;May;Wed;Morning;very high;Coffee;Premium brewed coffee;Jamaican Coffee River Rg;Hell's Kitchen
75.00;25;17;202305;May;Wed;Morning;very high;Coffee;Gourmet brewed coffee;Columbian Medium Roast Lg;Hell's Kitchen
76.20;24;22;202305;May;Wed;Morning;very high;Bakery;Scone;Ginger Scone;Hell's Kitchen
51.60;19;12;202305;May;Wed;Morning;High;Coffee;Barista Espresso;Ouro Brasileiro shot;Lower Manhattan
36.75;15;10;202305;May;Wed;Morning;Med;Coffee;Premium brewed coffee;Jamaican Coffee River Sm;Hell's Kitchen
91.00;26;17;202305;May;Wed;Morning;very high;Coffee;Gourmet brewed coffee;Ethiopia Lg;Hell's Kitchen
48.40;16;13;202305;May;Wed;Morning;High;Bakery;Scone;Ginger Scone;Lower Manhattan
80.00;32;19;202305;May;Wed;Morning;very high;Tea;Brewed herbal tea;Peppermint Rg;Hell's Kitchen
39.00;13;9;202305;May;Wed;Morning;Med;Tea;Brewed Chai tea;Traditional Blend Chai Lg;Hell's Kitchen
57.50;23;13;202305;May;Wed;Morning;High;Tea;Brewed Green tea;Serenity Green Tea Rg;Lower Manhattan
63.00;21;16;202305;May;Wed;Morning;very high;Coffee;Barista Espresso;Espresso shot;Lower Manhattan
93.00;31;23;202305;May;Wed;Morning;very high;Tea;Brewed Black tea;English Breakfast Lg;Hell's Kitchen
57.50;23;13;202305;May;Wed;Morning;High;Coffee;Gourmet brewed coffee;Columbian Medium Roast Rg;Lower Manhattan
77.50;25;15;202305;May;Wed;Morning;very high;Tea;Brewed Chai tea;Spicy Eye Opener Chai Lg;Hell's Kitchen
63.80;29;16;202305;May;Wed;Morning;very high;Coffee;Organic brewed coffee;Brazilian Sm;Lower Manhattan
75.00;20;14;202305;May;Wed;Morning;very high;Coffee;Barista Espresso;Cappuccino;Hell's Kitchen
57.00;19;13;202305;May;Wed;Morning;High;Tea;Brewed Black tea;Earl Grey Lg;Hell's Kitchen
72.00;18;13;202305;May;Wed;Morning;very high;Tea;Brewed Chai tea;Morning Sunrise Chai Lg;Hell's Kitchen
70.00;28;21;202305;May;Wed;Morning;very high;Tea;Brewed Chai tea;Morning Sunrise Chai Rg;Hell's Kitchen
90.00;30;20;202305;May;Wed;Morning;very high;Tea;Brewed Black tea;English Breakfast Lg;Lower Manhattan
122.50;35;21;202305;May;Wed;Morning;very high;Coffee;Organic brewed coffee;Brazilian Lg;Hell's Kitchen
66.00;22;16;202305;May;Wed;Morning;very high;Coffee;Organic brewed coffee;Brazilian Rg;Hell's Kitchen
46.00;23;14;202305;May;Wed;Morning;High;Coffee;Gourmet brewed coffee;Columbian Medium Roast Sm;Hell's Kitchen
99.00;33;20;202305;May;Wed;Morning;very high;Tea;Brewed Green tea;Serenity Green Tea Lg;Hell's Kitchen
89.90;29;16;202305;May;Wed;Morning;very high;Coffee;Premium brewed coffee;Jamaican Coffee River Rg;Lower Manhattan
49.00;14;14;202305;May;Wed;Morning;High;Bakery;Pastry;Croissant;Lower Manhattan
38.50;11;11;202305;May;Wed;Morning;Med;Bakery;Biscotti;Ginger Biscotti;Hell's Kitchen
93.00;31;22;202305;May;Wed;Morning;very high;Tea;Brewed herbal tea;Lemon Grass Lg;Hell's Kitchen
56.25;15;15;202305;May;Wed;Morning;High;Bakery;Scone;Jumbo Savory Scone;Hell's Kitchen
60.00;24;16;202305;May;Wed;Morning;High;Tea;Brewed Chai tea;Morning Sunrise Chai Rg;Lower Manhattan
57.20;26;17;202305;May;Wed;Morning;High;Coffee;Organic brewed coffee;Brazilian Sm;Hell's Kitchen
178.50;42;21;202305;May;Wed;Morning;very high;Coffee;Barista Espresso;Latte Rg;Lower Manhattan
104.00;26;16;202305;May;Wed;Morning;very high;Tea;Brewed Chai tea;Morning Sunrise Chai Lg;Astoria
85.00;34;22;202305;May;Wed;Morning;very high;Coffee;Gourmet brewed coffee;Columbian Medium Roast Rg;Astoria
112.00;32;20;202305;May;Wed;Morning;very high;Coffee;Gourmet brewed coffee;Ethiopia Lg;Astoria
94.00;47;27;202305;May;Wed;Morning;very high;Coffee;Gourmet brewed coffee;Columbian Medium Roast Sm;Astoria
93.75;25;15;202305;May;Wed;Morning;very high;Coffee;Barista Espresso;Latte;Astoria
71.25;19;19;202305;May;Wed;Morning;very high;Bakery;Pastry;Chocolate Croissant;Astoria
93.00;31;21;202305;May;Wed;Morning;very high;Coffee;Drip coffee;Our Old Time Diner Blend Lg;Astoria
81.00;27;15;202305;May;Wed;Morning;very high;Coffee;Organic brewed coffee;Brazilian Rg;Astoria
77.00;22;21;202305;May;Wed;Morning;very high;Bakery;Biscotti;Ginger Biscotti;Astoria
95.00;20;14;202305;May;Wed;Morning;very high;Drinking Chocolate;Hot chocolate;Sustainably Grown Organic Lg;Astoria
42.25;13;13;202305;May;Wed;Morning;High;Bakery;Scone;Cranberry Scone;Astoria
71.25;19;13;202305;May;Wed;Morning;very high;Coffee;Premium brewed coffee;Jamaican Coffee River Lg;Hell's Kitchen
65.00;26;18;202305;May;Wed;Morning;very high;Tea;Brewed Black tea;Earl Grey Rg;Astoria
75.00;20;12;202305;May;Wed;Morning;very high;Coffee;Barista Espresso;Latte;Hell's Kitchen
171.00;38;27;202305;May;Wed;Morning;very high;Drinking Chocolate;Hot chocolate;Dark chocolate Lg;Astoria
104.55;41;26;202305;May;Wed;Morning;very high;Tea;Brewed Chai tea;Spicy Eye Opener Chai Rg;Astoria
78.00;26;17;202305;May;Wed;Morning;very high;Coffee;Barista Espresso;Espresso shot;Astoria
51.00;17;10;202305;May;Wed;Morning;High;Tea;Brewed herbal tea;Lemon Grass Lg;Astoria
105.00;28;18;202305;May;Wed;Morning;very high;Drinking Chocolate;Hot chocolate;Sustainably Grown Organic Rg;Astoria
58.50;13;13;202305;May;Wed;Morning;High;Bakery;Scone;Scottish Cream Scone ;Astoria
69.00;23;15;202305;May;Wed;Morning;very high;Tea;Brewed Green tea;Serenity Green Tea Lg;Astoria
65.00;26;17;202305;May;Wed;Morning;very high;Tea;Brewed Green tea;Serenity Green Tea Rg;Astoria
73.50;21;13;202305;May;Wed;Morning;very high;Coffee;Organic brewed coffee;Brazilian Lg;Astoria
127.50;30;20;202305;May;Wed;Morning;very high;Coffee;Barista Espresso;Cappuccino Lg;Astoria
93.00;30;22;202305;May;Wed;Morning;very high;Tea;Brewed Chai tea;Spicy Eye Opener Chai Lg;Astoria
86.25;23;15;202305;May;Wed;Morning;very high;Coffee;Barista Espresso;Cappuccino;Astoria
102.00;34;21;202305;May;Wed;Morning;very high;Tea;Brewed Black tea;English Breakfast Lg;Astoria
105.40;34;23;202305;May;Wed;Morning;very high;Coffee;Premium brewed coffee;Jamaican Coffee River Rg;Astoria
37.50;10;10;202305;May;Wed;Morning;Med;Bakery;Scone;Jumbo Savory Scone;Astoria
62.50;25;18;202305;May;Wed;Morning;very high;Tea;Brewed herbal tea;Lemon Grass Rg;Astoria
63.00;21;15;202305;May;Wed;Morning;very high;Coffee;Gourmet brewed coffee;Ethiopia Rg;Astoria
99.00;33;25;202305;May;Wed;Morning;very high;Coffee;Gourmet brewed coffee;Columbian Medium Roast Lg;Astoria
50.00;25;19;202305;May;Wed;Morning;High;Coffee;Drip coffee;Our Old Time Diner Blend Sm;Astoria
21.00;7;7;202305;May;Wed;Morning;Med;Bakery;Scone;Oatmeal Scone;Astoria
63.00;18;12;202305;May;Wed;Morning;very high;Drinking Chocolate;Hot chocolate;Dark chocolate Rg;Astoria
25.00;10;7;202305;May;Wed;Night;Med;Tea;Brewed Black tea;Earl Grey Rg;Lower Manhattan
18.00;6;3;202305;May;Wed;Night;Low;Coffee;Barista Espresso;Espresso shot;Lower Manhattan
33.00;15;10;202305;May;Wed;Afternoon;Med;Coffee;Gourmet brewed coffee;Ethiopia Sm;Astoria
22.50;6;6;202305;May;Wed;Afternoon;Med;Bakery;Pastry;Chocolate Croissant;Astoria
39.00;13;9;202305;May;Wed;Afternoon;Med;Tea;Brewed Black tea;Earl Grey Lg;Lower Manhattan
47.50;19;12;202305;May;Wed;Afternoon;High;Tea;Brewed Black tea;Earl Grey Rg;Astoria
14.00;7;5;202305;May;Wed;Afternoon;Low;Coffee;Gourmet brewed coffee;Columbian Medium Roast Sm;Lower Manhattan
72.00;24;14;202305;May;Wed;Afternoon;very high;Coffee;Gourmet brewed coffee;Columbian Medium Roast Lg;Lower Manhattan
48.61;16;13;202305;May;Wed;Afternoon;High;Bakery;Scone;Ginger Scone;Lower Manhattan
51.00;17;11;202305;May;Wed;Afternoon;High;Tea;Brewed Black tea;English Breakfast Lg;Hell's Kitchen
58.90;19;12;202305;May;Wed;Afternoon;High;Coffee;Premium brewed coffee;Jamaican Coffee River Rg;Astoria
27.00;9;6;202305;May;Wed;Afternoon;Med;Coffee;Organic brewed coffee;Brazilian Rg;Lower Manhattan
56.25;15;10;202305;May;Wed;Afternoon;High;Coffee;Barista Espresso;Latte;Lower Manhattan
19.50;6;6;202305;May;Wed;Afternoon;Low;Bakery;Scone;Cranberry Scone;Lower Manhattan
11.00;5;3;202305;May;Wed;Afternoon;Low;Coffee;Organic brewed coffee;Brazilian Sm;Lower Manhattan
37.50;10;6;202305;May;Wed;Afternoon;Med;Coffee;Barista Espresso;Latte;Hell's Kitchen
30.00;8;6;202305;May;Wed;Afternoon;Med;Coffee;Barista Espresso;Cappuccino;Hell's Kitchen
24.00;8;5;202305;May;Wed;Afternoon;Med;Tea;Brewed herbal tea;Peppermint Lg;Lower Manhattan
45.50;13;10;202305;May;Wed;Afternoon;High;Coffee;Gourmet brewed coffee;Ethiopia Lg;Hell's Kitchen
72.50;29;19;202305;May;Wed;Afternoon;very high;Tea;Brewed Chai tea;Morning Sunrise Chai Rg;Astoria
66.00;22;14;202305;May;Wed;Afternoon;very high;Coffee;Barista Espresso;Espresso shot;Astoria
28.60;13;9;202305;May;Wed;Afternoon;Med;Coffee;Organic brewed coffee;Brazilian Sm;Astoria
54.00;18;10;202305;May;Wed;Afternoon;High;Coffee;Gourmet brewed coffee;Ethiopia Rg;Hell's Kitchen
34.10;11;7;202305;May;Wed;Afternoon;Med;Tea;Brewed Chai tea;Spicy Eye Opener Chai Lg;Hell's Kitchen
57.00;19;14;202305;May;Wed;Afternoon;High;Coffee;Organic brewed coffee;Brazilian Rg;Astoria
18.75;5;5;202305;May;Wed;Afternoon;Low;Bakery;Scone;Jumbo Savory Scone;Astoria
55.00;22;14;202305;May;Wed;Afternoon;High;Coffee;Drip coffee;Our Old Time Diner Blend Rg;Astoria
63.00;18;11;202305;May;Wed;Afternoon;very high;Coffee;Organic brewed coffee;Brazilian Lg;Astoria
39.00;13;8;202305;May;Wed;Afternoon;Med;Tea;Brewed Chai tea;Traditional Blend Chai Lg;Lower Manhattan
13.50;3;3;202305;May;Wed;Afternoon;Low;Bakery;Scone;Scottish Cream Scone ;Lower Manhattan
49.00;14;11;202305;May;Wed;Afternoon;High;Drinking Chocolate;Hot chocolate;Dark chocolate Rg;Astoria
24.50;7;7;202305;May;Wed;Afternoon;Med;Bakery;Pastry;Croissant;Lower Manhattan
39.00;13;8;202305;May;Wed;Afternoon;Med;Tea;Brewed Green tea;Serenity Green Tea Lg;Hell's Kitchen
58.50;13;9;202305;May;Wed;Afternoon;High;Drinking Chocolate;Hot chocolate;Dark chocolate Lg;Hell's Kitchen
43.40;14;8;202305;May;Wed;Afternoon;High;Coffee;Premium brewed coffee;Jamaican Coffee River Rg;Hell's Kitchen
22.00;10;7;202305;May;Wed;Afternoon;Med;Coffee;Gourmet brewed coffee;Ethiopia Sm;Hell's Kitchen
24.00;8;6;202305;May;Wed;Afternoon;Med;Tea;Brewed herbal tea;Peppermint Lg;Astoria
27.50;11;6;202305;May;Wed;Afternoon;Med;Tea;Brewed Chai tea;Traditional Blend Chai Rg;Hell's Kitchen
16.00;8;6;202305;May;Wed;Afternoon;Low;Coffee;Drip coffee;Our Old Time Diner Blend Sm;Hell's Kitchen
24.50;7;7;202305;May;Wed;Afternoon;Med;Bakery;Biscotti;Chocolate Chip Biscotti;Hell's Kitchen
32.50;13;8;202305;May;Wed;Afternoon;Med;Tea;Brewed herbal tea;Peppermint Rg;Hell's Kitchen
90.00;20;12;202305;May;Wed;Afternoon;very high;Drinking Chocolate;Hot chocolate;Dark chocolate Lg;Astoria
66.50;14;10;202305;May;Wed;Afternoon;very high;Drinking Chocolate;Hot chocolate;Sustainably Grown Organic Lg;Astoria
66.50;14;9;202305;May;Wed;Afternoon;very high;Drinking Chocolate;Hot chocolate;Sustainably Grown Organic Lg;Hell's Kitchen
51.00;17;9;202305;May;Wed;Afternoon;High;Tea;Brewed herbal tea;Lemon Grass Lg;Lower Manhattan
17.85;7;5;202305;May;Wed;Afternoon;Low;Tea;Brewed Chai tea;Spicy Eye Opener Chai Rg;Hell's Kitchen
26.25;7;5;202305;May;Wed;Afternoon;Med;Drinking Chocolate;Hot chocolate;Sustainably Grown Organic Rg;Hell's Kitchen
30.00;10;7;202305;May;Wed;Afternoon;Med;Tea;Brewed herbal tea;Peppermint Lg;Hell's Kitchen
43.40;14;10;202305;May;Wed;Afternoon;High;Tea;Brewed Chai tea;Spicy Eye Opener Chai Lg;Astoria
33.00;11;8;202305;May;Wed;Afternoon;Med;Coffee;Gourmet brewed coffee;Columbian Medium Roast Lg;Astoria
20.00;10;7;202305;May;Wed;Afternoon;Low;Coffee;Gourmet brewed coffee;Columbian Medium Roast Sm;Hell's Kitchen
12.00;4;4;202305;May;Wed;Afternoon;Low;Bakery;Scone;Oatmeal Scone;Hell's Kitchen
24.00;8;5;202305;May;Wed;Afternoon;Med;Tea;Brewed Green tea;Serenity Green Tea Lg;Lower Manhattan
30.00;12;7;202305;May;Wed;Afternoon;Med;Tea;Brewed Green tea;Serenity Green Tea Rg;Lower Manhattan
46.75;11;8;202305;May;Wed;Afternoon;High;Coffee;Barista Espresso;Latte Rg;Lower Manhattan
30.00;12;9;202305;May;Wed;Afternoon;Med;Tea;Brewed herbal tea;Lemon Grass Rg;Astoria
27.50;11;7;202305;May;Wed;Afternoon;Med;Tea;Brewed Black tea;Earl Grey Rg;Hell's Kitchen
24.00;8;8;202305;May;Wed;Afternoon;Med;Bakery;Scone;Oatmeal Scone;Astoria
37.50;10;7;202305;May;Wed;Afternoon;Med;Coffee;Premium brewed coffee;Jamaican Coffee River Lg;Lower Manhattan
45.00;15;10;202305;May;Wed;Afternoon;High;Tea;Brewed Chai tea;Traditional Blend Chai Lg;Hell's Kitchen
45.50;13;9;202305;May;Wed;Afternoon;High;Coffee;Organic brewed coffee;Brazilian Lg;Hell's Kitchen
22.75;7;7;202305;May;Wed;Afternoon;Med;Bakery;Scone;Ginger Scone;Astoria
59.50;14;7;202305;May;Wed;Afternoon;High;Coffee;Barista Espresso;Cappuccino Lg;Lower Manhattan
52.00;13;9;202305;May;Wed;Afternoon;High;Tea;Brewed Chai tea;Morning Sunrise Chai Lg;Hell's Kitchen
18.00;4;4;202305;May;Wed;Afternoon;Low;Bakery;Scone;Scottish Cream Scone ;Hell's Kitchen
27.50;11;7;202305;May;Wed;Afternoon;Med;Tea;Brewed Chai tea;Traditional Blend Chai Rg;Astoria
38.50;11;11;202305;May;Wed;Afternoon;Med;Bakery;Biscotti;Ginger Biscotti;Astoria
89.25;21;14;202305;May;Wed;Afternoon;very high;Coffee;Barista Espresso;Latte Rg;Astoria
76.50;18;13;202305;May;Wed;Afternoon;very high;Coffee;Barista Espresso;Cappuccino Lg;Hell's Kitchen
42.50;10;7;202305;May;Wed;Afternoon;High;Coffee;Barista Espresso;Latte Rg;Hell's Kitchen
52.50;14;9;202305;May;Wed;Afternoon;High;Drinking Chocolate;Hot chocolate;Sustainably Grown Organic Rg;Astoria
20.40;8;7;202305;May;Wed;Afternoon;very high;Tea;Brewed Chai tea;Spicy Eye Opener Chai Rg;Astoria
32.50;13;9;202305;May;Wed;Afternoon;Med;Coffee;Gourmet brewed coffee;Columbian Medium Roast Rg;Astoria
38.00;19;10;202305;May;Wed;Afternoon;Med;Coffee;Drip coffee;Our Old Time Diner Blend Sm;Astoria
21.00;7;5;202305;May;Wed;Afternoon;Med;Tea;Brewed Black tea;Earl Grey Lg;Hell's Kitchen
57.50;23;11;202305;May;Wed;Afternoon;High;Tea;Brewed herbal tea;Lemon Grass Rg;Lower Manhattan
58.90;19;11;202305;May;Wed;Afternoon;High;Coffee;Premium brewed coffee;Jamaican Coffee River Rg;Lower Manhattan
17.50;5;5;202305;May;Wed;Afternoon;Low;Bakery;Biscotti;Chocolate Chip Biscotti;Astoria
42.00;14;10;202305;May;Wed;Afternoon;High;Tea;Brewed herbal tea;Lemon Grass Lg;Astoria
32.50;13;9;202305;May;Wed;Afternoon;Med;Coffee;Gourmet brewed coffee;Columbian Medium Roast Rg;Lower Manhattan
22.50;5;5;202305;May;Wed;Afternoon;Med;Bakery;Scone;Scottish Cream Scone ;Astoria
33.00;11;7;202305;May;Wed;Afternoon;Med;Tea;Brewed Black tea;English Breakfast Lg;Astoria
20.00;8;6;202305;May;Wed;Afternoon;Low;Coffee;Drip coffee;Our Old Time Diner Blend Rg;Hell's Kitchen
27.00;9;7;202305;May;Wed;Afternoon;Med;Tea;Brewed Black tea;Earl Grey Lg;Astoria
17.50;5;5;202305;May;Wed;Afternoon;Low;Bakery;Pastry;Croissant;Astoria
34.30;14;10;202305;May;Wed;Afternoon;Med;Coffee;Premium brewed coffee;Jamaican Coffee River Sm;Astoria
60.00;20;12;202305;May;Wed;Afternoon;High;Coffee;Drip coffee;Our Old Time Diner Blend Lg;Astoria
60.00;15;9;202305;May;Wed;Afternoon;High;Tea;Brewed Chai tea;Morning Sunrise Chai Lg;Lower Manhattan
60.00;15;11;202305;May;Wed;Afternoon;High;Tea;Brewed Chai tea;Morning Sunrise Chai Lg;Astoria
67.50;15;11;202305;May;Wed;Afternoon;very high;Drinking Chocolate;Hot chocolate;Dark chocolate Lg;Lower Manhattan
22.50;6;5;202305;May;Wed;Afternoon;Med;Coffee;Barista Espresso;Cappuccino;Lower Manhattan
38.25;9;5;202305;May;Wed;Afternoon;Med;Coffee;Barista Espresso;Cappuccino Lg;Astoria
6.50;2;2;202305;May;Wed;Afternoon;Low;Bakery;Scone;Cranberry Scone;Hell's Kitchen
56.25;15;9;202305;May;Wed;Afternoon;High;Coffee;Barista Espresso;Latte;Astoria
33.00;11;8;202305;May;Wed;Afternoon;Med;Coffee;Barista Espresso;Espresso shot;Hell's Kitchen
6.60;3;2;202305;May;Wed;Afternoon;Low;Coffee;Organic brewed coffee;Brazilian Sm;Hell's Kitchen
30.00;12;7;202305;May;Wed;Afternoon;Med;Tea;Brewed Chai tea;Morning Sunrise Chai Rg;Hell's Kitchen
39.00;13;9;202305;May;Wed;Afternoon;Med;Coffee;Gourmet brewed coffee;Ethiopia Rg;Lower Manhattan
51.00;17;11;202305;May;Wed;Afternoon;High;Tea;Brewed Chai tea;Traditional Blend Chai Lg;Astoria
45.00;18;12;202305;May;Wed;Afternoon;High;Tea;Brewed herbal tea;Lemon Grass Rg;Hell's Kitchen
22.50;6;6;202305;May;Wed;Afternoon;Med;Bakery;Pastry;Almond Croissant;Hell's Kitchen
60.00;16;9;202305;May;Wed;Afternoon;High;Coffee;Barista Espresso;Cappuccino;Astoria
37.40;17;11;202305;May;Wed;Afternoon;Med;Coffee;Gourmet brewed coffee;Ethiopia Sm;Lower Manhattan
50.00;20;12;202305;May;Wed;Afternoon;High;Tea;Brewed Black tea;English Breakfast Rg;Astoria
27.00;9;6;202305;May;Wed;Afternoon;Med;Coffee;Gourmet brewed coffee;Columbian Medium Roast Lg;Hell's Kitchen
46.50;15;9;202305;May;Wed;Afternoon;High;Tea;Brewed Chai tea;Spicy Eye Opener Chai Lg;Lower Manhattan
17.50;5;5;202305;May;Wed;Afternoon;Low;Bakery;Biscotti;Ginger Biscotti;Hell's Kitchen
9.75;3;3;202305;May;Wed;Afternoon;Low;Bakery;Biscotti;Hazelnut Biscotti;Hell's Kitchen
35.00;14;7;202305;May;Wed;Afternoon;Med;Coffee;Drip coffee;Our Old Time Diner Blend Rg;Lower Manhattan
18.00;6;4;202305;May;Wed;Afternoon;Low;Coffee;Drip coffee;Our Old Time Diner Blend Lg;Hell's Kitchen
25.00;10;6;202305;May;Wed;Afternoon;Med;Tea;Brewed Chai tea;Morning Sunrise Chai Rg;Lower Manhattan
37.50;10;10;202305;May;Wed;Afternoon;Med;Bakery;Scone;Jumbo Savory Scone;Lower Manhattan
22.50;9;6;202305;May;Wed;Afternoon;Med;Tea;Brewed Black tea;English Breakfast Rg;Lower Manhattan
15.00;4;4;202305;May;Wed;Afternoon;Low;Bakery;Pastry;Chocolate Croissant;Lower Manhattan
31.50;9;6;202305;May;Wed;Afternoon;Med;Coffee;Gourmet brewed coffee;Ethiopia Lg;Astoria
45.00;15;9;202305;May;Wed;Afternoon;High;Coffee;Gourmet brewed coffee;Ethiopia Rg;Astoria
12.75;5;3;202305;May;Wed;Afternoon;Low;Tea;Brewed Chai tea;Spicy Eye Opener Chai Rg;Lower Manhattan
16.25;5;5;202305;May;Wed;Afternoon;Low;Bakery;Scone;Cranberry Scone;Astoria
20.00;8;5;202305;May;Wed;Afternoon;Low;Tea;Brewed Black tea;English Breakfast Rg;Hell's Kitchen
52.25;11;6;202305;May;Wed;Afternoon;High;Drinking Chocolate;Hot chocolate;Sustainably Grown Organic Lg;Lower Manhattan
13.00;4;4;202305;May;Wed;Afternoon;Low;Bakery;Biscotti;Hazelnut Biscotti;Lower Manhattan
18.30;6;5;202305;May;Wed;Afternoon;Low;Bakery;Scone;Ginger Scone;Hell's Kitchen
33.60;13;10;202305;May;Wed;Afternoon;Med;Coffee;Barista Espresso;Ouro Brasileiro shot;Hell's Kitchen
30.00;8;6;202305;May;Wed;Afternoon;Med;Drinking Chocolate;Hot chocolate;Sustainably Grown Organic Rg;Lower Manhattan
26.25;7;7;202305;May;Wed;Afternoon;Med;Bakery;Pastry;Almond Croissant;Astoria
32.50;13;7;202305;May;Wed;Afternoon;Med;Tea;Brewed Chai tea;Traditional Blend Chai Rg;Lower Manhattan
12.00;4;4;202305;May;Wed;Afternoon;Low;Bakery;Scone;Oatmeal Scone;Lower Manhattan
33.00;11;9;202305;May;Wed;Afternoon;Med;Tea;Brewed Black tea;English Breakfast Lg;Lower Manhattan
40.00;16;11;202305;May;Wed;Afternoon;Med;Tea;Brewed Green tea;Serenity Green Tea Rg;Astoria
19.50;6;6;202305;May;Wed;Afternoon;Low;Bakery;Biscotti;Hazelnut Biscotti;Astoria
26.00;13;8;202305;May;Wed;Afternoon;Med;Coffee;Gourmet brewed coffee;Columbian Medium Roast Sm;Astoria
9.00;3;2;202305;May;Wed;Afternoon;Low;Coffee;Barista Espresso;Espresso shot;Lower Manhattan
38.50;11;11;202305;May;Wed;Afternoon;Med;Bakery;Biscotti;Chocolate Chip Biscotti;Lower Manhattan
44.10;18;9;202305;May;Wed;Afternoon;High;Coffee;Premium brewed coffee;Jamaican Coffee River Sm;Lower Manhattan
17.50;7;4;202305;May;Wed;Afternoon;Low;Tea;Brewed Black tea;Earl Grey Rg;Lower Manhattan
50.00;20;11;202305;May;Wed;Afternoon;High;Tea;Brewed herbal tea;Peppermint Rg;Lower Manhattan
18.00;6;3;202305;May;Wed;Afternoon;Low;Tea;Brewed herbal tea;Lemon Grass Lg;Hell's Kitchen
45.50;13;7;202305;May;Wed;Afternoon;High;Coffee;Gourmet brewed coffee;Ethiopia Lg;Lower Manhattan
35.00;10;7;202305;May;Wed;Afternoon;Med;Drinking Chocolate;Hot chocolate;Dark chocolate Rg;Hell's Kitchen
20.00;10;6;202305;May;Wed;Afternoon;Low;Coffee;Drip coffee;Our Old Time Diner Blend Sm;Lower Manhattan
30.00;12;9;202305;May;Wed;Evening;Med;Tea;Brewed herbal tea;Lemon Grass Rg;Astoria
81.00;27;19;202305;May;Wed;Evening;very high;Coffee;Barista Espresso;Espresso shot;Astoria
18.75;5;5;202305;May;Wed;Evening;Low;Bakery;Scone;Jumbo Savory Scone;Astoria
44.00;20;13;202305;May;Wed;Evening;High;Coffee;Organic brewed coffee;Brazilian Sm;Astoria
38.50;11;7;202305;May;Wed;Evening;Med;Coffee;Organic brewed coffee;Brazilian Lg;Astoria
68.00;16;12;202305;May;Wed;Evening;very high;Coffee;Barista Espresso;Cappuccino Lg;Astoria
49.60;16;9;202305;May;Wed;Evening;High;Coffee;Premium brewed coffee;Jamaican Coffee River Rg;Astoria
45.90;18;11;202305;May;Wed;Evening;High;Tea;Brewed Chai tea;Spicy Eye Opener Chai Rg;Astoria
15.00;5;5;202305;May;Wed;Evening;Low;Bakery;Scone;Oatmeal Scone;Astoria
38.50;11;7;202305;May;Wed;Evening;Med;Coffee;Gourmet brewed coffee;Ethiopia Lg;Hell's Kitchen
52.00;26;20;202305;May;Wed;Evening;High;Coffee;Drip coffee;Our Old Time Diner Blend Sm;Astoria
42.00;14;9;202305;May;Wed;Evening;High;Tea;Brewed Green tea;Serenity Green Tea Lg;Hell's Kitchen
13.20;6;5;202305;May;Wed;Evening;Low;Coffee;Gourmet brewed coffee;Ethiopia Sm;Lower Manhattan
66.15;27;20;202305;May;Wed;Evening;very high;Coffee;Premium brewed coffee;Jamaican Coffee River Sm;Astoria
30.00;10;7;202305;May;Wed;Evening;Med;Tea;Brewed herbal tea;Peppermint Lg;Lower Manhattan
26.25;7;4;202305;May;Wed;Evening;Med;Coffee;Barista Espresso;Latte;Hell's Kitchen
18.60;6;5;202305;May;Wed;Evening;Low;Tea;Brewed Chai tea;Spicy Eye Opener Chai Lg;Lower Manhattan
22.50;9;5;202305;May;Wed;Evening;Med;Tea;Brewed Chai tea;Traditional Blend Chai Rg;Lower Manhattan
42.50;17;11;202305;May;Wed;Evening;High;Tea;Brewed Chai tea;Traditional Blend Chai Rg;Astoria
37.50;15;10;202305;May;Wed;Evening;Med;Tea;Brewed Chai tea;Morning Sunrise Chai Rg;Hell's Kitchen
12.00;4;4;202305;May;Wed;Evening;Low;Coffee;Gourmet brewed coffee;Ethiopia Rg;Lower Manhattan
27.50;11;7;202305;May;Wed;Evening;Med;Tea;Brewed Green tea;Serenity Green Tea Rg;Hell's Kitchen
46.75;11;7;202305;May;Wed;Evening;High;Coffee;Barista Espresso;Latte Rg;Lower Manhattan
14.00;4;4;202305;May;Wed;Evening;Low;Bakery;Pastry;Croissant;Lower Manhattan
52.50;21;15;202305;May;Wed;Evening;High;Coffee;Drip coffee;Our Old Time Diner Blend Rg;Astoria
60.00;15;9;202305;May;Wed;Evening;High;Tea;Brewed Chai tea;Morning Sunrise Chai Lg;Hell's Kitchen
9.00;3;3;202305;May;Wed;Evening;Low;Bakery;Scone;Oatmeal Scone;Lower Manhattan
24.20;11;7;202305;May;Wed;Evening;Med;Coffee;Organic brewed coffee;Brazilian Sm;Hell's Kitchen
39.00;13;11;202305;May;Wed;Evening;Med;Coffee;Organic brewed coffee;Brazilian Rg;Astoria
76.00;19;12;202305;May;Wed;Evening;very high;Tea;Brewed Chai tea;Morning Sunrise Chai Lg;Astoria
97.75;23;15;202305;May;Wed;Evening;very high;Coffee;Barista Espresso;Latte Rg;Astoria
63.00;21;13;202305;May;Wed;Evening;very high;Tea;Brewed Black tea;English Breakfast Lg;Astoria
99.75;21;13;202305;May;Wed;Evening;very high;Drinking Chocolate;Hot chocolate;Sustainably Grown Organic Lg;Astoria
19.50;6;6;202305;May;Wed;Evening;Low;Bakery;Scone;Cranberry Scone;Astoria
70.00;20;13;202305;May;Wed;Evening;very high;Drinking Chocolate;Hot chocolate;Dark chocolate Rg;Astoria
18.75;5;5;202305;May;Wed;Evening;Low;Bakery;Pastry;Almond Croissant;Astoria
35.00;14;9;202305;May;Wed;Evening;Med;Coffee;Gourmet brewed coffee;Columbian Medium Roast Rg;Hell's Kitchen
14.00;7;4;202305;May;Wed;Evening;Low;Coffee;Gourmet brewed coffee;Columbian Medium Roast Sm;Lower Manhattan
48.00;16;11;202305;May;Wed;Evening;High;Tea;Brewed Chai tea;Traditional Blend Chai Lg;Hell's Kitchen
24.50;7;4;202305;May;Wed;Evening;Med;Coffee;Organic brewed coffee;Brazilian Lg;Lower Manhattan
5.90;2;2;202305;May;Wed;Evening;Low;Bakery;Scone;Ginger Scone;Lower Manhattan
40.00;16;10;202305;May;Wed;Evening;Med;Tea;Brewed Chai tea;Morning Sunrise Chai Rg;Astoria
63.75;17;14;202305;May;Wed;Evening;very high;Coffee;Barista Espresso;Latte;Astoria
9.00;3;2;202305;May;Wed;Evening;Low;Coffee;Gourmet brewed coffee;Columbian Medium Roast Lg;Lower Manhattan
27.00;9;6;202305;May;Wed;Evening;Med;Tea;Brewed herbal tea;Lemon Grass Lg;Astoria
33.00;11;8;202305;May;Wed;Evening;Med;Tea;Brewed Black tea;Earl Grey Lg;Astoria
36.00;8;8;202305;May;Wed;Evening;Med;Bakery;Scone;Scottish Cream Scone ;Astoria
21.00;7;5;202305;May;Wed;Evening;Med;Coffee;Gourmet brewed coffee;Ethiopia Rg;Hell's Kitchen
30.00;8;8;202305;May;Wed;Evening;Med;Bakery;Pastry;Chocolate Croissant;Hell's Kitchen
52.50;15;10;202305;May;Wed;Evening;High;Coffee;Gourmet brewed coffee;Ethiopia Lg;Astoria
56.25;15;11;202305;May;Wed;Evening;High;Drinking Chocolate;Hot chocolate;Sustainably Grown Organic Rg;Astoria
33.25;7;5;202305;May;Wed;Evening;Med;Drinking Chocolate;Hot chocolate;Sustainably Grown Organic Lg;Lower Manhattan
32.00;16;10;202305;May;Wed;Evening;Med;Coffee;Gourmet brewed coffee;Columbian Medium Roast Sm;Hell's Kitchen
11.25;3;3;202305;May;Wed;Evening;Low;Bakery;Pastry;Almond Croissant;Hell's Kitchen
27.00;9;6;202305;May;Wed;Evening;Med;Coffee;Organic brewed coffee;Brazilian Rg;Hell's Kitchen
13.20;6;6;202305;May;Wed;Evening;Low;Coffee;Organic brewed coffee;Brazilian Sm;Lower Manhattan
26.40;12;8;202305;May;Wed;Evening;Med;Coffee;Gourmet brewed coffee;Ethiopia Sm;Hell's Kitchen
72.00;16;10;202305;May;Wed;Evening;very high;Drinking Chocolate;Hot chocolate;Dark chocolate Lg;Astoria
20.00;8;5;202305;May;Wed;Evening;Low;Tea;Brewed Chai tea;Morning Sunrise Chai Rg;Lower Manhattan
22.50;9;7;202305;May;Wed;Evening;Med;Tea;Brewed Green tea;Serenity Green Tea Rg;Lower Manhattan
11.25;3;3;202305;May;Wed;Evening;Low;Bakery;Pastry;Chocolate Croissant;Lower Manhattan
38.25;9;4;202305;May;Wed;Evening;Med;Coffee;Barista Espresso;Cappuccino Lg;Lower Manhattan
12.50;5;3;202305;May;Wed;Evening;Low;Tea;Brewed Black tea;Earl Grey Rg;Lower Manhattan
34.30;14;9;202305;May;Wed;Evening;Med;Coffee;Premium brewed coffee;Jamaican Coffee River Sm;Hell's Kitchen
49.60;16;10;202305;May;Wed;Evening;High;Tea;Brewed Chai tea;Spicy Eye Opener Chai Lg;Astoria
30.00;10;8;202305;May;Wed;Evening;Med;Tea;Brewed Black tea;Earl Grey Lg;Lower Manhattan
40.00;16;9;202305;May;Wed;Evening;Med;Tea;Brewed Black tea;English Breakfast Rg;Astoria
48.00;16;12;202305;May;Wed;Evening;High;Coffee;Gourmet brewed coffee;Columbian Medium Roast Lg;Astoria
51.00;17;10;202305;May;Wed;Evening;High;Coffee;Drip coffee;Our Old Time Diner Blend Lg;Astoria
26.25;7;7;202305;May;Wed;Evening;Med;Bakery;Pastry;Chocolate Croissant;Astoria
33.25;7;5;202305;May;Wed;Evening;Med;Drinking Chocolate;Hot chocolate;Sustainably Grown Organic Lg;Hell's Kitchen
28.60;13;9;202305;May;Wed;Evening;Med;Coffee;Gourmet brewed coffee;Ethiopia Sm;Astoria
25.00;10;5;202305;May;Wed;Evening;Med;Tea;Brewed herbal tea;Lemon Grass Rg;Lower Manhattan
28.05;11;7;202305;May;Wed;Evening;Med;Tea;Brewed Chai tea;Spicy Eye Opener Chai Rg;Lower Manhattan
51.00;12;9;202305;May;Wed;Evening;High;Coffee;Barista Espresso;Latte Rg;Hell's Kitchen
27.90;9;6;202305;May;Wed;Evening;Med;Tea;Brewed Chai tea;Spicy Eye Opener Chai Lg;Hell's Kitchen
35.00;14;9;202305;May;Wed;Evening;Med;Tea;Brewed Chai tea;Traditional Blend Chai Rg;Hell's Kitchen
48.75;13;9;202305;May;Wed;Evening;High;Coffee;Barista Espresso;Cappuccino;Hell's Kitchen
48.75;13;9;202305;May;Wed;Evening;High;Coffee;Barista Espresso;Cappuccino;Astoria
20.00;8;6;202305;May;Wed;Evening;Low;Coffee;Drip coffee;Our Old Time Diner Blend Rg;Lower Manhattan
15.00;4;4;202305;May;Wed;Evening;Low;Bakery;Scone;Jumbo Savory Scone;Lower Manhattan
17.10;6;4;202305;May;Wed;Evening;Low;Coffee;Barista Espresso;Ouro Brasileiro shot;Lower Manhattan
30.00;10;7;202305;May;Wed;Evening;Med;Coffee;Gourmet brewed coffee;Ethiopia Rg;Astoria
10.50;3;3;202305;May;Wed;Evening;Low;Bakery;Pastry;Croissant;Hell's Kitchen
48.00;16;10;202305;May;Wed;Evening;High;Tea;Brewed herbal tea;Lemon Grass Lg;Hell's Kitchen
22.00;11;9;202305;May;Wed;Evening;Med;Coffee;Gourmet brewed coffee;Columbian Medium Roast Sm;Astoria
35.70;14;10;202305;May;Wed;Evening;Med;Tea;Brewed Chai tea;Spicy Eye Opener Chai Rg;Hell's Kitchen
27.50;11;8;202305;May;Wed;Evening;Med;Tea;Brewed Black tea;Earl Grey Rg;Hell's Kitchen
6.50;2;2;202305;May;Wed;Evening;Low;Bakery;Biscotti;Hazelnut Biscotti;Hell's Kitchen
33.00;11;6;202305;May;Wed;Evening;Med;Coffee;Barista Espresso;Espresso shot;Hell's Kitchen
36.00;12;8;202305;May;Wed;Evening;Med;Tea;Brewed herbal tea;Lemon Grass Lg;Lower Manhattan
35.00;14;9;202305;May;Wed;Evening;Med;Tea;Brewed Black tea;Earl Grey Rg;Astoria
15.00;5;5;202305;May;Wed;Evening;Low;Coffee;Drip coffee;Our Old Time Diner Blend Lg;Hell's Kitchen
39.00;13;9;202305;May;Wed;Evening;Med;Tea;Brewed herbal tea;Peppermint Lg;Astoria
7.00;2;2;202305;May;Wed;Evening;Low;Bakery;Biscotti;Chocolate Chip Biscotti;Lower Manhattan
36.00;12;8;202305;May;Wed;Evening;Med;Coffee;Barista Espresso;Espresso shot;Lower Manhattan
11.25;3;2;202305;May;Wed;Evening;Low;Coffee;Barista Espresso;Latte;Lower Manhattan
27.50;11;7;202305;May;Wed;Evening;Med;Tea;Brewed Black tea;English Breakfast Rg;Lower Manhattan
24.00;8;5;202305;May;Wed;Evening;Med;Coffee;Barista Espresso;Ouro Brasileiro shot;Hell's Kitchen
19.50;6;6;202305;May;Wed;Evening;Low;Bakery;Scone;Ginger Scone;Astoria
14.00;4;3;202305;May;Wed;Evening;Low;Drinking Chocolate;Hot chocolate;Dark chocolate Rg;Lower Manhattan
45.00;15;11;202305;May;Wed;Evening;High;Tea;Brewed Green tea;Serenity Green Tea Lg;Astoria
70.00;20;11;202305;May;Wed;Evening;very high;Coffee;Organic brewed coffee;Brazilian Lg;Hell's Kitchen
25.00;10;6;202305;May;Wed;Evening;Med;Coffee;Drip coffee;Our Old Time Diner Blend Rg;Hell's Kitchen
45.00;15;10;202305;May;Wed;Evening;High;Tea;Brewed herbal tea;Peppermint Lg;Hell's Kitchen
52.50;14;8;202305;May;Wed;Evening;High;Drinking Chocolate;Hot chocolate;Sustainably Grown Organic Rg;Hell's Kitchen
3.50;1;1;202305;May;Wed;Evening;Low;Bakery;Biscotti;Chocolate Chip Biscotti;Hell's Kitchen
27.50;11;8;202305;May;Wed;Evening;Med;Coffee;Gourmet brewed coffee;Columbian Medium Roast Rg;Astoria
3.50;1;1;202305;May;Wed;Evening;Low;Bakery;Biscotti;Ginger Biscotti;Lower Manhattan
20.00;8;6;202305;May;Wed;Evening;Low;Tea;Brewed Black tea;English Breakfast Rg;Hell's Kitchen
25.00;10;6;202305;May;Wed;Evening;Med;Tea;Brewed herbal tea;Lemon Grass Rg;Hell's Kitchen
7.00;2;2;202305;May;Wed;Evening;Low;Bakery;Pastry;Croissant;Astoria
20.00;8;3;202305;May;Wed;Evening;Low;Coffee;Gourmet brewed coffee;Columbian Medium Roast Rg;Lower Manhattan
21.00;7;4;202305;May;Wed;Evening;Med;Coffee;Drip coffee;Our Old Time Diner Blend Lg;Lower Manhattan
14.00;4;4;202305;May;Wed;Evening;Low;Bakery;Biscotti;Ginger Biscotti;Hell's Kitchen
34.00;8;6;202305;May;Wed;Evening;Med;Coffee;Barista Espresso;Cappuccino Lg;Hell's Kitchen
20.00;8;5;202305;May;Wed;Evening;Low;Tea;Brewed herbal tea;Peppermint Rg;Astoria
42.00;14;10;202305;May;Wed;Evening;High;Tea;Brewed Chai tea;Traditional Blend Chai Lg;Astoria
9.00;3;3;202305;May;Wed;Evening;Low;Tea;Brewed Black tea;Earl Grey Lg;Hell's Kitchen
54.00;18;12;202305;May;Wed;Evening;High;Tea;Brewed Black tea;English Breakfast Lg;Hell's Kitchen
22.75;7;7;202305;May;Wed;Evening;Med;Bakery;Biscotti;Hazelnut Biscotti;Astoria
27.00;6;4;202305;May;Wed;Evening;Med;Drinking Chocolate;Hot chocolate;Dark chocolate Lg;Hell's Kitchen
15.50;5;3;202305;May;Wed;Evening;Low;Coffee;Premium brewed coffee;Jamaican Coffee River Rg;Hell's Kitchen
5.00;2;2;202305;May;Wed;Evening;Low;Tea;Brewed herbal tea;Peppermint Rg;Hell's Kitchen
11.25;3;3;202305;May;Wed;Evening;Low;Coffee;Premium brewed coffee;Jamaican Coffee River Lg;Hell's Kitchen
35.00;14;11;202305;May;Wed;Evening;Med;Tea;Brewed Green tea;Serenity Green Tea Rg;Astoria
11.25;3;3;202305;May;Wed;Evening;Low;Bakery;Scone;Jumbo Savory Scone;Hell's Kitchen
10.50;3;3;202305;May;Wed;Evening;Low;Drinking Chocolate;Hot chocolate;Dark chocolate Rg;Hell's Kitchen
60.00;24;16;202305;May;Thu;Morning;High;Tea;Brewed Black tea;Earl Grey Rg;Lower Manhattan
63.80;29;17;202305;May;Thu;Morning;very high;Coffee;Organic brewed coffee;Brazilian Sm;Lower Manhattan
70.00;20;14;202305;May;Thu;Morning;very high;Coffee;Organic brewed coffee;Brazilian Lg;Lower Manhattan
54.00;18;11;202305;May;Thu;Morning;High;Tea;Brewed Green tea;Serenity Green Tea Lg;Lower Manhattan
86.25;23;15;202305;May;Thu;Morning;very high;Coffee;Barista Espresso;Latte;Lower Manhattan
30.00;15;12;202305;May;Thu;Morning;Med;Coffee;Drip coffee;Our Old Time Diner Blend Sm;Lower Manhattan
38.00;19;12;202305;May;Thu;Morning;Med;Coffee;Gourmet brewed coffee;Columbian Medium Roast Sm;Lower Manhattan
67.50;27;18;202305;May;Thu;Morning;very high;Tea;Brewed herbal tea;Lemon Grass Rg;Lower Manhattan
38.25;15;9;202305;May;Thu;Morning;Med;Tea;Brewed Chai tea;Spicy Eye Opener Chai Rg;Lower Manhattan
96.00;32;18;202305;May;Thu;Morning;very high;Tea;Brewed herbal tea;Peppermint Lg;Lower Manhattan
114.70;37;18;202305;May;Thu;Morning;very high;Tea;Brewed Chai tea;Spicy Eye Opener Chai Lg;Lower Manhattan
47.50;19;12;202305;May;Thu;Morning;High;Tea;Brewed Chai tea;Traditional Blend Chai Rg;Lower Manhattan
81.00;27;14;202305;May;Thu;Morning;very high;Tea;Brewed Chai tea;Traditional Blend Chai Lg;Lower Manhattan
75.00;25;14;202305;May;Thu;Morning;very high;Coffee;Gourmet brewed coffee;Columbian Medium Roast Lg;Lower Manhattan
56.25;15;12;202305;May;Thu;Morning;High;Coffee;Premium brewed coffee;Jamaican Coffee River Lg;Lower Manhattan
103.50;23;13;202305;May;Thu;Morning;very high;Drinking Chocolate;Hot chocolate;Dark chocolate Lg;Lower Manhattan
67.50;27;14;202305;May;Thu;Morning;very high;Coffee;Drip coffee;Our Old Time Diner Blend Rg;Lower Manhattan
55.00;25;15;202305;May;Thu;Morning;High;Coffee;Gourmet brewed coffee;Ethiopia Sm;Lower Manhattan
76.50;18;13;202305;May;Thu;Morning;very high;Coffee;Barista Espresso;Latte Rg;Hell's Kitchen
45.00;15;11;202305;May;Thu;Morning;High;Coffee;Organic brewed coffee;Brazilian Rg;Hell's Kitchen
68.00;16;14;202305;May;Thu;Morning;very high;Coffee;Barista Espresso;Cappuccino Lg;Hell's Kitchen
142.50;30;22;202305;May;Thu;Morning;very high;Drinking Chocolate;Hot chocolate;Sustainably Grown Organic Lg;Hell's Kitchen
74.75;23;21;202305;May;Thu;Morning;very high;Bakery;Scone;Ginger Scone;Hell's Kitchen
80.75;19;13;202305;May;Thu;Morning;very high;Coffee;Barista Espresso;Cappuccino Lg;Lower Manhattan
84.00;24;16;202305;May;Thu;Morning;very high;Drinking Chocolate;Hot chocolate;Dark chocolate Rg;Hell's Kitchen
45.00;18;13;202305;May;Thu;Morning;High;Tea;Brewed Black tea;Earl Grey Rg;Hell's Kitchen
90.00;30;18;202305;May;Thu;Morning;very high;Tea;Brewed Black tea;English Breakfast Lg;Hell's Kitchen
47.50;19;13;202305;May;Thu;Morning;High;Coffee;Gourmet brewed coffee;Columbian Medium Roast Rg;Hell's Kitchen
37.40;17;12;202305;May;Thu;Morning;Med;Coffee;Gourmet brewed coffee;Ethiopia Sm;Hell's Kitchen
80.50;23;14;202305;May;Thu;Morning;very high;Coffee;Organic brewed coffee;Brazilian Lg;Hell's Kitchen
71.25;15;11;202305;May;Thu;Morning;very high;Drinking Chocolate;Hot chocolate;Sustainably Grown Organic Lg;Lower Manhattan
67.50;27;15;202305;May;Thu;Morning;very high;Tea;Brewed Chai tea;Morning Sunrise Chai Rg;Lower Manhattan
67.50;18;18;202305;May;Thu;Morning;very high;Bakery;Pastry;Chocolate Croissant;Lower Manhattan
18.00;9;6;202305;May;Thu;Morning;Low;Coffee;Gourmet brewed coffee;Columbian Medium Roast Sm;Hell's Kitchen
67.50;27;18;202305;May;Thu;Morning;very high;Tea;Brewed Green tea;Serenity Green Tea Rg;Hell's Kitchen
87.00;29;19;202305;May;Thu;Morning;very high;Tea;Brewed Green tea;Serenity Green Tea Lg;Hell's Kitchen
96.10;31;19;202305;May;Thu;Morning;very high;Coffee;Premium brewed coffee;Jamaican Coffee River Rg;Hell's Kitchen
48.75;13;8;202305;May;Thu;Morning;High;Coffee;Barista Espresso;Cappuccino;Lower Manhattan
30.00;8;8;202305;May;Thu;Morning;Med;Bakery;Pastry;Almond Croissant;Lower Manhattan
50.00;20;14;202305;May;Thu;Morning;High;Tea;Brewed herbal tea;Peppermint Rg;Hell's Kitchen
77.50;31;17;202305;May;Thu;Morning;very high;Tea;Brewed Green tea;Serenity Green Tea Rg;Lower Manhattan
42.25;13;13;202305;May;Thu;Morning;High;Bakery;Biscotti;Hazelnut Biscotti;Lower Manhattan
70.00;28;19;202305;May;Thu;Morning;very high;Tea;Brewed Chai tea;Traditional Blend Chai Rg;Hell's Kitchen
41.65;17;11;202305;May;Thu;Morning;High;Coffee;Premium brewed coffee;Jamaican Coffee River Sm;Lower Manhattan
76.00;19;11;202305;May;Thu;Morning;very high;Tea;Brewed Chai tea;Morning Sunrise Chai Lg;Lower Manhattan
49.60;16;10;202305;May;Thu;Morning;High;Tea;Brewed Chai tea;Spicy Eye Opener Chai Lg;Hell's Kitchen
60.00;30;19;202305;May;Thu;Morning;High;Coffee;Drip coffee;Our Old Time Diner Blend Sm;Hell's Kitchen
115.50;33;20;202305;May;Thu;Morning;very high;Coffee;Gourmet brewed coffee;Ethiopia Lg;Hell's Kitchen
42.00;14;10;202305;May;Thu;Morning;High;Coffee;Drip coffee;Our Old Time Diner Blend Lg;Hell's Kitchen
54.00;18;11;202305;May;Thu;Morning;High;Tea;Brewed herbal tea;Peppermint Lg;Hell's Kitchen
83.70;27;14;202305;May;Thu;Morning;very high;Coffee;Premium brewed coffee;Jamaican Coffee River Rg;Lower Manhattan
123.75;33;18;202305;May;Thu;Morning;very high;Drinking Chocolate;Hot chocolate;Sustainably Grown Organic Rg;Lower Manhattan
35.00;10;10;202305;May;Thu;Morning;Med;Bakery;Pastry;Croissant;Lower Manhattan
96.00;24;15;202305;May;Thu;Morning;very high;Tea;Brewed Chai tea;Morning Sunrise Chai Lg;Hell's Kitchen
80.00;32;18;202305;May;Thu;Morning;very high;Tea;Brewed herbal tea;Peppermint Rg;Lower Manhattan
38.50;11;11;202305;May;Thu;Morning;Med;Bakery;Biscotti;Chocolate Chip Biscotti;Lower Manhattan
31.85;13;9;202305;May;Thu;Morning;Med;Coffee;Premium brewed coffee;Jamaican Coffee River Sm;Hell's Kitchen
52.50;21;13;202305;May;Thu;Morning;High;Tea;Brewed Black tea;English Breakfast Rg;Hell's Kitchen
54.00;18;10;202305;May;Thu;Morning;High;Tea;Brewed herbal tea;Lemon Grass Lg;Lower Manhattan
25.20;9;6;202305;May;Thu;Morning;Med;Coffee;Barista Espresso;Ouro Brasileiro shot;Lower Manhattan
39.00;13;9;202305;May;Thu;Morning;Med;Tea;Brewed Black tea;Earl Grey Lg;Hell's Kitchen
135.00;36;23;202305;May;Thu;Morning;very high;Drinking Chocolate;Hot chocolate;Sustainably Grown Organic Rg;Hell's Kitchen
81.00;27;16;202305;May;Thu;Morning;very high;Tea;Brewed Black tea;Earl Grey Lg;Lower Manhattan
45.00;15;10;202305;May;Thu;Morning;High;Coffee;Gourmet brewed coffee;Columbian Medium Roast Lg;Hell's Kitchen
48.00;16;10;202305;May;Thu;Morning;High;Tea;Brewed Black tea;English Breakfast Lg;Lower Manhattan
42.50;10;8;202305;May;Thu;Morning;High;Coffee;Barista Espresso;Latte Rg;Lower Manhattan
90.00;24;16;202305;May;Thu;Morning;very high;Coffee;Barista Espresso;Cappuccino;Hell's Kitchen
36.00;12;7;202305;May;Thu;Morning;Med;Coffee;Organic brewed coffee;Brazilian Rg;Lower Manhattan
36.00;12;9;202305;May;Thu;Morning;Med;Coffee;Barista Espresso;Espresso shot;Hell's Kitchen
52.50;15;11;202305;May;Thu;Morning;High;Drinking Chocolate;Hot chocolate;Dark chocolate Rg;Lower Manhattan
48.00;16;12;202305;May;Thu;Morning;High;Tea;Brewed herbal tea;Lemon Grass Lg;Hell's Kitchen
34.55;11;11;202305;May;Thu;Morning;Med;Bakery;Scone;Ginger Scone;Lower Manhattan
36.00;8;8;202305;May;Thu;Morning;Med;Bakery;Scone;Scottish Cream Scone ;Lower Manhattan
30.00;12;7;202305;May;Thu;Morning;Med;Tea;Brewed Black tea;English Breakfast Rg;Lower Manhattan
123.75;33;25;202305;May;Thu;Morning;very high;Coffee;Barista Espresso;Latte;Hell's Kitchen
45.00;12;12;202305;May;Thu;Morning;High;Bakery;Pastry;Almond Croissant;Hell's Kitchen
63.80;29;17;202305;May;Thu;Morning;very high;Coffee;Organic brewed coffee;Brazilian Sm;Hell's Kitchen
63.00;14;14;202305;May;Thu;Morning;very high;Bakery;Scone;Scottish Cream Scone ;Hell's Kitchen
31.50;9;9;202305;May;Thu;Morning;Med;Bakery;Pastry;Croissant;Hell's Kitchen
81.40;37;23;202305;May;Thu;Morning;very high;Coffee;Gourmet brewed coffee;Ethiopia Sm;Astoria
77.00;22;16;202305;May;Thu;Morning;very high;Drinking Chocolate;Hot chocolate;Dark chocolate Rg;Astoria
90.00;24;24;202305;May;Thu;Morning;very high;Bakery;Pastry;Chocolate Croissant;Astoria
39.00;12;12;202305;May;Thu;Morning;Med;Bakery;Biscotti;Hazelnut Biscotti;Hell's Kitchen
76.50;18;10;202305;May;Thu;Morning;very high;Coffee;Barista Espresso;Latte Rg;Astoria
66.00;22;14;202305;May;Thu;Morning;very high;Tea;Brewed Chai tea;Traditional Blend Chai Lg;Hell's Kitchen
40.00;16;11;202305;May;Thu;Morning;Med;Coffee;Gourmet brewed coffee;Columbian Medium Roast Rg;Astoria
59.50;17;12;202305;May;Thu;Morning;High;Coffee;Gourmet brewed coffee;Ethiopia Lg;Astoria
99.75;21;15;202305;May;Thu;Morning;very high;Drinking Chocolate;Hot chocolate;Sustainably Grown Organic Lg;Astoria
45.00;18;11;202305;May;Thu;Morning;High;Coffee;Drip coffee;Our Old Time Diner Blend Rg;Hell's Kitchen
63.75;17;10;202305;May;Thu;Morning;very high;Drinking Chocolate;Hot chocolate;Sustainably Grown Organic Rg;Astoria
36.00;12;9;202305;May;Thu;Morning;Med;Coffee;Barista Espresso;Espresso shot;Lower Manhattan
57.00;19;13;202305;May;Thu;Morning;High;Tea;Brewed Chai tea;Traditional Blend Chai Lg;Astoria
54.00;18;11;202305;May;Thu;Morning;High;Tea;Brewed Black tea;Earl Grey Lg;Astoria
39.00;13;7;202305;May;Thu;Morning;Med;Tea;Brewed Black tea;English Breakfast Lg;Astoria
77.50;31;21;202305;May;Thu;Morning;very high;Tea;Brewed herbal tea;Peppermint Rg;Astoria
51.00;20;12;202305;May;Thu;Morning;High;Tea;Brewed Chai tea;Spicy Eye Opener Chai Rg;Hell's Kitchen
57.00;19;13;202305;May;Thu;Morning;High;Tea;Brewed Green tea;Serenity Green Tea Lg;Astoria
49.50;11;8;202305;May;Thu;Morning;High;Drinking Chocolate;Hot chocolate;Dark chocolate Lg;Hell's Kitchen
90.00;24;18;202305;May;Thu;Morning;very high;Coffee;Barista Espresso;Cappuccino;Astoria
48.45;19;13;202305;May;Thu;Morning;High;Tea;Brewed Chai tea;Spicy Eye Opener Chai Rg;Astoria
54.00;18;15;202305;May;Thu;Morning;High;Coffee;Gourmet brewed coffee;Columbian Medium Roast Lg;Astoria
40.00;20;12;202305;May;Thu;Morning;Med;Coffee;Gourmet brewed coffee;Columbian Medium Roast Sm;Astoria
70.00;28;17;202305;May;Thu;Morning;very high;Coffee;Drip coffee;Our Old Time Diner Blend Rg;Astoria
22.50;6;6;202305;May;Thu;Morning;Med;Bakery;Scone;Jumbo Savory Scone;Lower Manhattan
40.30;13;8;202305;May;Thu;Morning;very high;Coffee;Premium brewed coffee;Jamaican Coffee River Rg;Astoria
126.00;28;18;202305;May;Thu;Morning;very high;Drinking Chocolate;Hot chocolate;Dark chocolate Lg;Astoria
58.90;19;12;202305;May;Thu;Morning;High;Tea;Brewed Chai tea;Spicy Eye Opener Chai Lg;Astoria
52.00;13;10;202305;May;Thu;Morning;High;Tea;Brewed Chai tea;Morning Sunrise Chai Lg;Astoria
35.00;14;9;202305;May;Thu;Morning;Med;Tea;Brewed herbal tea;Lemon Grass Rg;Hell's Kitchen
27.00;9;6;202305;May;Thu;Morning;Med;Coffee;Drip coffee;Our Old Time Diner Blend Lg;Astoria
87.50;25;15;202305;May;Thu;Morning;very high;Coffee;Organic brewed coffee;Brazilian Lg;Astoria
75.00;20;20;202305;May;Thu;Morning;very high;Bakery;Pastry;Chocolate Croissant;Hell's Kitchen
86.25;23;16;202305;May;Thu;Morning;very high;Coffee;Premium brewed coffee;Jamaican Coffee River Lg;Hell's Kitchen
11.25;3;2;202305;May;Thu;Night;Low;Coffee;Barista Espresso;Cappuccino;Hell's Kitchen
10.50;3;3;202305;May;Thu;Night;Low;Bakery;Biscotti;Ginger Biscotti;Hell's Kitchen
3.00;1;1;202305;May;Thu;Night;Low;Tea;Brewed herbal tea;Peppermint Lg;Astoria
10.00;4;4;202305;May;Thu;Night;Low;Coffee;Gourmet brewed coffee;Columbian Medium Roast Rg;Lower Manhattan
63.75;15;10;202305;May;Thu;Afternoon;very high;Coffee;Barista Espresso;Cappuccino Lg;Astoria
10.50;3;3;202305;May;Thu;Afternoon;Low;Bakery;Biscotti;Ginger Biscotti;Astoria
45.00;15;10;202305;May;Thu;Afternoon;High;Coffee;Gourmet brewed coffee;Columbian Medium Roast Lg;Lower Manhattan
60.00;15;10;202305;May;Thu;Afternoon;High;Tea;Brewed Chai tea;Morning Sunrise Chai Lg;Astoria
28.00;8;5;202305;May;Thu;Afternoon;Med;Drinking Chocolate;Hot chocolate;Dark chocolate Rg;Lower Manhattan
16.00;8;5;202305;May;Thu;Afternoon;Low;Coffee;Drip coffee;Our Old Time Diner Blend Sm;Lower Manhattan
45.00;18;10;202305;May;Thu;Afternoon;High;Tea;Brewed Chai tea;Morning Sunrise Chai Rg;Lower Manhattan
52.50;21;13;202305;May;Thu;Afternoon;High;Tea;Brewed Green tea;Serenity Green Tea Rg;Hell's Kitchen
61.75;13;9;202305;May;Thu;Afternoon;very high;Drinking Chocolate;Hot chocolate;Sustainably Grown Organic Lg;Astoria
35.00;14;9;202305;May;Thu;Afternoon;Med;Tea;Brewed Chai tea;Traditional Blend Chai Rg;Astoria
27.00;9;7;202305;May;Thu;Afternoon;Med;Coffee;Gourmet brewed coffee;Columbian Medium Roast Lg;Hell's Kitchen
22.75;7;5;202305;May;Thu;Afternoon;Med;Bakery;Scone;Ginger Scone;Hell's Kitchen
20.00;10;8;202305;May;Thu;Afternoon;Low;Coffee;Gourmet brewed coffee;Columbian Medium Roast Sm;Lower Manhattan
45.90;18;10;202305;May;Thu;Afternoon;High;Tea;Brewed Chai tea;Spicy Eye Opener Chai Rg;Astoria
29.40;12;8;202305;May;Thu;Afternoon;Med;Coffee;Premium brewed coffee;Jamaican Coffee River Sm;Astoria
36.00;12;9;202305;May;Thu;Afternoon;Med;Coffee;Gourmet brewed coffee;Ethiopia Rg;Astoria
13.50;3;3;202305;May;Thu;Afternoon;Low;Bakery;Scone;Scottish Cream Scone ;Astoria
40.00;16;11;202305;May;Thu;Afternoon;Med;Coffee;Gourmet brewed coffee;Columbian Medium Roast Rg;Astoria
75.00;25;15;202305;May;Thu;Afternoon;very high;Coffee;Gourmet brewed coffee;Columbian Medium Roast Lg;Astoria
36.00;12;8;202305;May;Thu;Afternoon;Med;Coffee;Barista Espresso;Espresso shot;Astoria
24.50;7;7;202305;May;Thu;Afternoon;Med;Bakery;Biscotti;Chocolate Chip Biscotti;Astoria
28.00;8;4;202305;May;Thu;Afternoon;Med;Coffee;Gourmet brewed coffee;Ethiopia Lg;Lower Manhattan
27.90;9;8;202305;May;Thu;Afternoon;Med;Coffee;Premium brewed coffee;Jamaican Coffee River Rg;Astoria
30.80;14;9;202305;May;Thu;Afternoon;Med;Coffee;Organic brewed coffee;Brazilian Sm;Hell's Kitchen
36.00;12;8;202305;May;Thu;Afternoon;Med;Coffee;Organic brewed coffee;Brazilian Rg;Hell's Kitchen
45.00;15;9;202305;May;Thu;Afternoon;High;Tea;Brewed herbal tea;Peppermint Lg;Astoria
56.25;15;9;202305;May;Thu;Afternoon;High;Coffee;Premium brewed coffee;Jamaican Coffee River Lg;Astoria
90.00;30;18;202305;May;Thu;Afternoon;very high;Tea;Brewed Black tea;English Breakfast Lg;Lower Manhattan
66.00;22;13;202305;May;Thu;Afternoon;very high;Coffee;Barista Espresso;Espresso shot;Hell's Kitchen
42.50;17;11;202305;May;Thu;Afternoon;High;Tea;Brewed Chai tea;Traditional Blend Chai Rg;Lower Manhattan
60.00;20;14;202305;May;Thu;Afternoon;High;Tea;Brewed herbal tea;Peppermint Lg;Lower Manhattan
48.75;13;9;202305;May;Thu;Afternoon;High;Coffee;Barista Espresso;Cappuccino;Hell's Kitchen
18.00;6;4;202305;May;Thu;Afternoon;Low;Tea;Brewed Chai tea;Traditional Blend Chai Lg;Lower Manhattan
36.00;8;8;202305;May;Thu;Afternoon;Med;Bakery;Scone;Scottish Cream Scone ;Lower Manhattan
25.00;10;8;202305;May;Thu;Afternoon;Med;Tea;Brewed Black tea;Earl Grey Rg;Astoria
48.00;16;10;202305;May;Thu;Afternoon;High;Coffee;Drip coffee;Our Old Time Diner Blend Lg;Astoria
20.00;8;5;202305;May;Thu;Afternoon;Low;Tea;Brewed Green tea;Serenity Green Tea Rg;Astoria
24.20;11;8;202305;May;Thu;Afternoon;Med;Coffee;Gourmet brewed coffee;Ethiopia Sm;Astoria
99.00;22;13;202305;May;Thu;Afternoon;very high;Drinking Chocolate;Hot chocolate;Dark chocolate Lg;Astoria
30.00;8;8;202305;May;Thu;Afternoon;Med;Bakery;Pastry;Chocolate Croissant;Astoria
22.50;9;8;202305;May;Thu;Afternoon;Med;Tea;Brewed Black tea;English Breakfast Rg;Astoria
45.00;12;9;202305;May;Thu;Afternoon;High;Coffee;Barista Espresso;Cappuccino;Lower Manhattan
18.00;6;5;202305;May;Thu;Afternoon;Low;Tea;Brewed Green tea;Serenity Green Tea Lg;Hell's Kitchen
16.00;8;5;202305;May;Thu;Afternoon;Low;Coffee;Gourmet brewed coffee;Columbian Medium Roast Sm;Astoria
56.00;16;11;202305;May;Thu;Afternoon;High;Drinking Chocolate;Hot chocolate;Dark chocolate Rg;Astoria
32.50;10;10;202305;May;Thu;Afternoon;Med;Bakery;Biscotti;Hazelnut Biscotti;Astoria
19.80;9;5;202305;May;Thu;Afternoon;Low;Coffee;Organic brewed coffee;Brazilian Sm;Astoria
72.00;24;16;202305;May;Thu;Afternoon;very high;Tea;Brewed Chai tea;Traditional Blend Chai Lg;Astoria
53.55;21;11;202305;May;Thu;Afternoon;High;Tea;Brewed Chai tea;Spicy Eye Opener Chai Rg;Lower Manhattan
25.50;6;4;202305;May;Thu;Afternoon;Med;Coffee;Barista Espresso;Cappuccino Lg;Lower Manhattan
15.00;4;4;202305;May;Thu;Afternoon;Low;Bakery;Scone;Jumbo Savory Scone;Lower Manhattan
26.25;7;7;202305;May;Thu;Afternoon;Med;Coffee;Barista Espresso;Latte;Astoria
48.75;13;7;202305;May;Thu;Afternoon;High;Coffee;Premium brewed coffee;Jamaican Coffee River Lg;Lower Manhattan
41.25;11;7;202305;May;Thu;Afternoon;High;Drinking Chocolate;Hot chocolate;Sustainably Grown Organic Rg;Astoria
25.00;10;7;202305;May;Thu;Afternoon;Med;Coffee;Drip coffee;Our Old Time Diner Blend Rg;Astoria
72.25;17;10;202305;May;Thu;Afternoon;very high;Coffee;Barista Espresso;Latte Rg;Hell's Kitchen
56.25;15;10;202305;May;Thu;Afternoon;High;Drinking Chocolate;Hot chocolate;Sustainably Grown Organic Rg;Hell's Kitchen
25.00;10;6;202305;May;Thu;Afternoon;Med;Tea;Brewed herbal tea;Peppermint Rg;Hell's Kitchen
18.75;5;5;202305;May;Thu;Afternoon;Low;Bakery;Pastry;Chocolate Croissant;Hell's Kitchen
15.00;6;4;202305;May;Thu;Afternoon;Low;Tea;Brewed Black tea;English Breakfast Rg;Lower Manhattan
48.00;16;11;202305;May;Thu;Afternoon;High;Tea;Brewed herbal tea;Lemon Grass Lg;Astoria
27.50;11;8;202305;May;Thu;Afternoon;Med;Tea;Brewed herbal tea;Lemon Grass Rg;Astoria
18.75;5;5;202305;May;Thu;Afternoon;Low;Bakery;Scone;Jumbo Savory Scone;Astoria
35.00;10;7;202305;May;Thu;Afternoon;Med;Coffee;Gourmet brewed coffee;Ethiopia Lg;Astoria
37.20;12;8;202305;May;Thu;Afternoon;Med;Tea;Brewed Chai tea;Spicy Eye Opener Chai Lg;Astoria
27.00;9;5;202305;May;Thu;Afternoon;Med;Coffee;Barista Espresso;Ouro Brasileiro shot;Lower Manhattan
26.95;11;7;202305;May;Thu;Afternoon;Med;Coffee;Premium brewed coffee;Jamaican Coffee River Sm;Lower Manhattan
39.00;13;8;202305;May;Thu;Afternoon;Med;Tea;Brewed Black tea;Earl Grey Lg;Astoria
12.75;3;2;202305;May;Thu;Afternoon;Low;Coffee;Barista Espresso;Latte Rg;Lower Manhattan
43.40;14;8;202305;May;Thu;Afternoon;High;Tea;Brewed Chai tea;Spicy Eye Opener Chai Lg;Lower Manhattan
24.00;8;6;202305;May;Thu;Afternoon;Med;Coffee;Drip coffee;Our Old Time Diner Blend Lg;Hell's Kitchen
16.00;8;6;202305;May;Thu;Afternoon;Low;Coffee;Drip coffee;Our Old Time Diner Blend Sm;Astoria
35.00;14;9;202305;May;Thu;Afternoon;Med;Tea;Brewed Green tea;Serenity Green Tea Rg;Lower Manhattan
16.25;5;5;202305;May;Thu;Afternoon;Low;Bakery;Scone;Cranberry Scone;Hell's Kitchen
13.50;3;3;202305;May;Thu;Afternoon;Low;Bakery;Scone;Scottish Cream Scone ;Hell's Kitchen
28.00;8;8;202305;May;Thu;Afternoon;Med;Bakery;Pastry;Croissant;Astoria
72.25;17;11;202305;May;Thu;Afternoon;very high;Coffee;Barista Espresso;Latte Rg;Astoria
21.00;7;5;202305;May;Thu;Afternoon;Med;Tea;Brewed Green tea;Serenity Green Tea Lg;Astoria
45.50;13;8;202305;May;Thu;Afternoon;High;Coffee;Organic brewed coffee;Brazilian Lg;Astoria
31.50;9;7;202305;May;Thu;Afternoon;Med;Coffee;Organic brewed coffee;Brazilian Lg;Lower Manhattan
37.50;10;6;202305;May;Thu;Afternoon;Med;Coffee;Barista Espresso;Latte;Hell's Kitchen
31.50;9;6;202305;May;Thu;Afternoon;Med;Coffee;Gourmet brewed coffee;Ethiopia Lg;Hell's Kitchen
24.20;11;7;202305;May;Thu;Afternoon;Med;Coffee;Organic brewed coffee;Brazilian Sm;Lower Manhattan
38.25;9;5;202305;May;Thu;Afternoon;Med;Coffee;Barista Espresso;Cappuccino Lg;Hell's Kitchen
30.00;10;6;202305;May;Thu;Afternoon;Med;Coffee;Organic brewed coffee;Brazilian Rg;Astoria
36.00;8;5;202305;May;Thu;Afternoon;Med;Drinking Chocolate;Hot chocolate;Dark chocolate Lg;Lower Manhattan
32.50;13;8;202305;May;Thu;Afternoon;Med;Tea;Brewed herbal tea;Peppermint Rg;Lower Manhattan
17.50;7;6;202305;May;Thu;Afternoon;Low;Tea;Brewed Chai tea;Morning Sunrise Chai Rg;Hell's Kitchen
24.50;10;7;202305;May;Thu;Afternoon;Med;Coffee;Premium brewed coffee;Jamaican Coffee River Sm;Hell's Kitchen
21.70;7;6;202305;May;Thu;Afternoon;Med;Tea;Brewed Chai tea;Spicy Eye Opener Chai Lg;Hell's Kitchen
15.00;4;4;202305;May;Thu;Afternoon;Low;Bakery;Pastry;Almond Croissant;Lower Manhattan
22.75;7;7;202305;May;Thu;Afternoon;Med;Bakery;Scone;Cranberry Scone;Astoria
40.00;16;10;202305;May;Thu;Afternoon;Med;Tea;Brewed Chai tea;Morning Sunrise Chai Rg;Astoria
3.25;1;1;202305;May;Thu;Afternoon;Low;Bakery;Biscotti;Hazelnut Biscotti;Hell's Kitchen
18.75;5;5;202305;May;Thu;Afternoon;Low;Bakery;Pastry;Almond Croissant;Astoria
27.00;9;5;202305;May;Thu;Afternoon;Med;Tea;Brewed herbal tea;Lemon Grass Lg;Lower Manhattan
45.00;15;11;202305;May;Thu;Afternoon;High;Coffee;Gourmet brewed coffee;Ethiopia Rg;Lower Manhattan
31.50;9;9;202305;May;Thu;Afternoon;Med;Bakery;Biscotti;Chocolate Chip Biscotti;Lower Manhattan
17.50;7;4;202305;May;Thu;Afternoon;Low;Tea;Brewed Black tea;English Breakfast Rg;Hell's Kitchen
27.90;9;5;202305;May;Thu;Afternoon;Med;Coffee;Premium brewed coffee;Jamaican Coffee River Rg;Hell's Kitchen
51.00;20;12;202305;May;Thu;Afternoon;High;Tea;Brewed Chai tea;Spicy Eye Opener Chai Rg;Hell's Kitchen
18.00;6;4;202305;May;Thu;Afternoon;Low;Tea;Brewed herbal tea;Peppermint Lg;Hell's Kitchen
22.50;9;6;202305;May;Thu;Afternoon;Med;Tea;Brewed herbal tea;Lemon Grass Rg;Hell's Kitchen
3.50;1;1;202305;May;Thu;Afternoon;Low;Bakery;Biscotti;Chocolate Chip Biscotti;Hell's Kitchen
19.80;9;5;202305;May;Thu;Afternoon;Low;Coffee;Gourmet brewed coffee;Ethiopia Sm;Lower Manhattan
32.50;13;8;202305;May;Thu;Afternoon;Med;Tea;Brewed herbal tea;Peppermint Rg;Astoria
16.50;7;5;202305;May;Thu;Afternoon;Low;Coffee;Barista Espresso;Ouro Brasileiro shot;Hell's Kitchen
15.00;6;4;202305;May;Thu;Afternoon;Low;Coffee;Drip coffee;Our Old Time Diner Blend Rg;Hell's Kitchen
20.00;8;5;202305;May;Thu;Afternoon;Low;Tea;Brewed Black tea;Earl Grey Rg;Hell's Kitchen
26.25;7;7;202305;May;Thu;Afternoon;Med;Bakery;Pastry;Chocolate Croissant;Lower Manhattan
18.00;6;4;202305;May;Thu;Afternoon;Low;Tea;Brewed Black tea;Earl Grey Lg;Hell's Kitchen
28.50;6;4;202305;May;Thu;Afternoon;Med;Drinking Chocolate;Hot chocolate;Sustainably Grown Organic Lg;Hell's Kitchen
20.00;8;5;202305;May;Thu;Afternoon;Low;Tea;Brewed herbal tea;Lemon Grass Rg;Lower Manhattan
21.00;7;5;202305;May;Thu;Afternoon;Med;Tea;Brewed Black tea;English Breakfast Lg;Astoria
15.00;4;4;202305;May;Thu;Afternoon;Low;Bakery;Pastry;Almond Croissant;Hell's Kitchen
22.50;9;6;202305;May;Thu;Afternoon;Med;Tea;Brewed Chai tea;Traditional Blend Chai Rg;Hell's Kitchen
35.00;14;9;202305;May;Thu;Afternoon;Med;Coffee;Gourmet brewed coffee;Columbian Medium Roast Rg;Hell's Kitchen
24.00;8;6;202305;May;Thu;Afternoon;Med;Coffee;Organic brewed coffee;Brazilian Rg;Lower Manhattan
21.00;7;4;202305;May;Thu;Afternoon;Med;Coffee;Barista Espresso;Espresso shot;Lower Manhattan
45.00;10;5;202305;May;Thu;Afternoon;High;Drinking Chocolate;Hot chocolate;Dark chocolate Lg;Hell's Kitchen
40.00;10;5;202305;May;Thu;Afternoon;Med;Tea;Brewed Chai tea;Morning Sunrise Chai Lg;Lower Manhattan
18.00;6;4;202305;May;Thu;Afternoon;Low;Coffee;Drip coffee;Our Old Time Diner Blend Lg;Lower Manhattan
6.50;2;2;202305;May;Thu;Afternoon;Low;Bakery;Scone;Ginger Scone;Lower Manhattan
9.00;3;3;202305;May;Thu;Afternoon;Low;Bakery;Scone;Oatmeal Scone;Astoria
9.00;3;3;202305;May;Thu;Afternoon;Low;Tea;Brewed Black tea;English Breakfast Lg;Hell's Kitchen
9.75;3;3;202305;May;Thu;Afternoon;Low;Bakery;Scone;Cranberry Scone;Lower Manhattan
25.00;10;4;202305;May;Thu;Afternoon;Med;Tea;Brewed Black tea;Earl Grey Rg;Lower Manhattan
17.60;8;5;202305;May;Thu;Afternoon;Low;Coffee;Gourmet brewed coffee;Ethiopia Sm;Hell's Kitchen
52.50;14;10;202305;May;Thu;Afternoon;High;Drinking Chocolate;Hot chocolate;Sustainably Grown Organic Rg;Lower Manhattan
48.00;16;9;202305;May;Thu;Afternoon;High;Tea;Brewed herbal tea;Lemon Grass Lg;Hell's Kitchen
27.00;9;6;202305;May;Thu;Afternoon;Med;Tea;Brewed Black tea;Earl Grey Lg;Lower Manhattan
18.00;9;6;202305;May;Thu;Afternoon;Low;Coffee;Drip coffee;Our Old Time Diner Blend Sm;Hell's Kitchen
13.00;4;4;202305;May;Thu;Afternoon;Low;Bakery;Scone;Ginger Scone;Astoria
25.00;10;6;202305;May;Thu;Afternoon;Med;Coffee;Drip coffee;Our Old Time Diner Blend Rg;Lower Manhattan
30.00;8;6;202305;May;Thu;Afternoon;Med;Coffee;Premium brewed coffee;Jamaican Coffee River Lg;Hell's Kitchen
42.75;9;6;202305;May;Thu;Afternoon;High;Drinking Chocolate;Hot chocolate;Sustainably Grown Organic Lg;Lower Manhattan
27.00;9;5;202305;May;Thu;Afternoon;Med;Coffee;Gourmet brewed coffee;Ethiopia Rg;Hell's Kitchen
52.50;14;9;202305;May;Thu;Afternoon;High;Coffee;Barista Espresso;Latte;Lower Manhattan
28.00;14;8;202305;May;Thu;Afternoon;Med;Coffee;Gourmet brewed coffee;Columbian Medium Roast Sm;Hell's Kitchen
7.65;3;2;202305;May;Thu;Night;Low;Tea;Brewed Chai tea;Spicy Eye Opener Chai Rg;Hell's Kitchen
6.20;2;1;202305;May;Thu;Night;Low;Tea;Brewed Chai tea;Spicy Eye Opener Chai Lg;Astoria
3.00;1;1;202305;May;Thu;Night;Low;Bakery;Scone;Oatmeal Scone;Astoria
18.00;6;6;202305;May;Thu;Evening;Low;Tea;Brewed Chai tea;Traditional Blend Chai Lg;Hell's Kitchen
44.00;22;16;202305;May;Thu;Evening;High;Coffee;Drip coffee;Our Old Time Diner Blend Sm;Astoria
22.75;7;7;202305;May;Thu;Evening;Med;Bakery;Scone;Ginger Scone;Astoria
63.00;21;12;202305;May;Thu;Evening;very high;Coffee;Drip coffee;Our Old Time Diner Blend Lg;Astoria
26.40;12;10;202305;May;Thu;Evening;Med;Coffee;Organic brewed coffee;Brazilian Sm;Astoria
48.75;13;10;202305;May;Thu;Evening;High;Coffee;Premium brewed coffee;Jamaican Coffee River Lg;Hell's Kitchen
20.00;10;6;202305;May;Thu;Evening;Low;Coffee;Gourmet brewed coffee;Columbian Medium Roast Sm;Hell's Kitchen
11.25;3;3;202305;May;Thu;Evening;Low;Bakery;Pastry;Almond Croissant;Hell's Kitchen
57.50;23;14;202305;May;Thu;Evening;High;Tea;Brewed herbal tea;Peppermint Rg;Astoria
28.00;8;5;202305;May;Thu;Evening;Med;Coffee;Organic brewed coffee;Brazilian Lg;Hell's Kitchen
28.50;6;4;202305;May;Thu;Evening;Med;Drinking Chocolate;Hot chocolate;Sustainably Grown Organic Lg;Lower Manhattan
24.00;8;5;202305;May;Thu;Evening;Med;Tea;Brewed Black tea;English Breakfast Lg;Lower Manhattan
22.50;6;6;202305;May;Thu;Evening;Med;Bakery;Pastry;Almond Croissant;Lower Manhattan
28.00;14;9;202305;May;Thu;Evening;Med;Coffee;Gourmet brewed coffee;Columbian Medium Roast Sm;Astoria
36.00;12;8;202305;May;Thu;Evening;Med;Coffee;Drip coffee;Our Old Time Diner Blend Lg;Lower Manhattan
56.00;16;9;202305;May;Thu;Evening;High;Coffee;Gourmet brewed coffee;Ethiopia Lg;Astoria
54.00;18;10;202305;May;Thu;Evening;High;Tea;Brewed Green tea;Serenity Green Tea Lg;Astoria
12.50;5;3;202305;May;Thu;Evening;Low;Tea;Brewed Black tea;Earl Grey Rg;Lower Manhattan
10.50;3;3;202305;May;Thu;Evening;Low;Bakery;Pastry;Croissant;Hell's Kitchen
32.50;13;10;202305;May;Thu;Evening;Med;Tea;Brewed Chai tea;Traditional Blend Chai Rg;Astoria
42.00;12;8;202305;May;Thu;Evening;High;Drinking Chocolate;Hot chocolate;Dark chocolate Rg;Hell's Kitchen
40.00;10;6;202305;May;Thu;Evening;Med;Tea;Brewed Chai tea;Morning Sunrise Chai Lg;Hell's Kitchen
24.20;11;7;202305;May;Thu;Evening;Med;Coffee;Gourmet brewed coffee;Ethiopia Sm;Hell's Kitchen
19.50;6;5;202305;May;Thu;Evening;Low;Bakery;Scone;Ginger Scone;Hell's Kitchen
15.00;4;4;202305;May;Thu;Evening;Low;Bakery;Scone;Jumbo Savory Scone;Astoria
18.75;5;3;202305;May;Thu;Evening;Low;Coffee;Barista Espresso;Latte;Hell's Kitchen
37.50;10;7;202305;May;Thu;Evening;Med;Coffee;Barista Espresso;Cappuccino;Lower Manhattan
20.00;8;5;202305;May;Thu;Evening;Low;Tea;Brewed herbal tea;Lemon Grass Rg;Hell's Kitchen
56.00;14;10;202305;May;Thu;Evening;High;Tea;Brewed Chai tea;Morning Sunrise Chai Lg;Astoria
60.00;20;13;202305;May;Thu;Evening;High;Coffee;Barista Espresso;Espresso shot;Astoria
42.00;14;10;202305;May;Thu;Evening;High;Tea;Brewed Black tea;English Breakfast Lg;Astoria
52.50;14;14;202305;May;Thu;Evening;High;Bakery;Pastry;Chocolate Croissant;Astoria
20.00;8;7;202305;May;Thu;Evening;Low;Tea;Brewed Chai tea;Morning Sunrise Chai Rg;Astoria
21.00;7;4;202305;May;Thu;Evening;Med;Coffee;Gourmet brewed coffee;Ethiopia Rg;Astoria
17.50;7;6;202305;May;Thu;Evening;Low;Tea;Brewed herbal tea;Lemon Grass Rg;Lower Manhattan
13.50;3;3;202305;May;Thu;Evening;Low;Bakery;Scone;Scottish Cream Scone ;Astoria
49.60;16;10;202305;May;Thu;Evening;High;Tea;Brewed Chai tea;Spicy Eye Opener Chai Lg;Hell's Kitchen
15.40;7;5;202305;May;Thu;Evening;Low;Coffee;Organic brewed coffee;Brazilian Sm;Hell's Kitchen
6.50;2;2;202305;May;Thu;Evening;Low;Bakery;Scone;Cranberry Scone;Hell's Kitchen
21.00;6;6;202305;May;Thu;Evening;Med;Bakery;Biscotti;Chocolate Chip Biscotti;Hell's Kitchen
36.00;12;6;202305;May;Thu;Evening;Med;Tea;Brewed herbal tea;Lemon Grass Lg;Astoria
40.30;13;8;202305;May;Thu;Evening;very high;Tea;Brewed Chai tea;Spicy Eye Opener Chai Lg;Lower Manhattan
31.50;7;5;202305;May;Thu;Evening;Med;Drinking Chocolate;Hot chocolate;Dark chocolate Lg;Astoria
63.75;17;9;202305;May;Thu;Evening;very high;Coffee;Barista Espresso;Cappuccino;Astoria
15.00;4;4;202305;May;Thu;Evening;Low;Drinking Chocolate;Hot chocolate;Sustainably Grown Organic Rg;Lower Manhattan
45.00;15;9;202305;May;Thu;Evening;High;Coffee;Gourmet brewed coffee;Columbian Medium Roast Lg;Astoria
19.50;6;6;202305;May;Thu;Evening;Low;Bakery;Biscotti;Hazelnut Biscotti;Astoria
25.50;10;7;202305;May;Thu;Evening;Med;Tea;Brewed Chai tea;Spicy Eye Opener Chai Rg;Astoria
40.00;16;10;202305;May;Thu;Evening;Med;Tea;Brewed Black tea;English Breakfast Rg;Astoria
15.00;6;4;202305;May;Thu;Evening;Low;Tea;Brewed Black tea;English Breakfast Rg;Hell's Kitchen
6.60;3;2;202305;May;Thu;Evening;Low;Coffee;Gourmet brewed coffee;Ethiopia Sm;Lower Manhattan
30.00;12;9;202305;May;Thu;Evening;Med;Tea;Brewed Chai tea;Traditional Blend Chai Rg;Hell's Kitchen
59.50;17;11;202305;May;Thu;Evening;High;Drinking Chocolate;Hot chocolate;Dark chocolate Rg;Astoria
13.20;6;4;202305;May;Thu;Evening;Low;Coffee;Organic brewed coffee;Brazilian Sm;Lower Manhattan
45.00;15;11;202305;May;Thu;Evening;High;Coffee;Organic brewed coffee;Brazilian Rg;Astoria
71.25;15;9;202305;May;Thu;Evening;very high;Drinking Chocolate;Hot chocolate;Sustainably Grown Organic Lg;Hell's Kitchen
10.20;4;3;202305;May;Thu;Evening;Low;Tea;Brewed Chai tea;Spicy Eye Opener Chai Rg;Lower Manhattan
20.00;8;5;202305;May;Thu;Evening;Low;Tea;Brewed Chai tea;Traditional Blend Chai Rg;Lower Manhattan
30.00;10;6;202305;May;Thu;Evening;Med;Coffee;Gourmet brewed coffee;Ethiopia Rg;Lower Manhattan
28.00;8;6;202305;May;Thu;Evening;Med;Drinking Chocolate;Hot chocolate;Dark chocolate Rg;Lower Manhattan
19.60;8;6;202305;May;Thu;Evening;Low;Coffee;Premium brewed coffee;Jamaican Coffee River Sm;Astoria
27.00;9;7;202305;May;Thu;Evening;Med;Tea;Brewed Black tea;Earl Grey Lg;Astoria
12.00;6;5;202305;May;Thu;Evening;Low;Coffee;Drip coffee;Our Old Time Diner Blend Sm;Hell's Kitchen
18.00;9;6;202305;May;Thu;Evening;Low;Coffee;Drip coffee;Our Old Time Diner Blend Sm;Lower Manhattan
10.00;5;3;202305;May;Thu;Evening;Low;Coffee;Gourmet brewed coffee;Columbian Medium Roast Sm;Lower Manhattan
10.50;3;3;202305;May;Thu;Evening;Low;Bakery;Biscotti;Ginger Biscotti;Lower Manhattan
18.60;6;5;202305;May;Thu;Evening;Low;Coffee;Premium brewed coffee;Jamaican Coffee River Rg;Astoria
17.50;5;5;202305;May;Thu;Evening;Low;Bakery;Biscotti;Ginger Biscotti;Astoria
24.00;8;5;202305;May;Thu;Evening;Med;Coffee;Gourmet brewed coffee;Columbian Medium Roast Lg;Lower Manhattan
10.00;4;2;202305;May;Thu;Evening;Low;Tea;Brewed herbal tea;Peppermint Rg;Lower Manhattan
11.25;3;3;202305;May;Thu;Evening;Low;Bakery;Scone;Jumbo Savory Scone;Lower Manhattan
33.00;15;11;202305;May;Thu;Evening;Med;Coffee;Gourmet brewed coffee;Ethiopia Sm;Astoria
22.75;7;7;202305;May;Thu;Evening;Med;Bakery;Scone;Cranberry Scone;Astoria
35.00;10;9;202305;May;Thu;Evening;Med;Coffee;Organic brewed coffee;Brazilian Lg;Astoria
56.25;15;10;202305;May;Thu;Evening;High;Coffee;Premium brewed coffee;Jamaican Coffee River Lg;Astoria
15.00;5;5;202305;May;Thu;Evening;Low;Bakery;Scone;Oatmeal Scone;Lower Manhattan
12.50;5;4;202305;May;Thu;Evening;Low;Coffee;Gourmet brewed coffee;Columbian Medium Roast Rg;Lower Manhattan
6.00;2;1;202305;May;Thu;Evening;Low;Tea;Brewed herbal tea;Lemon Grass Lg;Lower Manhattan
27.50;11;7;202305;May;Thu;Evening;Med;Coffee;Drip coffee;Our Old Time Diner Blend Rg;Astoria
14.00;4;4;202305;May;Thu;Evening;Low;Bakery;Pastry;Croissant;Astoria
38.25;9;6;202305;May;Thu;Evening;Med;Coffee;Barista Espresso;Latte Rg;Lower Manhattan
21.25;5;3;202305;May;Thu;Evening;Med;Coffee;Barista Espresso;Cappuccino Lg;Astoria
36.00;12;8;202305;May;Thu;Evening;Med;Tea;Brewed Chai tea;Traditional Blend Chai Lg;Astoria
18.75;5;5;202305;May;Thu;Evening;Low;Bakery;Pastry;Almond Croissant;Astoria
42.50;17;11;202305;May;Thu;Evening;High;Tea;Brewed Green tea;Serenity Green Tea Rg;Astoria
15.00;5;3;202305;May;Thu;Evening;Low;Tea;Brewed Black tea;English Breakfast Lg;Hell's Kitchen
26.95;11;6;202305;May;Thu;Evening;Med;Coffee;Premium brewed coffee;Jamaican Coffee River Sm;Lower Manhattan
28.00;8;5;202305;May;Thu;Evening;Med;Coffee;Organic brewed coffee;Brazilian Lg;Lower Manhattan
25.50;6;4;202305;May;Thu;Evening;Med;Coffee;Barista Espresso;Latte Rg;Hell's Kitchen
22.05;9;5;202305;May;Thu;Evening;Med;Coffee;Premium brewed coffee;Jamaican Coffee River Sm;Hell's Kitchen
12.00;4;4;202305;May;Thu;Evening;Low;Bakery;Scone;Oatmeal Scone;Astoria
21.00;7;4;202305;May;Thu;Evening;Med;Coffee;Organic brewed coffee;Brazilian Rg;Lower Manhattan
14.00;4;4;202305;May;Thu;Evening;Low;Bakery;Pastry;Croissant;Lower Manhattan
54.00;12;10;202305;May;Thu;Evening;High;Drinking Chocolate;Hot chocolate;Dark chocolate Lg;Hell's Kitchen
35.00;10;5;202305;May;Thu;Evening;Med;Coffee;Gourmet brewed coffee;Ethiopia Lg;Hell's Kitchen
18.00;6;5;202305;May;Thu;Evening;Low;Tea;Brewed herbal tea;Peppermint Lg;Hell's Kitchen
30.00;8;4;202305;May;Thu;Evening;Med;Coffee;Barista Espresso;Latte;Lower Manhattan
18.00;6;5;202305;May;Thu;Evening;Low;Coffee;Drip coffee;Our Old Time Diner Blend Lg;Hell's Kitchen
27.00;6;3;202305;May;Thu;Evening;Med;Drinking Chocolate;Hot chocolate;Dark chocolate Lg;Lower Manhattan
21.00;7;5;202305;May;Thu;Evening;Med;Tea;Brewed Green tea;Serenity Green Tea Lg;Hell's Kitchen
46.75;11;8;202305;May;Thu;Evening;High;Coffee;Barista Espresso;Latte Rg;Astoria
12.50;5;3;202305;May;Thu;Evening;Low;Tea;Brewed Green tea;Serenity Green Tea Rg;Hell's Kitchen
32.50;13;10;202305;May;Thu;Evening;Med;Coffee;Gourmet brewed coffee;Columbian Medium Roast Rg;Hell's Kitchen
7.50;2;2;202305;May;Thu;Evening;Low;Bakery;Pastry;Chocolate Croissant;Lower Manhattan
58.90;19;12;202305;May;Thu;Evening;High;Tea;Brewed Chai tea;Spicy Eye Opener Chai Lg;Astoria
22.50;9;5;202305;May;Thu;Evening;Med;Tea;Brewed Black tea;Earl Grey Rg;Hell's Kitchen
36.30;13;10;202305;May;Thu;Evening;Med;Coffee;Barista Espresso;Ouro Brasileiro shot;Hell's Kitchen
39.00;13;9;202305;May;Thu;Evening;Med;Tea;Brewed herbal tea;Peppermint Lg;Astoria
25.00;10;6;202305;May;Thu;Evening;Med;Tea;Brewed herbal tea;Peppermint Rg;Hell's Kitchen
17.00;4;3;202305;May;Thu;Evening;Low;Coffee;Barista Espresso;Cappuccino Lg;Lower Manhattan
24.00;8;5;202305;May;Thu;Evening;Med;Tea;Brewed Black tea;Earl Grey Lg;Hell's Kitchen
27.50;11;7;202305;May;Thu;Evening;Med;Tea;Brewed Black tea;Earl Grey Rg;Astoria
18.75;5;5;202305;May;Thu;Evening;Low;Bakery;Scone;Jumbo Savory Scone;Hell's Kitchen
22.50;9;6;202305;May;Thu;Evening;Med;Tea;Brewed Chai tea;Morning Sunrise Chai Rg;Hell's Kitchen
24.00;8;5;202305;May;Thu;Evening;Med;Coffee;Organic brewed coffee;Brazilian Rg;Hell's Kitchen
10.00;4;2;202305;May;Thu;Evening;Low;Tea;Brewed Green tea;Serenity Green Tea Rg;Lower Manhattan
17.50;5;5;202305;May;Thu;Evening;Low;Bakery;Biscotti;Chocolate Chip Biscotti;Lower Manhattan
30.00;8;6;202305;May;Thu;Evening;Med;Coffee;Premium brewed coffee;Jamaican Coffee River Lg;Lower Manhattan
21.00;7;6;202305;May;Thu;Evening;Med;Coffee;Barista Espresso;Espresso shot;Lower Manhattan
18.60;6;4;202305;May;Thu;Evening;Low;Coffee;Premium brewed coffee;Jamaican Coffee River Rg;Lower Manhattan
13.00;4;4;202305;May;Thu;Evening;Low;Bakery;Biscotti;Hazelnut Biscotti;Lower Manhattan
10.00;4;3;202305;May;Thu;Evening;Low;Coffee;Drip coffee;Our Old Time Diner Blend Rg;Lower Manhattan
20.00;5;3;202305;May;Thu;Evening;Low;Tea;Brewed Chai tea;Morning Sunrise Chai Lg;Lower Manhattan
6.50;2;2;202305;May;Thu;Evening;Low;Bakery;Biscotti;Hazelnut Biscotti;Hell's Kitchen
15.50;5;3;202305;May;Thu;Evening;Low;Coffee;Premium brewed coffee;Jamaican Coffee River Rg;Hell's Kitchen
30.00;10;7;202305;May;Thu;Evening;Med;Coffee;Barista Espresso;Espresso shot;Hell's Kitchen
22.50;6;4;202305;May;Thu;Evening;Med;Coffee;Barista Espresso;Latte;Astoria
21.00;6;6;202305;May;Thu;Evening;Med;Bakery;Biscotti;Ginger Biscotti;Hell's Kitchen
37.50;10;7;202305;May;Thu;Evening;Med;Drinking Chocolate;Hot chocolate;Sustainably Grown Organic Rg;Hell's Kitchen
70.00;28;17;202305;May;Fri;Morning;very high;Tea;Brewed Black tea;English Breakfast Rg;Lower Manhattan
72.00;24;13;202305;May;Fri;Morning;very high;Coffee;Barista Espresso;Ouro Brasileiro shot;Lower Manhattan
57.50;23;14;202305;May;Fri;Morning;High;Tea;Brewed Black tea;Earl Grey Rg;Lower Manhattan
52.50;15;15;202305;May;Fri;Morning;High;Bakery;Pastry;Croissant;Lower Manhattan
102.00;34;22;202305;May;Fri;Morning;very high;Tea;Brewed Black tea;English Breakfast Lg;Lower Manhattan
87.00;29;18;202305;May;Fri;Morning;very high;Tea;Brewed herbal tea;Peppermint Lg;Lower Manhattan
66.00;30;17;202305;May;Fri;Morning;very high;Coffee;Gourmet brewed coffee;Ethiopia Sm;Lower Manhattan
93.75;25;17;202305;May;Fri;Morning;very high;Coffee;Premium brewed coffee;Jamaican Coffee River Lg;Lower Manhattan
67.50;18;12;202305;May;Fri;Morning;very high;Drinking Chocolate;Hot chocolate;Sustainably Grown Organic Rg;Lower Manhattan
40.30;13;9;202305;May;Fri;Morning;very high;Coffee;Premium brewed coffee;Jamaican Coffee River Rg;Lower Manhattan
48.00;16;10;202305;May;Fri;Morning;High;Coffee;Gourmet brewed coffee;Columbian Medium Roast Lg;Lower Manhattan
97.75;23;14;202305;May;Fri;Morning;very high;Coffee;Barista Espresso;Cappuccino Lg;Lower Manhattan
66.00;22;11;202305;May;Fri;Morning;very high;Tea;Brewed herbal tea;Lemon Grass Lg;Lower Manhattan
48.00;16;8;202305;May;Fri;Morning;High;Tea;Brewed Black tea;Earl Grey Lg;Lower Manhattan
47.50;19;14;202305;May;Fri;Morning;High;Tea;Brewed Chai tea;Traditional Blend Chai Rg;Lower Manhattan
33.75;9;9;202305;May;Fri;Morning;Med;Bakery;Pastry;Almond Croissant;Lower Manhattan
60.00;24;16;202305;May;Fri;Morning;High;Tea;Brewed Chai tea;Morning Sunrise Chai Rg;Lower Manhattan
34.00;17;10;202305;May;Fri;Morning;Med;Coffee;Gourmet brewed coffee;Columbian Medium Roast Sm;Lower Manhattan
32.50;10;10;202305;May;Fri;Morning;Med;Bakery;Biscotti;Hazelnut Biscotti;Lower Manhattan
60.00;20;14;202305;May;Fri;Morning;High;Tea;Brewed Chai tea;Traditional Blend Chai Lg;Lower Manhattan
36.00;12;10;202305;May;Fri;Morning;Med;Coffee;Drip coffee;Our Old Time Diner Blend Lg;Lower Manhattan
30.00;8;8;202305;May;Fri;Morning;Med;Bakery;Scone;Jumbo Savory Scone;Lower Manhattan
42.25;13;13;202305;May;Fri;Morning;High;Bakery;Scone;Cranberry Scone;Lower Manhattan
47.50;19;12;202305;May;Fri;Morning;High;Coffee;Drip coffee;Our Old Time Diner Blend Rg;Hell's Kitchen
63.00;21;14;202305;May;Fri;Morning;very high;Coffee;Barista Espresso;Espresso shot;Hell's Kitchen
110.50;26;18;202305;May;Fri;Morning;very high;Coffee;Barista Espresso;Latte Rg;Lower Manhattan
92.50;37;21;202305;May;Fri;Morning;very high;Coffee;Gourmet brewed coffee;Columbian Medium Roast Rg;Lower Manhattan
12.00;4;4;202305;May;Fri;Morning;Low;Bakery;Scone;Oatmeal Scone;Lower Manhattan
153.00;36;22;202305;May;Fri;Morning;very high;Coffee;Barista Espresso;Latte Rg;Hell's Kitchen
180.00;40;27;202305;May;Fri;Morning;very high;Drinking Chocolate;Hot chocolate;Dark chocolate Lg;Hell's Kitchen
56.25;15;15;202305;May;Fri;Morning;High;Bakery;Pastry;Almond Croissant;Hell's Kitchen
69.00;23;15;202305;May;Fri;Morning;very high;Coffee;Organic brewed coffee;Brazilian Rg;Hell's Kitchen
40.00;16;13;202305;May;Fri;Morning;Med;Coffee;Gourmet brewed coffee;Columbian Medium Roast Rg;Hell's Kitchen
82.50;22;14;202305;May;Fri;Morning;very high;Drinking Chocolate;Hot chocolate;Sustainably Grown Organic Rg;Hell's Kitchen
42.50;17;12;202305;May;Fri;Morning;High;Tea;Brewed herbal tea;Lemon Grass Rg;Lower Manhattan
109.25;23;18;202305;May;Fri;Morning;very high;Drinking Chocolate;Hot chocolate;Sustainably Grown Organic Lg;Hell's Kitchen
37.50;15;9;202305;May;Fri;Morning;Med;Tea;Brewed Chai tea;Morning Sunrise Chai Rg;Hell's Kitchen
90.00;30;19;202305;May;Fri;Morning;very high;Tea;Brewed Black tea;English Breakfast Lg;Hell's Kitchen
78.00;26;16;202305;May;Fri;Morning;very high;Tea;Brewed Green tea;Serenity Green Tea Lg;Hell's Kitchen
42.50;17;12;202305;May;Fri;Morning;High;Tea;Brewed Chai tea;Traditional Blend Chai Rg;Hell's Kitchen
31.85;13;9;202305;May;Fri;Morning;Med;Coffee;Premium brewed coffee;Jamaican Coffee River Sm;Hell's Kitchen
50.00;25;16;202305;May;Fri;Morning;High;Coffee;Drip coffee;Our Old Time Diner Blend Sm;Hell's Kitchen
63.00;21;10;202305;May;Fri;Morning;very high;Tea;Brewed Green tea;Serenity Green Tea Lg;Lower Manhattan
72.00;24;17;202305;May;Fri;Morning;very high;Coffee;Drip coffee;Our Old Time Diner Blend Lg;Hell's Kitchen
38.50;11;11;202305;May;Fri;Morning;Med;Bakery;Biscotti;Ginger Biscotti;Lower Manhattan
70.00;28;16;202305;May;Fri;Morning;very high;Coffee;Drip coffee;Our Old Time Diner Blend Rg;Lower Manhattan
93.00;31;21;202305;May;Fri;Morning;very high;Tea;Brewed herbal tea;Lemon Grass Lg;Hell's Kitchen
119.00;34;20;202305;May;Fri;Morning;very high;Coffee;Organic brewed coffee;Brazilian Lg;Lower Manhattan
67.50;18;11;202305;May;Fri;Morning;very high;Coffee;Barista Espresso;Latte;Lower Manhattan
77.00;22;15;202305;May;Fri;Morning;very high;Coffee;Organic brewed coffee;Brazilian Lg;Hell's Kitchen
75.00;25;14;202305;May;Fri;Morning;very high;Coffee;Organic brewed coffee;Brazilian Rg;Lower Manhattan
36.75;15;9;202305;May;Fri;Morning;Med;Coffee;Premium brewed coffee;Jamaican Coffee River Sm;Lower Manhattan
66.50;14;9;202305;May;Fri;Morning;very high;Drinking Chocolate;Hot chocolate;Sustainably Grown Organic Lg;Lower Manhattan
67.50;18;12;202305;May;Fri;Morning;very high;Coffee;Barista Espresso;Latte;Hell's Kitchen
38.25;15;10;202305;May;Fri;Morning;Med;Tea;Brewed Chai tea;Spicy Eye Opener Chai Rg;Hell's Kitchen
52.50;15;10;202305;May;Fri;Morning;High;Coffee;Gourmet brewed coffee;Ethiopia Lg;Lower Manhattan
44.00;20;11;202305;May;Fri;Morning;High;Coffee;Organic brewed coffee;Brazilian Sm;Lower Manhattan
52.00;16;16;202305;May;Fri;Morning;High;Bakery;Scone;Ginger Scone;Lower Manhattan
48.75;13;13;202305;May;Fri;Morning;High;Bakery;Pastry;Chocolate Croissant;Lower Manhattan
36.00;12;8;202305;May;Fri;Morning;Med;Tea;Brewed Chai tea;Traditional Blend Chai Lg;Hell's Kitchen
80.50;23;16;202305;May;Fri;Morning;very high;Drinking Chocolate;Hot chocolate;Dark chocolate Rg;Hell's Kitchen
49.60;16;13;202305;May;Fri;Morning;High;Tea;Brewed Chai tea;Spicy Eye Opener Chai Lg;Hell's Kitchen
52.00;16;15;202305;May;Fri;Morning;High;Bakery;Scone;Ginger Scone;Hell's Kitchen
42.00;14;9;202305;May;Fri;Morning;High;Tea;Brewed herbal tea;Peppermint Lg;Hell's Kitchen
60.00;16;12;202305;May;Fri;Morning;High;Coffee;Barista Espresso;Cappuccino;Lower Manhattan
49.00;14;14;202305;May;Fri;Morning;High;Bakery;Biscotti;Chocolate Chip Biscotti;Lower Manhattan
27.90;9;7;202305;May;Fri;Morning;Med;Coffee;Premium brewed coffee;Jamaican Coffee River Rg;Hell's Kitchen
31.50;9;9;202305;May;Fri;Morning;Med;Bakery;Biscotti;Ginger Biscotti;Hell's Kitchen
50.60;23;16;202305;May;Fri;Morning;High;Coffee;Organic brewed coffee;Brazilian Sm;Hell's Kitchen
31.50;9;8;202305;May;Fri;Morning;Med;Coffee;Gourmet brewed coffee;Ethiopia Lg;Hell's Kitchen
85.50;19;11;202305;May;Fri;Morning;very high;Drinking Chocolate;Hot chocolate;Dark chocolate Lg;Lower Manhattan
80.00;20;13;202305;May;Fri;Morning;very high;Tea;Brewed Chai tea;Morning Sunrise Chai Lg;Hell's Kitchen
101.25;27;16;202305;May;Fri;Morning;very high;Coffee;Barista Espresso;Cappuccino;Hell's Kitchen
56.00;16;10;202305;May;Fri;Morning;High;Drinking Chocolate;Hot chocolate;Dark chocolate Rg;Lower Manhattan
65.00;26;16;202305;May;Fri;Morning;very high;Tea;Brewed Black tea;English Breakfast Rg;Hell's Kitchen
40.30;13;9;202305;May;Fri;Morning;very high;Tea;Brewed Chai tea;Spicy Eye Opener Chai Lg;Lower Manhattan
61.20;24;15;202305;May;Fri;Morning;very high;Tea;Brewed Chai tea;Spicy Eye Opener Chai Rg;Lower Manhattan
66.00;22;15;202305;May;Fri;Morning;very high;Coffee;Gourmet brewed coffee;Ethiopia Rg;Hell's Kitchen
48.40;22;15;202305;May;Fri;Morning;High;Coffee;Gourmet brewed coffee;Ethiopia Sm;Hell's Kitchen
63.00;18;18;202305;May;Fri;Morning;very high;Bakery;Pastry;Croissant;Hell's Kitchen
56.00;28;19;202305;May;Fri;Morning;High;Coffee;Drip coffee;Our Old Time Diner Blend Sm;Lower Manhattan
48.75;13;10;202305;May;Fri;Morning;High;Coffee;Premium brewed coffee;Jamaican Coffee River Lg;Hell's Kitchen
70.00;28;14;202305;May;Fri;Morning;very high;Tea;Brewed herbal tea;Peppermint Rg;Lower Manhattan
55.00;22;15;202305;May;Fri;Morning;High;Tea;Brewed herbal tea;Lemon Grass Rg;Hell's Kitchen
45.00;18;10;202305;May;Fri;Morning;High;Tea;Brewed Green tea;Serenity Green Tea Rg;Lower Manhattan
48.00;16;10;202305;May;Fri;Morning;High;Coffee;Gourmet brewed coffee;Ethiopia Rg;Lower Manhattan
36.00;8;8;202305;May;Fri;Morning;Med;Bakery;Scone;Scottish Cream Scone ;Lower Manhattan
47.50;19;13;202305;May;Fri;Morning;High;Tea;Brewed Green tea;Serenity Green Tea Rg;Hell's Kitchen
48.45;19;13;202305;May;Fri;Morning;High;Tea;Brewed Chai tea;Spicy Eye Opener Chai Rg;Astoria
105.00;28;18;202305;May;Fri;Morning;very high;Coffee;Premium brewed coffee;Jamaican Coffee River Lg;Astoria
114.75;27;17;202305;May;Fri;Morning;very high;Coffee;Barista Espresso;Latte Rg;Astoria
40.00;16;10;202305;May;Fri;Morning;Med;Tea;Brewed Black tea;English Breakfast Rg;Astoria
70.00;28;18;202305;May;Fri;Morning;very high;Coffee;Gourmet brewed coffee;Columbian Medium Roast Rg;Astoria
90.00;24;15;202305;May;Fri;Morning;very high;Coffee;Barista Espresso;Latte;Astoria
48.40;22;15;202305;May;Fri;Morning;High;Coffee;Gourmet brewed coffee;Ethiopia Sm;Astoria
45.00;15;11;202305;May;Fri;Morning;High;Tea;Brewed Black tea;English Breakfast Lg;Astoria
52.50;21;14;202305;May;Fri;Morning;High;Tea;Brewed Chai tea;Traditional Blend Chai Rg;Astoria
45.00;15;10;202305;May;Fri;Morning;High;Tea;Brewed Black tea;Earl Grey Lg;Astoria
52.50;21;14;202305;May;Fri;Morning;High;Tea;Brewed Black tea;Earl Grey Rg;Astoria
35.75;11;11;202305;May;Fri;Morning;Med;Bakery;Scone;Ginger Scone;Astoria
51.00;17;12;202305;May;Fri;Morning;High;Tea;Brewed herbal tea;Peppermint Lg;Astoria
35.75;11;11;202305;May;Fri;Morning;Med;Bakery;Scone;Cranberry Scone;Astoria
58.90;19;12;202305;May;Fri;Morning;High;Coffee;Premium brewed coffee;Jamaican Coffee River Rg;Astoria
60.00;16;12;202305;May;Fri;Morning;High;Drinking Chocolate;Hot chocolate;Sustainably Grown Organic Rg;Astoria
63.00;18;12;202305;May;Fri;Morning;very high;Drinking Chocolate;Hot chocolate;Dark chocolate Rg;Astoria
48.75;13;13;202305;May;Fri;Morning;High;Bakery;Pastry;Almond Croissant;Astoria
84.00;28;18;202305;May;Fri;Morning;very high;Coffee;Drip coffee;Our Old Time Diner Blend Lg;Astoria
63.00;21;12;202305;May;Fri;Morning;very high;Coffee;Gourmet brewed coffee;Ethiopia Rg;Astoria
24.50;7;7;202305;May;Fri;Morning;Med;Bakery;Biscotti;Ginger Biscotti;Astoria
31.50;9;6;202305;May;Fri;Morning;Med;Coffee;Gourmet brewed coffee;Ethiopia Lg;Astoria
50.00;25;18;202305;May;Fri;Morning;High;Coffee;Gourmet brewed coffee;Columbian Medium Roast Sm;Astoria
30.00;10;7;202305;May;Fri;Morning;Med;Tea;Brewed herbal tea;Lemon Grass Lg;Astoria
42.50;17;12;202305;May;Fri;Morning;High;Coffee;Drip coffee;Our Old Time Diner Blend Rg;Astoria
54.00;18;12;202305;May;Fri;Afternoon;High;Tea;Brewed herbal tea;Peppermint Lg;Astoria
15.00;6;4;202305;May;Fri;Afternoon;Low;Tea;Brewed herbal tea;Peppermint Rg;Lower Manhattan
52.25;11;6;202305;May;Fri;Afternoon;High;Drinking Chocolate;Hot chocolate;Sustainably Grown Organic Lg;Hell's Kitchen
60.00;16;11;202305;May;Fri;Afternoon;High;Coffee;Barista Espresso;Latte;Astoria
26.95;11;7;202305;May;Fri;Afternoon;Med;Coffee;Premium brewed coffee;Jamaican Coffee River Sm;Hell's Kitchen
35.00;14;11;202305;May;Fri;Afternoon;Med;Tea;Brewed Green tea;Serenity Green Tea Rg;Astoria
39.00;13;13;202305;May;Fri;Afternoon;Med;Bakery;Scone;Oatmeal Scone;Astoria
32.50;13;9;202305;May;Fri;Afternoon;Med;Tea;Brewed Black tea;English Breakfast Rg;Lower Manhattan
40.00;10;7;202305;May;Fri;Afternoon;Med;Tea;Brewed Chai tea;Morning Sunrise Chai Lg;Astoria
15.50;5;3;202305;May;Fri;Afternoon;Low;Coffee;Premium brewed coffee;Jamaican Coffee River Rg;Lower Manhattan
38.25;9;5;202305;May;Fri;Afternoon;Med;Coffee;Barista Espresso;Cappuccino Lg;Astoria
27.50;11;7;202305;May;Fri;Afternoon;Med;Tea;Brewed Chai tea;Traditional Blend Chai Rg;Astoria
26.00;13;8;202305;May;Fri;Afternoon;Med;Coffee;Drip coffee;Our Old Time Diner Blend Sm;Astoria
27.50;11;8;202305;May;Fri;Afternoon;Med;Tea;Brewed Black tea;English Breakfast Rg;Astoria
28.00;8;8;202305;May;Fri;Afternoon;Med;Bakery;Pastry;Croissant;Astoria
19.60;8;7;202305;May;Fri;Afternoon;Low;Coffee;Premium brewed coffee;Jamaican Coffee River Sm;Astoria
75.00;20;15;202305;May;Fri;Afternoon;very high;Coffee;Premium brewed coffee;Jamaican Coffee River Lg;Astoria
47.50;19;12;202305;May;Fri;Afternoon;High;Coffee;Gourmet brewed coffee;Columbian Medium Roast Rg;Astoria
25.50;10;6;202305;May;Fri;Afternoon;Med;Tea;Brewed Chai tea;Spicy Eye Opener Chai Rg;Lower Manhattan
57.00;12;6;202305;May;Fri;Afternoon;High;Drinking Chocolate;Hot chocolate;Sustainably Grown Organic Lg;Lower Manhattan
48.00;16;9;202305;May;Fri;Afternoon;High;Coffee;Barista Espresso;Ouro Brasileiro shot;Lower Manhattan
39.00;13;6;202305;May;Fri;Afternoon;Med;Tea;Brewed herbal tea;Lemon Grass Lg;Lower Manhattan
45.00;10;6;202305;May;Fri;Afternoon;High;Drinking Chocolate;Hot chocolate;Dark chocolate Lg;Astoria
16.00;8;5;202305;May;Fri;Afternoon;Low;Coffee;Gourmet brewed coffee;Columbian Medium Roast Sm;Hell's Kitchen
25.50;10;7;202305;May;Fri;Afternoon;Med;Tea;Brewed Chai tea;Spicy Eye Opener Chai Rg;Hell's Kitchen
31.50;9;5;202305;May;Fri;Afternoon;Med;Coffee;Organic brewed coffee;Brazilian Lg;Lower Manhattan
40.30;13;10;202305;May;Fri;Afternoon;very high;Tea;Brewed Chai tea;Spicy Eye Opener Chai Lg;Astoria
27.00;6;4;202305;May;Fri;Afternoon;Med;Drinking Chocolate;Hot chocolate;Dark chocolate Lg;Hell's Kitchen
30.00;12;7;202305;May;Fri;Afternoon;Med;Coffee;Gourmet brewed coffee;Columbian Medium Roast Rg;Lower Manhattan
12.00;3;2;202305;May;Fri;Afternoon;Low;Tea;Brewed Chai tea;Morning Sunrise Chai Lg;Hell's Kitchen
30.00;12;8;202305;May;Fri;Afternoon;Med;Tea;Brewed herbal tea;Peppermint Rg;Hell's Kitchen
30.00;10;8;202305;May;Fri;Afternoon;Med;Coffee;Gourmet brewed coffee;Ethiopia Rg;Lower Manhattan
46.75;11;8;202305;May;Fri;Afternoon;High;Coffee;Barista Espresso;Cappuccino Lg;Lower Manhattan
28.00;8;8;202305;May;Fri;Afternoon;Med;Bakery;Biscotti;Chocolate Chip Biscotti;Lower Manhattan
48.00;16;9;202305;May;Fri;Afternoon;High;Coffee;Gourmet brewed coffee;Ethiopia Rg;Hell's Kitchen
22.00;11;6;202305;May;Fri;Afternoon;Med;Coffee;Drip coffee;Our Old Time Diner Blend Sm;Hell's Kitchen
18.00;6;3;202305;May;Fri;Afternoon;Low;Tea;Brewed herbal tea;Lemon Grass Lg;Hell's Kitchen
57.00;19;11;202305;May;Fri;Afternoon;High;Tea;Brewed Black tea;Earl Grey Lg;Astoria
17.60;8;5;202305;May;Fri;Afternoon;Low;Coffee;Gourmet brewed coffee;Ethiopia Sm;Astoria
22.50;6;6;202305;May;Fri;Afternoon;Med;Coffee;Barista Espresso;Cappuccino;Lower Manhattan
19.80;9;6;202305;May;Fri;Afternoon;Low;Coffee;Organic brewed coffee;Brazilian Sm;Lower Manhattan
35.00;10;7;202305;May;Fri;Afternoon;Med;Drinking Chocolate;Hot chocolate;Dark chocolate Rg;Astoria
40.30;13;10;202305;May;Fri;Afternoon;very high;Tea;Brewed Chai tea;Spicy Eye Opener Chai Lg;Hell's Kitchen
36.00;12;8;202305;May;Fri;Afternoon;Med;Tea;Brewed Green tea;Serenity Green Tea Lg;Astoria
57.00;19;14;202305;May;Fri;Afternoon;High;Tea;Brewed Black tea;English Breakfast Lg;Astoria
36.00;8;6;202305;May;Fri;Afternoon;Med;Drinking Chocolate;Hot chocolate;Dark chocolate Lg;Lower Manhattan
30.00;8;8;202305;May;Fri;Afternoon;Med;Bakery;Scone;Jumbo Savory Scone;Lower Manhattan
27.50;11;8;202305;May;Fri;Afternoon;Med;Tea;Brewed Chai tea;Morning Sunrise Chai Rg;Astoria
39.00;13;8;202305;May;Fri;Afternoon;Med;Coffee;Barista Espresso;Espresso shot;Hell's Kitchen
22.50;9;6;202305;May;Fri;Afternoon;Med;Tea;Brewed Black tea;Earl Grey Rg;Lower Manhattan
37.50;15;9;202305;May;Fri;Afternoon;Med;Coffee;Drip coffee;Our Old Time Diner Blend Rg;Astoria
24.00;12;7;202305;May;Fri;Afternoon;Med;Coffee;Gourmet brewed coffee;Columbian Medium Roast Sm;Lower Manhattan
30.00;12;7;202305;May;Fri;Afternoon;Med;Coffee;Drip coffee;Our Old Time Diner Blend Rg;Lower Manhattan
40.00;16;9;202305;May;Fri;Afternoon;Med;Tea;Brewed Black tea;Earl Grey Rg;Astoria
39.00;13;9;202305;May;Fri;Afternoon;Med;Coffee;Barista Espresso;Espresso shot;Astoria
17.50;5;3;202305;May;Fri;Afternoon;Low;Drinking Chocolate;Hot chocolate;Dark chocolate Rg;Hell's Kitchen
36.00;12;6;202305;May;Fri;Afternoon;Med;Tea;Brewed herbal tea;Peppermint Lg;Lower Manhattan
27.00;6;6;202305;May;Fri;Afternoon;Med;Bakery;Scone;Scottish Cream Scone ;Lower Manhattan
25.00;10;5;202305;May;Fri;Afternoon;Med;Tea;Brewed Chai tea;Traditional Blend Chai Rg;Lower Manhattan
45.00;12;8;202305;May;Fri;Afternoon;High;Drinking Chocolate;Hot chocolate;Sustainably Grown Organic Rg;Lower Manhattan
19.50;6;6;202305;May;Fri;Afternoon;Low;Bakery;Biscotti;Hazelnut Biscotti;Lower Manhattan
30.80;14;9;202305;May;Fri;Afternoon;Med;Coffee;Organic brewed coffee;Brazilian Sm;Astoria
51.00;17;10;202305;May;Fri;Afternoon;High;Coffee;Organic brewed coffee;Brazilian Rg;Astoria
40.50;15;12;202305;May;Fri;Afternoon;very high;Coffee;Barista Espresso;Ouro Brasileiro shot;Hell's Kitchen
13.00;4;4;202305;May;Fri;Afternoon;Low;Bakery;Biscotti;Hazelnut Biscotti;Hell's Kitchen
18.00;6;5;202305;May;Fri;Afternoon;Low;Tea;Brewed herbal tea;Peppermint Lg;Hell's Kitchen
63.00;18;10;202305;May;Fri;Afternoon;very high;Coffee;Organic brewed coffee;Brazilian Lg;Astoria
26.95;11;7;202305;May;Fri;Afternoon;Med;Coffee;Premium brewed coffee;Jamaican Coffee River Sm;Lower Manhattan
48.75;13;8;202305;May;Fri;Afternoon;High;Coffee;Premium brewed coffee;Jamaican Coffee River Lg;Lower Manhattan
48.00;16;10;202305;May;Fri;Afternoon;High;Coffee;Gourmet brewed coffee;Ethiopia Rg;Astoria
17.50;7;5;202305;May;Fri;Afternoon;Low;Tea;Brewed Black tea;English Breakfast Rg;Hell's Kitchen
36.00;9;5;202305;May;Fri;Afternoon;Med;Tea;Brewed Chai tea;Morning Sunrise Chai Lg;Lower Manhattan
32.50;13;9;202305;May;Fri;Afternoon;Med;Tea;Brewed Chai tea;Morning Sunrise Chai Rg;Hell's Kitchen
21.00;6;6;202305;May;Fri;Afternoon;Med;Bakery;Biscotti;Chocolate Chip Biscotti;Astoria
18.00;6;4;202305;May;Fri;Afternoon;Low;Tea;Brewed Black tea;English Breakfast Lg;Hell's Kitchen
9.00;3;3;202305;May;Fri;Afternoon;Low;Tea;Brewed Chai tea;Traditional Blend Chai Lg;Hell's Kitchen
32.50;13;8;202305;May;Fri;Afternoon;Med;Tea;Brewed Green tea;Serenity Green Tea Rg;Hell's Kitchen
61.75;13;9;202305;May;Fri;Afternoon;very high;Drinking Chocolate;Hot chocolate;Sustainably Grown Organic Lg;Astoria
3.50;1;1;202305;May;Fri;Afternoon;Low;Bakery;Pastry;Croissant;Hell's Kitchen
15.00;5;3;202305;May;Fri;Afternoon;Low;Tea;Brewed Chai tea;Traditional Blend Chai Lg;Lower Manhattan
42.00;14;9;202305;May;Fri;Afternoon;High;Tea;Brewed Black tea;Earl Grey Lg;Hell's Kitchen
24.00;8;6;202305;May;Fri;Afternoon;Med;Coffee;Barista Espresso;Espresso shot;Lower Manhattan
27.00;9;7;202305;May;Fri;Afternoon;Med;Tea;Brewed Chai tea;Traditional Blend Chai Lg;Astoria
24.50;7;5;202305;May;Fri;Afternoon;Med;Drinking Chocolate;Hot chocolate;Dark chocolate Rg;Lower Manhattan
56.00;16;10;202305;May;Fri;Afternoon;High;Coffee;Gourmet brewed coffee;Ethiopia Lg;Astoria
24.00;8;6;202305;May;Fri;Afternoon;Med;Coffee;Gourmet brewed coffee;Columbian Medium Roast Lg;Hell's Kitchen
15.40;7;4;202305;May;Fri;Afternoon;Low;Coffee;Gourmet brewed coffee;Ethiopia Sm;Lower Manhattan
27.00;9;6;202305;May;Fri;Afternoon;Med;Coffee;Drip coffee;Our Old Time Diner Blend Lg;Astoria
41.25;11;7;202305;May;Fri;Afternoon;High;Coffee;Barista Espresso;Cappuccino;Hell's Kitchen
18.75;5;5;202305;May;Fri;Afternoon;Low;Bakery;Pastry;Chocolate Croissant;Hell's Kitchen
46.75;11;8;202305;May;Fri;Afternoon;High;Coffee;Barista Espresso;Latte Rg;Hell's Kitchen
12.40;4;3;202305;May;Fri;Afternoon;Low;Coffee;Premium brewed coffee;Jamaican Coffee River Rg;Hell's Kitchen
24.00;8;6;202305;May;Fri;Afternoon;Med;Tea;Brewed Green tea;Serenity Green Tea Lg;Hell's Kitchen
9.00;3;3;202305;May;Fri;Afternoon;Low;Bakery;Scone;Oatmeal Scone;Hell's Kitchen
16.25;5;5;202305;May;Fri;Afternoon;Low;Bakery;Scone;Cranberry Scone;Hell's Kitchen
36.00;12;8;202305;May;Fri;Afternoon;Med;Tea;Brewed Green tea;Serenity Green Tea Lg;Lower Manhattan
33.75;9;4;202305;May;Fri;Afternoon;Med;Coffee;Barista Espresso;Latte;Lower Manhattan
28.60;13;8;202305;May;Fri;Afternoon;Med;Coffee;Organic brewed coffee;Brazilian Sm;Hell's Kitchen
6.50;2;2;202305;May;Fri;Afternoon;Low;Bakery;Scone;Cranberry Scone;Astoria
20.00;8;6;202305;May;Fri;Afternoon;Low;Tea;Brewed herbal tea;Peppermint Rg;Astoria
7.50;3;2;202305;May;Fri;Afternoon;Low;Coffee;Drip coffee;Our Old Time Diner Blend Rg;Hell's Kitchen
9.75;3;3;202305;May;Fri;Afternoon;Low;Bakery;Scone;Ginger Scone;Astoria
52.50;15;10;202305;May;Fri;Afternoon;High;Coffee;Gourmet brewed coffee;Ethiopia Lg;Lower Manhattan
37.50;15;7;202305;May;Fri;Afternoon;Med;Tea;Brewed Chai tea;Morning Sunrise Chai Rg;Lower Manhattan
29.75;7;5;202305;May;Fri;Afternoon;Med;Coffee;Barista Espresso;Latte Rg;Lower Manhattan
24.50;7;7;202305;May;Fri;Afternoon;Med;Bakery;Pastry;Croissant;Lower Manhattan
22.50;9;6;202305;May;Fri;Afternoon;Med;Tea;Brewed Green tea;Serenity Green Tea Rg;Lower Manhattan
48.00;16;10;202305;May;Fri;Afternoon;High;Tea;Brewed Black tea;English Breakfast Lg;Lower Manhattan
26.00;8;8;202305;May;Fri;Afternoon;Med;Bakery;Scone;Ginger Scone;Lower Manhattan
38.50;11;7;202305;May;Fri;Afternoon;Med;Coffee;Gourmet brewed coffee;Ethiopia Lg;Hell's Kitchen
32.00;16;9;202305;May;Fri;Afternoon;Med;Coffee;Gourmet brewed coffee;Columbian Medium Roast Sm;Astoria
15.00;5;3;202305;May;Fri;Afternoon;Low;Coffee;Drip coffee;Our Old Time Diner Blend Lg;Hell's Kitchen
30.00;10;7;202305;May;Fri;Afternoon;Med;Coffee;Organic brewed coffee;Brazilian Rg;Lower Manhattan
54.00;18;11;202305;May;Fri;Afternoon;High;Coffee;Organic brewed coffee;Brazilian Rg;Hell's Kitchen
13.50;3;3;202305;May;Fri;Afternoon;Low;Bakery;Scone;Scottish Cream Scone ;Astoria
58.90;19;11;202305;May;Fri;Afternoon;High;Coffee;Premium brewed coffee;Jamaican Coffee River Rg;Astoria
3.50;1;1;202305;May;Fri;Afternoon;Low;Bakery;Biscotti;Chocolate Chip Biscotti;Hell's Kitchen
76.50;18;12;202305;May;Fri;Afternoon;very high;Coffee;Barista Espresso;Latte Rg;Astoria
51.00;17;10;202305;May;Fri;Afternoon;High;Tea;Brewed Black tea;Earl Grey Lg;Lower Manhattan
22.00;11;7;202305;May;Fri;Afternoon;Med;Coffee;Drip coffee;Our Old Time Diner Blend Sm;Lower Manhattan
29.75;7;5;202305;May;Fri;Afternoon;Med;Coffee;Barista Espresso;Cappuccino Lg;Hell's Kitchen
27.50;11;7;202305;May;Fri;Afternoon;Med;Tea;Brewed herbal tea;Lemon Grass Rg;Astoria
27.50;11;8;202305;May;Fri;Afternoon;Med;Coffee;Gourmet brewed coffee;Columbian Medium Roast Rg;Hell's Kitchen
11.25;3;3;202305;May;Fri;Afternoon;Low;Bakery;Pastry;Chocolate Croissant;Astoria
7.50;2;2;202305;May;Fri;Afternoon;Low;Bakery;Pastry;Almond Croissant;Astoria
6.00;2;2;202305;May;Fri;Afternoon;Low;Coffee;Gourmet brewed coffee;Columbian Medium Roast Lg;Lower Manhattan
7.00;2;2;202305;May;Fri;Afternoon;Low;Bakery;Biscotti;Ginger Biscotti;Lower Manhattan
9.00;3;2;202305;May;Fri;Afternoon;Low;Coffee;Drip coffee;Our Old Time Diner Blend Lg;Lower Manhattan
14.00;4;4;202305;May;Fri;Afternoon;Low;Bakery;Biscotti;Ginger Biscotti;Astoria
22.50;6;4;202305;May;Fri;Afternoon;Med;Coffee;Barista Espresso;Cappuccino;Astoria
37.20;12;8;202305;May;Fri;Afternoon;Med;Tea;Brewed Chai tea;Spicy Eye Opener Chai Lg;Lower Manhattan
15.00;4;4;202305;May;Fri;Afternoon;Low;Bakery;Pastry;Almond Croissant;Lower Manhattan
18.75;5;5;202305;May;Fri;Afternoon;Low;Bakery;Scone;Jumbo Savory Scone;Astoria
27.50;11;6;202305;May;Fri;Afternoon;Med;Tea;Brewed Black tea;Earl Grey Rg;Hell's Kitchen
3.00;1;1;202305;May;Fri;Night;Low;Coffee;Organic brewed coffee;Brazilian Rg;Astoria
3.00;1;1;202305;May;Fri;Night;Low;Coffee;Gourmet brewed coffee;Columbian Medium Roast Lg;Hell's Kitchen
15.50;5;3;202305;May;Fri;Night;Low;Coffee;Premium brewed coffee;Jamaican Coffee River Rg;Hell's Kitchen
40.50;9;4;202305;May;Fri;Night;very high;Drinking Chocolate;Hot chocolate;Dark chocolate Lg;Lower Manhattan
39.00;13;9;202305;May;Fri;Evening;Med;Tea;Brewed herbal tea;Lemon Grass Lg;Astoria
75.00;30;19;202305;May;Fri;Evening;very high;Tea;Brewed herbal tea;Lemon Grass Rg;Astoria
39.00;13;9;202305;May;Fri;Evening;Med;Tea;Brewed Black tea;English Breakfast Lg;Astoria
18.75;5;5;202305;May;Fri;Evening;Low;Bakery;Scone;Jumbo Savory Scone;Astoria
18.00;9;6;202305;May;Fri;Evening;Low;Coffee;Drip coffee;Our Old Time Diner Blend Sm;Hell's Kitchen
40.00;10;7;202305;May;Fri;Evening;Med;Tea;Brewed Chai tea;Morning Sunrise Chai Lg;Astoria
45.00;15;11;202305;May;Fri;Evening;High;Coffee;Gourmet brewed coffee;Ethiopia Rg;Astoria
33.00;11;7;202305;May;Fri;Evening;Med;Coffee;Drip coffee;Our Old Time Diner Blend Lg;Hell's Kitchen
26.10;9;7;202305;May;Fri;Evening;Med;Coffee;Barista Espresso;Ouro Brasileiro shot;Hell's Kitchen
17.50;7;5;202305;May;Fri;Evening;Low;Tea;Brewed Green tea;Serenity Green Tea Rg;Astoria
42.00;14;9;202305;May;Fri;Evening;High;Coffee;Organic brewed coffee;Brazilian Rg;Astoria
35.00;10;7;202305;May;Fri;Evening;Med;Coffee;Gourmet brewed coffee;Ethiopia Lg;Astoria
18.60;6;3;202305;May;Fri;Evening;Low;Coffee;Premium brewed coffee;Jamaican Coffee River Rg;Lower Manhattan
25.00;10;6;202305;May;Fri;Evening;Med;Tea;Brewed Chai tea;Morning Sunrise Chai Rg;Hell's Kitchen
78.75;21;14;202305;May;Fri;Evening;very high;Drinking Chocolate;Hot chocolate;Sustainably Grown Organic Rg;Astoria
30.00;8;8;202305;May;Fri;Evening;Med;Bakery;Pastry;Chocolate Croissant;Astoria
38.25;9;5;202305;May;Fri;Evening;Med;Coffee;Barista Espresso;Cappuccino Lg;Lower Manhattan
25.00;10;6;202305;May;Fri;Evening;Med;Tea;Brewed Green tea;Serenity Green Tea Rg;Lower Manhattan
13.00;4;4;202305;May;Fri;Evening;Low;Bakery;Biscotti;Hazelnut Biscotti;Lower Manhattan
63.00;21;12;202305;May;Fri;Evening;very high;Coffee;Barista Espresso;Espresso shot;Astoria
28.00;8;5;202305;May;Fri;Evening;Med;Coffee;Gourmet brewed coffee;Ethiopia Lg;Hell's Kitchen
36.00;18;11;202305;May;Fri;Evening;Med;Coffee;Gourmet brewed coffee;Columbian Medium Roast Sm;Hell's Kitchen
45.00;18;14;202305;May;Fri;Evening;High;Tea;Brewed Chai tea;Traditional Blend Chai Rg;Astoria
36.00;12;8;202305;May;Fri;Evening;Med;Coffee;Gourmet brewed coffee;Ethiopia Rg;Lower Manhattan
40.00;16;11;202305;May;Fri;Evening;Med;Tea;Brewed herbal tea;Peppermint Rg;Hell's Kitchen
22.50;5;5;202305;May;Fri;Evening;Med;Bakery;Scone;Scottish Cream Scone ;Hell's Kitchen
52.25;11;8;202305;May;Fri;Evening;High;Drinking Chocolate;Hot chocolate;Sustainably Grown Organic Lg;Astoria
39.00;13;10;202305;May;Fri;Evening;Med;Coffee;Drip coffee;Our Old Time Diner Blend Lg;Astoria
10.00;4;4;202305;May;Fri;Evening;Low;Tea;Brewed Green tea;Serenity Green Tea Rg;Hell's Kitchen
42.50;17;11;202305;May;Fri;Evening;High;Tea;Brewed Black tea;English Breakfast Rg;Hell's Kitchen
6.00;2;2;202305;May;Fri;Evening;Low;Coffee;Drip coffee;Our Old Time Diner Blend Lg;Lower Manhattan
56.25;15;9;202305;May;Fri;Evening;High;Coffee;Barista Espresso;Latte;Astoria
46.50;15;10;202305;May;Fri;Evening;High;Coffee;Premium brewed coffee;Jamaican Coffee River Rg;Astoria
30.00;10;7;202305;May;Fri;Evening;Med;Coffee;Organic brewed coffee;Brazilian Rg;Hell's Kitchen
55.25;13;10;202305;May;Fri;Evening;High;Coffee;Barista Espresso;Cappuccino Lg;Astoria
37.50;15;9;202305;May;Fri;Evening;Med;Tea;Brewed Black tea;Earl Grey Rg;Astoria
45.00;10;7;202305;May;Fri;Evening;High;Drinking Chocolate;Hot chocolate;Dark chocolate Lg;Astoria
22.50;9;6;202305;May;Fri;Evening;Med;Coffee;Drip coffee;Our Old Time Diner Blend Rg;Lower Manhattan
39.00;13;9;202305;May;Fri;Evening;Med;Tea;Brewed Green tea;Serenity Green Tea Lg;Astoria
15.00;4;3;202305;May;Fri;Evening;Low;Drinking Chocolate;Hot chocolate;Sustainably Grown Organic Rg;Lower Manhattan
35.70;14;9;202305;May;Fri;Evening;Med;Tea;Brewed Chai tea;Spicy Eye Opener Chai Rg;Astoria
55.25;13;9;202305;May;Fri;Evening;High;Coffee;Barista Espresso;Latte Rg;Hell's Kitchen
17.50;5;5;202305;May;Fri;Evening;Low;Bakery;Pastry;Croissant;Astoria
17.50;7;5;202305;May;Fri;Evening;Low;Tea;Brewed herbal tea;Peppermint Rg;Astoria
15.00;6;5;202305;May;Fri;Evening;Low;Tea;Brewed herbal tea;Lemon Grass Rg;Lower Manhattan
39.00;13;9;202305;May;Fri;Evening;Med;Coffee;Gourmet brewed coffee;Columbian Medium Roast Lg;Astoria
14.00;4;4;202305;May;Fri;Evening;Low;Bakery;Biscotti;Chocolate Chip Biscotti;Astoria
15.00;5;5;202305;May;Fri;Evening;Low;Tea;Brewed herbal tea;Peppermint Lg;Lower Manhattan
15.00;5;3;202305;May;Fri;Evening;Low;Tea;Brewed Chai tea;Traditional Blend Chai Lg;Astoria
26.25;7;5;202305;May;Fri;Evening;Med;Coffee;Barista Espresso;Cappuccino;Hell's Kitchen
68.00;16;11;202305;May;Fri;Evening;very high;Coffee;Barista Espresso;Latte Rg;Astoria
32.50;13;9;202305;May;Fri;Evening;Med;Tea;Brewed Black tea;Earl Grey Rg;Hell's Kitchen
15.00;5;3;202305;May;Fri;Evening;Low;Tea;Brewed Black tea;Earl Grey Lg;Lower Manhattan
17.50;5;3;202305;May;Fri;Evening;Low;Coffee;Organic brewed coffee;Brazilian Lg;Lower Manhattan
47.50;10;6;202305;May;Fri;Evening;High;Drinking Chocolate;Hot chocolate;Sustainably Grown Organic Lg;Hell's Kitchen
25.00;10;9;202305;May;Fri;Evening;Med;Tea;Brewed Black tea;Earl Grey Rg;Lower Manhattan
33.75;9;5;202305;May;Fri;Evening;Med;Coffee;Barista Espresso;Cappuccino;Astoria
12.00;4;3;202305;May;Fri;Evening;Low;Tea;Brewed Black tea;Earl Grey Lg;Hell's Kitchen
39.00;13;8;202305;May;Fri;Evening;Med;Tea;Brewed herbal tea;Peppermint Lg;Astoria
30.80;14;9;202305;May;Fri;Evening;Med;Coffee;Organic brewed coffee;Brazilian Sm;Astoria
21.00;6;5;202305;May;Fri;Evening;Med;Drinking Chocolate;Hot chocolate;Dark chocolate Rg;Hell's Kitchen
20.00;5;4;202305;May;Fri;Evening;Low;Tea;Brewed Chai tea;Morning Sunrise Chai Lg;Lower Manhattan
14.00;4;4;202305;May;Fri;Evening;Low;Bakery;Biscotti;Chocolate Chip Biscotti;Lower Manhattan
36.00;12;8;202305;May;Fri;Evening;Med;Tea;Brewed herbal tea;Peppermint Lg;Hell's Kitchen
27.00;9;8;202305;May;Fri;Evening;Med;Tea;Brewed Black tea;English Breakfast Lg;Lower Manhattan
27.00;9;6;202305;May;Fri;Evening;Med;Tea;Brewed Green tea;Serenity Green Tea Lg;Hell's Kitchen
30.00;8;5;202305;May;Fri;Evening;Med;Coffee;Premium brewed coffee;Jamaican Coffee River Lg;Lower Manhattan
27.90;9;6;202305;May;Fri;Evening;Med;Tea;Brewed Chai tea;Spicy Eye Opener Chai Lg;Hell's Kitchen
52.50;15;10;202305;May;Fri;Evening;High;Coffee;Organic brewed coffee;Brazilian Lg;Astoria
24.50;7;4;202305;May;Fri;Evening;Med;Drinking Chocolate;Hot chocolate;Dark chocolate Rg;Lower Manhattan
15.00;5;4;202305;May;Fri;Evening;Low;Coffee;Organic brewed coffee;Brazilian Rg;Lower Manhattan
13.00;4;4;202305;May;Fri;Evening;Low;Bakery;Scone;Cranberry Scone;Lower Manhattan
9.75;3;3;202305;May;Fri;Evening;Low;Bakery;Scone;Ginger Scone;Hell's Kitchen
46.00;23;15;202305;May;Fri;Evening;High;Coffee;Drip coffee;Our Old Time Diner Blend Sm;Astoria
22.50;6;6;202305;May;Fri;Evening;Med;Coffee;Barista Espresso;Latte;Hell's Kitchen
17.85;7;5;202305;May;Fri;Evening;Low;Tea;Brewed Chai tea;Spicy Eye Opener Chai Rg;Lower Manhattan
27.00;9;7;202305;May;Fri;Evening;Med;Tea;Brewed Black tea;Earl Grey Lg;Astoria
13.50;3;3;202305;May;Fri;Evening;Low;Bakery;Scone;Scottish Cream Scone ;Astoria
12.50;5;4;202305;May;Fri;Evening;Low;Tea;Brewed herbal tea;Lemon Grass Rg;Hell's Kitchen
18.75;5;5;202305;May;Fri;Evening;Low;Bakery;Pastry;Chocolate Croissant;Hell's Kitchen
18.60;6;4;202305;May;Fri;Evening;Low;Coffee;Premium brewed coffee;Jamaican Coffee River Rg;Hell's Kitchen
12.40;4;3;202305;May;Fri;Evening;Low;Tea;Brewed Chai tea;Spicy Eye Opener Chai Lg;Lower Manhattan
15.00;4;3;202305;May;Fri;Evening;Low;Coffee;Premium brewed coffee;Jamaican Coffee River Lg;Hell's Kitchen
24.00;8;5;202305;May;Fri;Evening;Med;Tea;Brewed Green tea;Serenity Green Tea Lg;Lower Manhattan
22.00;10;6;202305;May;Fri;Evening;Med;Coffee;Gourmet brewed coffee;Ethiopia Sm;Lower Manhattan
51.00;17;12;202305;May;Fri;Evening;High;Tea;Brewed Black tea;English Breakfast Lg;Hell's Kitchen
35.00;14;9;202305;May;Fri;Evening;Med;Coffee;Gourmet brewed coffee;Columbian Medium Roast Rg;Astoria
17.15;7;4;202305;May;Fri;Evening;Low;Coffee;Premium brewed coffee;Jamaican Coffee River Sm;Hell's Kitchen
7.00;2;2;202305;May;Fri;Evening;Low;Bakery;Biscotti;Chocolate Chip Biscotti;Hell's Kitchen
25.00;10;6;202305;May;Fri;Evening;Med;Coffee;Gourmet brewed coffee;Columbian Medium Roast Rg;Hell's Kitchen
16.25;5;5;202305;May;Fri;Evening;Low;Bakery;Scone;Ginger Scone;Astoria
42.00;12;6;202305;May;Fri;Evening;High;Drinking Chocolate;Hot chocolate;Dark chocolate Rg;Astoria
27.00;9;6;202305;May;Fri;Evening;Med;Coffee;Gourmet brewed coffee;Columbian Medium Roast Lg;Hell's Kitchen
30.00;10;8;202305;May;Fri;Evening;Med;Coffee;Gourmet brewed coffee;Ethiopia Rg;Hell's Kitchen
9.00;3;2;202305;May;Fri;Evening;Low;Coffee;Barista Espresso;Ouro Brasileiro shot;Lower Manhattan
7.50;2;2;202305;May;Fri;Evening;Low;Bakery;Pastry;Chocolate Croissant;Lower Manhattan
25.00;10;7;202305;May;Fri;Evening;Med;Tea;Brewed Chai tea;Traditional Blend Chai Rg;Hell's Kitchen
46.75;11;8;202305;May;Fri;Evening;High;Coffee;Barista Espresso;Cappuccino Lg;Hell's Kitchen
35.20;16;12;202305;May;Fri;Evening;Med;Coffee;Organic brewed coffee;Brazilian Sm;Hell's Kitchen
11.25;3;3;202305;May;Fri;Evening;Low;Bakery;Scone;Jumbo Savory Scone;Lower Manhattan
35.00;14;10;202305;May;Fri;Evening;Med;Coffee;Drip coffee;Our Old Time Diner Blend Rg;Astoria
19.60;8;6;202305;May;Fri;Evening;Low;Coffee;Premium brewed coffee;Jamaican Coffee River Sm;Lower Manhattan
30.00;8;6;202305;May;Fri;Evening;Med;Drinking Chocolate;Hot chocolate;Sustainably Grown Organic Rg;Hell's Kitchen
54.00;12;6;202305;May;Fri;Evening;High;Drinking Chocolate;Hot chocolate;Dark chocolate Lg;Lower Manhattan
16.00;8;5;202305;May;Fri;Evening;Low;Coffee;Drip coffee;Our Old Time Diner Blend Sm;Lower Manhattan
11.25;3;3;202305;May;Fri;Evening;Low;Bakery;Pastry;Almond Croissant;Lower Manhattan
9.00;2;1;202305;May;Fri;Evening;Low;Drinking Chocolate;Hot chocolate;Dark chocolate Lg;Hell's Kitchen
27.50;11;9;202305;May;Fri;Evening;Med;Coffee;Drip coffee;Our Old Time Diner Blend Rg;Hell's Kitchen
15.00;4;4;202305;May;Fri;Evening;Low;Coffee;Barista Espresso;Cappuccino;Lower Manhattan
52.50;14;9;202305;May;Fri;Evening;High;Coffee;Premium brewed coffee;Jamaican Coffee River Lg;Astoria
7.00;2;1;202305;May;Fri;Evening;Low;Coffee;Gourmet brewed coffee;Ethiopia Lg;Lower Manhattan
22.50;9;5;202305;May;Fri;Evening;Med;Tea;Brewed Black tea;English Breakfast Rg;Lower Manhattan
5.00;2;2;202305;May;Fri;Evening;Low;Tea;Brewed Chai tea;Traditional Blend Chai Rg;Lower Manhattan
18.00;9;6;202305;May;Fri;Evening;Low;Coffee;Gourmet brewed coffee;Columbian Medium Roast Sm;Astoria
27.00;9;4;202305;May;Fri;Evening;Med;Coffee;Gourmet brewed coffee;Columbian Medium Roast Lg;Lower Manhattan
36.00;12;12;202305;May;Fri;Evening;Med;Bakery;Scone;Oatmeal Scone;Astoria
22.50;6;3;202305;May;Fri;Evening;Med;Coffee;Barista Espresso;Latte;Lower Manhattan
6.00;2;2;202305;May;Fri;Evening;Low;Coffee;Barista Espresso;Espresso shot;Lower Manhattan
40.30;13;8;202305;May;Fri;Evening;very high;Tea;Brewed Chai tea;Spicy Eye Opener Chai Lg;Astoria
31.50;9;9;202305;May;Fri;Evening;Med;Bakery;Biscotti;Ginger Biscotti;Astoria
11.25;3;3;202305;May;Fri;Evening;Low;Bakery;Pastry;Almond Croissant;Hell's Kitchen
26.00;8;8;202305;May;Fri;Evening;Med;Bakery;Scone;Cranberry Scone;Hell's Kitchen
36.00;12;8;202305;May;Fri;Evening;Med;Tea;Brewed Chai tea;Traditional Blend Chai Lg;Hell's Kitchen
24.00;8;5;202305;May;Fri;Evening;Med;Tea;Brewed herbal tea;Lemon Grass Lg;Hell's Kitchen
25.50;10;7;202305;May;Fri;Evening;Med;Tea;Brewed Chai tea;Spicy Eye Opener Chai Rg;Hell's Kitchen
17.15;7;5;202305;May;Fri;Evening;Low;Coffee;Premium brewed coffee;Jamaican Coffee River Sm;Astoria
13.20;6;4;202305;May;Fri;Evening;Low;Coffee;Gourmet brewed coffee;Ethiopia Sm;Astoria
7.00;2;2;202305;May;Fri;Evening;Low;Bakery;Pastry;Croissant;Hell's Kitchen
6.50;2;2;202305;May;Fri;Evening;Low;Bakery;Biscotti;Hazelnut Biscotti;Astoria
10.50;3;3;202305;May;Fri;Evening;Low;Coffee;Organic brewed coffee;Brazilian Lg;Hell's Kitchen
37.50;15;10;202305;May;Fri;Evening;Med;Tea;Brewed Chai tea;Morning Sunrise Chai Rg;Astoria
44.00;11;7;202305;May;Fri;Evening;High;Tea;Brewed Chai tea;Morning Sunrise Chai Lg;Hell's Kitchen
7.00;2;2;202305;May;Fri;Evening;Low;Bakery;Biscotti;Ginger Biscotti;Hell's Kitchen
6.50;2;2;202305;May;Fri;Evening;Low;Bakery;Scone;Cranberry Scone;Astoria
68.20;22;12;202305;May;Sat;Morning;very high;Tea;Brewed Chai tea;Spicy Eye Opener Chai Lg;Lower Manhattan
37.50;10;10;202305;May;Sat;Morning;Med;Bakery;Scone;Jumbo Savory Scone;Lower Manhattan
97.50;39;24;202305;May;Sat;Morning;very high;Tea;Brewed herbal tea;Peppermint Rg;Lower Manhattan
67.50;27;16;202305;May;Sat;Morning;very high;Coffee;Gourmet brewed coffee;Columbian Medium Roast Rg;Lower Manhattan
48.00;16;16;202305;May;Sat;Morning;High;Bakery;Scone;Oatmeal Scone;Lower Manhattan
72.50;29;16;202305;May;Sat;Morning;very high;Tea;Brewed Black tea;English Breakfast Rg;Lower Manhattan
96.00;32;18;202305;May;Sat;Morning;very high;Coffee;Barista Espresso;Espresso shot;Lower Manhattan
101.25;27;27;202305;May;Sat;Morning;very high;Bakery;Pastry;Chocolate Croissant;Lower Manhattan
70.00;28;16;202305;May;Sat;Morning;very high;Tea;Brewed Chai tea;Morning Sunrise Chai Rg;Lower Manhattan
74.65;25;24;202305;May;Sat;Morning;very high;Bakery;Scone;Ginger Scone;Lower Manhattan
120.00;30;17;202305;May;Sat;Morning;very high;Tea;Brewed Chai tea;Morning Sunrise Chai Lg;Lower Manhattan
96.00;32;17;202305;May;Sat;Morning;very high;Coffee;Organic brewed coffee;Brazilian Rg;Lower Manhattan
37.40;17;10;202305;May;Sat;Morning;Med;Coffee;Organic brewed coffee;Brazilian Sm;Lower Manhattan
70.00;20;11;202305;May;Sat;Morning;very high;Drinking Chocolate;Hot chocolate;Dark chocolate Rg;Lower Manhattan
105.00;35;19;202305;May;Sat;Morning;very high;Tea;Brewed Black tea;English Breakfast Lg;Lower Manhattan
72.00;24;15;202305;May;Sat;Morning;very high;Tea;Brewed Green tea;Serenity Green Tea Lg;Lower Manhattan
102.00;34;22;202305;May;Sat;Morning;very high;Tea;Brewed herbal tea;Peppermint Lg;Lower Manhattan
63.00;18;10;202305;May;Sat;Morning;very high;Coffee;Organic brewed coffee;Brazilian Lg;Lower Manhattan
42.25;13;13;202305;May;Sat;Morning;High;Bakery;Biscotti;Hazelnut Biscotti;Lower Manhattan
68.25;21;21;202305;May;Sat;Morning;very high;Bakery;Scone;Cranberry Scone;Lower Manhattan
63.75;17;17;202305;May;Sat;Morning;very high;Bakery;Pastry;Almond Croissant;Lower Manhattan
101.50;29;18;202305;May;Sat;Morning;very high;Coffee;Gourmet brewed coffee;Ethiopia Lg;Lower Manhattan
51.00;20;9;202305;May;Sat;Morning;High;Tea;Brewed Chai tea;Spicy Eye Opener Chai Rg;Lower Manhattan
70.00;28;16;202305;May;Sat;Morning;very high;Tea;Brewed Chai tea;Traditional Blend Chai Rg;Lower Manhattan
42.00;12;12;202305;May;Sat;Morning;High;Bakery;Biscotti;Ginger Biscotti;Lower Manhattan
93.75;25;15;202305;May;Sat;Morning;very high;Coffee;Barista Espresso;Latte;Lower Manhattan
58.50;13;13;202305;May;Sat;Morning;High;Bakery;Scone;Scottish Cream Scone ;Lower Manhattan
99.20;32;15;202305;May;Sat;Morning;very high;Coffee;Premium brewed coffee;Jamaican Coffee River Rg;Lower Manhattan
99.00;33;18;202305;May;Sat;Morning;very high;Tea;Brewed Chai tea;Traditional Blend Chai Lg;Lower Manhattan
111.00;37;23;202305;May;Sat;Morning;very high;Coffee;Gourmet brewed coffee;Columbian Medium Roast Lg;Lower Manhattan
92.10;34;21;202305;May;Sat;Morning;very high;Coffee;Barista Espresso;Ouro Brasileiro shot;Lower Manhattan
52.50;21;12;202305;May;Sat;Morning;High;Coffee;Drip coffee;Our Old Time Diner Blend Rg;Lower Manhattan
45.00;18;11;202305;May;Sat;Morning;High;Tea;Brewed Green tea;Serenity Green Tea Rg;Hell's Kitchen
72.50;29;15;202305;May;Sat;Morning;very high;Tea;Brewed herbal tea;Lemon Grass Rg;Lower Manhattan
84.00;24;17;202305;May;Sat;Morning;very high;Coffee;Gourmet brewed coffee;Ethiopia Lg;Hell's Kitchen
182.75;43;20;202305;May;Sat;Morning;very high;Coffee;Barista Espresso;Cappuccino Lg;Lower Manhattan
76.50;18;11;202305;May;Sat;Morning;very high;Coffee;Barista Espresso;Latte Rg;Lower Manhattan
128.25;27;16;202305;May;Sat;Morning;very high;Drinking Chocolate;Hot chocolate;Sustainably Grown Organic Lg;Lower Manhattan
70.00;28;18;202305;May;Sat;Morning;very high;Tea;Brewed herbal tea;Lemon Grass Rg;Hell's Kitchen
71.40;28;17;202305;May;Sat;Morning;very high;Tea;Brewed Chai tea;Spicy Eye Opener Chai Rg;Hell's Kitchen
18.00;6;6;202305;May;Sat;Morning;Low;Bakery;Scone;Oatmeal Scone;Hell's Kitchen
62.50;25;15;202305;May;Sat;Morning;very high;Tea;Brewed herbal tea;Peppermint Rg;Hell's Kitchen
35.75;11;11;202305;May;Sat;Morning;Med;Bakery;Scone;Cranberry Scone;Hell's Kitchen
78.00;26;16;202305;May;Sat;Morning;very high;Coffee;Gourmet brewed coffee;Ethiopia Rg;Hell's Kitchen
161.50;38;23;202305;May;Sat;Morning;very high;Coffee;Barista Espresso;Latte Rg;Hell's Kitchen
135.00;36;36;202305;May;Sat;Morning;very high;Bakery;Pastry;Chocolate Croissant;Hell's Kitchen
58.90;19;13;202305;May;Sat;Morning;High;Coffee;Premium brewed coffee;Jamaican Coffee River Rg;Hell's Kitchen
90.00;36;24;202305;May;Sat;Morning;very high;Tea;Brewed Black tea;English Breakfast Rg;Hell's Kitchen
87.50;35;22;202305;May;Sat;Morning;very high;Tea;Brewed Chai tea;Morning Sunrise Chai Rg;Hell's Kitchen
57.20;26;17;202305;May;Sat;Morning;High;Coffee;Organic brewed coffee;Brazilian Sm;Hell's Kitchen
127.50;34;20;202305;May;Sat;Morning;very high;Coffee;Premium brewed coffee;Jamaican Coffee River Lg;Hell's Kitchen
82.50;22;12;202305;May;Sat;Morning;very high;Drinking Chocolate;Hot chocolate;Sustainably Grown Organic Rg;Hell's Kitchen
75.00;25;15;202305;May;Sat;Morning;very high;Coffee;Drip coffee;Our Old Time Diner Blend Lg;Hell's Kitchen
74.80;34;16;202305;May;Sat;Morning;very high;Coffee;Gourmet brewed coffee;Ethiopia Sm;Lower Manhattan
63.00;21;14;202305;May;Sat;Morning;very high;Tea;Brewed herbal tea;Lemon Grass Lg;Hell's Kitchen
93.00;31;18;202305;May;Sat;Morning;very high;Coffee;Gourmet brewed coffee;Columbian Medium Roast Lg;Hell's Kitchen
90.00;30;22;202305;May;Sat;Morning;very high;Coffee;Organic brewed coffee;Brazilian Rg;Hell's Kitchen
80.85;33;18;202305;May;Sat;Morning;very high;Coffee;Premium brewed coffee;Jamaican Coffee River Sm;Lower Manhattan
75.00;20;12;202305;May;Sat;Morning;very high;Coffee;Premium brewed coffee;Jamaican Coffee River Lg;Lower Manhattan
50.00;25;14;202305;May;Sat;Morning;High;Coffee;Drip coffee;Our Old Time Diner Blend Sm;Lower Manhattan
69.00;23;16;202305;May;Sat;Morning;very high;Tea;Brewed Black tea;English Breakfast Lg;Hell's Kitchen
99.75;21;16;202305;May;Sat;Morning;very high;Drinking Chocolate;Hot chocolate;Sustainably Grown Organic Lg;Hell's Kitchen
84.00;28;19;202305;May;Sat;Morning;very high;Tea;Brewed Green tea;Serenity Green Tea Lg;Hell's Kitchen
42.25;13;13;202305;May;Sat;Morning;High;Bakery;Scone;Ginger Scone;Hell's Kitchen
24.50;7;7;202305;May;Sat;Morning;Med;Bakery;Biscotti;Ginger Biscotti;Hell's Kitchen
52.00;26;14;202305;May;Sat;Morning;High;Coffee;Gourmet brewed coffee;Columbian Medium Roast Sm;Lower Manhattan
81.00;27;15;202305;May;Sat;Morning;very high;Tea;Brewed Black tea;Earl Grey Lg;Lower Manhattan
59.50;17;17;202305;May;Sat;Morning;High;Bakery;Biscotti;Chocolate Chip Biscotti;Lower Manhattan
100.00;40;26;202305;May;Sat;Morning;very high;Coffee;Drip coffee;Our Old Time Diner Blend Rg;Hell's Kitchen
33.00;11;7;202305;May;Sat;Morning;Med;Tea;Brewed Chai tea;Traditional Blend Chai Lg;Hell's Kitchen
75.00;30;19;202305;May;Sat;Morning;very high;Coffee;Gourmet brewed coffee;Columbian Medium Roast Rg;Hell's Kitchen
63.00;21;13;202305;May;Sat;Morning;very high;Coffee;Gourmet brewed coffee;Ethiopia Rg;Lower Manhattan
59.50;17;17;202305;May;Sat;Morning;High;Bakery;Pastry;Croissant;Lower Manhattan
118.80;42;30;202305;May;Sat;Morning;very high;Coffee;Barista Espresso;Ouro Brasileiro shot;Hell's Kitchen
57.50;23;16;202305;May;Sat;Morning;High;Tea;Brewed Black tea;Earl Grey Rg;Hell's Kitchen
150.00;40;20;202305;May;Sat;Morning;very high;Drinking Chocolate;Hot chocolate;Sustainably Grown Organic Rg;Lower Manhattan
108.00;24;15;202305;May;Sat;Morning;very high;Drinking Chocolate;Hot chocolate;Dark chocolate Lg;Hell's Kitchen
80.50;23;15;202305;May;Sat;Morning;very high;Coffee;Organic brewed coffee;Brazilian Lg;Hell's Kitchen
138.75;37;20;202305;May;Sat;Morning;very high;Coffee;Barista Espresso;Cappuccino;Lower Manhattan
56.00;28;16;202305;May;Sat;Morning;High;Coffee;Drip coffee;Our Old Time Diner Blend Sm;Hell's Kitchen
93.00;31;18;202305;May;Sat;Morning;very high;Coffee;Barista Espresso;Espresso shot;Hell's Kitchen
72.50;29;16;202305;May;Sat;Morning;very high;Tea;Brewed Black tea;Earl Grey Rg;Lower Manhattan
36.00;12;7;202305;May;Sat;Morning;Med;Tea;Brewed herbal tea;Lemon Grass Lg;Lower Manhattan
80.00;20;11;202305;May;Sat;Morning;very high;Tea;Brewed Chai tea;Morning Sunrise Chai Lg;Hell's Kitchen
72.00;24;18;202305;May;Sat;Morning;very high;Tea;Brewed herbal tea;Peppermint Lg;Hell's Kitchen
67.50;18;10;202305;May;Sat;Morning;very high;Coffee;Barista Espresso;Cappuccino;Hell's Kitchen
52.50;14;14;202305;May;Sat;Morning;High;Bakery;Pastry;Almond Croissant;Hell's Kitchen
96.00;24;17;202305;May;Sat;Morning;very high;Tea;Brewed Chai tea;Morning Sunrise Chai Lg;Astoria
63.00;14;13;202305;May;Sat;Morning;very high;Drinking Chocolate;Hot chocolate;Dark chocolate Lg;Astoria
36.00;12;7;202305;May;Sat;Morning;Med;Coffee;Drip coffee;Our Old Time Diner Blend Lg;Lower Manhattan
42.00;14;10;202305;May;Sat;Morning;High;Coffee;Gourmet brewed coffee;Columbian Medium Roast Lg;Astoria
49.00;14;14;202305;May;Sat;Morning;High;Bakery;Biscotti;Ginger Biscotti;Astoria
24.00;12;10;202305;May;Sat;Morning;Med;Coffee;Gourmet brewed coffee;Columbian Medium Roast Sm;Astoria
26.00;8;8;202305;May;Sat;Morning;Med;Bakery;Scone;Cranberry Scone;Astoria
44.00;20;15;202305;May;Sat;Morning;High;Coffee;Gourmet brewed coffee;Ethiopia Sm;Astoria
22.75;7;7;202305;May;Sat;Morning;Med;Bakery;Scone;Ginger Scone;Astoria
45.50;13;11;202305;May;Sat;Morning;High;Drinking Chocolate;Hot chocolate;Dark chocolate Rg;Astoria
39.00;13;11;202305;May;Sat;Morning;Med;Tea;Brewed Black tea;Earl Grey Lg;Astoria
73.50;21;13;202305;May;Sat;Morning;very high;Drinking Chocolate;Hot chocolate;Dark chocolate Rg;Hell's Kitchen
31.50;9;9;202305;May;Sat;Morning;Med;Bakery;Biscotti;Chocolate Chip Biscotti;Hell's Kitchen
55.00;22;14;202305;May;Sat;Morning;High;Tea;Brewed herbal tea;Peppermint Rg;Astoria
78.75;21;14;202305;May;Sat;Morning;very high;Coffee;Barista Espresso;Cappuccino;Astoria
37.50;10;9;202305;May;Sat;Morning;Med;Coffee;Premium brewed coffee;Jamaican Coffee River Lg;Astoria
156.75;33;23;202305;May;Sat;Morning;very high;Drinking Chocolate;Hot chocolate;Sustainably Grown Organic Lg;Astoria
57.50;23;13;202305;May;Sat;Morning;High;Tea;Brewed Green tea;Serenity Green Tea Rg;Lower Manhattan
67.50;15;10;202305;May;Sat;Morning;very high;Drinking Chocolate;Hot chocolate;Dark chocolate Lg;Lower Manhattan
42.00;14;10;202305;May;Sat;Morning;High;Tea;Brewed herbal tea;Lemon Grass Lg;Astoria
93.75;25;25;202305;May;Sat;Morning;very high;Bakery;Pastry;Chocolate Croissant;Astoria
45.00;18;14;202305;May;Sat;Morning;High;Tea;Brewed Black tea;English Breakfast Rg;Astoria
55.25;13;12;202305;May;Sat;Morning;High;Coffee;Barista Espresso;Cappuccino Lg;Astoria
2.00;1;1;202305;May;Sat;Night;Low;Coffee;Gourmet brewed coffee;Columbian Medium Roast Sm;Lower Manhattan
3.25;1;1;202305;May;Sat;Night;Low;Bakery;Scone;Ginger Scone;Lower Manhattan
45.50;13;9;202305;May;Sat;Afternoon;High;Drinking Chocolate;Hot chocolate;Dark chocolate Rg;Astoria
45.00;18;10;202305;May;Sat;Afternoon;High;Tea;Brewed Black tea;English Breakfast Rg;Lower Manhattan
34.10;11;7;202305;May;Sat;Afternoon;Med;Tea;Brewed Chai tea;Spicy Eye Opener Chai Lg;Hell's Kitchen
10.00;4;3;202305;May;Sat;Afternoon;Low;Tea;Brewed Black tea;English Breakfast Rg;Hell's Kitchen
34.00;8;5;202305;May;Sat;Afternoon;Med;Coffee;Barista Espresso;Cappuccino Lg;Astoria
57.00;19;11;202305;May;Sat;Afternoon;High;Coffee;Gourmet brewed coffee;Ethiopia Rg;Hell's Kitchen
34.00;17;11;202305;May;Sat;Afternoon;Med;Coffee;Drip coffee;Our Old Time Diner Blend Sm;Hell's Kitchen
22.00;11;6;202305;May;Sat;Afternoon;Med;Coffee;Drip coffee;Our Old Time Diner Blend Sm;Astoria
19.50;6;6;202305;May;Sat;Afternoon;Low;Bakery;Scone;Cranberry Scone;Astoria
56.25;15;13;202305;May;Sat;Afternoon;High;Coffee;Premium brewed coffee;Jamaican Coffee River Lg;Astoria
115.00;46;26;202305;May;Wed;Morning;very high;Tea;Brewed Black tea;Earl Grey Rg;Lower Manhattan
10.50;3;3;202305;May;Wed;Afternoon;Low;Bakery;Biscotti;Ginger Biscotti;Lower Manhattan
18.75;5;5;202305;May;Wed;Afternoon;Low;Bakery;Pastry;Almond Croissant;Lower Manhattan
26.00;13;8;202305;May;Wed;Evening;Med;Coffee;Drip coffee;Our Old Time Diner Blend Sm;Hell's Kitchen
22.75;7;7;202305;May;Thu;Morning;Med;Bakery;Scone;Cranberry Scone;Astoria
80.00;32;20;202305;May;Thu;Morning;very high;Tea;Brewed herbal tea;Lemon Grass Rg;Astoria
9.00;2;2;202305;May;Thu;Evening;Low;Bakery;Scone;Scottish Cream Scone ;Hell's Kitchen
45.00;12;7;202305;May;Thu;Evening;High;Drinking Chocolate;Hot chocolate;Sustainably Grown Organic Rg;Astoria
66.00;22;13;202305;May;Fri;Morning;very high;Coffee;Barista Espresso;Espresso shot;Lower Manhattan
35.75;11;11;202305;May;Fri;Morning;Med;Bakery;Scone;Cranberry Scone;Hell's Kitchen
61.25;25;17;202305;May;Fri;Morning;very high;Coffee;Premium brewed coffee;Jamaican Coffee River Sm;Astoria
60.00;24;15;202305;May;Fri;Morning;High;Tea;Brewed herbal tea;Peppermint Rg;Hell's Kitchen
78.75;21;13;202305;May;Fri;Afternoon;very high;Drinking Chocolate;Hot chocolate;Sustainably Grown Organic Rg;Astoria
26.25;7;4;202305;May;Fri;Afternoon;Med;Coffee;Premium brewed coffee;Jamaican Coffee River Lg;Hell's Kitchen
44.00;20;13;202305;May;Sat;Morning;High;Coffee;Gourmet brewed coffee;Ethiopia Sm;Hell's Kitchen
58.50;13;13;202305;May;Sat;Morning;High;Bakery;Scone;Scottish Cream Scone ;Hell's Kitchen
38.25;9;9;202305;May;Sat;Morning;Med;Coffee;Barista Espresso;Latte Rg;Astoria
58.90;19;14;202305;May;Sat;Afternoon;High;Tea;Brewed Chai tea;Spicy Eye Opener Chai Lg;Astoria
46.75;11;7;202305;May;Sat;Afternoon;High;Coffee;Barista Espresso;Cappuccino Lg;Hell's Kitchen
33.00;15;9;202305;May;Sat;Afternoon;Med;Coffee;Gourmet brewed coffee;Ethiopia Sm;Astoria
39.00;13;9;202305;May;Sat;Afternoon;Med;Tea;Brewed herbal tea;Lemon Grass Lg;Astoria
19.50;6;6;202305;May;Sat;Afternoon;Low;Bakery;Biscotti;Hazelnut Biscotti;Astoria
32.50;13;11;202305;May;Sat;Afternoon;Med;Coffee;Gourmet brewed coffee;Columbian Medium Roast Rg;Astoria
24.50;7;7;202305;May;Sat;Afternoon;Med;Bakery;Biscotti;Ginger Biscotti;Astoria
22.50;9;6;202305;May;Sat;Afternoon;Med;Tea;Brewed Chai tea;Traditional Blend Chai Rg;Lower Manhattan
40.30;13;9;202305;May;Sat;Afternoon;very high;Coffee;Premium brewed coffee;Jamaican Coffee River Rg;Astoria
46.50;15;8;202305;May;Sat;Afternoon;High;Coffee;Premium brewed coffee;Jamaican Coffee River Rg;Hell's Kitchen
31.50;9;6;202305;May;Sat;Afternoon;Med;Coffee;Organic brewed coffee;Brazilian Lg;Hell's Kitchen
30.00;8;4;202305;May;Sat;Afternoon;Med;Coffee;Barista Espresso;Latte;Lower Manhattan
21.00;7;5;202305;May;Sat;Afternoon;Med;Tea;Brewed Black tea;English Breakfast Lg;Lower Manhattan
22.50;9;5;202305;May;Sat;Afternoon;Med;Tea;Brewed Black tea;Earl Grey Rg;Lower Manhattan
30.00;10;6;202305;May;Sat;Afternoon;Med;Tea;Brewed herbal tea;Peppermint Lg;Astoria
27.00;9;7;202305;May;Sat;Afternoon;Med;Coffee;Gourmet brewed coffee;Columbian Medium Roast Lg;Astoria
33.15;13;9;202305;May;Sat;Afternoon;Med;Tea;Brewed Chai tea;Spicy Eye Opener Chai Rg;Hell's Kitchen
22.00;10;8;202305;May;Sat;Afternoon;Med;Coffee;Gourmet brewed coffee;Ethiopia Sm;Hell's Kitchen
15.00;5;5;202305;May;Sat;Afternoon;Low;Bakery;Scone;Oatmeal Scone;Hell's Kitchen
48.00;16;10;202305;May;Sat;Afternoon;High;Tea;Brewed Black tea;Earl Grey Lg;Astoria
22.50;9;6;202305;May;Sat;Afternoon;Med;Coffee;Drip coffee;Our Old Time Diner Blend Rg;Lower Manhattan
17.50;7;4;202305;May;Sat;Afternoon;Low;Tea;Brewed Black tea;Earl Grey Rg;Hell's Kitchen
26.40;12;6;202305;May;Sat;Afternoon;Med;Coffee;Gourmet brewed coffee;Ethiopia Sm;Lower Manhattan
25.00;10;6;202305;May;Sat;Afternoon;Med;Coffee;Drip coffee;Our Old Time Diner Blend Rg;Hell's Kitchen
52.50;21;12;202305;May;Sat;Afternoon;High;Coffee;Gourmet brewed coffee;Columbian Medium Roast Rg;Lower Manhattan
68.00;17;9;202305;May;Sat;Afternoon;very high;Tea;Brewed Chai tea;Morning Sunrise Chai Lg;Lower Manhattan
8.80;4;3;202305;May;Sat;Afternoon;Low;Coffee;Organic brewed coffee;Brazilian Sm;Hell's Kitchen
15.00;4;4;202305;May;Sat;Afternoon;Low;Bakery;Pastry;Almond Croissant;Hell's Kitchen
25.00;10;7;202305;May;Sat;Afternoon;Med;Coffee;Gourmet brewed coffee;Columbian Medium Roast Rg;Hell's Kitchen
20.40;8;5;202305;May;Sat;Afternoon;very high;Tea;Brewed Chai tea;Spicy Eye Opener Chai Rg;Astoria
57.50;23;13;202305;May;Sat;Afternoon;High;Tea;Brewed herbal tea;Peppermint Rg;Astoria
30.00;10;7;202305;May;Sat;Afternoon;Med;Tea;Brewed Black tea;English Breakfast Lg;Astoria
42.00;14;10;202305;May;Sat;Afternoon;High;Coffee;Gourmet brewed coffee;Columbian Medium Roast Lg;Hell's Kitchen
21.00;7;4;202305;May;Sat;Afternoon;Med;Tea;Brewed Chai tea;Traditional Blend Chai Lg;Lower Manhattan
22.50;6;6;202305;May;Sat;Afternoon;Med;Bakery;Scone;Jumbo Savory Scone;Lower Manhattan
32.00;16;8;202305;May;Sat;Afternoon;Med;Coffee;Gourmet brewed coffee;Columbian Medium Roast Sm;Lower Manhattan
18.75;5;5;202305;May;Sat;Afternoon;Low;Bakery;Pastry;Almond Croissant;Lower Manhattan
27.50;11;10;202305;May;Sat;Afternoon;Med;Tea;Brewed Black tea;Earl Grey Rg;Astoria
32.50;13;6;202305;May;Sat;Afternoon;Med;Tea;Brewed Green tea;Serenity Green Tea Rg;Lower Manhattan
31.85;13;8;202305;May;Sat;Afternoon;Med;Coffee;Premium brewed coffee;Jamaican Coffee River Sm;Lower Manhattan
18.75;5;5;202305;May;Sat;Afternoon;Low;Bakery;Scone;Jumbo Savory Scone;Astoria
30.00;12;10;202305;May;Sat;Afternoon;Med;Tea;Brewed herbal tea;Lemon Grass Rg;Astoria
21.00;7;4;202305;May;Sat;Afternoon;Med;Tea;Brewed Black tea;English Breakfast Lg;Hell's Kitchen
63.00;18;11;202305;May;Sat;Afternoon;very high;Coffee;Organic brewed coffee;Brazilian Lg;Astoria
12.50;5;3;202305;May;Sat;Afternoon;Low;Tea;Brewed Chai tea;Traditional Blend Chai Rg;Hell's Kitchen
37.50;10;6;202305;May;Sat;Afternoon;Med;Coffee;Barista Espresso;Latte;Hell's Kitchen
52.25;11;9;202305;May;Sat;Afternoon;High;Drinking Chocolate;Hot chocolate;Sustainably Grown Organic Lg;Astoria
35.75;11;11;202305;May;Sat;Afternoon;Med;Bakery;Scone;Ginger Scone;Astoria
30.00;10;6;202305;May;Sat;Afternoon;Med;Coffee;Organic brewed coffee;Brazilian Rg;Hell's Kitchen
33.00;11;6;202305;May;Sat;Afternoon;Med;Tea;Brewed Green tea;Serenity Green Tea Lg;Astoria
21.00;7;7;202305;May;Sat;Afternoon;Med;Bakery;Scone;Oatmeal Scone;Lower Manhattan
26.25;7;4;202305;May;Sat;Afternoon;Med;Coffee;Barista Espresso;Cappuccino;Lower Manhattan
36.00;9;6;202305;May;Sat;Afternoon;Med;Tea;Brewed Chai tea;Morning Sunrise Chai Lg;Hell's Kitchen
24.00;8;6;202305;May;Sat;Afternoon;Med;Tea;Brewed Black tea;Earl Grey Lg;Hell's Kitchen
27.00;9;5;202305;May;Sat;Afternoon;Med;Coffee;Organic brewed coffee;Brazilian Rg;Lower Manhattan
63.75;17;11;202305;May;Sat;Afternoon;very high;Drinking Chocolate;Hot chocolate;Sustainably Grown Organic Rg;Lower Manhattan
27.00;9;5;202305;May;Sat;Afternoon;Med;Tea;Brewed Chai tea;Traditional Blend Chai Lg;Hell's Kitchen
24.00;8;4;202305;May;Sat;Afternoon;Med;Coffee;Gourmet brewed coffee;Columbian Medium Roast Lg;Lower Manhattan
56.25;15;9;202305;May;Sat;Afternoon;High;Drinking Chocolate;Hot chocolate;Sustainably Grown Organic Rg;Hell's Kitchen
19.50;6;6;202305;May;Sat;Afternoon;Low;Bakery;Scone;Ginger Scone;Hell's Kitchen
54.00;12;8;202305;May;Sat;Afternoon;High;Drinking Chocolate;Hot chocolate;Dark chocolate Lg;Astoria
21.00;7;4;202305;May;Sat;Afternoon;Med;Coffee;Barista Espresso;Espresso shot;Lower Manhattan
6.00;2;1;202305;May;Sat;Afternoon;Low;Tea;Brewed herbal tea;Lemon Grass Lg;Hell's Kitchen
76.00;19;16;202305;May;Sat;Afternoon;very high;Tea;Brewed Chai tea;Morning Sunrise Chai Lg;Astoria
19.60;8;5;202305;May;Sat;Afternoon;Low;Coffee;Premium brewed coffee;Jamaican Coffee River Sm;Hell's Kitchen
3.25;1;1;202305;May;Sat;Afternoon;Low;Bakery;Biscotti;Hazelnut Biscotti;Hell's Kitchen
45.00;12;7;202305;May;Sat;Afternoon;High;Coffee;Barista Espresso;Cappuccino;Hell's Kitchen
3.50;1;1;202305;May;Sat;Afternoon;Low;Bakery;Pastry;Croissant;Hell's Kitchen
27.00;9;7;202305;May;Sat;Afternoon;Med;Coffee;Barista Espresso;Espresso shot;Hell's Kitchen
33.75;9;7;202305;May;Sat;Afternoon;Med;Coffee;Barista Espresso;Cappuccino;Astoria
22.50;6;3;202305;May;Sat;Afternoon;Med;Coffee;Premium brewed coffee;Jamaican Coffee River Lg;Lower Manhattan
33.00;11;8;202305;May;Sat;Afternoon;Med;Coffee;Organic brewed coffee;Brazilian Rg;Astoria
24.00;8;8;202305;May;Sat;Afternoon;Med;Bakery;Scone;Oatmeal Scone;Astoria
36.00;12;9;202305;May;Sat;Afternoon;Med;Coffee;Drip coffee;Our Old Time Diner Blend Lg;Astoria
7.50;2;2;202305;May;Sat;Afternoon;Low;Bakery;Pastry;Chocolate Croissant;Hell's Kitchen
24.50;7;7;202305;May;Sat;Afternoon;Med;Bakery;Pastry;Croissant;Lower Manhattan
25.00;10;7;202305;May;Sat;Afternoon;Med;Tea;Brewed Green tea;Serenity Green Tea Rg;Astoria
60.00;20;11;202305;May;Sat;Afternoon;High;Tea;Brewed herbal tea;Lemon Grass Lg;Lower Manhattan
28.60;13;9;202305;May;Sat;Afternoon;Med;Coffee;Organic brewed coffee;Brazilian Sm;Astoria
13.00;4;4;202305;May;Sat;Afternoon;Low;Bakery;Scone;Cranberry Scone;Hell's Kitchen
45.00;10;6;202305;May;Sat;Afternoon;High;Drinking Chocolate;Hot chocolate;Dark chocolate Lg;Lower Manhattan
32.50;13;7;202305;May;Sat;Afternoon;Med;Tea;Brewed Green tea;Serenity Green Tea Rg;Hell's Kitchen
42.50;17;8;202305;May;Sat;Afternoon;High;Tea;Brewed herbal tea;Peppermint Rg;Lower Manhattan
22.50;6;4;202305;May;Sat;Afternoon;Med;Coffee;Premium brewed coffee;Jamaican Coffee River Lg;Hell's Kitchen
28.00;14;7;202305;May;Sat;Afternoon;Med;Coffee;Drip coffee;Our Old Time Diner Blend Sm;Lower Manhattan
16.20;6;4;202305;May;Sat;Afternoon;Low;Coffee;Barista Espresso;Ouro Brasileiro shot;Hell's Kitchen
18.00;6;4;202305;May;Sat;Afternoon;Low;Coffee;Drip coffee;Our Old Time Diner Blend Lg;Lower Manhattan
18.00;4;4;202305;May;Sat;Afternoon;Low;Bakery;Scone;Scottish Cream Scone ;Lower Manhattan
25.00;10;6;202305;May;Sat;Afternoon;Med;Tea;Brewed herbal tea;Peppermint Rg;Hell's Kitchen
35.00;10;6;202305;May;Sat;Afternoon;Med;Coffee;Gourmet brewed coffee;Ethiopia Lg;Lower Manhattan
38.25;9;6;202305;May;Sat;Afternoon;Med;Coffee;Barista Espresso;Latte Rg;Astoria
9.00;3;2;202305;May;Sat;Afternoon;Low;Tea;Brewed herbal tea;Peppermint Lg;Hell's Kitchen
7.50;2;2;202305;May;Sat;Afternoon;Low;Bakery;Scone;Jumbo Savory Scone;Hell's Kitchen
30.00;10;5;202305;May;Sat;Afternoon;Med;Coffee;Drip coffee;Our Old Time Diner Blend Lg;Hell's Kitchen
13.20;6;4;202305;May;Sat;Afternoon;Low;Coffee;Organic brewed coffee;Brazilian Sm;Lower Manhattan
71.25;15;11;202305;May;Sat;Afternoon;very high;Drinking Chocolate;Hot chocolate;Sustainably Grown Organic Lg;Hell's Kitchen
14.70;6;5;202305;May;Sat;Afternoon;Low;Coffee;Premium brewed coffee;Jamaican Coffee River Sm;Astoria
63.75;15;9;202305;May;Sat;Afternoon;very high;Coffee;Barista Espresso;Cappuccino Lg;Lower Manhattan
21.00;7;3;202305;May;Sat;Afternoon;Med;Coffee;Gourmet brewed coffee;Ethiopia Rg;Lower Manhattan
33.00;11;6;202305;May;Sat;Afternoon;Med;Tea;Brewed Green tea;Serenity Green Tea Lg;Lower Manhattan
33.75;9;7;202305;May;Sat;Afternoon;Med;Coffee;Barista Espresso;Latte;Astoria
30.00;12;8;202305;May;Sat;Afternoon;Med;Coffee;Drip coffee;Our Old Time Diner Blend Rg;Astoria
30.00;8;8;202305;May;Sat;Afternoon;Med;Bakery;Pastry;Almond Croissant;Astoria
6.50;2;2;202305;May;Sat;Afternoon;Low;Bakery;Scone;Cranberry Scone;Lower Manhattan
18.00;6;4;202305;May;Sat;Afternoon;Low;Coffee;Gourmet brewed coffee;Ethiopia Rg;Astoria
21.00;7;5;202305;May;Sat;Afternoon;Med;Coffee;Barista Espresso;Espresso shot;Astoria
40.00;16;9;202305;May;Sat;Afternoon;Med;Tea;Brewed Chai tea;Morning Sunrise Chai Rg;Lower Manhattan
37.20;12;6;202305;May;Sat;Afternoon;Med;Tea;Brewed Chai tea;Spicy Eye Opener Chai Lg;Lower Manhattan
33.75;9;6;202305;May;Sat;Afternoon;Med;Drinking Chocolate;Hot chocolate;Sustainably Grown Organic Rg;Astoria
19.50;6;6;202305;May;Sat;Afternoon;Low;Bakery;Biscotti;Hazelnut Biscotti;Lower Manhattan
25.50;6;4;202305;May;Sat;Afternoon;Med;Coffee;Barista Espresso;Latte Rg;Hell's Kitchen
7.65;3;2;202305;May;Sat;Afternoon;Low;Tea;Brewed Chai tea;Spicy Eye Opener Chai Rg;Lower Manhattan
56.00;16;8;202305;May;Sat;Afternoon;High;Drinking Chocolate;Hot chocolate;Dark chocolate Rg;Lower Manhattan
29.40;11;8;202305;May;Sat;Afternoon;Med;Coffee;Barista Espresso;Ouro Brasileiro shot;Lower Manhattan
22.50;6;6;202305;May;Sat;Afternoon;Med;Bakery;Pastry;Chocolate Croissant;Lower Manhattan
27.00;6;6;202305;May;Sat;Afternoon;Med;Bakery;Scone;Scottish Cream Scone ;Hell's Kitchen
27.50;11;7;202305;May;Sat;Afternoon;Med;Tea;Brewed herbal tea;Lemon Grass Rg;Hell's Kitchen
18.60;6;4;202305;May;Sat;Afternoon;Low;Coffee;Premium brewed coffee;Jamaican Coffee River Rg;Lower Manhattan
30.00;12;7;202305;May;Sat;Afternoon;Med;Tea;Brewed Chai tea;Morning Sunrise Chai Rg;Hell's Kitchen
22.50;9;7;202305;May;Sat;Afternoon;Med;Tea;Brewed Chai tea;Traditional Blend Chai Rg;Astoria
80.75;19;9;202305;May;Sat;Afternoon;very high;Coffee;Barista Espresso;Latte Rg;Lower Manhattan
24.50;7;5;202305;May;Sat;Afternoon;Med;Coffee;Organic brewed coffee;Brazilian Lg;Lower Manhattan
27.50;11;6;202305;May;Sat;Afternoon;Med;Tea;Brewed herbal tea;Lemon Grass Rg;Lower Manhattan
12.00;4;3;202305;May;Sat;Afternoon;Low;Tea;Brewed Green tea;Serenity Green Tea Lg;Hell's Kitchen
18.75;5;5;202305;May;Sat;Afternoon;Low;Bakery;Pastry;Chocolate Croissant;Astoria
2.55;1;1;202305;May;Sat;Night;Low;Tea;Brewed Chai tea;Spicy Eye Opener Chai Rg;Lower Manhattan
2.50;1;1;202305;May;Sat;Night;Low;Tea;Brewed herbal tea;Peppermint Rg;Lower Manhattan
2.20;1;1;202305;May;Sat;Night;Low;Coffee;Gourmet brewed coffee;Ethiopia Sm;Lower Manhattan
42.50;17;11;202305;May;Sat;Evening;High;Tea;Brewed Chai tea;Traditional Blend Chai Rg;Astoria
37.50;10;6;202305;May;Sat;Evening;Med;Coffee;Barista Espresso;Latte;Astoria
28.50;6;5;202305;May;Sat;Evening;Med;Drinking Chocolate;Hot chocolate;Sustainably Grown Organic Lg;Lower Manhattan
22.50;9;7;202305;May;Sat;Evening;Med;Tea;Brewed Black tea;English Breakfast Rg;Hell's Kitchen
24.00;8;6;202305;May;Sat;Evening;Med;Tea;Brewed Green tea;Serenity Green Tea Lg;Astoria
14.00;4;4;202305;May;Sat;Evening;Low;Bakery;Biscotti;Chocolate Chip Biscotti;Astoria
47.50;19;10;202305;May;Sat;Evening;High;Tea;Brewed Black tea;Earl Grey Rg;Hell's Kitchen
52.50;14;9;202305;May;Sat;Evening;High;Coffee;Barista Espresso;Cappuccino;Hell's Kitchen
24.00;6;3;202305;May;Sat;Evening;Med;Tea;Brewed Chai tea;Morning Sunrise Chai Lg;Lower Manhattan
16.25;5;5;202305;May;Sat;Evening;Low;Bakery;Biscotti;Hazelnut Biscotti;Lower Manhattan
30.00;8;4;202305;May;Sat;Evening;Med;Drinking Chocolate;Hot chocolate;Sustainably Grown Organic Rg;Lower Manhattan
27.50;11;8;202305;May;Sat;Evening;Med;Tea;Brewed herbal tea;Lemon Grass Rg;Hell's Kitchen
16.25;5;5;202305;May;Sat;Evening;Low;Bakery;Scone;Ginger Scone;Hell's Kitchen
25.00;10;6;202305;May;Sat;Evening;Med;Tea;Brewed Black tea;Earl Grey Rg;Lower Manhattan
18.00;6;4;202305;May;Sat;Evening;Low;Coffee;Barista Espresso;Espresso shot;Hell's Kitchen
32.50;13;9;202305;May;Sat;Evening;Med;Tea;Brewed Chai tea;Morning Sunrise Chai Rg;Astoria
27.00;9;4;202305;May;Sat;Evening;Med;Tea;Brewed Black tea;Earl Grey Lg;Lower Manhattan
32.50;13;8;202305;May;Sat;Evening;Med;Tea;Brewed Green tea;Serenity Green Tea Rg;Hell's Kitchen
4.00;2;2;202305;May;Sat;Evening;Low;Coffee;Drip coffee;Our Old Time Diner Blend Sm;Lower Manhattan
45.00;15;10;202305;May;Sat;Evening;High;Tea;Brewed Chai tea;Traditional Blend Chai Lg;Hell's Kitchen
48.75;13;7;202305;May;Sat;Evening;High;Coffee;Barista Espresso;Latte;Lower Manhattan
30.00;15;10;202305;May;Sat;Evening;Med;Coffee;Gourmet brewed coffee;Columbian Medium Roast Sm;Hell's Kitchen
45.00;15;11;202305;May;Sat;Evening;High;Tea;Brewed Chai tea;Traditional Blend Chai Lg;Astoria
18.00;6;6;202305;May;Sat;Evening;Low;Bakery;Scone;Oatmeal Scone;Astoria
15.40;7;5;202305;May;Sat;Evening;Low;Coffee;Gourmet brewed coffee;Ethiopia Sm;Hell's Kitchen
38.50;11;9;202305;May;Sat;Evening;Med;Coffee;Organic brewed coffee;Brazilian Lg;Hell's Kitchen
27.00;9;5;202305;May;Sat;Evening;Med;Coffee;Organic brewed coffee;Brazilian Rg;Lower Manhattan
27.00;9;7;202305;May;Sat;Evening;Med;Tea;Brewed Black tea;Earl Grey Lg;Hell's Kitchen
24.50;7;5;202305;May;Sat;Evening;Med;Drinking Chocolate;Hot chocolate;Dark chocolate Rg;Lower Manhattan
12.75;3;2;202305;May;Sat;Evening;Low;Coffee;Barista Espresso;Latte Rg;Astoria
20.00;8;4;202305;May;Sat;Evening;Low;Coffee;Drip coffee;Our Old Time Diner Blend Rg;Hell's Kitchen
18.00;6;4;202305;May;Sat;Evening;Low;Coffee;Gourmet brewed coffee;Ethiopia Rg;Lower Manhattan
29.40;12;6;202305;May;Sat;Evening;Med;Coffee;Premium brewed coffee;Jamaican Coffee River Sm;Hell's Kitchen
14.00;4;4;202305;May;Sat;Evening;Low;Bakery;Biscotti;Ginger Biscotti;Hell's Kitchen
27.00;9;7;202305;May;Sat;Evening;Med;Coffee;Drip coffee;Our Old Time Diner Blend Lg;Hell's Kitchen
26.25;7;5;202305;May;Sat;Evening;Med;Drinking Chocolate;Hot chocolate;Sustainably Grown Organic Rg;Astoria
37.50;10;10;202305;May;Sat;Evening;Med;Bakery;Scone;Jumbo Savory Scone;Astoria
22.50;9;5;202305;May;Sat;Evening;Med;Tea;Brewed Chai tea;Traditional Blend Chai Rg;Lower Manhattan
40.50;9;9;202305;May;Sat;Evening;very high;Bakery;Scone;Scottish Cream Scone ;Astoria
33.00;11;7;202305;May;Sat;Evening;Med;Tea;Brewed Black tea;English Breakfast Lg;Lower Manhattan
45.00;15;9;202305;May;Sat;Evening;High;Tea;Brewed Green tea;Serenity Green Tea Lg;Hell's Kitchen
30.00;12;8;202305;May;Sat;Evening;Med;Tea;Brewed Black tea;English Breakfast Rg;Astoria
32.50;13;9;202305;May;Sat;Evening;Med;Coffee;Gourmet brewed coffee;Columbian Medium Roast Rg;Astoria
27.00;9;7;202305;May;Sat;Evening;Med;Coffee;Organic brewed coffee;Brazilian Rg;Astoria
35.00;14;11;202305;May;Sat;Evening;Med;Tea;Brewed herbal tea;Peppermint Rg;Astoria
22.50;6;6;202305;May;Sat;Evening;Med;Bakery;Pastry;Chocolate Croissant;Astoria
30.60;12;7;202305;May;Sat;Evening;Med;Tea;Brewed Chai tea;Spicy Eye Opener Chai Rg;Hell's Kitchen
15.40;7;4;202305;May;Sat;Evening;Low;Coffee;Gourmet brewed coffee;Ethiopia Sm;Lower Manhattan
16.00;8;5;202305;May;Sat;Evening;Low;Coffee;Gourmet brewed coffee;Columbian Medium Roast Sm;Astoria
17.50;5;3;202305;May;Sat;Evening;Low;Coffee;Gourmet brewed coffee;Ethiopia Lg;Lower Manhattan
56.25;15;7;202305;May;Sat;Evening;High;Coffee;Premium brewed coffee;Jamaican Coffee River Lg;Lower Manhattan
5.10;2;2;202305;May;Sat;Evening;Low;Tea;Brewed Chai tea;Spicy Eye Opener Chai Rg;Lower Manhattan
20.00;8;5;202305;May;Sat;Evening;Low;Coffee;Gourmet brewed coffee;Columbian Medium Roast Rg;Hell's Kitchen
31.50;9;6;202305;May;Sat;Evening;Med;Coffee;Gourmet brewed coffee;Ethiopia Lg;Astoria
19.50;6;6;202305;May;Sat;Evening;Low;Bakery;Scone;Cranberry Scone;Astoria
30.00;10;6;202305;May;Sat;Evening;Med;Coffee;Gourmet brewed coffee;Columbian Medium Roast Lg;Hell's Kitchen
25.50;6;4;202305;May;Sat;Evening;Med;Coffee;Barista Espresso;Cappuccino Lg;Hell's Kitchen
9.00;3;3;202305;May;Sat;Evening;Low;Bakery;Scone;Oatmeal Scone;Hell's Kitchen
45.00;18;11;202305;May;Sat;Evening;High;Tea;Brewed Chai tea;Morning Sunrise Chai Rg;Hell's Kitchen
52.50;14;9;202305;May;Sat;Evening;High;Coffee;Premium brewed coffee;Jamaican Coffee River Lg;Hell's Kitchen
45.00;15;9;202305;May;Sat;Evening;High;Coffee;Organic brewed coffee;Brazilian Rg;Hell's Kitchen
45.00;10;6;202305;May;Sat;Evening;High;Drinking Chocolate;Hot chocolate;Dark chocolate Lg;Lower Manhattan
9.00;3;3;202305;May;Sat;Evening;Low;Bakery;Scone;Oatmeal Scone;Lower Manhattan
36.00;12;8;202305;May;Sat;Evening;Med;Coffee;Barista Espresso;Espresso shot;Lower Manhattan
38.25;9;7;202305;May;Sat;Evening;Med;Coffee;Barista Espresso;Latte Rg;Hell's Kitchen
44.00;11;7;202305;May;Sat;Evening;High;Tea;Brewed Chai tea;Morning Sunrise Chai Lg;Hell's Kitchen
54.00;12;8;202305;May;Sat;Evening;High;Drinking Chocolate;Hot chocolate;Dark chocolate Lg;Astoria
30.00;12;8;202305;May;Sat;Evening;Med;Coffee;Drip coffee;Our Old Time Diner Blend Rg;Astoria
34.00;17;10;202305;May;Sat;Evening;Med;Coffee;Drip coffee;Our Old Time Diner Blend Sm;Astoria
28.00;8;5;202305;May;Sat;Evening;Med;Coffee;Organic brewed coffee;Brazilian Lg;Lower Manhattan
26.40;12;8;202305;May;Sat;Evening;Med;Coffee;Organic brewed coffee;Brazilian Sm;Astoria
14.00;4;4;202305;May;Sat;Evening;Low;Bakery;Pastry;Croissant;Lower Manhattan
36.00;12;7;202305;May;Sat;Evening;Med;Tea;Brewed herbal tea;Peppermint Lg;Lower Manhattan
42.00;14;9;202305;May;Sat;Evening;High;Coffee;Gourmet brewed coffee;Columbian Medium Roast Lg;Astoria
32.50;13;10;202305;May;Sat;Evening;Med;Tea;Brewed herbal tea;Lemon Grass Rg;Astoria
9.00;3;2;202305;May;Sat;Evening;Low;Coffee;Gourmet brewed coffee;Columbian Medium Roast Lg;Lower Manhattan
7.50;2;2;202305;May;Sat;Evening;Low;Bakery;Pastry;Almond Croissant;Lower Manhattan
28.50;6;4;202305;May;Sat;Evening;Med;Drinking Chocolate;Hot chocolate;Sustainably Grown Organic Lg;Astoria
34.00;8;6;202305;May;Sat;Evening;Med;Coffee;Barista Espresso;Cappuccino Lg;Lower Manhattan
19.50;6;6;202305;May;Sat;Evening;Low;Bakery;Scone;Cranberry Scone;Lower Manhattan
12.75;3;2;202305;May;Sat;Evening;Low;Coffee;Barista Espresso;Latte Rg;Lower Manhattan
13.00;4;4;202305;May;Sat;Evening;Low;Bakery;Scone;Cranberry Scone;Hell's Kitchen
45.00;18;11;202305;May;Sat;Evening;High;Tea;Brewed Chai tea;Traditional Blend Chai Rg;Hell's Kitchen
18.00;6;4;202305;May;Sat;Evening;Low;Tea;Brewed Black tea;Earl Grey Lg;Astoria
16.25;5;5;202305;May;Sat;Evening;Low;Bakery;Scone;Ginger Scone;Astoria
20.00;8;4;202305;May;Sat;Evening;Low;Tea;Brewed herbal tea;Lemon Grass Rg;Lower Manhattan
27.50;11;5;202305;May;Sat;Evening;Med;Tea;Brewed herbal tea;Peppermint Rg;Lower Manhattan
34.20;12;8;202305;May;Sat;Evening;Med;Coffee;Barista Espresso;Ouro Brasileiro shot;Hell's Kitchen
3.50;1;1;202305;May;Sat;Evening;Low;Bakery;Biscotti;Chocolate Chip Biscotti;Hell's Kitchen
40.00;10;8;202305;May;Sat;Evening;Med;Tea;Brewed Chai tea;Morning Sunrise Chai Lg;Astoria
28.00;8;6;202305;May;Sat;Evening;Med;Coffee;Gourmet brewed coffee;Ethiopia Lg;Hell's Kitchen
24.80;8;5;202305;May;Sat;Evening;Med;Tea;Brewed Chai tea;Spicy Eye Opener Chai Lg;Lower Manhattan
27.00;9;6;202305;May;Sat;Evening;Med;Coffee;Drip coffee;Our Old Time Diner Blend Lg;Lower Manhattan
51.00;17;11;202305;May;Sat;Evening;High;Tea;Brewed herbal tea;Lemon Grass Lg;Hell's Kitchen
17.50;5;5;202305;May;Sat;Evening;Low;Bakery;Biscotti;Chocolate Chip Biscotti;Lower Manhattan
43.40;14;10;202305;May;Sat;Evening;High;Tea;Brewed Chai tea;Spicy Eye Opener Chai Lg;Hell's Kitchen
18.75;5;3;202305;May;Sat;Evening;Low;Coffee;Barista Espresso;Cappuccino;Lower Manhattan
40.00;16;10;202305;May;Sat;Evening;Med;Coffee;Gourmet brewed coffee;Columbian Medium Roast Rg;Lower Manhattan
45.00;18;10;202305;May;Sat;Evening;High;Tea;Brewed Green tea;Serenity Green Tea Rg;Lower Manhattan
4.50;1;1;202305;May;Sat;Evening;Low;Bakery;Scone;Scottish Cream Scone ;Lower Manhattan
20.10;7;5;202305;May;Sat;Evening;very high;Coffee;Barista Espresso;Ouro Brasileiro shot;Lower Manhattan
30.80;14;11;202305;May;Sat;Evening;Med;Coffee;Gourmet brewed coffee;Ethiopia Sm;Astoria
13.00;4;4;202305;May;Sat;Evening;Low;Bakery;Biscotti;Hazelnut Biscotti;Hell's Kitchen
58.65;23;14;202305;May;Sat;Evening;High;Tea;Brewed Chai tea;Spicy Eye Opener Chai Rg;Astoria
26.00;8;8;202305;May;Sat;Evening;Med;Bakery;Biscotti;Hazelnut Biscotti;Astoria
22.00;11;7;202305;May;Sat;Evening;Med;Coffee;Drip coffee;Our Old Time Diner Blend Sm;Hell's Kitchen
22.00;10;7;202305;May;Sat;Evening;Med;Coffee;Organic brewed coffee;Brazilian Sm;Lower Manhattan
21.00;7;5;202305;May;Sat;Evening;Med;Coffee;Drip coffee;Our Old Time Diner Blend Lg;Astoria
21.70;7;5;202305;May;Sat;Evening;Med;Tea;Brewed Chai tea;Spicy Eye Opener Chai Lg;Astoria
18.00;6;4;202305;May;Sat;Evening;Low;Tea;Brewed herbal tea;Peppermint Lg;Hell's Kitchen
14.00;4;4;202305;May;Sat;Evening;Low;Bakery;Biscotti;Ginger Biscotti;Astoria
15.50;5;4;202305;May;Sat;Evening;Low;Coffee;Premium brewed coffee;Jamaican Coffee River Rg;Astoria
24.00;8;4;202305;May;Sat;Evening;Med;Tea;Brewed herbal tea;Lemon Grass Lg;Lower Manhattan
27.00;9;6;202305;May;Sat;Evening;Med;Coffee;Gourmet brewed coffee;Ethiopia Rg;Astoria
30.00;8;8;202305;May;Sat;Evening;Med;Bakery;Pastry;Almond Croissant;Astoria
22.50;9;6;202305;May;Sat;Evening;Med;Tea;Brewed herbal tea;Peppermint Rg;Hell's Kitchen
24.50;10;7;202305;May;Sat;Evening;Med;Coffee;Premium brewed coffee;Jamaican Coffee River Sm;Astoria
47.50;10;6;202305;May;Sat;Evening;High;Drinking Chocolate;Hot chocolate;Sustainably Grown Organic Lg;Hell's Kitchen
9.30;3;2;202305;May;Sat;Evening;Low;Coffee;Premium brewed coffee;Jamaican Coffee River Rg;Hell's Kitchen
7.50;2;2;202305;May;Sat;Evening;Low;Bakery;Pastry;Chocolate Croissant;Lower Manhattan
54.00;12;8;202305;May;Sat;Evening;High;Drinking Chocolate;Hot chocolate;Dark chocolate Lg;Hell's Kitchen
48.00;16;10;202305;May;Sat;Evening;High;Tea;Brewed herbal tea;Lemon Grass Lg;Astoria
30.00;10;6;202305;May;Sat;Evening;Med;Tea;Brewed Black tea;English Breakfast Lg;Hell's Kitchen
56.00;16;10;202305;May;Sat;Evening;High;Drinking Chocolate;Hot chocolate;Dark chocolate Rg;Hell's Kitchen
35.00;14;11;202305;May;Sat;Evening;Med;Tea;Brewed Black tea;Earl Grey Rg;Astoria
25.00;10;6;202305;May;Sat;Evening;Med;Tea;Brewed Green tea;Serenity Green Tea Rg;Astoria
21.00;7;4;202305;May;Sat;Evening;Med;Coffee;Barista Espresso;Espresso shot;Astoria
11.25;3;3;202305;May;Sat;Evening;Low;Bakery;Pastry;Almond Croissant;Hell's Kitchen
49.00;14;8;202305;May;Sat;Evening;High;Drinking Chocolate;Hot chocolate;Dark chocolate Rg;Astoria
10.50;3;3;202305;May;Sat;Evening;Low;Bakery;Pastry;Croissant;Astoria
59.50;14;8;202305;May;Sat;Evening;High;Coffee;Barista Espresso;Cappuccino Lg;Astoria
12.00;4;4;202305;May;Sat;Evening;Low;Tea;Brewed Black tea;English Breakfast Lg;Astoria
52.50;15;11;202305;May;Sat;Evening;High;Coffee;Organic brewed coffee;Brazilian Lg;Astoria
18.75;5;5;202305;May;Sat;Evening;Low;Bakery;Pastry;Chocolate Croissant;Hell's Kitchen
45.00;12;8;202305;May;Sat;Evening;High;Coffee;Barista Espresso;Latte;Hell's Kitchen
30.00;8;6;202305;May;Sat;Evening;Med;Coffee;Premium brewed coffee;Jamaican Coffee River Lg;Astoria
9.50;2;1;202305;May;Sun;Night;Low;Drinking Chocolate;Hot chocolate;Sustainably Grown Organic Lg;Lower Manhattan
3.00;1;1;202305;May;Sun;Night;Low;Tea;Brewed Black tea;English Breakfast Lg;Lower Manhattan
7.60;1;1;202305;May;Sun;Night;Low;Packaged Chocolate;Organic Chocolate;Sustainably Grown Organic;Lower Manhattan
7.50;2;1;202305;May;Sun;Night;Low;Coffee;Premium brewed coffee;Jamaican Coffee River Lg;Lower Manhattan
3.00;1;1;202305;May;Sun;Night;Low;Tea;Brewed herbal tea;Peppermint Lg;Lower Manhattan
4.40;2;1;202305;May;Sun;Night;Low;Coffee;Gourmet brewed coffee;Ethiopia Sm;Lower Manhattan
116.25;31;31;202305;May;Sun;Morning;very high;Bakery;Pastry;Chocolate Croissant;Lower Manhattan
44.00;22;14;202305;May;Sun;Morning;High;Coffee;Gourmet brewed coffee;Columbian Medium Roast Sm;Astoria
57.50;23;14;202305;May;Sun;Morning;High;Coffee;Drip coffee;Our Old Time Diner Blend Rg;Astoria
48.00;16;10;202305;May;Sun;Morning;High;Tea;Brewed herbal tea;Peppermint Lg;Lower Manhattan
49.60;16;12;202305;May;Sun;Morning;High;Coffee;Premium brewed coffee;Jamaican Coffee River Rg;Astoria
127.50;34;19;202305;May;Sun;Morning;very high;Coffee;Barista Espresso;Cappuccino;Lower Manhattan
39.60;18;12;202305;May;Sun;Morning;Med;Coffee;Gourmet brewed coffee;Ethiopia Sm;Astoria
82.50;22;14;202305;May;Sun;Morning;very high;Coffee;Barista Espresso;Latte;Astoria
69.00;23;15;202305;May;Sun;Morning;very high;Tea;Brewed Green tea;Serenity Green Tea Lg;Lower Manhattan
36.00;12;12;202305;May;Sun;Morning;Med;Bakery;Scone;Oatmeal Scone;Lower Manhattan
57.50;23;15;202305;May;Sun;Morning;High;Tea;Brewed Black tea;Earl Grey Rg;Astoria
63.00;21;13;202305;May;Sun;Morning;very high;Coffee;Drip coffee;Our Old Time Diner Blend Lg;Astoria
18.75;5;5;202305;May;Sun;Morning;Low;Bakery;Scone;Jumbo Savory Scone;Astoria
52.50;21;14;202305;May;Sun;Morning;High;Tea;Brewed Green tea;Serenity Green Tea Rg;Lower Manhattan
17.90;2;2;202305;May;Sun;Morning;Low;Loose Tea;Herbal tea;Peppermint;Lower Manhattan
52.80;24;15;202305;May;Sun;Morning;High;Coffee;Gourmet brewed coffee;Ethiopia Sm;Lower Manhattan
45.50;13;9;202305;May;Sun;Morning;High;Drinking Chocolate;Hot chocolate;Dark chocolate Rg;Astoria
84.00;28;17;202305;May;Sun;Morning;very high;Coffee;Barista Espresso;Espresso shot;Lower Manhattan
57.50;23;17;202305;May;Sun;Morning;High;Tea;Brewed Chai tea;Traditional Blend Chai Rg;Astoria
33.75;9;8;202305;May;Sun;Morning;Med;Coffee;Premium brewed coffee;Jamaican Coffee River Lg;Astoria
71.30;23;13;202305;May;Sun;Morning;very high;Tea;Brewed Chai tea;Spicy Eye Opener Chai Lg;Lower Manhattan
39.00;12;12;202305;May;Sun;Morning;Med;Bakery;Scone;Cranberry Scone;Lower Manhattan
22.95;9;7;202305;May;Sun;Morning;Med;Tea;Brewed Chai tea;Spicy Eye Opener Chai Rg;Lower Manhattan
32.75;11;9;202305;May;Sun;Morning;Med;Bakery;Scone;Ginger Scone;Lower Manhattan
39.00;13;11;202305;May;Sun;Morning;Med;Tea;Brewed Green tea;Serenity Green Tea Lg;Astoria
29.25;9;9;202305;May;Sun;Morning;Med;Bakery;Scone;Cranberry Scone;Astoria
90.00;24;14;202305;May;Sun;Morning;very high;Drinking Chocolate;Hot chocolate;Sustainably Grown Organic Rg;Astoria
66.15;27;14;202305;May;Sun;Morning;very high;Coffee;Premium brewed coffee;Jamaican Coffee River Sm;Lower Manhattan
52.50;15;15;202305;May;Sun;Morning;High;Bakery;Biscotti;Ginger Biscotti;Lower Manhattan
111.00;37;23;202305;May;Sun;Morning;very high;Coffee;Organic brewed coffee;Brazilian Rg;Lower Manhattan
69.00;23;14;202305;May;Sun;Morning;very high;Tea;Brewed herbal tea;Lemon Grass Lg;Lower Manhattan
72.50;29;16;202305;May;Sun;Morning;very high;Coffee;Drip coffee;Our Old Time Diner Blend Rg;Lower Manhattan
32.50;13;11;202305;May;Sun;Morning;Med;Tea;Brewed Chai tea;Morning Sunrise Chai Rg;Astoria
93.50;22;13;202305;May;Sun;Morning;very high;Coffee;Barista Espresso;Cappuccino Lg;Astoria
55.00;22;16;202305;May;Sun;Morning;High;Tea;Brewed Chai tea;Traditional Blend Chai Rg;Lower Manhattan
45.00;15;10;202305;May;Sun;Morning;High;Coffee;Gourmet brewed coffee;Ethiopia Rg;Astoria
41.25;11;11;202305;May;Sun;Morning;High;Bakery;Pastry;Chocolate Croissant;Astoria
75.00;25;16;202305;May;Sun;Morning;very high;Coffee;Gourmet brewed coffee;Columbian Medium Roast Lg;Astoria
20.80;26;16;202305;May;Sun;Morning;very high;Flavours;Sugar free syrup;Sugar Free Vanilla syrup;Lower Manhattan
26.25;7;7;202305;May;Sun;Morning;Med;Bakery;Pastry;Almond Croissant;Lower Manhattan
57.50;23;14;202305;May;Sun;Morning;High;Tea;Brewed herbal tea;Peppermint Rg;Lower Manhattan
84.00;21;14;202305;May;Sun;Morning;very high;Tea;Brewed Chai tea;Morning Sunrise Chai Lg;Astoria
42.00;12;7;202305;May;Sun;Morning;High;Coffee;Gourmet brewed coffee;Ethiopia Lg;Lower Manhattan
33.00;15;10;202305;May;Sun;Morning;Med;Coffee;Organic brewed coffee;Brazilian Sm;Astoria
77.50;31;18;202305;May;Sun;Morning;very high;Tea;Brewed herbal tea;Lemon Grass Rg;Lower Manhattan
42.50;17;13;202305;May;Sun;Morning;High;Tea;Brewed Chai tea;Morning Sunrise Chai Rg;Lower Manhattan
123.00;41;24;202305;May;Sun;Morning;very high;Coffee;Drip coffee;Our Old Time Diner Blend Lg;Lower Manhattan
83.70;27;18;202305;May;Sun;Morning;very high;Tea;Brewed Chai tea;Spicy Eye Opener Chai Lg;Astoria
39.00;12;12;202305;May;Sun;Morning;Med;Bakery;Biscotti;Hazelnut Biscotti;Lower Manhattan
82.50;33;20;202305;May;Sun;Morning;very high;Tea;Brewed Black tea;English Breakfast Rg;Lower Manhattan
39.00;12;12;202305;May;Sun;Morning;Med;Bakery;Scone;Ginger Scone;Astoria
56.25;15;11;202305;May;Sun;Morning;High;Coffee;Barista Espresso;Cappuccino;Astoria
63.75;17;17;202305;May;Sun;Morning;very high;Bakery;Scone;Jumbo Savory Scone;Lower Manhattan
49.60;16;11;202305;May;Sun;Morning;High;Coffee;Premium brewed coffee;Jamaican Coffee River Rg;Lower Manhattan
63.00;21;15;202305;May;Sun;Morning;very high;Tea;Brewed Black tea;Earl Grey Lg;Lower Manhattan
87.50;25;25;202305;May;Sun;Morning;very high;Bakery;Biscotti;Chocolate Chip Biscotti;Lower Manhattan
94.50;21;16;202305;May;Sun;Morning;very high;Drinking Chocolate;Hot chocolate;Dark chocolate Lg;Astoria
124.00;5;5;202305;May;Sun;Morning;very high;Coffee beans;Organic Beans;Organic Decaf Blend;Lower Manhattan
78.00;26;17;202305;May;Sun;Morning;very high;Coffee;Gourmet brewed coffee;Columbian Medium Roast Lg;Lower Manhattan
15.20;2;2;202305;May;Sun;Morning;Low;Packaged Chocolate;Organic Chocolate;Sustainably Grown Organic;Lower Manhattan
24.50;10;7;202305;May;Sun;Morning;Med;Coffee;Premium brewed coffee;Jamaican Coffee River Sm;Astoria
28.00;8;8;202305;May;Sun;Morning;Med;Bakery;Biscotti;Chocolate Chip Biscotti;Astoria
81.00;27;17;202305;May;Sun;Morning;very high;Tea;Brewed Chai tea;Traditional Blend Chai Lg;Astoria
57.20;26;14;202305;May;Sun;Morning;High;Coffee;Organic brewed coffee;Brazilian Sm;Lower Manhattan
66.00;22;16;202305;May;Sun;Morning;very high;Tea;Brewed Black tea;English Breakfast Lg;Hell's Kitchen
67.50;15;15;202305;May;Sun;Morning;very high;Bakery;Scone;Scottish Cream Scone ;Hell's Kitchen
78.00;26;18;202305;May;Sun;Morning;very high;Tea;Brewed Black tea;English Breakfast Lg;Astoria
63.75;25;17;202305;May;Sun;Morning;very high;Tea;Brewed Chai tea;Spicy Eye Opener Chai Rg;Hell's Kitchen
85.00;20;13;202305;May;Sun;Morning;very high;Coffee;Barista Espresso;Latte Rg;Lower Manhattan
105.00;35;21;202305;May;Sun;Morning;very high;Coffee;Gourmet brewed coffee;Ethiopia Rg;Hell's Kitchen
99.00;33;23;202305;May;Sun;Morning;very high;Coffee;Organic brewed coffee;Brazilian Rg;Hell's Kitchen
148.75;35;25;202305;May;Sun;Morning;very high;Coffee;Barista Espresso;Cappuccino Lg;Hell's Kitchen
20.00;25;17;202305;May;Sun;Morning;Low;Flavours;Regular syrup;Chocolate syrup;Hell's Kitchen
58.50;18;18;202305;May;Sun;Morning;High;Bakery;Biscotti;Hazelnut Biscotti;Hell's Kitchen
30.00;10;6;202305;May;Sun;Morning;Med;Coffee;Barista Espresso;Espresso shot;Hell's Kitchen
24.80;31;20;202305;May;Sun;Morning;Med;Flavours;Regular syrup;Hazelnut syrup;Hell's Kitchen
89.25;21;13;202305;May;Sun;Morning;very high;Coffee;Barista Espresso;Latte Rg;Hell's Kitchen
22.40;28;20;202305;May;Sun;Morning;Med;Flavours;Sugar free syrup;Sugar Free Vanilla syrup;Hell's Kitchen
52.50;15;11;202305;May;Sun;Morning;High;Drinking Chocolate;Hot chocolate;Dark chocolate Rg;Hell's Kitchen
85.50;18;14;202305;May;Sun;Morning;very high;Drinking Chocolate;Hot chocolate;Sustainably Grown Organic Lg;Hell's Kitchen
9.00;3;3;202305;May;Sun;Morning;Low;Bakery;Scone;Oatmeal Scone;Astoria
28.00;14;10;202305;May;Sun;Morning;Med;Coffee;Gourmet brewed coffee;Columbian Medium Roast Sm;Lower Manhattan
75.00;30;16;202305;May;Sun;Morning;very high;Tea;Brewed Black tea;Earl Grey Rg;Lower Manhattan
52.50;21;16;202305;May;Sun;Morning;High;Tea;Brewed Chai tea;Morning Sunrise Chai Rg;Hell's Kitchen
50.00;25;18;202305;May;Sun;Morning;High;Coffee;Drip coffee;Our Old Time Diner Blend Sm;Astoria
112.50;30;20;202305;May;Sun;Morning;very high;Coffee;Premium brewed coffee;Jamaican Coffee River Lg;Hell's Kitchen
73.50;21;21;202305;May;Sun;Morning;very high;Bakery;Pastry;Croissant;Hell's Kitchen
38.25;15;9;202305;May;Sun;Morning;Med;Tea;Brewed Chai tea;Spicy Eye Opener Chai Rg;Astoria
116.00;29;19;202305;May;Sun;Morning;very high;Tea;Brewed Chai tea;Morning Sunrise Chai Lg;Lower Manhattan
75.00;30;21;202305;May;Sun;Morning;very high;Tea;Brewed Black tea;Earl Grey Rg;Hell's Kitchen
89.25;21;14;202305;May;Sun;Morning;very high;Coffee;Barista Espresso;Latte Rg;Astoria
15.20;19;11;202305;May;Sun;Morning;Low;Flavours;Regular syrup;Hazelnut syrup;Lower Manhattan
90.00;24;24;202305;May;Sun;Morning;very high;Bakery;Pastry;Chocolate Croissant;Hell's Kitchen
91.00;26;16;202305;May;Sun;Morning;very high;Coffee;Organic brewed coffee;Brazilian Lg;Hell's Kitchen
96.00;32;21;202305;May;Sun;Morning;very high;Tea;Brewed Chai tea;Traditional Blend Chai Lg;Hell's Kitchen
12.80;2;2;202305;May;Sun;Morning;Low;Packaged Chocolate;Drinking Chocolate;Dark chocolate;Hell's Kitchen
120.00;30;21;202305;May;Sun;Morning;very high;Tea;Brewed Chai tea;Morning Sunrise Chai Lg;Hell's Kitchen
60.00;20;12;202305;May;Sun;Morning;High;Tea;Brewed herbal tea;Lemon Grass Lg;Astoria
36.00;12;10;202305;May;Sun;Morning;Med;Tea;Brewed Chai tea;Traditional Blend Chai Lg;Lower Manhattan
60.00;20;16;202305;May;Sun;Morning;High;Tea;Brewed Green tea;Serenity Green Tea Lg;Hell's Kitchen
74.40;24;16;202305;May;Sun;Morning;very high;Coffee;Premium brewed coffee;Jamaican Coffee River Rg;Hell's Kitchen
59.40;27;17;202305;May;Sun;Morning;High;Coffee;Organic brewed coffee;Brazilian Sm;Hell's Kitchen
37.50;10;10;202305;May;Sun;Morning;Med;Bakery;Pastry;Almond Croissant;Hell's Kitchen
20.00;10;8;202305;May;Sun;Morning;Low;Coffee;Drip coffee;Our Old Time Diner Blend Sm;Lower Manhattan
66.00;22;16;202305;May;Sun;Morning;very high;Tea;Brewed herbal tea;Peppermint Lg;Hell's Kitchen
24.00;30;18;202305;May;Sun;Morning;Med;Flavours;Regular syrup;Chocolate syrup;Lower Manhattan
70.00;28;17;202305;May;Sun;Morning;very high;Coffee;Gourmet brewed coffee;Columbian Medium Roast Rg;Lower Manhattan
116.25;31;18;202305;May;Sun;Morning;very high;Coffee;Barista Espresso;Latte;Hell's Kitchen
60.00;30;20;202305;May;Sun;Morning;High;Coffee;Drip coffee;Our Old Time Diner Blend Sm;Hell's Kitchen
67.50;27;17;202305;May;Sun;Morning;very high;Tea;Brewed herbal tea;Peppermint Rg;Astoria
50.00;25;17;202305;May;Sun;Morning;High;Coffee;Gourmet brewed coffee;Columbian Medium Roast Sm;Hell's Kitchen
63.70;26;17;202305;May;Sun;Morning;very high;Coffee;Premium brewed coffee;Jamaican Coffee River Sm;Hell's Kitchen
62.50;25;14;202305;May;Sun;Morning;very high;Tea;Brewed herbal tea;Lemon Grass Rg;Astoria
51.00;17;11;202305;May;Sun;Morning;High;Coffee;Drip coffee;Our Old Time Diner Blend Lg;Hell's Kitchen
57.50;23;15;202305;May;Sun;Morning;High;Coffee;Gourmet brewed coffee;Columbian Medium Roast Rg;Hell's Kitchen
78.75;21;14;202305;May;Sun;Morning;very high;Coffee;Barista Espresso;Latte;Lower Manhattan
48.75;15;15;202305;May;Sun;Morning;High;Bakery;Scone;Cranberry Scone;Hell's Kitchen
101.25;27;19;202305;May;Sun;Morning;very high;Coffee;Barista Espresso;Cappuccino;Hell's Kitchen
82.50;22;15;202305;May;Sun;Morning;very high;Coffee;Premium brewed coffee;Jamaican Coffee River Lg;Lower Manhattan
52.50;15;10;202305;May;Sun;Morning;High;Coffee;Organic brewed coffee;Brazilian Lg;Astoria
75.00;20;13;202305;May;Sun;Morning;very high;Drinking Chocolate;Hot chocolate;Sustainably Grown Organic Rg;Lower Manhattan
118.75;25;20;202305;May;Sun;Morning;very high;Drinking Chocolate;Hot chocolate;Sustainably Grown Organic Lg;Astoria
26.00;8;8;202305;May;Sun;Morning;Med;Bakery;Biscotti;Hazelnut Biscotti;Astoria
12.80;16;11;202305;May;Sun;Morning;Low;Flavours;Regular syrup;Carmel syrup;Lower Manhattan
42.50;17;12;202305;May;Sun;Morning;High;Coffee;Gourmet brewed coffee;Columbian Medium Roast Rg;Astoria
106.25;25;15;202305;May;Sun;Morning;very high;Coffee;Barista Espresso;Cappuccino Lg;Lower Manhattan
45.00;15;12;202305;May;Sun;Morning;High;Coffee;Gourmet brewed coffee;Columbian Medium Roast Lg;Hell's Kitchen
74.40;24;15;202305;May;Sun;Morning;very high;Tea;Brewed Chai tea;Spicy Eye Opener Chai Lg;Hell's Kitchen
57.50;23;15;202305;May;Sun;Morning;High;Tea;Brewed Black tea;English Breakfast Rg;Hell's Kitchen
87.50;35;21;202305;May;Sun;Morning;very high;Tea;Brewed Chai tea;Traditional Blend Chai Rg;Hell's Kitchen
90.00;5;5;202305;May;Sun;Morning;very high;Coffee beans;House blend Beans;Our Old Time Diner Blend;Hell's Kitchen
60.00;24;18;202305;May;Sun;Morning;High;Tea;Brewed herbal tea;Lemon Grass Rg;Hell's Kitchen
18.00;4;4;202305;May;Sun;Morning;Low;Bakery;Scone;Scottish Cream Scone ;Astoria
15.00;4;4;202305;May;Sun;Morning;Low;Bakery;Pastry;Almond Croissant;Astoria
47.50;19;12;202305;May;Sun;Morning;High;Tea;Brewed Black tea;English Breakfast Rg;Astoria
126.00;28;18;202305;May;Sun;Morning;very high;Drinking Chocolate;Hot chocolate;Dark chocolate Lg;Hell's Kitchen
63.00;21;14;202305;May;Sun;Morning;very high;Tea;Brewed herbal tea;Lemon Grass Lg;Hell's Kitchen
152.00;32;18;202305;May;Sun;Morning;very high;Drinking Chocolate;Hot chocolate;Sustainably Grown Organic Lg;Lower Manhattan
37.50;15;9;202305;May;Sun;Morning;Med;Tea;Brewed Green tea;Serenity Green Tea Rg;Hell's Kitchen
56.25;15;15;202305;May;Sun;Morning;High;Bakery;Scone;Jumbo Savory Scone;Hell's Kitchen
47.50;19;14;202305;May;Sun;Morning;High;Tea;Brewed herbal tea;Peppermint Rg;Hell's Kitchen
67.50;18;13;202305;May;Sun;Morning;very high;Drinking Chocolate;Hot chocolate;Sustainably Grown Organic Rg;Hell's Kitchen
45.50;13;13;202305;May;Sun;Morning;High;Bakery;Biscotti;Ginger Biscotti;Hell's Kitchen
6.40;1;1;202305;May;Sun;Morning;Low;Packaged Chocolate;Drinking Chocolate;Dark chocolate;Lower Manhattan
36.00;2;2;202305;May;Sun;Morning;Med;Coffee beans;Organic Beans;Brazilian - Organic;Hell's Kitchen
21.00;7;5;202305;May;Sun;Morning;Med;Tea;Brewed Black tea;English Breakfast Lg;Lower Manhattan
63.00;18;11;202305;May;Sun;Morning;very high;Drinking Chocolate;Hot chocolate;Dark chocolate Rg;Lower Manhattan
28.00;8;8;202305;May;Sun;Morning;Med;Bakery;Pastry;Croissant;Astoria
90.00;20;11;202305;May;Sun;Morning;very high;Drinking Chocolate;Hot chocolate;Dark chocolate Lg;Lower Manhattan
80.50;23;16;202305;May;Sun;Morning;very high;Coffee;Organic brewed coffee;Brazilian Lg;Lower Manhattan
66.00;22;15;202305;May;Sun;Morning;very high;Coffee;Gourmet brewed coffee;Ethiopia Rg;Lower Manhattan
84.00;24;15;202305;May;Sun;Morning;very high;Coffee;Gourmet brewed coffee;Ethiopia Lg;Hell's Kitchen
42.00;2;2;202305;May;Sun;Morning;High;Coffee beans;Gourmet Beans;Ethiopia;Lower Manhattan
24.20;11;9;202305;May;Sun;Morning;Med;Coffee;Gourmet brewed coffee;Ethiopia Sm;Hell's Kitchen
30.00;12;9;202305;May;Sun;Morning;Med;Coffee;Drip coffee;Our Old Time Diner Blend Rg;Hell's Kitchen
40.90;2;2;202305;May;Sun;Morning;very high;Coffee beans;Espresso Beans;Primo Espresso Roast;Hell's Kitchen
39.00;12;12;202305;May;Sun;Morning;Med;Bakery;Scone;Ginger Scone;Hell's Kitchen
56.00;16;14;202305;May;Sun;Morning;High;Coffee;Gourmet brewed coffee;Ethiopia Lg;Astoria
39.00;13;9;202305;May;Sun;Morning;Med;Coffee;Barista Espresso;Espresso shot;Astoria
33.00;11;11;202305;May;Sun;Morning;Med;Bakery;Scone;Oatmeal Scone;Hell's Kitchen
3.00;1;1;202305;May;Sun;Night;Low;Coffee;Gourmet brewed coffee;Ethiopia Rg;Lower Manhattan
24.00;8;7;202305;May;Sun;Afternoon;Med;Tea;Brewed herbal tea;Peppermint Lg;Astoria
31.00;10;8;202305;May;Sun;Afternoon;Med;Tea;Brewed Chai tea;Spicy Eye Opener Chai Lg;Astoria
24.00;12;7;202305;May;Sun;Afternoon;Med;Coffee;Drip coffee;Our Old Time Diner Blend Sm;Lower Manhattan
61.75;13;7;202305;May;Sun;Afternoon;very high;Drinking Chocolate;Hot chocolate;Sustainably Grown Organic Lg;Hell's Kitchen
27.00;9;6;202305;May;Sun;Afternoon;Med;Tea;Brewed Black tea;Earl Grey Lg;Lower Manhattan
27.50;11;6;202305;May;Sun;Afternoon;Med;Coffee;Gourmet brewed coffee;Columbian Medium Roast Rg;Hell's Kitchen
39.00;13;9;202305;May;Sun;Afternoon;Med;Coffee;Gourmet brewed coffee;Columbian Medium Roast Lg;Astoria
56.25;15;10;202305;May;Sun;Afternoon;High;Coffee;Barista Espresso;Latte;Astoria
42.00;12;8;202305;May;Sun;Afternoon;High;Coffee;Organic brewed coffee;Brazilian Lg;Astoria
27.50;11;7;202305;May;Sun;Afternoon;Med;Tea;Brewed Black tea;Earl Grey Rg;Astoria
29.75;7;4;202305;May;Sun;Afternoon;Med;Coffee;Barista Espresso;Latte Rg;Hell's Kitchen
18.00;6;4;202305;May;Sun;Afternoon;Low;Coffee;Drip coffee;Our Old Time Diner Blend Lg;Astoria
66.50;14;10;202305;May;Sun;Afternoon;very high;Drinking Chocolate;Hot chocolate;Sustainably Grown Organic Lg;Astoria
56.00;16;12;202305;May;Sun;Afternoon;High;Coffee;Organic brewed coffee;Brazilian Lg;Hell's Kitchen
26.25;7;7;202305;May;Sun;Afternoon;Med;Bakery;Pastry;Chocolate Croissant;Hell's Kitchen
8.50;2;1;202305;May;Sun;Afternoon;Low;Coffee;Barista Espresso;Latte Rg;Lower Manhattan
4.80;6;3;202305;May;Sun;Afternoon;Low;Flavours;Regular syrup;Hazelnut syrup;Lower Manhattan
15.00;6;4;202305;May;Sun;Afternoon;Low;Coffee;Gourmet brewed coffee;Columbian Medium Roast Rg;Lower Manhattan
26.25;7;5;202305;May;Sun;Afternoon;Med;Coffee;Barista Espresso;Cappuccino;Lower Manhattan
26.25;7;7;202305;May;Sun;Afternoon;Med;Bakery;Pastry;Almond Croissant;Lower Manhattan
48.00;16;12;202305;May;Sun;Afternoon;High;Coffee;Gourmet brewed coffee;Ethiopia Rg;Hell's Kitchen
14.00;4;4;202305;May;Sun;Afternoon;Low;Bakery;Biscotti;Ginger Biscotti;Hell's Kitchen
24.50;7;4;202305;May;Sun;Afternoon;Med;Coffee;Gourmet brewed coffee;Ethiopia Lg;Astoria
11.25;3;3;202305;May;Sun;Afternoon;Low;Bakery;Pastry;Almond Croissant;Astoria
27.90;9;6;202305;May;Sun;Afternoon;Med;Coffee;Premium brewed coffee;Jamaican Coffee River Rg;Astoria
18.00;4;4;202305;May;Sun;Afternoon;Low;Bakery;Scone;Scottish Cream Scone ;Astoria
30.00;15;9;202305;May;Sun;Afternoon;Med;Coffee;Drip coffee;Our Old Time Diner Blend Sm;Hell's Kitchen
6.40;1;1;202305;May;Sun;Afternoon;Low;Packaged Chocolate;Drinking Chocolate;Dark chocolate;Hell's Kitchen
47.50;19;13;202305;May;Sun;Afternoon;High;Tea;Brewed herbal tea;Peppermint Rg;Astoria
18.75;5;5;202305;May;Sun;Afternoon;Low;Bakery;Pastry;Chocolate Croissant;Astoria
21.00;7;5;202305;May;Sun;Afternoon;Med;Coffee;Barista Espresso;Espresso shot;Astoria
17.50;7;5;202305;May;Sun;Afternoon;Low;Coffee;Drip coffee;Our Old Time Diner Blend Rg;Hell's Kitchen
15.00;4;4;202305;May;Sun;Afternoon;Low;Bakery;Pastry;Almond Croissant;Hell's Kitchen
25.00;10;5;202305;May;Sun;Afternoon;Med;Tea;Brewed Green tea;Serenity Green Tea Rg;Astoria
17.50;5;5;202305;May;Sun;Afternoon;Low;Bakery;Biscotti;Chocolate Chip Biscotti;Astoria
33.75;9;8;202305;May;Sun;Afternoon;Med;Coffee;Barista Espresso;Latte;Hell's Kitchen
5.60;7;4;202305;May;Sun;Afternoon;Low;Flavours;Sugar free syrup;Sugar Free Vanilla syrup;Hell's Kitchen
30.00;10;5;202305;May;Sun;Afternoon;Med;Tea;Brewed herbal tea;Peppermint Lg;Lower Manhattan
20.00;8;6;202305;May;Sun;Afternoon;Low;Coffee;Gourmet brewed coffee;Columbian Medium Roast Rg;Astoria
6.00;2;1;202305;May;Sun;Afternoon;Low;Tea;Brewed herbal tea;Lemon Grass Lg;Lower Manhattan
15.40;7;5;202305;May;Sun;Afternoon;Low;Coffee;Organic brewed coffee;Brazilian Sm;Astoria
16.00;8;5;202305;May;Sun;Afternoon;Low;Coffee;Drip coffee;Our Old Time Diner Blend Sm;Astoria
22.50;6;4;202305;May;Sun;Afternoon;Med;Coffee;Barista Espresso;Cappuccino;Astoria
15.00;6;4;202305;May;Sun;Afternoon;Low;Tea;Brewed Chai tea;Morning Sunrise Chai Rg;Lower Manhattan
72.00;16;10;202305;May;Sun;Afternoon;very high;Drinking Chocolate;Hot chocolate;Dark chocolate Lg;Astoria
33.00;11;7;202305;May;Sun;Afternoon;Med;Coffee;Gourmet brewed coffee;Ethiopia Rg;Lower Manhattan
22.50;9;5;202305;May;Sun;Afternoon;Med;Tea;Brewed herbal tea;Peppermint Rg;Lower Manhattan
24.00;8;5;202305;May;Sun;Afternoon;Med;Tea;Brewed herbal tea;Lemon Grass Lg;Hell's Kitchen
17.50;7;5;202305;May;Sun;Afternoon;Low;Tea;Brewed Chai tea;Traditional Blend Chai Rg;Hell's Kitchen
20.00;8;5;202305;May;Sun;Afternoon;Low;Tea;Brewed herbal tea;Lemon Grass Rg;Lower Manhattan
30.00;12;9;202305;May;Sun;Afternoon;Med;Tea;Brewed herbal tea;Lemon Grass Rg;Astoria
45.00;10;7;202305;May;Sun;Afternoon;High;Drinking Chocolate;Hot chocolate;Dark chocolate Lg;Hell's Kitchen
13.20;6;5;202305;May;Sun;Afternoon;Low;Coffee;Gourmet brewed coffee;Ethiopia Sm;Hell's Kitchen
20.00;8;7;202305;May;Sun;Afternoon;Low;Tea;Brewed Black tea;English Breakfast Rg;Astoria
14.25;3;2;202305;May;Sun;Afternoon;Low;Drinking Chocolate;Hot chocolate;Sustainably Grown Organic Lg;Lower Manhattan
20.00;8;5;202305;May;Sun;Afternoon;Low;Tea;Brewed Chai tea;Morning Sunrise Chai Rg;Astoria
7.00;2;2;202305;May;Sun;Afternoon;Low;Bakery;Biscotti;Ginger Biscotti;Astoria
27.00;9;5;202305;May;Sun;Afternoon;Med;Coffee;Gourmet brewed coffee;Ethiopia Rg;Astoria
21.00;7;5;202305;May;Sun;Afternoon;Med;Coffee;Gourmet brewed coffee;Columbian Medium Roast Lg;Hell's Kitchen
18.75;5;3;202305;May;Sun;Afternoon;Low;Coffee;Premium brewed coffee;Jamaican Coffee River Lg;Hell's Kitchen
17.50;5;5;202305;May;Sun;Afternoon;Low;Bakery;Biscotti;Chocolate Chip Biscotti;Hell's Kitchen
15.00;6;6;202305;May;Sun;Afternoon;Low;Tea;Brewed Chai tea;Morning Sunrise Chai Rg;Hell's Kitchen
35.00;14;10;202305;May;Sun;Afternoon;Med;Tea;Brewed Green tea;Serenity Green Tea Rg;Hell's Kitchen
20.00;10;6;202305;May;Sun;Afternoon;Low;Coffee;Gourmet brewed coffee;Columbian Medium Roast Sm;Astoria
30.00;8;6;202305;May;Sun;Afternoon;Med;Coffee;Premium brewed coffee;Jamaican Coffee River Lg;Astoria
48.75;13;10;202305;May;Sun;Afternoon;High;Coffee;Barista Espresso;Cappuccino;Hell's Kitchen
4.00;5;3;202305;May;Sun;Afternoon;Low;Flavours;Regular syrup;Chocolate syrup;Hell's Kitchen
24.00;8;7;202305;May;Sun;Afternoon;Med;Coffee;Organic brewed coffee;Brazilian Rg;Astoria
24.00;8;5;202305;May;Sun;Afternoon;Med;Tea;Brewed Green tea;Serenity Green Tea Lg;Hell's Kitchen
14.70;6;4;202305;May;Sun;Afternoon;Low;Coffee;Premium brewed coffee;Jamaican Coffee River Sm;Astoria
9.75;3;3;202305;May;Sun;Afternoon;Low;Bakery;Scone;Ginger Scone;Astoria
13.00;4;4;202305;May;Sun;Afternoon;Low;Bakery;Scone;Cranberry Scone;Hell's Kitchen
36.00;9;6;202305;May;Sun;Afternoon;Med;Tea;Brewed Chai tea;Morning Sunrise Chai Lg;Hell's Kitchen
48.00;16;9;202305;May;Sun;Afternoon;High;Tea;Brewed Black tea;English Breakfast Lg;Hell's Kitchen
21.00;7;5;202305;May;Sun;Afternoon;Med;Tea;Brewed Chai tea;Traditional Blend Chai Lg;Hell's Kitchen
24.20;11;6;202305;May;Sun;Afternoon;Med;Coffee;Organic brewed coffee;Brazilian Sm;Hell's Kitchen
42.00;12;7;202305;May;Sun;Afternoon;High;Coffee;Gourmet brewed coffee;Ethiopia Lg;Hell's Kitchen
24.00;8;5;202305;May;Sun;Afternoon;Med;Tea;Brewed Green tea;Serenity Green Tea Lg;Astoria
9.75;3;3;202305;May;Sun;Afternoon;Low;Bakery;Scone;Cranberry Scone;Astoria
13.00;4;4;202305;May;Sun;Afternoon;Low;Bakery;Biscotti;Hazelnut Biscotti;Astoria
12.50;5;4;202305;May;Sun;Afternoon;Low;Tea;Brewed Chai tea;Traditional Blend Chai Rg;Astoria
28.00;8;7;202305;May;Sun;Afternoon;Med;Drinking Chocolate;Hot chocolate;Dark chocolate Rg;Hell's Kitchen
13.50;3;3;202305;May;Sun;Afternoon;Low;Bakery;Scone;Scottish Cream Scone ;Hell's Kitchen
21.25;5;4;202305;May;Sun;Afternoon;Med;Coffee;Barista Espresso;Cappuccino Lg;Astoria
9.00;3;2;202305;May;Sun;Afternoon;Low;Tea;Brewed Black tea;English Breakfast Lg;Astoria
18.60;6;4;202305;May;Sun;Afternoon;Low;Tea;Brewed Chai tea;Spicy Eye Opener Chai Lg;Hell's Kitchen
21.00;7;4;202305;May;Sun;Afternoon;Med;Tea;Brewed Black tea;Earl Grey Lg;Astoria
34.00;8;4;202305;May;Sun;Afternoon;Med;Coffee;Barista Espresso;Latte Rg;Astoria
29.75;7;5;202305;May;Sun;Afternoon;Med;Coffee;Barista Espresso;Cappuccino Lg;Hell's Kitchen
39.00;13;10;202305;May;Sun;Afternoon;Med;Coffee;Organic brewed coffee;Brazilian Rg;Hell's Kitchen
12.75;5;3;202305;May;Sun;Afternoon;Low;Tea;Brewed Chai tea;Spicy Eye Opener Chai Rg;Astoria
21.00;7;5;202305;May;Sun;Afternoon;Med;Tea;Brewed Chai tea;Traditional Blend Chai Lg;Astoria
36.00;9;5;202305;May;Sun;Afternoon;Med;Tea;Brewed Chai tea;Morning Sunrise Chai Lg;Astoria
40.80;16;10;202305;May;Sun;Evening;very high;Tea;Brewed Chai tea;Spicy Eye Opener Chai Rg;Astoria
63.00;18;11;202305;May;Sun;Evening;very high;Coffee;Organic brewed coffee;Brazilian Lg;Hell's Kitchen
30.00;12;8;202305;May;Sun;Evening;Med;Tea;Brewed Chai tea;Traditional Blend Chai Rg;Astoria
10.50;3;3;202305;May;Sun;Evening;Low;Bakery;Biscotti;Ginger Biscotti;Astoria
36.00;8;6;202305;May;Sun;Evening;Med;Drinking Chocolate;Hot chocolate;Dark chocolate Lg;Astoria
11.00;5;3;202305;May;Sun;Evening;Low;Coffee;Organic brewed coffee;Brazilian Sm;Astoria
33.75;9;9;202305;May;Sun;Evening;Med;Bakery;Pastry;Almond Croissant;Astoria
30.00;12;8;202305;May;Sun;Evening;Med;Tea;Brewed Chai tea;Morning Sunrise Chai Rg;Astoria
24.00;8;6;202305;May;Sun;Evening;Med;Tea;Brewed herbal tea;Peppermint Lg;Astoria
27.00;9;7;202305;May;Sun;Evening;Med;Coffee;Barista Espresso;Espresso shot;Hell's Kitchen
6.40;8;5;202305;May;Sun;Evening;Low;Flavours;Regular syrup;Carmel syrup;Hell's Kitchen
33.00;11;7;202305;May;Sun;Evening;Med;Coffee;Organic brewed coffee;Brazilian Rg;Hell's Kitchen
58.90;19;12;202305;May;Sun;Evening;High;Coffee;Premium brewed coffee;Jamaican Coffee River Rg;Hell's Kitchen
42.00;14;9;202305;May;Sun;Evening;High;Tea;Brewed Black tea;Earl Grey Lg;Astoria
30.00;8;5;202305;May;Sun;Evening;Med;Coffee;Premium brewed coffee;Jamaican Coffee River Lg;Astoria
45.00;18;12;202305;May;Sun;Evening;High;Coffee;Drip coffee;Our Old Time Diner Blend Rg;Hell's Kitchen
61.75;13;8;202305;May;Sun;Evening;very high;Drinking Chocolate;Hot chocolate;Sustainably Grown Organic Lg;Astoria
24.50;7;7;202305;May;Sun;Evening;Med;Bakery;Pastry;Croissant;Hell's Kitchen
33.00;11;7;202305;May;Sun;Evening;Med;Coffee;Drip coffee;Our Old Time Diner Blend Lg;Astoria
14.00;7;5;202305;May;Sun;Evening;Low;Coffee;Drip coffee;Our Old Time Diner Blend Sm;Hell's Kitchen
29.40;12;9;202305;May;Sun;Evening;Med;Coffee;Premium brewed coffee;Jamaican Coffee River Sm;Astoria
28.00;8;5;202305;May;Sun;Evening;Med;Coffee;Gourmet brewed coffee;Ethiopia Lg;Astoria
27.00;9;6;202305;May;Sun;Evening;Med;Coffee;Gourmet brewed coffee;Ethiopia Rg;Hell's Kitchen
22.50;6;5;202305;May;Sun;Evening;Med;Drinking Chocolate;Hot chocolate;Sustainably Grown Organic Rg;Astoria
25.00;10;7;202305;May;Sun;Evening;Med;Coffee;Gourmet brewed coffee;Columbian Medium Roast Rg;Astoria
30.00;12;8;202305;May;Sun;Evening;Med;Tea;Brewed Chai tea;Traditional Blend Chai Rg;Hell's Kitchen
16.25;5;5;202305;May;Sun;Evening;Low;Bakery;Biscotti;Hazelnut Biscotti;Hell's Kitchen
29.75;7;5;202305;May;Sun;Evening;Med;Coffee;Barista Espresso;Cappuccino Lg;Astoria
22.50;6;6;202305;May;Sun;Evening;Med;Bakery;Scone;Jumbo Savory Scone;Astoria
10.50;3;3;202305;May;Sun;Evening;Low;Bakery;Biscotti;Chocolate Chip Biscotti;Astoria
22.50;5;5;202305;May;Sun;Evening;Med;Bakery;Scone;Scottish Cream Scone ;Astoria
52.50;14;10;202305;May;Sun;Evening;High;Coffee;Barista Espresso;Latte;Hell's Kitchen
5.60;7;4;202305;May;Sun;Evening;Low;Flavours;Regular syrup;Hazelnut syrup;Hell's Kitchen
33.00;15;8;202305;May;Sun;Evening;Med;Coffee;Gourmet brewed coffee;Ethiopia Sm;Astoria
32.00;8;5;202305;May;Sun;Evening;Med;Tea;Brewed Chai tea;Morning Sunrise Chai Lg;Hell's Kitchen
30.00;12;9;202305;May;Sun;Evening;Med;Tea;Brewed herbal tea;Peppermint Rg;Astoria
45.50;13;9;202305;May;Sun;Evening;High;Coffee;Gourmet brewed coffee;Ethiopia Lg;Hell's Kitchen
19.60;8;5;202305;May;Sun;Evening;Low;Coffee;Premium brewed coffee;Jamaican Coffee River Sm;Hell's Kitchen
22.50;6;6;202305;May;Sun;Evening;Med;Bakery;Scone;Jumbo Savory Scone;Hell's Kitchen
42.00;21;13;202305;May;Sun;Evening;High;Coffee;Gourmet brewed coffee;Columbian Medium Roast Sm;Astoria
56.00;14;8;202305;May;Sun;Evening;High;Tea;Brewed Chai tea;Morning Sunrise Chai Lg;Astoria
18.00;6;5;202305;May;Sun;Evening;Low;Tea;Brewed Green tea;Serenity Green Tea Lg;Hell's Kitchen
12.00;4;3;202305;May;Sun;Evening;Low;Tea;Brewed Black tea;Earl Grey Lg;Hell's Kitchen
22.50;6;4;202305;May;Sun;Evening;Med;Drinking Chocolate;Hot chocolate;Sustainably Grown Organic Rg;Hell's Kitchen
17.50;7;6;202305;May;Sun;Evening;Low;Tea;Brewed Black tea;Earl Grey Rg;Hell's Kitchen
36.00;12;9;202305;May;Sun;Evening;Med;Coffee;Drip coffee;Our Old Time Diner Blend Lg;Hell's Kitchen
24.80;8;6;202305;May;Sun;Evening;Med;Coffee;Premium brewed coffee;Jamaican Coffee River Rg;Astoria
21.00;7;6;202305;May;Sun;Evening;Med;Tea;Brewed Black tea;English Breakfast Lg;Astoria
26.25;7;4;202305;May;Sun;Evening;Med;Coffee;Barista Espresso;Cappuccino;Hell's Kitchen
45.00;15;8;202305;May;Sun;Evening;High;Tea;Brewed Chai tea;Traditional Blend Chai Lg;Hell's Kitchen
16.25;5;5;202305;May;Sun;Evening;Low;Bakery;Scone;Cranberry Scone;Hell's Kitchen
36.00;12;9;202305;May;Sun;Evening;Med;Tea;Brewed herbal tea;Lemon Grass Lg;Hell's Kitchen
24.00;8;7;202305;May;Sun;Evening;Med;Tea;Brewed Green tea;Serenity Green Tea Lg;Astoria
18.75;5;5;202305;May;Sun;Evening;Low;Bakery;Pastry;Almond Croissant;Hell's Kitchen
67.50;18;12;202305;May;Sun;Evening;very high;Coffee;Premium brewed coffee;Jamaican Coffee River Lg;Hell's Kitchen
32.50;13;9;202305;May;Sun;Evening;Med;Tea;Brewed herbal tea;Lemon Grass Rg;Hell's Kitchen
57.00;12;7;202305;May;Sun;Evening;High;Drinking Chocolate;Hot chocolate;Sustainably Grown Organic Lg;Hell's Kitchen
65.00;26;15;202305;May;Sun;Evening;very high;Tea;Brewed Black tea;Earl Grey Rg;Astoria
3.50;1;1;202305;May;Sun;Evening;Low;Bakery;Pastry;Croissant;Astoria
40.00;16;12;202305;May;Sun;Evening;Med;Tea;Brewed Green tea;Serenity Green Tea Rg;Hell's Kitchen
17.00;4;3;202305;May;Sun;Evening;Low;Coffee;Barista Espresso;Latte Rg;Hell's Kitchen
5.60;7;4;202305;May;Sun;Evening;Low;Flavours;Regular syrup;Chocolate syrup;Hell's Kitchen
22.50;9;5;202305;May;Sun;Evening;Med;Tea;Brewed Chai tea;Morning Sunrise Chai Rg;Hell's Kitchen
42.00;14;9;202305;May;Sun;Evening;High;Tea;Brewed herbal tea;Peppermint Lg;Hell's Kitchen
45.00;18;10;202305;May;Sun;Evening;High;Tea;Brewed Black tea;English Breakfast Rg;Astoria
38.50;11;7;202305;May;Sun;Evening;Med;Drinking Chocolate;Hot chocolate;Dark chocolate Rg;Astoria
33.75;9;6;202305;May;Sun;Evening;Med;Coffee;Barista Espresso;Latte;Astoria
7.50;2;2;202305;May;Sun;Evening;Low;Bakery;Pastry;Chocolate Croissant;Astoria
54.00;12;12;202305;May;Sun;Evening;High;Bakery;Scone;Scottish Cream Scone ;Hell's Kitchen
21.00;7;5;202305;May;Sun;Evening;Med;Coffee;Organic brewed coffee;Brazilian Rg;Astoria
16.25;5;5;202305;May;Sun;Evening;Low;Bakery;Scone;Cranberry Scone;Astoria
27.50;11;8;202305;May;Sun;Evening;Med;Tea;Brewed herbal tea;Lemon Grass Rg;Astoria
16.00;8;5;202305;May;Sun;Evening;Low;Coffee;Gourmet brewed coffee;Columbian Medium Roast Sm;Hell's Kitchen
27.00;9;5;202305;May;Sun;Evening;Med;Coffee;Gourmet brewed coffee;Ethiopia Rg;Astoria
21.00;7;7;202305;May;Sun;Evening;Med;Tea;Brewed herbal tea;Lemon Grass Lg;Astoria
24.80;8;5;202305;May;Sun;Evening;Med;Tea;Brewed Chai tea;Spicy Eye Opener Chai Lg;Astoria
17.50;7;5;202305;May;Sun;Evening;Low;Coffee;Gourmet brewed coffee;Columbian Medium Roast Rg;Hell's Kitchen
56.00;16;10;202305;May;Sun;Evening;High;Drinking Chocolate;Hot chocolate;Dark chocolate Rg;Hell's Kitchen
17.00;4;2;202305;May;Sun;Evening;Low;Coffee;Barista Espresso;Latte Rg;Astoria
24.50;7;6;202305;May;Sun;Evening;Med;Coffee;Organic brewed coffee;Brazilian Lg;Astoria
13.20;6;6;202305;May;Sun;Evening;Low;Coffee;Organic brewed coffee;Brazilian Sm;Hell's Kitchen
18.00;6;6;202305;May;Sun;Evening;Low;Bakery;Scone;Oatmeal Scone;Hell's Kitchen
22.50;9;6;202305;May;Sun;Evening;Med;Tea;Brewed Black tea;English Breakfast Rg;Hell's Kitchen
25.50;10;7;202305;May;Sun;Evening;Med;Tea;Brewed Chai tea;Spicy Eye Opener Chai Rg;Hell's Kitchen
46.75;11;9;202305;May;Sun;Evening;High;Coffee;Barista Espresso;Cappuccino Lg;Hell's Kitchen
4.00;5;3;202305;May;Sun;Evening;Low;Flavours;Sugar free syrup;Sugar Free Vanilla syrup;Hell's Kitchen
14.00;4;4;202305;May;Sun;Evening;Low;Bakery;Biscotti;Ginger Biscotti;Hell's Kitchen
20.00;8;5;202305;May;Sun;Evening;Low;Tea;Brewed herbal tea;Peppermint Rg;Hell's Kitchen
18.00;6;4;202305;May;Sun;Evening;Low;Coffee;Gourmet brewed coffee;Columbian Medium Roast Lg;Hell's Kitchen
30.00;10;7;202305;May;Sun;Evening;Med;Tea;Brewed Black tea;English Breakfast Lg;Hell's Kitchen
6.00;2;1;202305;May;Mon;Night;Low;Tea;Brewed herbal tea;Peppermint Lg;Hell's Kitchen
6.00;2;2;202305;May;Mon;Night;Low;Coffee;Organic brewed coffee;Brazilian Rg;Hell's Kitchen
2.55;1;1;202305;May;Mon;Night;Low;Tea;Brewed Chai tea;Spicy Eye Opener Chai Rg;Hell's Kitchen
7.50;2;2;202305;May;Mon;Night;Low;Drinking Chocolate;Hot chocolate;Sustainably Grown Organic Rg;Hell's Kitchen
4.50;1;1;202305;May;Mon;Night;Low;Bakery;Scone;Scottish Cream Scone ;Hell's Kitchen
6.00;2;2;202305;May;Mon;Night;Low;Tea;Brewed Black tea;English Breakfast Lg;Hell's Kitchen
12.50;5;3;202305;May;Mon;Night;Low;Tea;Brewed herbal tea;Lemon Grass Rg;Hell's Kitchen
2.50;1;1;202305;May;Mon;Night;Low;Coffee;Drip coffee;Our Old Time Diner Blend Rg;Hell's Kitchen
3.50;1;1;202305;May;Mon;Night;Low;Drinking Chocolate;Hot chocolate;Dark chocolate Rg;Hell's Kitchen
7.50;3;2;202305;May;Mon;Night;Low;Coffee;Gourmet brewed coffee;Columbian Medium Roast Rg;Hell's Kitchen
3.25;1;1;202305;May;Mon;Night;Low;Bakery;Biscotti;Hazelnut Biscotti;Hell's Kitchen
6.00;2;1;202305;May;Mon;Night;Low;Tea;Brewed Black tea;Earl Grey Lg;Hell's Kitchen
6.00;3;2;202305;May;Mon;Night;Low;Coffee;Gourmet brewed coffee;Columbian Medium Roast Sm;Hell's Kitchen
12.00;4;2;202305;May;Mon;Night;Low;Coffee;Barista Espresso;Espresso shot;Hell's Kitchen
1.60;2;1;202305;May;Mon;Night;Low;Flavours;Regular syrup;Hazelnut syrup;Hell's Kitchen
81.00;27;18;202305;May;Mon;Morning;very high;Tea;Brewed herbal tea;Lemon Grass Lg;Hell's Kitchen
63.00;21;14;202305;May;Mon;Morning;very high;Coffee;Barista Espresso;Espresso shot;Hell's Kitchen
4.00;5;4;202305;May;Mon;Morning;Low;Flavours;Regular syrup;Chocolate syrup;Hell's Kitchen
72.00;16;16;202305;May;Mon;Morning;very high;Bakery;Scone;Scottish Cream Scone ;Hell's Kitchen
117.80;38;26;202305;May;Mon;Morning;very high;Coffee;Premium brewed coffee;Jamaican Coffee River Rg;Astoria
47.50;19;12;202305;May;Mon;Morning;High;Coffee;Gourmet brewed coffee;Columbian Medium Roast Rg;Astoria
33.00;15;9;202305;May;Mon;Morning;Med;Coffee;Gourmet brewed coffee;Ethiopia Sm;Hell's Kitchen
106.25;25;17;202305;May;Mon;Morning;very high;Coffee;Barista Espresso;Cappuccino Lg;Astoria
39.50;2;2;202305;May;Mon;Morning;Med;Coffee beans;Premium Beans;Jamacian Coffee River;Astoria
6.40;8;5;202305;May;Mon;Morning;Low;Flavours;Regular syrup;Carmel syrup;Hell's Kitchen
26.66;2;2;202305;May;Mon;Morning;Med;Packaged Chocolate;Drinking Chocolate;Chili Mayan;Astoria
52.50;21;14;202305;May;Mon;Morning;High;Tea;Brewed Chai tea;Traditional Blend Chai Rg;Hell's Kitchen
25.60;32;19;202305;May;Mon;Morning;Med;Flavours;Regular syrup;Hazelnut syrup;Lower Manhattan
180.00;10;9;202305;May;Mon;Morning;very high;Coffee beans;Organic Beans;Brazilian - Organic;Lower Manhattan
20.00;25;17;202305;May;Mon;Morning;Low;Flavours;Regular syrup;Carmel syrup;Lower Manhattan
21.00;1;1;202305;May;Mon;Morning;Med;Coffee beans;Gourmet Beans;Ethiopia;Hell's Kitchen
45.50;14;14;202305;May;Mon;Morning;High;Bakery;Scone;Cranberry Scone;Hell's Kitchen
66.00;22;17;202305;May;Mon;Morning;very high;Coffee;Drip coffee;Our Old Time Diner Blend Lg;Astoria
28.80;36;20;202305;May;Mon;Morning;Med;Flavours;Sugar free syrup;Sugar Free Vanilla syrup;Lower Manhattan
28.50;3;3;202305;May;Mon;Morning;Med;Loose Tea;Chai tea;Morning Sunrise Chai;Hell's Kitchen
12.00;15;10;202305;May;Mon;Morning;Low;Flavours;Regular syrup;Hazelnut syrup;Hell's Kitchen
63.00;3;3;202305;May;Mon;Morning;very high;Coffee beans;Gourmet Beans;Ethiopia;Lower Manhattan
57.50;23;14;202305;May;Mon;Morning;High;Tea;Brewed herbal tea;Lemon Grass Rg;Lower Manhattan
33.00;15;11;202305;May;Mon;Morning;Med;Coffee;Organic brewed coffee;Brazilian Sm;Astoria
9.25;1;1;202305;May;Mon;Morning;Low;Loose Tea;Green tea;Serenity Green Tea;Astoria
46.55;19;13;202305;May;Mon;Morning;High;Coffee;Premium brewed coffee;Jamaican Coffee River Sm;Astoria
17.90;2;2;202305;May;Mon;Morning;Low;Loose Tea;Chai tea;Traditional Blend Chai;Hell's Kitchen
35.75;11;10;202305;May;Mon;Morning;Med;Bakery;Scone;Cranberry Scone;Astoria
8.95;1;1;202305;May;Mon;Morning;Low;Loose Tea;Herbal tea;Peppermint;Lower Manhattan
42.00;14;10;202305;May;Mon;Morning;High;Tea;Brewed Chai tea;Traditional Blend Chai Lg;Astoria
26.00;8;7;202305;May;Mon;Morning;Med;Bakery;Scone;Ginger Scone;Astoria
55.20;22;18;202305;May;Mon;Morning;High;Coffee;Barista Espresso;Ouro Brasileiro shot;Hell's Kitchen
60.00;30;19;202305;May;Mon;Morning;High;Coffee;Gourmet brewed coffee;Columbian Medium Roast Sm;Astoria
38.50;11;9;202305;May;Mon;Morning;Med;Bakery;Pastry;Croissant;Astoria
29.50;2;2;202305;May;Mon;Morning;Med;Coffee beans;Espresso Beans;Espresso Roast;Lower Manhattan
45.00;1;1;202305;May;Mon;Morning;High;Coffee beans;Premium Beans;Civet Cat;Hell's Kitchen
85.00;34;23;202305;May;Mon;Morning;very high;Tea;Brewed herbal tea;Peppermint Rg;Astoria
9.60;12;9;202305;May;Mon;Morning;Low;Flavours;Sugar free syrup;Sugar Free Vanilla syrup;Astoria
14.40;18;12;202305;May;Mon;Morning;Low;Flavours;Sugar free syrup;Sugar Free Vanilla syrup;Hell's Kitchen
42.00;3;3;202305;May;Mon;Morning;High;Branded;Housewares;I Need My Bean! Latte cup;Lower Manhattan
8.95;1;1;202305;May;Mon;Morning;Low;Loose Tea;Herbal tea;Lemon Grass;Lower Manhattan
14.75;1;1;202305;May;Mon;Morning;Low;Coffee beans;Espresso Beans;Espresso Roast;Astoria
8.95;1;1;202305;May;Mon;Morning;Low;Loose Tea;Chai tea;Traditional Blend Chai;Astoria
7.20;9;7;202305;May;Mon;Morning;Low;Flavours;Regular syrup;Carmel syrup;Astoria
85.00;20;12;202305;May;Mon;Morning;very high;Coffee;Barista Espresso;Latte Rg;Astoria
48.75;13;11;202305;May;Mon;Morning;High;Bakery;Pastry;Chocolate Croissant;Astoria
10.95;1;1;202305;May;Mon;Morning;Low;Loose Tea;Chai tea;Spicy Eye Opener Chai;Lower Manhattan
3.10;1;1;202305;May;Mon;Night;Low;Coffee;Premium brewed coffee;Jamaican Coffee River Rg;Astoria
8.95;1;1;202305;May;Mon;Afternoon;Low;Loose Tea;Black tea;English Breakfast;Astoria
36.00;12;10;202305;May;Mon;Afternoon;Med;Tea;Brewed herbal tea;Peppermint Lg;Astoria
14.75;1;1;202305;May;Mon;Afternoon;Low;Coffee beans;Espresso Beans;Espresso Roast;Astoria
12.00;4;4;202305;May;Mon;Afternoon;Low;Bakery;Scone;Oatmeal Scone;Hell's Kitchen
40.00;16;10;202305;May;Mon;Afternoon;Med;Tea;Brewed Black tea;English Breakfast Rg;Lower Manhattan
12.50;5;5;202305;May;Mon;Afternoon;Low;Coffee;Drip coffee;Our Old Time Diner Blend Rg;Hell's Kitchen
4.80;6;4;202305;May;Mon;Afternoon;Low;Flavours;Sugar free syrup;Sugar Free Vanilla syrup;Hell's Kitchen
4.80;6;3;202305;May;Mon;Afternoon;Low;Flavours;Sugar free syrup;Sugar Free Vanilla syrup;Lower Manhattan
45.00;1;1;202305;May;Mon;Afternoon;High;Coffee beans;Premium Beans;Civet Cat;Astoria
21.00;1;1;202305;May;Mon;Afternoon;Med;Coffee beans;Gourmet Beans;Ethiopia;Astoria
1.60;2;1;202305;May;Mon;Afternoon;Low;Flavours;Regular syrup;Hazelnut syrup;Hell's Kitchen
4.00;5;4;202305;May;Mon;Afternoon;Low;Flavours;Regular syrup;Carmel syrup;Lower Manhattan
18.75;5;5;202305;May;Mon;Afternoon;Low;Bakery;Scone;Jumbo Savory Scone;Lower Manhattan
4.00;5;4;202305;May;Mon;Afternoon;Low;Flavours;Regular syrup;Carmel syrup;Hell's Kitchen
25.00;10;7;202305;May;Mon;Afternoon;Med;Tea;Brewed Chai tea;Traditional Blend Chai Rg;Hell's Kitchen
1.60;2;2;202305;May;Mon;Afternoon;Low;Flavours;Regular syrup;Chocolate syrup;Hell's Kitchen
10.95;1;1;202305;May;Mon;Afternoon;Low;Loose Tea;Chai tea;Spicy Eye Opener Chai;Astoria
6.40;1;1;202305;May;Mon;Afternoon;Low;Packaged Chocolate;Drinking Chocolate;Dark chocolate;Astoria
17.90;2;2;202305;May;Mon;Afternoon;Low;Loose Tea;Chai tea;Traditional Blend Chai;Hell's Kitchen
14.00;1;1;202305;May;Mon;Afternoon;Low;Branded;Housewares;I Need My Bean! Latte cup;Astoria
10.50;3;2;202305;May;Mon;Afternoon;Low;Drinking Chocolate;Hot chocolate;Dark chocolate Rg;Lower Manhattan
22.50;5;4;202305;May;Mon;Afternoon;Med;Bakery;Scone;Scottish Cream Scone ;Astoria
30.00;8;6;202305;May;Mon;Evening;Med;Coffee;Barista Espresso;Cappuccino;Lower Manhattan
11.20;14;7;202305;May;Mon;Evening;Low;Flavours;Sugar free syrup;Sugar Free Vanilla syrup;Lower Manhattan
4.00;5;3;202305;May;Mon;Evening;Low;Flavours;Regular syrup;Carmel syrup;Hell's Kitchen
13.33;1;1;202305;May;Mon;Evening;Low;Packaged Chocolate;Drinking Chocolate;Chili Mayan;Hell's Kitchen
8.95;1;1;202305;May;Mon;Evening;Low;Loose Tea;Black tea;English Breakfast;Astoria
59.50;14;8;202305;May;Mon;Evening;High;Coffee;Barista Espresso;Cappuccino Lg;Lower Manhattan
7.20;9;4;202305;May;Mon;Evening;Low;Flavours;Regular syrup;Carmel syrup;Lower Manhattan
17.90;2;2;202305;May;Mon;Evening;Low;Loose Tea;Black tea;English Breakfast;Lower Manhattan
17.90;2;2;202305;May;Mon;Evening;Low;Loose Tea;Black tea;English Breakfast;Hell's Kitchen
30.00;10;6;202305;May;Mon;Evening;Med;Tea;Brewed Black tea;Earl Grey Lg;Lower Manhattan
15.00;5;3;202305;May;Mon;Evening;Low;Tea;Brewed Black tea;Earl Grey Lg;Hell's Kitchen
16.25;5;5;202305;May;Mon;Evening;Low;Bakery;Scone;Ginger Scone;Hell's Kitchen
33.75;9;7;202305;May;Mon;Evening;Med;Drinking Chocolate;Hot chocolate;Sustainably Grown Organic Rg;Lower Manhattan
45.00;3;3;202305;May;Mon;Evening;High;Coffee beans;Gourmet Beans;Columbian Medium Roast;Astoria
10.00;1;1;202305;May;Mon;Evening;Low;Coffee beans;Green beans;Guatemalan Sustainably Grown;Hell's Kitchen
31.50;7;6;202305;May;Mon;Evening;Med;Drinking Chocolate;Hot chocolate;Dark chocolate Lg;Lower Manhattan
18.30;6;5;202305;May;Mon;Evening;Low;Bakery;Scone;Ginger Scone;Lower Manhattan
0.80;1;1;202305;May;Mon;Evening;Low;Flavours;Regular syrup;Chocolate syrup;Hell's Kitchen
15.00;1;1;202305;May;Mon;Evening;Low;Coffee beans;Gourmet Beans;Columbian Medium Roast;Hell's Kitchen
4.00;5;3;202305;May;Mon;Evening;Low;Flavours;Regular syrup;Hazelnut syrup;Hell's Kitchen
17.50;5;5;202305;May;Mon;Evening;Low;Bakery;Biscotti;Ginger Biscotti;Lower Manhattan
12.00;4;3;202305;May;Mon;Evening;Low;Tea;Brewed Green tea;Serenity Green Tea Lg;Lower Manhattan
6.40;1;1;202305;May;Mon;Evening;Low;Packaged Chocolate;Drinking Chocolate;Dark chocolate;Astoria
11.20;14;7;202305;May;Mon;Evening;Low;Flavours;Regular syrup;Hazelnut syrup;Lower Manhattan
18.00;1;1;202305;May;Mon;Evening;Low;Coffee beans;House blend Beans;Our Old Time Diner Blend;Astoria
28.00;2;2;202305;May;Mon;Evening;Med;Branded;Housewares;I Need My Bean! Latte cup;Astoria
8.95;1;1;202305;May;Mon;Evening;Low;Loose Tea;Herbal tea;Peppermint;Astoria
7.50;2;2;202305;May;Mon;Evening;Low;Bakery;Scone;Jumbo Savory Scone;Lower Manhattan
13.20;6;4;202305;May;Tue;Night;Low;Coffee;Gourmet brewed coffee;Ethiopia Sm;Hell's Kitchen
6.00;2;2;202305;May;Tue;Night;Low;Tea;Brewed Green tea;Serenity Green Tea Lg;Hell's Kitchen
2.45;1;1;202305;May;Tue;Night;Low;Coffee;Premium brewed coffee;Jamaican Coffee River Sm;Hell's Kitchen
10.50;3;3;202305;May;Tue;Night;Low;Bakery;Biscotti;Chocolate Chip Biscotti;Hell's Kitchen
17.50;5;5;202305;May;Tue;Night;Low;Bakery;Biscotti;Ginger Biscotti;Hell's Kitchen
23.75;5;3;202305;May;Tue;Night;Med;Drinking Chocolate;Hot chocolate;Sustainably Grown Organic Lg;Hell's Kitchen
6.00;2;2;202305;May;Tue;Night;Low;Coffee;Barista Espresso;Espresso shot;Hell's Kitchen
0.80;1;1;202305;May;Tue;Night;Low;Flavours;Regular syrup;Hazelnut syrup;Hell's Kitchen
12.40;4;3;202305;May;Tue;Night;Low;Coffee;Premium brewed coffee;Jamaican Coffee River Rg;Hell's Kitchen
13.50;3;3;202305;May;Tue;Night;Low;Bakery;Scone;Scottish Cream Scone ;Hell's Kitchen
6.00;2;2;202305;May;Tue;Night;Low;Coffee;Organic brewed coffee;Brazilian Rg;Hell's Kitchen
5.00;2;1;202305;May;Tue;Night;Low;Tea;Brewed Green tea;Serenity Green Tea Rg;Hell's Kitchen
5.00;2;1;202305;May;Tue;Night;Low;Coffee;Gourmet brewed coffee;Columbian Medium Roast Rg;Hell's Kitchen
12.75;5;3;202305;May;Tue;Night;Low;Tea;Brewed Chai tea;Spicy Eye Opener Chai Rg;Hell's Kitchen
15.00;5;3;202305;May;Tue;Night;Low;Tea;Brewed Chai tea;Traditional Blend Chai Lg;Hell's Kitchen
9.00;3;2;202305;May;Tue;Night;Low;Tea;Brewed Black tea;Earl Grey Lg;Hell's Kitchen
62.50;25;17;202305;May;Tue;Morning;very high;Tea;Brewed Chai tea;Morning Sunrise Chai Rg;Astoria
8.80;11;6;202305;May;Tue;Morning;Low;Flavours;Sugar free syrup;Sugar Free Vanilla syrup;Astoria
28.00;35;24;202305;May;Tue;Morning;Med;Flavours;Sugar free syrup;Sugar Free Vanilla syrup;Hell's Kitchen
63.00;18;18;202305;May;Tue;Morning;very high;Bakery;Pastry;Croissant;Hell's Kitchen
99.00;33;22;202305;May;Tue;Morning;very high;Tea;Brewed Green tea;Serenity Green Tea Lg;Astoria
106.25;25;18;202305;May;Tue;Morning;very high;Coffee;Barista Espresso;Latte Rg;Astoria
12.80;16;12;202305;May;Tue;Morning;Low;Flavours;Regular syrup;Carmel syrup;Astoria
36.00;8;7;202305;May;Tue;Morning;Med;Bakery;Scone;Scottish Cream Scone ;Astoria
15.20;2;2;202305;May;Tue;Morning;Low;Packaged Chocolate;Organic Chocolate;Sustainably Grown Organic;Hell's Kitchen
19.20;24;18;202305;May;Tue;Morning;Low;Flavours;Regular syrup;Hazelnut syrup;Hell's Kitchen
104.00;26;17;202305;May;Tue;Morning;very high;Tea;Brewed Chai tea;Morning Sunrise Chai Lg;Astoria
90.00;30;21;202305;May;Tue;Morning;very high;Coffee;Drip coffee;Our Old Time Diner Blend Lg;Astoria
61.25;25;16;202305;May;Tue;Morning;very high;Coffee;Premium brewed coffee;Jamaican Coffee River Sm;Astoria
116.25;31;20;202305;May;Tue;Morning;very high;Drinking Chocolate;Hot chocolate;Sustainably Grown Organic Rg;Astoria
81.00;27;17;202305;May;Tue;Morning;very high;Coffee;Drip coffee;Our Old Time Diner Blend Lg;Hell's Kitchen
62.50;25;18;202305;May;Tue;Morning;very high;Coffee;Drip coffee;Our Old Time Diner Blend Rg;Astoria
81.00;27;17;202305;May;Tue;Morning;very high;Tea;Brewed Green tea;Serenity Green Tea Lg;Hell's Kitchen
72.50;29;20;202305;May;Tue;Morning;very high;Tea;Brewed Black tea;Earl Grey Rg;Astoria
66.00;22;15;202305;May;Tue;Morning;very high;Coffee;Barista Espresso;Espresso shot;Astoria
48.00;24;17;202305;May;Tue;Morning;High;Coffee;Gourmet brewed coffee;Columbian Medium Roast Sm;Astoria
140.25;33;20;202305;May;Tue;Morning;very high;Coffee;Barista Espresso;Latte Rg;Lower Manhattan
112.00;4;4;202305;May;Tue;Morning;very high;Branded;Clothing;I Need My Bean! T-shirt;Lower Manhattan
29.25;9;9;202305;May;Tue;Morning;Med;Bakery;Scone;Ginger Scone;Astoria
14.40;18;11;202305;May;Tue;Morning;Low;Flavours;Sugar free syrup;Sugar Free Vanilla syrup;Lower Manhattan
21.90;2;2;202305;May;Tue;Morning;Med;Loose Tea;Chai tea;Spicy Eye Opener Chai;Lower Manhattan
59.50;17;13;202305;May;Tue;Morning;High;Drinking Chocolate;Hot chocolate;Dark chocolate Rg;Astoria
52.50;14;9;202305;May;Tue;Morning;High;Coffee;Premium brewed coffee;Jamaican Coffee River Lg;Hell's Kitchen
59.40;27;17;202305;May;Tue;Morning;High;Coffee;Organic brewed coffee;Brazilian Sm;Astoria
21.00;1;1;202305;May;Tue;Morning;Med;Coffee beans;Gourmet Beans;Ethiopia;Astoria
70.00;5;5;202305;May;Tue;Morning;very high;Branded;Housewares;I Need My Bean! Latte cup;Lower Manhattan
74.40;24;15;202305;May;Tue;Morning;very high;Coffee;Premium brewed coffee;Jamaican Coffee River Rg;Astoria
45.50;13;12;202305;May;Tue;Morning;High;Bakery;Biscotti;Ginger Biscotti;Astoria
27.19;7;7;202305;May;Tue;Morning;Med;Bakery;Pastry;Almond Croissant;Lower Manhattan
35.80;4;4;202305;May;Tue;Morning;Med;Loose Tea;Herbal tea;Peppermint;Hell's Kitchen
90.00;5;5;202305;May;Tue;Morning;very high;Coffee beans;House blend Beans;Our Old Time Diner Blend;Hell's Kitchen
62.50;25;18;202305;May;Tue;Morning;very high;Tea;Brewed herbal tea;Peppermint Rg;Astoria
28.00;8;8;202305;May;Tue;Morning;Med;Bakery;Biscotti;Chocolate Chip Biscotti;Astoria
57.00;19;15;202305;May;Tue;Morning;High;Tea;Brewed Black tea;Earl Grey Lg;Astoria
53.32;4;4;202305;May;Tue;Morning;High;Packaged Chocolate;Drinking Chocolate;Chili Mayan;Lower Manhattan
38.00;4;4;202305;May;Tue;Morning;Med;Loose Tea;Chai tea;Morning Sunrise Chai;Astoria
8.95;1;1;202305;May;Tue;Morning;Low;Loose Tea;Herbal tea;Peppermint;Lower Manhattan
52.45;16;14;202305;May;Tue;Morning;High;Bakery;Scone;Ginger Scone;Lower Manhattan
60.00;20;12;202305;May;Tue;Morning;High;Coffee;Drip coffee;Our Old Time Diner Blend Lg;Lower Manhattan
52.00;16;16;202305;May;Tue;Morning;High;Bakery;Scone;Cranberry Scone;Hell's Kitchen
12.80;2;2;202305;May;Tue;Morning;Low;Packaged Chocolate;Drinking Chocolate;Dark chocolate;Hell's Kitchen
36.00;2;2;202305;May;Tue;Morning;Med;Coffee beans;Organic Beans;Brazilian - Organic;Lower Manhattan
8.95;1;1;202305;May;Tue;Morning;Low;Loose Tea;Herbal tea;Peppermint;Astoria
39.39;8;8;202305;May;Tue;Morning;Med;Bakery;Scone;Scottish Cream Scone ;Lower Manhattan
18.40;23;17;202305;May;Tue;Morning;Low;Flavours;Regular syrup;Carmel syrup;Hell's Kitchen
35.80;4;4;202305;May;Tue;Morning;Med;Loose Tea;Chai tea;Traditional Blend Chai;Hell's Kitchen
60.00;20;13;202305;May;Tue;Morning;High;Tea;Brewed herbal tea;Lemon Grass Lg;Astoria
45.00;2;2;202305;May;Tue;Morning;High;Coffee beans;Organic Beans;Organic Decaf Blend;Hell's Kitchen
26.85;3;3;202305;May;Tue;Morning;Med;Loose Tea;Black tea;English Breakfast;Lower Manhattan
54.00;3;3;202305;May;Tue;Morning;High;Coffee beans;Organic Beans;Brazilian - Organic;Hell's Kitchen
13.33;1;1;202305;May;Tue;Morning;Low;Packaged Chocolate;Drinking Chocolate;Chili Mayan;Astoria
48.00;4;3;202305;May;Tue;Morning;High;Branded;Housewares;I Need My Bean! Diner mug;Lower Manhattan
39.00;13;10;202305;May;Tue;Morning;Med;Tea;Brewed Black tea;English Breakfast Lg;Lower Manhattan
10.00;4;2;202305;May;Tue;Night;Low;Tea;Brewed Chai tea;Traditional Blend Chai Rg;Astoria
45.00;1;1;202305;May;Tue;Afternoon;High;Coffee beans;Premium Beans;Civet Cat;Astoria
27.00;9;5;202305;May;Tue;Afternoon;Med;Tea;Brewed Chai tea;Traditional Blend Chai Lg;Lower Manhattan
27.50;11;7;202305;May;Tue;Afternoon;Med;Tea;Brewed Black tea;English Breakfast Rg;Astoria
4.00;5;3;202305;May;Tue;Afternoon;Low;Flavours;Regular syrup;Hazelnut syrup;Lower Manhattan
8.80;11;7;202305;May;Tue;Afternoon;Low;Flavours;Sugar free syrup;Sugar Free Vanilla syrup;Lower Manhattan
24.00;8;7;202305;May;Tue;Afternoon;Med;Tea;Brewed Black tea;Earl Grey Lg;Hell's Kitchen
7.60;1;1;202305;May;Tue;Afternoon;Low;Packaged Chocolate;Organic Chocolate;Sustainably Grown Organic;Hell's Kitchen
52.50;14;9;202305;May;Tue;Afternoon;High;Drinking Chocolate;Hot chocolate;Sustainably Grown Organic Rg;Lower Manhattan
2.40;3;2;202305;May;Tue;Afternoon;Low;Flavours;Regular syrup;Carmel syrup;Hell's Kitchen
5.60;7;5;202305;May;Tue;Afternoon;Low;Flavours;Regular syrup;Hazelnut syrup;Hell's Kitchen
13.33;1;1;202305;May;Tue;Afternoon;Low;Packaged Chocolate;Drinking Chocolate;Chili Mayan;Astoria
55.25;13;10;202305;May;Tue;Afternoon;High;Coffee;Barista Espresso;Cappuccino Lg;Astoria
21.00;1;1;202305;May;Tue;Afternoon;Med;Coffee beans;Gourmet Beans;Ethiopia;Lower Manhattan
4.00;5;3;202305;May;Tue;Afternoon;Low;Flavours;Sugar free syrup;Sugar Free Vanilla syrup;Hell's Kitchen
21.00;6;6;202305;May;Tue;Afternoon;Med;Bakery;Pastry;Croissant;Hell's Kitchen
18.00;1;1;202305;May;Tue;Afternoon;Low;Coffee beans;House blend Beans;Our Old Time Diner Blend;Astoria
30.00;2;2;202305;May;Tue;Afternoon;Med;Coffee beans;Gourmet Beans;Columbian Medium Roast;Astoria
15.20;2;2;202305;May;Tue;Afternoon;Low;Packaged Chocolate;Organic Chocolate;Sustainably Grown Organic;Lower Manhattan
12.50;5;3;202305;May;Tue;Afternoon;Low;Tea;Brewed herbal tea;Lemon Grass Rg;Hell's Kitchen
27.90;9;6;202305;May;Tue;Afternoon;Med;Coffee;Premium brewed coffee;Jamaican Coffee River Rg;Lower Manhattan
28.00;1;1;202305;May;Tue;Afternoon;Med;Branded;Clothing;I Need My Bean! T-shirt;Lower Manhattan
36.00;3;3;202305;May;Tue;Afternoon;Med;Branded;Housewares;I Need My Bean! Diner mug;Lower Manhattan
42.00;2;2;202305;May;Tue;Evening;High;Coffee beans;Gourmet Beans;Ethiopia;Astoria
17.90;2;2;202305;May;Tue;Evening;Low;Loose Tea;Herbal tea;Peppermint;Astoria
29.50;2;2;202305;May;Tue;Evening;Med;Coffee beans;Espresso Beans;Espresso Roast;Hell's Kitchen
8.95;1;1;202305;May;Tue;Evening;Low;Loose Tea;Black tea;English Breakfast;Astoria
15.00;1;1;202305;May;Tue;Evening;Low;Coffee beans;Gourmet Beans;Columbian Medium Roast;Astoria
10.50;3;3;202305;May;Tue;Evening;Low;Bakery;Biscotti;Chocolate Chip Biscotti;Hell's Kitchen
10.00;5;3;202305;May;Tue;Evening;Low;Coffee;Gourmet brewed coffee;Columbian Medium Roast Sm;Lower Manhattan
24.50;7;4;202305;May;Tue;Evening;Med;Drinking Chocolate;Hot chocolate;Dark chocolate Rg;Lower Manhattan
37.50;10;7;202305;May;Tue;Evening;Med;Coffee;Barista Espresso;Latte;Lower Manhattan
10.00;1;1;202305;May;Tue;Evening;Low;Coffee beans;Green beans;Guatemalan Sustainably Grown;Lower Manhattan
36.00;12;8;202305;May;Tue;Evening;Med;Tea;Brewed herbal tea;Peppermint Lg;Lower Manhattan
6.40;8;6;202305;May;Tue;Evening;Low;Flavours;Regular syrup;Hazelnut syrup;Hell's Kitchen
15.00;5;4;202305;May;Tue;Evening;Low;Tea;Brewed Chai tea;Traditional Blend Chai Lg;Lower Manhattan
4.00;5;4;202305;May;Tue;Evening;Low;Flavours;Regular syrup;Carmel syrup;Hell's Kitchen
30.00;8;6;202305;May;Tue;Evening;Med;Coffee;Premium brewed coffee;Jamaican Coffee River Lg;Lower Manhattan
8.95;1;1;202305;May;Tue;Evening;Low;Loose Tea;Black tea;Earl Grey;Lower Manhattan
14.62;4;4;202305;May;Tue;Evening;Low;Bakery;Biscotti;Hazelnut Biscotti;Lower Manhattan
6.00;2;1;202305;May;Tue;Evening;Low;Tea;Brewed Black tea;Earl Grey Lg;Lower Manhattan
14.00;1;1;202305;May;Tue;Evening;Low;Branded;Housewares;I Need My Bean! Latte cup;Lower Manhattan
8.95;1;1;202305;May;Tue;Evening;Low;Loose Tea;Chai tea;Traditional Blend Chai;Astoria
21.00;6;3;202305;May;Tue;Evening;Med;Coffee;Organic brewed coffee;Brazilian Lg;Hell's Kitchen
2.40;3;2;202305;May;Tue;Evening;Low;Flavours;Sugar free syrup;Sugar Free Vanilla syrup;Hell's Kitchen
16.25;5;5;202305;May;Tue;Evening;Low;Bakery;Biscotti;Hazelnut Biscotti;Astoria
36.00;3;3;202305;May;Tue;Evening;Med;Branded;Housewares;I Need My Bean! Diner mug;Lower Manhattan
6.20;2;2;202305;May;Tue;Evening;Low;Coffee;Premium brewed coffee;Jamaican Coffee River Rg;Lower Manhattan
9.50;1;1;202305;May;Tue;Evening;Low;Loose Tea;Chai tea;Morning Sunrise Chai;Lower Manhattan
10.00;4;3;202305;May;Tue;Evening;Low;Tea;Brewed herbal tea;Lemon Grass Rg;Lower Manhattan
14.25;3;2;202305;May;Tue;Evening;Low;Drinking Chocolate;Hot chocolate;Sustainably Grown Organic Lg;Lower Manhattan
20.45;1;1;202305;May;Tue;Evening;very high;Coffee beans;Espresso Beans;Primo Espresso Roast;Lower Manhattan
30.00;10;6;202305;May;Tue;Evening;Med;Tea;Brewed herbal tea;Peppermint Lg;Hell's Kitchen
44.00;11;5;202305;May;Wed;Night;High;Tea;Brewed Chai tea;Morning Sunrise Chai Lg;Lower Manhattan
12.50;5;3;202305;May;Wed;Night;Low;Tea;Brewed Chai tea;Morning Sunrise Chai Rg;Lower Manhattan
22.50;5;5;202305;May;Wed;Night;Med;Bakery;Scone;Scottish Cream Scone ;Lower Manhattan
22.50;6;6;202305;May;Wed;Night;Med;Bakery;Pastry;Chocolate Croissant;Lower Manhattan
7.00;2;2;202305;May;Wed;Night;Low;Coffee;Gourmet brewed coffee;Ethiopia Lg;Lower Manhattan
12.50;5;3;202305;May;Wed;Night;Low;Tea;Brewed Black tea;English Breakfast Rg;Lower Manhattan
2.00;1;1;202305;May;Wed;Night;Low;Coffee;Gourmet brewed coffee;Columbian Medium Roast Sm;Lower Manhattan
10.20;4;3;202305;May;Wed;Night;Low;Tea;Brewed Chai tea;Spicy Eye Opener Chai Rg;Lower Manhattan
15.05;5;4;202305;May;Wed;Night;Low;Bakery;Scone;Ginger Scone;Lower Manhattan
58.50;13;7;202305;May;Wed;Night;High;Drinking Chocolate;Hot chocolate;Dark chocolate Lg;Lower Manhattan
35.00;10;5;202305;May;Wed;Night;Med;Drinking Chocolate;Hot chocolate;Dark chocolate Rg;Lower Manhattan
12.00;4;2;202305;May;Wed;Night;Low;Tea;Brewed Chai tea;Traditional Blend Chai Lg;Lower Manhattan
17.50;7;4;202305;May;Wed;Night;Low;Tea;Brewed Chai tea;Traditional Blend Chai Rg;Lower Manhattan
21.25;5;3;202305;May;Wed;Night;Med;Coffee;Barista Espresso;Cappuccino Lg;Lower Manhattan
8.00;10;5;202305;May;Wed;Night;Low;Flavours;Sugar free syrup;Sugar Free Vanilla syrup;Lower Manhattan
20.00;8;4;202305;May;Wed;Night;Low;Coffee;Gourmet brewed coffee;Columbian Medium Roast Rg;Lower Manhattan
21.70;7;4;202305;May;Wed;Night;Med;Tea;Brewed Chai tea;Spicy Eye Opener Chai Lg;Hell's Kitchen
15.00;4;4;202305;May;Wed;Night;Low;Bakery;Pastry;Chocolate Croissant;Hell's Kitchen
10.00;4;2;202305;May;Wed;Night;Low;Tea;Brewed herbal tea;Lemon Grass Rg;Lower Manhattan
15.00;5;3;202305;May;Wed;Night;Low;Tea;Brewed Black tea;English Breakfast Lg;Lower Manhattan
10.50;3;3;202305;May;Wed;Night;Low;Bakery;Pastry;Croissant;Lower Manhattan
5.00;2;1;202305;May;Wed;Night;Low;Tea;Brewed Green tea;Serenity Green Tea Rg;Hell's Kitchen
9.00;3;3;202305;May;Wed;Night;Low;Bakery;Scone;Oatmeal Scone;Hell's Kitchen
6.00;2;1;202305;May;Wed;Night;Low;Tea;Brewed Black tea;Earl Grey Lg;Hell's Kitchen
8.95;1;1;202305;May;Wed;Night;Low;Loose Tea;Black tea;English Breakfast;Hell's Kitchen
18.75;5;3;202305;May;Wed;Night;Low;Coffee;Barista Espresso;Latte;Lower Manhattan
4.80;6;4;202305;May;Wed;Night;Low;Flavours;Regular syrup;Chocolate syrup;Lower Manhattan
12.00;3;2;202305;May;Wed;Night;Low;Tea;Brewed Chai tea;Morning Sunrise Chai Lg;Hell's Kitchen
9.00;3;2;202305;May;Wed;Night;Low;Coffee;Organic brewed coffee;Brazilian Rg;Hell's Kitchen
3.00;1;1;202305;May;Wed;Night;Low;Tea;Brewed herbal tea;Lemon Grass Lg;Hell's Kitchen
6.00;3;3;202305;May;Wed;Night;Low;Coffee;Gourmet brewed coffee;Columbian Medium Roast Sm;Hell's Kitchen
8.10;3;2;202305;May;Wed;Night;Low;Coffee;Barista Espresso;Ouro Brasileiro shot;Hell's Kitchen
7.50;2;2;202305;May;Wed;Night;Low;Bakery;Scone;Jumbo Savory Scone;Lower Manhattan
3.00;1;1;202305;May;Wed;Night;Low;Coffee;Organic brewed coffee;Brazilian Rg;Lower Manhattan
7.50;2;1;202305;May;Wed;Night;Low;Coffee;Barista Espresso;Cappuccino;Hell's Kitchen
1.60;2;1;202305;May;Wed;Night;Low;Flavours;Sugar free syrup;Sugar Free Vanilla syrup;Hell's Kitchen
8.80;4;3;202305;May;Wed;Night;Low;Coffee;Gourmet brewed coffee;Ethiopia Sm;Lower Manhattan
3.00;1;1;202305;May;Wed;Night;Low;Coffee;Gourmet brewed coffee;Ethiopia Rg;Lower Manhattan
9.00;3;2;202305;May;Wed;Night;Low;Coffee;Gourmet brewed coffee;Ethiopia Rg;Hell's Kitchen
3.00;1;1;202305;May;Wed;Night;Low;Tea;Brewed herbal tea;Lemon Grass Lg;Lower Manhattan
9.00;3;2;202305;May;Wed;Night;Low;Tea;Brewed herbal tea;Peppermint Lg;Hell's Kitchen
2.50;1;1;202305;May;Wed;Night;Low;Tea;Brewed Chai tea;Morning Sunrise Chai Rg;Hell's Kitchen
3.75;1;1;202305;May;Wed;Night;Low;Bakery;Scone;Jumbo Savory Scone;Hell's Kitchen
10.50;3;2;202305;May;Wed;Night;Low;Coffee;Organic brewed coffee;Brazilian Lg;Hell's Kitchen
3.00;1;1;202305;May;Wed;Night;Low;Coffee;Drip coffee;Our Old Time Diner Blend Lg;Hell's Kitchen
3.25;1;1;202305;May;Wed;Night;Low;Bakery;Scone;Cranberry Scone;Hell's Kitchen
3.00;1;1;202305;May;Wed;Night;Low;Tea;Brewed Chai tea;Traditional Blend Chai Lg;Hell's Kitchen
24.00;12;6;202305;May;Wed;Night;Med;Coffee;Drip coffee;Our Old Time Diner Blend Sm;Lower Manhattan
18.00;1;1;202305;May;Wed;Night;Low;Coffee beans;Organic Beans;Brazilian - Organic;Lower Manhattan
3.75;1;1;202305;May;Wed;Night;Low;Drinking Chocolate;Hot chocolate;Sustainably Grown Organic Rg;Hell's Kitchen
12.00;15;10;202305;May;Wed;Morning;Low;Flavours;Sugar free syrup;Sugar Free Vanilla syrup;Hell's Kitchen
42.00;14;14;202305;May;Wed;Morning;High;Bakery;Scone;Oatmeal Scone;Hell's Kitchen
16.80;21;15;202305;May;Wed;Morning;Low;Flavours;Sugar free syrup;Sugar Free Vanilla syrup;Astoria
25.60;32;20;202305;May;Wed;Morning;Med;Flavours;Regular syrup;Hazelnut syrup;Lower Manhattan
47.50;19;14;202305;May;Wed;Morning;High;Tea;Brewed Black tea;English Breakfast Rg;Astoria
85.00;34;22;202305;May;Wed;Morning;very high;Tea;Brewed Chai tea;Morning Sunrise Chai Rg;Astoria
15.00;1;1;202305;May;Wed;Morning;Low;Coffee beans;Gourmet Beans;Columbian Medium Roast;Hell's Kitchen
81.00;27;16;202305;May;Wed;Morning;very high;Tea;Brewed Black tea;Earl Grey Lg;Astoria
14.40;18;11;202305;May;Wed;Morning;Low;Flavours;Regular syrup;Hazelnut syrup;Astoria
45.00;3;3;202305;May;Wed;Morning;High;Coffee beans;Gourmet Beans;Columbian Medium Roast;Astoria
17.60;22;15;202305;May;Sun;Morning;Low;Flavours;Regular syrup;Carmel syrup;Hell's Kitchen
54.00;18;11;202305;May;Sun;Morning;High;Tea;Brewed Black tea;Earl Grey Lg;Hell's Kitchen
12.50;5;4;202305;May;Sun;Evening;Low;Tea;Brewed Green tea;Serenity Green Tea Rg;Astoria
55.00;22;16;202305;May;Mon;Morning;High;Coffee;Drip coffee;Our Old Time Diner Blend Rg;Astoria
45.00;18;12;202305;May;Mon;Evening;High;Tea;Brewed Black tea;English Breakfast Rg;Lower Manhattan
24.00;8;8;202305;May;Tue;Morning;Med;Bakery;Scone;Oatmeal Scone;Hell's Kitchen
99.00;22;16;202305;May;Tue;Morning;very high;Drinking Chocolate;Hot chocolate;Dark chocolate Lg;Astoria
17.50;5;3;202305;May;Tue;Evening;Low;Coffee;Gourmet brewed coffee;Ethiopia Lg;Lower Manhattan
40.00;16;12;202305;May;Wed;Morning;Med;Tea;Brewed Black tea;English Breakfast Rg;Hell's Kitchen
90.00;24;24;202305;May;Wed;Morning;very high;Bakery;Pastry;Chocolate Croissant;Hell's Kitchen
12.80;16;12;202305;May;Wed;Morning;Low;Flavours;Regular syrup;Carmel syrup;Lower Manhattan
45.50;13;13;202305;May;Wed;Morning;High;Bakery;Biscotti;Chocolate Chip Biscotti;Astoria
72.50;29;19;202305;May;Wed;Morning;very high;Tea;Brewed Chai tea;Traditional Blend Chai Rg;Astoria
22.40;28;18;202305;May;Wed;Morning;Med;Flavours;Regular syrup;Chocolate syrup;Lower Manhattan
75.00;30;21;202305;May;Wed;Morning;very high;Coffee;Drip coffee;Our Old Time Diner Blend Rg;Astoria
71.25;19;19;202305;May;Wed;Morning;very high;Bakery;Pastry;Almond Croissant;Astoria
32.50;10;10;202305;May;Wed;Morning;Med;Bakery;Scone;Cranberry Scone;Hell's Kitchen
59.25;3;3;202305;May;Wed;Morning;High;Coffee beans;Premium Beans;Jamacian Coffee River;Hell's Kitchen
102.00;34;20;202305;May;Wed;Morning;very high;Tea;Brewed herbal tea;Peppermint Lg;Astoria
66.00;30;21;202305;May;Wed;Morning;very high;Coffee;Gourmet brewed coffee;Ethiopia Sm;Astoria
39.50;2;2;202305;May;Wed;Morning;Med;Coffee beans;Premium Beans;Jamacian Coffee River;Astoria
63.00;21;14;202305;May;Wed;Morning;very high;Tea;Brewed Chai tea;Traditional Blend Chai Lg;Astoria
52.50;15;15;202305;May;Wed;Morning;High;Bakery;Pastry;Croissant;Hell's Kitchen
12.00;15;9;202305;May;Wed;Morning;Low;Flavours;Regular syrup;Carmel syrup;Hell's Kitchen
75.00;30;18;202305;May;Wed;Morning;very high;Tea;Brewed herbal tea;Peppermint Rg;Lower Manhattan
36.00;3;3;202305;May;Wed;Morning;Med;Branded;Housewares;I Need My Bean! Diner mug;Hell's Kitchen
48.40;22;14;202305;May;Wed;Morning;High;Coffee;Gourmet brewed coffee;Ethiopia Sm;Hell's Kitchen
17.60;22;14;202305;May;Wed;Morning;Low;Flavours;Regular syrup;Carmel syrup;Astoria
67.50;27;19;202305;May;Wed;Morning;very high;Tea;Brewed herbal tea;Peppermint Rg;Astoria
116.25;31;20;202305;May;Wed;Morning;very high;Coffee;Premium brewed coffee;Jamaican Coffee River Lg;Astoria
16.80;21;15;202305;May;Wed;Morning;Low;Flavours;Sugar free syrup;Sugar Free Vanilla syrup;Lower Manhattan
38.50;11;11;202305;May;Wed;Morning;Med;Bakery;Biscotti;Chocolate Chip Biscotti;Lower Manhattan
55.00;25;17;202305;May;Wed;Morning;High;Coffee;Organic brewed coffee;Brazilian Sm;Astoria
66.15;27;18;202305;May;Wed;Morning;very high;Coffee;Premium brewed coffee;Jamaican Coffee River Sm;Astoria
93.50;22;14;202305;May;Wed;Morning;very high;Coffee;Barista Espresso;Latte Rg;Hell's Kitchen
10.40;13;9;202305;May;Wed;Morning;Low;Flavours;Regular syrup;Chocolate syrup;Hell's Kitchen
19.50;6;6;202305;May;Wed;Morning;Low;Bakery;Biscotti;Hazelnut Biscotti;Astoria
45.00;1;1;202305;May;Wed;Morning;High;Coffee beans;Premium Beans;Civet Cat;Lower Manhattan
2.40;3;3;202305;May;Wed;Morning;Low;Flavours;Regular syrup;Hazelnut syrup;Hell's Kitchen
13.33;1;1;202305;May;Wed;Morning;Low;Packaged Chocolate;Drinking Chocolate;Chili Mayan;Hell's Kitchen
29.50;2;2;202305;May;Wed;Morning;Med;Coffee beans;Espresso Beans;Espresso Roast;Hell's Kitchen
72.00;4;4;202305;May;Wed;Morning;very high;Coffee beans;House blend Beans;Our Old Time Diner Blend;Hell's Kitchen
22.80;3;3;202305;May;Wed;Morning;Med;Packaged Chocolate;Organic Chocolate;Sustainably Grown Organic;Lower Manhattan
18.50;2;2;202305;May;Wed;Morning;Low;Loose Tea;Green tea;Serenity Green Tea;Hell's Kitchen
6.40;1;1;202305;May;Wed;Morning;Low;Packaged Chocolate;Drinking Chocolate;Dark chocolate;Astoria
85.00;20;15;202305;May;Wed;Morning;very high;Coffee;Barista Espresso;Latte Rg;Astoria
18.50;2;2;202305;May;Wed;Morning;Low;Loose Tea;Green tea;Serenity Green Tea;Astoria
42.00;14;14;202305;May;Wed;Morning;High;Bakery;Scone;Oatmeal Scone;Lower Manhattan
7.60;1;1;202305;May;Wed;Morning;Low;Packaged Chocolate;Organic Chocolate;Sustainably Grown Organic;Hell's Kitchen
28.50;3;3;202305;May;Wed;Morning;Med;Loose Tea;Chai tea;Morning Sunrise Chai;Astoria
38.50;11;11;202305;May;Wed;Morning;Med;Bakery;Pastry;Croissant;Astoria
28.50;3;3;202305;May;Wed;Morning;Med;Loose Tea;Chai tea;Morning Sunrise Chai;Hell's Kitchen
17.90;2;2;202305;May;Wed;Morning;Low;Loose Tea;Chai tea;Traditional Blend Chai;Hell's Kitchen
70.00;5;5;202305;May;Wed;Morning;very high;Branded;Housewares;I Need My Bean! Latte cup;Astoria
42.25;13;13;202305;May;Wed;Morning;High;Bakery;Scone;Ginger Scone;Astoria
12.80;16;12;202305;May;Wed;Morning;Low;Flavours;Regular syrup;Chocolate syrup;Astoria
18.50;2;2;202305;May;Wed;Morning;Low;Loose Tea;Green tea;Serenity Green Tea;Lower Manhattan
84.00;3;3;202305;May;Wed;Morning;very high;Branded;Clothing;I Need My Bean! T-shirt;Lower Manhattan
72.00;4;4;202305;May;Wed;Morning;very high;Coffee beans;Organic Beans;Brazilian - Organic;Hell's Kitchen
22.50;1;1;202305;May;Wed;Morning;Med;Coffee beans;Organic Beans;Organic Decaf Blend;Hell's Kitchen
51.00;17;12;202305;May;Wed;Morning;High;Tea;Brewed Chai tea;Traditional Blend Chai Lg;Lower Manhattan
26.85;3;3;202305;May;Wed;Morning;Med;Loose Tea;Herbal tea;Lemon Grass;Hell's Kitchen
36.00;3;3;202305;May;Wed;Morning;Med;Branded;Housewares;I Need My Bean! Diner mug;Lower Manhattan
5.60;7;5;202305;May;Wed;Afternoon;Low;Flavours;Regular syrup;Carmel syrup;Lower Manhattan
3.75;1;1;202305;May;Wed;Afternoon;Low;Bakery;Scone;Jumbo Savory Scone;Hell's Kitchen
6.40;8;5;202305;May;Wed;Afternoon;Low;Flavours;Regular syrup;Carmel syrup;Hell's Kitchen
8.95;1;1;202305;May;Wed;Afternoon;Low;Loose Tea;Herbal tea;Lemon Grass;Hell's Kitchen
24.50;7;6;202305;May;Wed;Afternoon;Med;Drinking Chocolate;Hot chocolate;Dark chocolate Rg;Lower Manhattan
3.20;4;3;202305;May;Wed;Afternoon;Low;Flavours;Sugar free syrup;Sugar Free Vanilla syrup;Astoria
18.00;1;1;202305;May;Wed;Afternoon;Low;Coffee beans;Organic Beans;Brazilian - Organic;Lower Manhattan
63.00;21;14;202305;May;Wed;Afternoon;very high;Tea;Brewed Green tea;Serenity Green Tea Lg;Astoria
7.50;3;3;202305;May;Wed;Afternoon;Low;Coffee;Gourmet brewed coffee;Columbian Medium Roast Rg;Hell's Kitchen
7.20;9;6;202305;May;Wed;Afternoon;Low;Flavours;Regular syrup;Chocolate syrup;Lower Manhattan
2.40;3;2;202305;May;Wed;Afternoon;Low;Flavours;Regular syrup;Hazelnut syrup;Hell's Kitchen
10.00;1;1;202305;May;Wed;Afternoon;Low;Coffee beans;Green beans;Guatemalan Sustainably Grown;Hell's Kitchen
6.40;8;4;202305;May;Wed;Afternoon;Low;Flavours;Regular syrup;Chocolate syrup;Astoria
20.00;8;5;202305;May;Wed;Afternoon;Low;Tea;Brewed Green tea;Serenity Green Tea Rg;Hell's Kitchen
0.80;1;1;202305;May;Wed;Afternoon;Low;Flavours;Regular syrup;Carmel syrup;Astoria
3.75;1;1;202305;May;Wed;Afternoon;Low;Bakery;Pastry;Chocolate Croissant;Hell's Kitchen
34.30;14;8;202305;May;Wed;Afternoon;Med;Coffee;Premium brewed coffee;Jamaican Coffee River Sm;Hell's Kitchen
56.25;15;9;202305;May;Wed;Afternoon;High;Coffee;Premium brewed coffee;Jamaican Coffee River Lg;Astoria
6.40;8;4;202305;May;Wed;Afternoon;Low;Flavours;Sugar free syrup;Sugar Free Vanilla syrup;Hell's Kitchen
11.20;14;8;202305;May;Wed;Afternoon;Low;Flavours;Sugar free syrup;Sugar Free Vanilla syrup;Lower Manhattan
30.00;10;7;202305;May;Wed;Afternoon;Med;Coffee;Drip coffee;Our Old Time Diner Blend Lg;Lower Manhattan
2.40;3;2;202305;May;Wed;Afternoon;Low;Flavours;Regular syrup;Hazelnut syrup;Astoria
8.95;1;1;202305;May;Wed;Afternoon;Low;Loose Tea;Black tea;Earl Grey;Hell's Kitchen
7.00;2;2;202305;May;Wed;Night;Low;Coffee;Organic brewed coffee;Brazilian Lg;Lower Manhattan
22.00;11;7;202305;May;Wed;Evening;Med;Coffee;Drip coffee;Our Old Time Diner Blend Sm;Lower Manhattan
8.95;1;1;202305;May;Wed;Evening;Low;Loose Tea;Chai tea;Traditional Blend Chai;Lower Manhattan
9.00;3;3;202305;May;Wed;Evening;Low;Tea;Brewed Green tea;Serenity Green Tea Lg;Lower Manhattan
22.50;6;4;202305;May;Wed;Evening;Med;Drinking Chocolate;Hot chocolate;Sustainably Grown Organic Rg;Lower Manhattan
36.00;2;2;202305;May;Wed;Evening;Med;Coffee beans;House blend Beans;Our Old Time Diner Blend;Astoria
18.00;4;4;202305;May;Wed;Evening;Low;Bakery;Scone;Scottish Cream Scone ;Hell's Kitchen
2.40;3;2;202305;May;Wed;Evening;Low;Flavours;Regular syrup;Carmel syrup;Astoria
17.50;5;5;202305;May;Wed;Evening;Low;Bakery;Biscotti;Chocolate Chip Biscotti;Astoria
18.75;5;4;202305;May;Wed;Evening;Low;Coffee;Barista Espresso;Cappuccino;Lower Manhattan
4.80;6;4;202305;May;Wed;Evening;Low;Flavours;Regular syrup;Chocolate syrup;Lower Manhattan
3.20;4;3;202305;May;Wed;Evening;Low;Flavours;Regular syrup;Chocolate syrup;Astoria
4.00;5;3;202305;May;Wed;Evening;Low;Flavours;Regular syrup;Chocolate syrup;Hell's Kitchen
3.20;4;3;202305;May;Wed;Evening;Low;Flavours;Sugar free syrup;Sugar Free Vanilla syrup;Hell's Kitchen
7.60;1;1;202305;May;Wed;Evening;Low;Packaged Chocolate;Organic Chocolate;Sustainably Grown Organic;Astoria
15.00;5;4;202305;May;Wed;Evening;Low;Coffee;Organic brewed coffee;Brazilian Rg;Lower Manhattan
21.00;7;4;202305;May;Wed;Evening;Med;Tea;Brewed Black tea;English Breakfast Lg;Lower Manhattan
18.00;1;1;202305;May;Wed;Evening;Low;Coffee beans;House blend Beans;Our Old Time Diner Blend;Hell's Kitchen
10.50;3;3;202305;May;Wed;Evening;Low;Bakery;Biscotti;Ginger Biscotti;Astoria
2.45;1;1;202305;May;Wed;Evening;Low;Coffee;Premium brewed coffee;Jamaican Coffee River Sm;Lower Manhattan
7.50;3;2;202305;May;Wed;Evening;Low;Tea;Brewed herbal tea;Peppermint Rg;Lower Manhattan
18.00;1;1;202305;May;Wed;Evening;Low;Coffee beans;Organic Beans;Brazilian - Organic;Astoria
21.00;7;4;202305;May;Wed;Evening;Med;Tea;Brewed Chai tea;Traditional Blend Chai Lg;Lower Manhattan
9.75;3;3;202305;May;Wed;Evening;Low;Bakery;Biscotti;Hazelnut Biscotti;Lower Manhattan
14.00;4;2;202305;May;Wed;Evening;Low;Coffee;Gourmet brewed coffee;Ethiopia Lg;Lower Manhattan
4.00;5;3;202305;May;Wed;Evening;Low;Flavours;Regular syrup;Hazelnut syrup;Lower Manhattan
0.80;1;1;202305;May;Wed;Evening;Low;Flavours;Regular syrup;Hazelnut syrup;Astoria
4.00;5;3;202305;May;Wed;Evening;Low;Flavours;Sugar free syrup;Sugar Free Vanilla syrup;Astoria
15.00;5;3;202305;May;Wed;Evening;Low;Coffee;Gourmet brewed coffee;Columbian Medium Roast Lg;Hell's Kitchen
10.95;1;1;202305;May;Wed;Evening;Low;Loose Tea;Chai tea;Spicy Eye Opener Chai;Astoria
56.25;15;8;202305;May;Wed;Evening;High;Coffee;Premium brewed coffee;Jamaican Coffee River Lg;Astoria
8.95;1;1;202305;May;Wed;Evening;Low;Loose Tea;Black tea;English Breakfast;Astoria
21.00;7;5;202305;May;Thu;Night;Med;Tea;Brewed herbal tea;Lemon Grass Lg;Lower Manhattan
6.00;2;1;202305;May;Thu;Night;Low;Tea;Brewed Chai tea;Traditional Blend Chai Lg;Lower Manhattan
9.00;2;2;202305;May;Thu;Night;Low;Bakery;Scone;Scottish Cream Scone ;Lower Manhattan
7.50;2;2;202305;May;Thu;Night;Low;Bakery;Pastry;Chocolate Croissant;Lower Manhattan
17.50;7;5;202305;May;Thu;Night;Low;Tea;Brewed Chai tea;Morning Sunrise Chai Rg;Lower Manhattan
8.00;4;3;202305;May;Thu;Night;Low;Coffee;Gourmet brewed coffee;Columbian Medium Roast Sm;Lower Manhattan
12.00;4;2;202305;May;Thu;Night;Low;Tea;Brewed Black tea;Earl Grey Lg;Lower Manhattan
22.00;10;6;202305;May;Thu;Night;Med;Coffee;Organic brewed coffee;Brazilian Sm;Lower Manhattan
27.00;9;4;202305;May;Thu;Night;Med;Tea;Brewed Green tea;Serenity Green Tea Lg;Lower Manhattan
7.50;2;1;202305;May;Thu;Night;Low;Drinking Chocolate;Hot chocolate;Sustainably Grown Organic Rg;Lower Manhattan
27.50;11;7;202305;May;Thu;Night;Med;Tea;Brewed Green tea;Serenity Green Tea Rg;Lower Manhattan
3.25;1;1;202305;May;Thu;Night;Low;Bakery;Scone;Cranberry Scone;Lower Manhattan
22.50;9;4;202305;May;Thu;Night;Med;Tea;Brewed Black tea;Earl Grey Rg;Lower Manhattan
12.00;4;3;202305;May;Thu;Night;Low;Coffee;Gourmet brewed coffee;Ethiopia Rg;Lower Manhattan
12.75;3;2;202305;May;Thu;Night;Low;Coffee;Barista Espresso;Cappuccino Lg;Lower Manhattan
4.00;5;3;202305;May;Thu;Night;Low;Flavours;Regular syrup;Carmel syrup;Lower Manhattan
5.60;7;5;202305;May;Thu;Night;Low;Flavours;Regular syrup;Chocolate syrup;Lower Manhattan
11.25;3;3;202305;May;Thu;Night;Low;Bakery;Pastry;Almond Croissant;Lower Manhattan
47.50;10;5;202305;May;Thu;Night;High;Drinking Chocolate;Hot chocolate;Sustainably Grown Organic Lg;Lower Manhattan
9.00;3;3;202305;May;Thu;Night;Low;Tea;Brewed herbal tea;Peppermint Lg;Lower Manhattan
7.50;3;2;202305;May;Thu;Night;Low;Tea;Brewed herbal tea;Peppermint Rg;Lower Manhattan
4.90;2;1;202305;May;Thu;Night;Low;Coffee;Premium brewed coffee;Jamaican Coffee River Sm;Lower Manhattan
7.50;2;2;202305;May;Thu;Night;Low;Coffee;Barista Espresso;Latte;Lower Manhattan
9.00;3;2;202305;May;Thu;Night;Low;Coffee;Drip coffee;Our Old Time Diner Blend Lg;Hell's Kitchen
7.50;2;2;202305;May;Thu;Night;Low;Bakery;Scone;Jumbo Savory Scone;Hell's Kitchen
9.00;3;2;202305;May;Thu;Night;Low;Tea;Brewed Chai tea;Traditional Blend Chai Lg;Hell's Kitchen
9.25;1;1;202305;May;Thu;Night;Low;Loose Tea;Green tea;Serenity Green Tea;Lower Manhattan
15.00;6;4;202305;May;Thu;Night;Low;Coffee;Drip coffee;Our Old Time Diner Blend Rg;Lower Manhattan
18.00;6;5;202305;May;Thu;Night;Low;Coffee;Barista Espresso;Espresso shot;Lower Manhattan
24.80;8;4;202305;May;Thu;Night;Med;Coffee;Premium brewed coffee;Jamaican Coffee River Rg;Lower Manhattan
15.00;4;4;202305;May;Thu;Night;Low;Bakery;Pastry;Chocolate Croissant;Hell's Kitchen
6.60;3;2;202305;May;Thu;Night;Low;Coffee;Gourmet brewed coffee;Ethiopia Sm;Hell's Kitchen
13.00;4;4;202305;May;Thu;Night;Low;Bakery;Biscotti;Hazelnut Biscotti;Hell's Kitchen
12.50;5;3;202305;May;Thu;Night;Low;Tea;Brewed Green tea;Serenity Green Tea Rg;Hell's Kitchen
5.00;2;1;202305;May;Thu;Night;Low;Tea;Brewed herbal tea;Lemon Grass Rg;Lower Manhattan
32.00;8;4;202305;May;Thu;Night;Med;Tea;Brewed Chai tea;Morning Sunrise Chai Lg;Lower Manhattan
7.50;3;2;202305;May;Thu;Night;Low;Coffee;Gourmet brewed coffee;Columbian Medium Roast Rg;Hell's Kitchen
6.20;2;2;202305;May;Thu;Night;Low;Coffee;Premium brewed coffee;Jamaican Coffee River Rg;Hell's Kitchen
10.50;3;2;202305;May;Thu;Night;Low;Drinking Chocolate;Hot chocolate;Dark chocolate Rg;Hell's Kitchen
5.00;2;2;202305;May;Thu;Night;Low;Tea;Brewed Chai tea;Traditional Blend Chai Rg;Lower Manhattan
10.00;4;3;202305;May;Thu;Night;Low;Tea;Brewed Chai tea;Traditional Blend Chai Rg;Hell's Kitchen
7.50;3;2;202305;May;Thu;Night;Low;Tea;Brewed Black tea;English Breakfast Rg;Hell's Kitchen
13.50;3;3;202305;May;Thu;Night;Low;Bakery;Scone;Scottish Cream Scone ;Hell's Kitchen
25.50;6;4;202305;May;Thu;Night;Med;Coffee;Barista Espresso;Cappuccino Lg;Hell's Kitchen
3.20;4;3;202305;May;Thu;Night;Low;Flavours;Regular syrup;Hazelnut syrup;Hell's Kitchen
0.80;1;1;202305;May;Thu;Night;Low;Flavours;Regular syrup;Hazelnut syrup;Lower Manhattan
12.75;3;2;202305;May;Thu;Night;Low;Coffee;Barista Espresso;Latte Rg;Hell's Kitchen
0.80;1;1;202305;May;Thu;Night;Low;Flavours;Regular syrup;Carmel syrup;Hell's Kitchen
9.00;3;2;202305;May;Thu;Night;Low;Tea;Brewed Green tea;Serenity Green Tea Lg;Hell's Kitchen
14.25;3;2;202305;May;Thu;Night;Low;Drinking Chocolate;Hot chocolate;Sustainably Grown Organic Lg;Hell's Kitchen
8.00;4;2;202305;May;Thu;Night;Low;Coffee;Drip coffee;Our Old Time Diner Blend Sm;Lower Manhattan
3.00;1;1;202305;May;Thu;Night;Low;Coffee;Gourmet brewed coffee;Columbian Medium Roast Lg;Hell's Kitchen
9.50;1;1;202305;May;Thu;Night;Low;Loose Tea;Chai tea;Morning Sunrise Chai;Hell's Kitchen
15.00;5;3;202305;May;Thu;Night;Low;Coffee;Gourmet brewed coffee;Columbian Medium Roast Lg;Lower Manhattan
9.00;3;3;202305;May;Thu;Night;Low;Bakery;Scone;Oatmeal Scone;Lower Manhattan
13.00;4;4;202305;May;Thu;Night;Low;Bakery;Scone;Cranberry Scone;Hell's Kitchen
81.00;27;17;202305;May;Thu;Morning;very high;Coffee;Gourmet brewed coffee;Ethiopia Rg;Astoria
35.00;10;10;202305;May;Thu;Morning;Med;Bakery;Biscotti;Chocolate Chip Biscotti;Hell's Kitchen
7.60;1;1;202305;May;Thu;Morning;Low;Packaged Chocolate;Organic Chocolate;Sustainably Grown Organic;Hell's Kitchen
12.80;16;10;202305;May;Thu;Morning;Low;Flavours;Regular syrup;Carmel syrup;Hell's Kitchen
11.20;14;10;202305;May;Thu;Morning;Low;Flavours;Regular syrup;Hazelnut syrup;Hell's Kitchen
30.00;12;7;202305;May;Thu;Morning;Med;Tea;Brewed Black tea;English Breakfast Rg;Astoria
11.20;14;10;202305;May;Thu;Morning;Low;Flavours;Sugar free syrup;Sugar Free Vanilla syrup;Hell's Kitchen
54.00;18;12;202305;May;Thu;Morning;High;Coffee;Barista Espresso;Espresso shot;Astoria
13.60;17;10;202305;May;Thu;Morning;Low;Flavours;Sugar free syrup;Sugar Free Vanilla syrup;Astoria
75.60;30;24;202305;May;Thu;Morning;very high;Coffee;Barista Espresso;Ouro Brasileiro shot;Hell's Kitchen
30.00;10;10;202305;May;Thu;Morning;Med;Bakery;Scone;Oatmeal Scone;Hell's Kitchen
56.00;2;2;202305;May;Thu;Morning;High;Branded;Clothing;I Need My Bean! T-shirt;Hell's Kitchen
56.00;4;4;202305;May;Thu;Morning;High;Branded;Housewares;I Need My Bean! Latte cup;Hell's Kitchen
20.80;26;18;202305;May;Thu;Morning;very high;Flavours;Sugar free syrup;Sugar Free Vanilla syrup;Lower Manhattan
29.75;7;6;202305;May;Thu;Morning;Med;Coffee;Barista Espresso;Cappuccino Lg;Astoria
1.60;2;2;202305;May;Thu;Morning;Low;Flavours;Regular syrup;Carmel syrup;Astoria
32.50;13;9;202305;May;Thu;Morning;Med;Tea;Brewed Chai tea;Morning Sunrise Chai Rg;Astoria
57.50;23;16;202305;May;Thu;Morning;High;Tea;Brewed Black tea;Earl Grey Rg;Astoria
35.75;11;11;202305;May;Thu;Morning;Med;Bakery;Scone;Cranberry Scone;Hell's Kitchen
20.00;25;16;202305;May;Thu;Morning;Low;Flavours;Regular syrup;Chocolate syrup;Astoria
17.50;5;5;202305;May;Thu;Morning;Low;Bakery;Pastry;Croissant;Astoria
61.35;3;3;202305;May;Thu;Morning;very high;Coffee beans;Espresso Beans;Primo Espresso Roast;Lower Manhattan
52.50;21;13;202305;May;Thu;Morning;High;Coffee;Gourmet brewed coffee;Columbian Medium Roast Rg;Lower Manhattan
72.00;24;13;202305;May;Thu;Morning;very high;Coffee;Gourmet brewed coffee;Ethiopia Rg;Lower Manhattan
27.00;9;9;202305;May;Thu;Morning;Med;Bakery;Scone;Oatmeal Scone;Astoria
12.00;1;1;202305;May;Thu;Morning;Low;Branded;Housewares;I Need My Bean! Diner mug;Astoria
39.00;13;7;202305;May;Thu;Morning;Med;Coffee;Drip coffee;Our Old Time Diner Blend Lg;Lower Manhattan
48.75;13;10;202305;May;Thu;Morning;High;Coffee;Premium brewed coffee;Jamaican Coffee River Lg;Astoria
36.00;12;7;202305;May;Thu;Morning;Med;Tea;Brewed herbal tea;Lemon Grass Lg;Astoria
29.25;9;9;202305;May;Thu;Morning;Med;Bakery;Scone;Cranberry Scone;Lower Manhattan
30.00;12;9;202305;May;Thu;Morning;Med;Tea;Brewed Chai tea;Traditional Blend Chai Rg;Astoria
17.50;5;5;202305;May;Thu;Morning;Low;Bakery;Biscotti;Ginger Biscotti;Astoria
8.00;10;8;202305;May;Thu;Morning;Low;Flavours;Regular syrup;Hazelnut syrup;Lower Manhattan
26.00;13;10;202305;May;Thu;Morning;Med;Coffee;Drip coffee;Our Old Time Diner Blend Sm;Astoria
50.00;20;14;202305;May;Thu;Morning;High;Tea;Brewed Chai tea;Morning Sunrise Chai Rg;Hell's Kitchen
30.00;8;8;202305;May;Thu;Morning;Med;Bakery;Pastry;Almond Croissant;Astoria
34.30;14;9;202305;May;Thu;Morning;Med;Coffee;Premium brewed coffee;Jamaican Coffee River Sm;Astoria
56.00;2;2;202305;May;Thu;Morning;High;Branded;Clothing;I Need My Bean! T-shirt;Astoria
3.50;1;1;202305;May;Thu;Morning;Low;Coffee;Gourmet brewed coffee;Ethiopia Lg;Lower Manhattan
21.00;1;1;202305;May;Thu;Morning;Med;Coffee beans;Gourmet Beans;Ethiopia;Lower Manhattan
38.50;11;11;202305;May;Thu;Morning;Med;Bakery;Biscotti;Ginger Biscotti;Hell's Kitchen
19.00;2;2;202305;May;Thu;Morning;Low;Loose Tea;Chai tea;Morning Sunrise Chai;Lower Manhattan
5.60;7;6;202305;May;Thu;Morning;Low;Flavours;Regular syrup;Carmel syrup;Lower Manhattan
14.40;18;10;202305;May;Thu;Morning;Low;Flavours;Regular syrup;Chocolate syrup;Lower Manhattan
22.50;5;5;202305;May;Thu;Morning;Med;Bakery;Scone;Scottish Cream Scone ;Astoria
36.00;12;7;202305;May;Thu;Morning;Med;Coffee;Organic brewed coffee;Brazilian Rg;Astoria
12.00;15;9;202305;May;Thu;Morning;Low;Flavours;Regular syrup;Chocolate syrup;Hell's Kitchen
51.00;17;12;202305;May;Thu;Morning;High;Tea;Brewed herbal tea;Peppermint Lg;Astoria
45.00;2;2;202305;May;Thu;Morning;High;Coffee beans;Organic Beans;Organic Decaf Blend;Astoria
8.00;10;7;202305;May;Thu;Morning;Low;Flavours;Regular syrup;Hazelnut syrup;Astoria
24.20;11;8;202305;May;Thu;Morning;Med;Coffee;Organic brewed coffee;Brazilian Sm;Astoria
10.95;1;1;202305;May;Thu;Morning;Low;Loose Tea;Chai tea;Spicy Eye Opener Chai;Astoria
32.50;13;9;202305;May;Thu;Morning;Med;Tea;Brewed Green tea;Serenity Green Tea Rg;Astoria
26.85;3;3;202305;May;Thu;Morning;Med;Loose Tea;Black tea;Earl Grey;Hell's Kitchen
20.45;1;1;202305;May;Thu;Morning;very high;Coffee beans;Espresso Beans;Primo Espresso Roast;Hell's Kitchen
53.70;6;6;202305;May;Thu;Morning;High;Loose Tea;Herbal tea;Lemon Grass;Hell's Kitchen
93.75;25;15;202305;May;Thu;Morning;very high;Coffee;Barista Espresso;Latte;Astoria
9.50;1;1;202305;May;Thu;Morning;Low;Loose Tea;Chai tea;Morning Sunrise Chai;Astoria
22.50;6;6;202305;May;Thu;Morning;Med;Bakery;Scone;Jumbo Savory Scone;Hell's Kitchen
54.00;3;3;202305;May;Thu;Morning;High;Coffee beans;Organic Beans;Brazilian - Organic;Hell's Kitchen
30.00;3;3;202305;May;Thu;Morning;Med;Coffee beans;Green beans;Guatemalan Sustainably Grown;Hell's Kitchen
79.00;4;4;202305;May;Thu;Morning;very high;Coffee beans;Premium Beans;Jamacian Coffee River;Hell's Kitchen
19.50;6;6;202305;May;Thu;Morning;Low;Bakery;Biscotti;Hazelnut Biscotti;Astoria
26.66;2;2;202305;May;Thu;Morning;Med;Packaged Chocolate;Drinking Chocolate;Chili Mayan;Hell's Kitchen
90.00;2;2;202305;May;Thu;Morning;very high;Coffee beans;Premium Beans;Civet Cat;Hell's Kitchen
36.00;2;2;202305;May;Thu;Morning;Med;Coffee beans;House blend Beans;Our Old Time Diner Blend;Lower Manhattan
26.00;8;8;202305;May;Thu;Morning;Med;Bakery;Scone;Ginger Scone;Astoria
9.60;12;6;202305;May;Thu;Afternoon;Low;Flavours;Sugar free syrup;Sugar Free Vanilla syrup;Lower Manhattan
9.75;3;3;202305;May;Thu;Afternoon;Low;Bakery;Biscotti;Hazelnut Biscotti;Lower Manhattan
12.00;4;4;202305;May;Thu;Afternoon;Low;Bakery;Scone;Oatmeal Scone;Lower Manhattan
24.50;7;5;202305;May;Thu;Afternoon;Med;Drinking Chocolate;Hot chocolate;Dark chocolate Rg;Hell's Kitchen
18.00;6;4;202305;May;Thu;Afternoon;Low;Tea;Brewed Green tea;Serenity Green Tea Lg;Lower Manhattan
10.95;1;1;202305;May;Thu;Afternoon;Low;Loose Tea;Chai tea;Spicy Eye Opener Chai;Astoria
20.00;5;3;202305;May;Thu;Afternoon;Low;Tea;Brewed Chai tea;Morning Sunrise Chai Lg;Hell's Kitchen
4.00;5;4;202305;May;Thu;Afternoon;Low;Flavours;Regular syrup;Chocolate syrup;Hell's Kitchen
12.00;1;1;202305;May;Thu;Afternoon;Low;Branded;Housewares;I Need My Bean! Diner mug;Hell's Kitchen
3.50;1;1;202305;May;Thu;Afternoon;Low;Bakery;Biscotti;Ginger Biscotti;Lower Manhattan
15.00;5;5;202305;May;Thu;Afternoon;Low;Bakery;Scone;Oatmeal Scone;Hell's Kitchen
12.50;5;4;202305;May;Thu;Afternoon;Low;Coffee;Gourmet brewed coffee;Columbian Medium Roast Rg;Lower Manhattan
28.00;1;1;202305;May;Thu;Afternoon;Med;Branded;Clothing;I Need My Bean! T-shirt;Astoria
7.60;1;1;202305;May;Thu;Afternoon;Low;Packaged Chocolate;Organic Chocolate;Sustainably Grown Organic;Hell's Kitchen
4.80;6;3;202305;May;Thu;Afternoon;Low;Flavours;Sugar free syrup;Sugar Free Vanilla syrup;Hell's Kitchen
8.95;1;1;202305;May;Thu;Afternoon;Low;Loose Tea;Chai tea;Traditional Blend Chai;Lower Manhattan
4.00;5;3;202305;May;Thu;Afternoon;Low;Flavours;Regular syrup;Hazelnut syrup;Astoria
0.80;1;1;202305;May;Thu;Afternoon;Low;Flavours;Regular syrup;Carmel syrup;Astoria
8.00;10;6;202305;May;Thu;Afternoon;Low;Flavours;Regular syrup;Hazelnut syrup;Lower Manhattan
9.25;1;1;202305;May;Thu;Afternoon;Low;Loose Tea;Green tea;Serenity Green Tea;Lower Manhattan
18.00;1;1;202305;May;Thu;Afternoon;Low;Coffee beans;Organic Beans;Brazilian - Organic;Hell's Kitchen
10.50;3;3;202305;May;Thu;Afternoon;Low;Bakery;Pastry;Croissant;Lower Manhattan
1.60;2;2;202305;May;Thu;Afternoon;Low;Flavours;Regular syrup;Carmel syrup;Hell's Kitchen
2.40;3;2;202305;May;Thu;Afternoon;Low;Flavours;Regular syrup;Chocolate syrup;Astoria
2.40;3;2;202305;May;Thu;Afternoon;Low;Flavours;Sugar free syrup;Sugar Free Vanilla syrup;Astoria
22.50;6;4;202305;May;Thu;Afternoon;Med;Coffee;Barista Espresso;Cappuccino;Astoria
6.40;8;5;202305;May;Thu;Afternoon;Low;Flavours;Regular syrup;Chocolate syrup;Lower Manhattan
18.00;4;3;202305;May;Thu;Night;Low;Drinking Chocolate;Hot chocolate;Dark chocolate Lg;Lower Manhattan
8.80;11;6;202305;May;Thu;Evening;Low;Flavours;Sugar free syrup;Sugar Free Vanilla syrup;Lower Manhattan
27.50;11;5;202305;May;Thu;Evening;Med;Tea;Brewed Chai tea;Morning Sunrise Chai Rg;Lower Manhattan
4.00;5;3;202305;May;Thu;Evening;Low;Flavours;Regular syrup;Hazelnut syrup;Astoria
18.00;6;3;202305;May;Thu;Evening;Low;Coffee;Gourmet brewed coffee;Columbian Medium Roast Lg;Hell's Kitchen
18.00;6;5;202305;May;Thu;Evening;Low;Coffee;Gourmet brewed coffee;Ethiopia Rg;Hell's Kitchen
30.00;12;7;202305;May;Thu;Evening;Med;Coffee;Drip coffee;Our Old Time Diner Blend Rg;Hell's Kitchen
1.60;2;1;202305;May;Thu;Evening;Low;Flavours;Regular syrup;Hazelnut syrup;Lower Manhattan
3.25;1;1;202305;May;Thu;Evening;Low;Bakery;Scone;Ginger Scone;Lower Manhattan
28.50;6;3;202305;May;Thu;Evening;Med;Drinking Chocolate;Hot chocolate;Sustainably Grown Organic Lg;Astoria
2.40;3;2;202305;May;Thu;Evening;Low;Flavours;Regular syrup;Carmel syrup;Astoria
2.40;3;2;202305;May;Thu;Evening;Low;Flavours;Sugar free syrup;Sugar Free Vanilla syrup;Astoria
7.60;1;1;202305;May;Thu;Evening;Low;Packaged Chocolate;Organic Chocolate;Sustainably Grown Organic;Astoria
26.25;7;4;202305;May;Thu;Evening;Med;Coffee;Barista Espresso;Cappuccino;Hell's Kitchen
1.60;2;1;202305;May;Thu;Evening;Low;Flavours;Regular syrup;Carmel syrup;Hell's Kitchen
17.50;7;5;202305;May;Thu;Evening;Low;Coffee;Gourmet brewed coffee;Columbian Medium Roast Rg;Astoria
7.60;1;1;202305;May;Thu;Evening;Low;Packaged Chocolate;Organic Chocolate;Sustainably Grown Organic;Hell's Kitchen
18.00;6;4;202305;May;Thu;Evening;Low;Tea;Brewed herbal tea;Lemon Grass Lg;Hell's Kitchen
9.00;3;2;202305;May;Thu;Evening;Low;Tea;Brewed Chai tea;Traditional Blend Chai Lg;Lower Manhattan
17.85;7;5;202305;May;Thu;Evening;Low;Tea;Brewed Chai tea;Spicy Eye Opener Chai Rg;Hell's Kitchen
13.50;3;3;202305;May;Thu;Evening;Low;Bakery;Scone;Scottish Cream Scone ;Lower Manhattan
3.20;4;2;202305;May;Thu;Evening;Low;Flavours;Regular syrup;Chocolate syrup;Hell's Kitchen
18.00;6;3;202305;May;Thu;Evening;Low;Tea;Brewed Black tea;Earl Grey Lg;Lower Manhattan
14.00;1;1;202305;May;Thu;Evening;Low;Branded;Housewares;I Need My Bean! Latte cup;Astoria
13.33;1;1;202305;May;Thu;Evening;Low;Packaged Chocolate;Drinking Chocolate;Chili Mayan;Hell's Kitchen
18.00;1;1;202305;May;Thu;Evening;Low;Coffee beans;Organic Beans;Brazilian - Organic;Hell's Kitchen
17.90;2;2;202305;May;Thu;Evening;Low;Loose Tea;Herbal tea;Lemon Grass;Astoria
20.00;8;5;202305;May;Fri;Night;Low;Tea;Brewed herbal tea;Lemon Grass Rg;Lower Manhattan
3.50;1;1;202305;May;Fri;Night;Low;Bakery;Biscotti;Ginger Biscotti;Lower Manhattan
12.00;4;2;202305;May;Fri;Night;Low;Coffee;Drip coffee;Our Old Time Diner Blend Lg;Lower Manhattan
30.00;8;5;202305;May;Fri;Night;Med;Coffee;Barista Espresso;Latte;Lower Manhattan
5.60;7;3;202305;May;Fri;Night;Low;Flavours;Regular syrup;Hazelnut syrup;Lower Manhattan
18.00;6;3;202305;May;Fri;Night;Low;Coffee;Gourmet brewed coffee;Ethiopia Rg;Lower Manhattan
30.00;10;5;202305;May;Fri;Night;Med;Tea;Brewed Black tea;Earl Grey Lg;Lower Manhattan
14.00;4;4;202305;May;Fri;Night;Low;Bakery;Pastry;Croissant;Lower Manhattan
15.00;6;4;202305;May;Fri;Night;Low;Tea;Brewed Chai tea;Morning Sunrise Chai Rg;Lower Manhattan
10.00;4;3;202305;May;Fri;Night;Low;Tea;Brewed Black tea;Earl Grey Rg;Lower Manhattan
9.00;3;2;202305;May;Fri;Night;Low;Tea;Brewed Green tea;Serenity Green Tea Lg;Lower Manhattan
18.75;5;3;202305;May;Fri;Night;Low;Coffee;Barista Espresso;Cappuccino;Lower Manhattan
8.80;11;5;202305;May;Fri;Night;Low;Flavours;Sugar free syrup;Sugar Free Vanilla syrup;Lower Manhattan
18.75;5;5;202305;May;Fri;Night;Low;Bakery;Pastry;Almond Croissant;Lower Manhattan
15.00;6;3;202305;May;Fri;Night;Low;Coffee;Drip coffee;Our Old Time Diner Blend Rg;Lower Manhattan
18.00;4;4;202305;May;Fri;Night;Low;Bakery;Scone;Scottish Cream Scone ;Lower Manhattan
17.15;7;4;202305;May;Fri;Night;Low;Coffee;Premium brewed coffee;Jamaican Coffee River Sm;Lower Manhattan
12.80;2;2;202305;May;Fri;Night;Low;Packaged Chocolate;Drinking Chocolate;Dark chocolate;Lower Manhattan
10.00;4;3;202305;May;Fri;Night;Low;Tea;Brewed Chai tea;Traditional Blend Chai Rg;Hell's Kitchen
7.50;3;3;202305;May;Fri;Night;Low;Tea;Brewed herbal tea;Lemon Grass Rg;Hell's Kitchen
7.00;2;1;202305;May;Fri;Night;Low;Coffee;Organic brewed coffee;Brazilian Lg;Lower Manhattan
17.60;8;4;202305;May;Fri;Night;Low;Coffee;Gourmet brewed coffee;Ethiopia Sm;Hell's Kitchen
10.00;4;3;202305;May;Fri;Night;Low;Tea;Brewed Black tea;English Breakfast Rg;Lower Manhattan
9.00;3;2;202305;May;Fri;Night;Low;Tea;Brewed herbal tea;Peppermint Lg;Hell's Kitchen
12.00;4;3;202305;May;Fri;Night;Low;Tea;Brewed Black tea;English Breakfast Lg;Lower Manhattan
12.75;5;3;202305;May;Fri;Night;Low;Tea;Brewed Chai tea;Spicy Eye Opener Chai Rg;Hell's Kitchen
12.00;4;3;202305;May;Fri;Night;Low;Tea;Brewed Green tea;Serenity Green Tea Lg;Hell's Kitchen
9.00;2;2;202305;May;Fri;Night;Low;Bakery;Scone;Scottish Cream Scone ;Hell's Kitchen
17.50;5;2;202305;May;Fri;Night;Low;Drinking Chocolate;Hot chocolate;Dark chocolate Rg;Lower Manhattan
3.50;1;1;202305;May;Fri;Night;Low;Bakery;Biscotti;Chocolate Chip Biscotti;Lower Manhattan
4.50;1;1;202305;May;Fri;Night;Low;Drinking Chocolate;Hot chocolate;Dark chocolate Lg;Hell's Kitchen
7.50;2;2;202305;May;Fri;Night;Low;Bakery;Pastry;Chocolate Croissant;Lower Manhattan
6.00;2;1;202305;May;Fri;Night;Low;Coffee;Organic brewed coffee;Brazilian Rg;Hell's Kitchen
6.20;2;1;202305;May;Fri;Night;Low;Tea;Brewed Chai tea;Spicy Eye Opener Chai Lg;Hell's Kitchen
6.00;2;1;202305;May;Fri;Night;Low;Tea;Brewed Black tea;Earl Grey Lg;Hell's Kitchen
3.25;1;1;202305;May;Fri;Night;Low;Bakery;Biscotti;Hazelnut Biscotti;Hell's Kitchen
15.00;4;3;202305;May;Fri;Night;Low;Coffee;Barista Espresso;Cappuccino;Hell's Kitchen
2.40;3;2;202305;May;Fri;Night;Low;Flavours;Regular syrup;Chocolate syrup;Hell's Kitchen
21.25;5;3;202305;May;Fri;Night;Med;Coffee;Barista Espresso;Latte Rg;Lower Manhattan
5.00;2;1;202305;May;Fri;Night;Low;Coffee;Drip coffee;Our Old Time Diner Blend Rg;Hell's Kitchen
3.50;1;1;202305;May;Fri;Night;Low;Drinking Chocolate;Hot chocolate;Dark chocolate Rg;Hell's Kitchen
6.00;2;2;202305;May;Fri;Night;Low;Tea;Brewed Chai tea;Traditional Blend Chai Lg;Hell's Kitchen
8.00;4;3;202305;May;Fri;Night;Low;Coffee;Drip coffee;Our Old Time Diner Blend Sm;Hell's Kitchen
9.75;3;3;202305;May;Fri;Night;Low;Bakery;Scone;Ginger Scone;Hell's Kitchen
10.00;4;2;202305;May;Fri;Night;Low;Tea;Brewed Black tea;English Breakfast Rg;Hell's Kitchen
28.00;7;5;202305;May;Fri;Night;Med;Tea;Brewed Chai tea;Morning Sunrise Chai Lg;Lower Manhattan
12.00;4;2;202305;May;Fri;Night;Low;Coffee;Drip coffee;Our Old Time Diner Blend Lg;Hell's Kitchen
6.60;3;2;202305;May;Fri;Night;Low;Coffee;Organic brewed coffee;Brazilian Sm;Hell's Kitchen
6.50;2;2;202305;May;Fri;Night;Low;Bakery;Scone;Ginger Scone;Lower Manhattan
4.00;5;3;202305;May;Fri;Night;Low;Flavours;Regular syrup;Carmel syrup;Lower Manhattan
17.00;4;3;202305;May;Fri;Night;Low;Coffee;Barista Espresso;Cappuccino Lg;Hell's Kitchen
3.00;1;1;202305;May;Fri;Night;Low;Coffee;Barista Espresso;Espresso shot;Lower Manhattan
17.00;4;3;202305;May;Fri;Night;Low;Coffee;Barista Espresso;Latte Rg;Hell's Kitchen
3.20;4;3;202305;May;Fri;Night;Low;Flavours;Regular syrup;Carmel syrup;Hell's Kitchen
17.50;7;6;202305;May;Fri;Morning;Low;Tea;Brewed Green tea;Serenity Green Tea Rg;Astoria
16.00;20;12;202305;May;Fri;Morning;Low;Flavours;Regular syrup;Carmel syrup;Lower Manhattan
63.00;21;13;202305;May;Fri;Morning;very high;Coffee;Gourmet brewed coffee;Columbian Medium Roast Lg;Astoria
32.50;10;10;202305;May;Fri;Morning;Med;Bakery;Biscotti;Hazelnut Biscotti;Astoria
33.00;15;10;202305;May;Fri;Morning;Med;Coffee;Organic brewed coffee;Brazilian Sm;Astoria
20.00;25;16;202305;May;Fri;Morning;Low;Flavours;Regular syrup;Hazelnut syrup;Lower Manhattan
11.20;14;10;202305;May;Fri;Morning;Low;Flavours;Regular syrup;Carmel syrup;Astoria
76.50;18;13;202305;May;Fri;Morning;very high;Coffee;Barista Espresso;Cappuccino Lg;Astoria
17.60;22;12;202305;May;Fri;Morning;Low;Flavours;Regular syrup;Carmel syrup;Hell's Kitchen
135.00;30;17;202305;May;Fri;Morning;very high;Drinking Chocolate;Hot chocolate;Dark chocolate Lg;Astoria
36.00;18;11;202305;May;Fri;Morning;Med;Coffee;Drip coffee;Our Old Time Diner Blend Sm;Astoria
68.00;17;11;202305;May;Fri;Morning;very high;Tea;Brewed Chai tea;Morning Sunrise Chai Lg;Lower Manhattan
48.75;13;13;202305;May;Fri;Morning;High;Bakery;Pastry;Chocolate Croissant;Astoria
24.50;7;7;202305;May;Fri;Morning;Med;Bakery;Pastry;Croissant;Astoria
14.00;7;5;202305;May;Fri;Morning;Low;Coffee;Gourmet brewed coffee;Columbian Medium Roast Sm;Hell's Kitchen
53.70;20;17;202305;May;Fri;Morning;High;Coffee;Barista Espresso;Ouro Brasileiro shot;Hell's Kitchen
9.50;1;1;202305;May;Fri;Morning;Low;Loose Tea;Chai tea;Morning Sunrise Chai;Hell's Kitchen
24.00;8;6;202305;May;Fri;Morning;Med;Coffee;Gourmet brewed coffee;Columbian Medium Roast Lg;Hell's Kitchen
72.25;17;12;202305;May;Fri;Morning;very high;Coffee;Barista Espresso;Cappuccino Lg;Hell's Kitchen
45.00;18;11;202305;May;Fri;Morning;High;Tea;Brewed Chai tea;Morning Sunrise Chai Rg;Astoria
35.00;14;10;202305;May;Fri;Morning;Med;Tea;Brewed Black tea;Earl Grey Rg;Hell's Kitchen
63.75;17;17;202305;May;Fri;Morning;very high;Bakery;Pastry;Chocolate Croissant;Hell's Kitchen
76.50;17;17;202305;May;Fri;Morning;very high;Bakery;Scone;Scottish Cream Scone ;Hell's Kitchen
20.00;25;13;202305;May;Fri;Morning;Low;Flavours;Sugar free syrup;Sugar Free Vanilla syrup;Lower Manhattan
21.00;7;7;202305;May;Fri;Morning;Med;Bakery;Scone;Oatmeal Scone;Astoria
16.80;21;14;202305;May;Fri;Morning;Low;Flavours;Regular syrup;Chocolate syrup;Hell's Kitchen
59.00;4;4;202305;May;Fri;Morning;High;Coffee beans;Espresso Beans;Espresso Roast;Astoria
63.00;3;3;202305;May;Fri;Morning;very high;Coffee beans;Gourmet Beans;Ethiopia;Hell's Kitchen
28.00;1;1;202305;May;Fri;Morning;Med;Branded;Clothing;I Need My Bean! T-shirt;Hell's Kitchen
57.00;19;12;202305;May;Fri;Morning;High;Tea;Brewed Black tea;Earl Grey Lg;Hell's Kitchen
6.40;8;5;202305;May;Fri;Morning;Low;Flavours;Sugar free syrup;Sugar Free Vanilla syrup;Hell's Kitchen
83.70;27;17;202305;May;Fri;Morning;very high;Tea;Brewed Chai tea;Spicy Eye Opener Chai Lg;Astoria
57.00;19;12;202305;May;Fri;Morning;High;Tea;Brewed Green tea;Serenity Green Tea Lg;Astoria
20.45;1;1;202305;May;Fri;Morning;very high;Coffee beans;Espresso Beans;Primo Espresso Roast;Astoria
71.25;15;10;202305;May;Fri;Morning;very high;Drinking Chocolate;Hot chocolate;Sustainably Grown Organic Lg;Astoria
19.20;24;16;202305;May;Fri;Morning;Low;Flavours;Regular syrup;Chocolate syrup;Astoria
13.33;1;1;202305;May;Fri;Morning;Low;Packaged Chocolate;Drinking Chocolate;Chili Mayan;Astoria
8.95;1;1;202305;May;Fri;Morning;Low;Loose Tea;Black tea;Earl Grey;Astoria
135.00;3;3;202305;May;Fri;Morning;very high;Coffee beans;Premium Beans;Civet Cat;Hell's Kitchen
39.00;13;10;202305;May;Fri;Morning;Med;Coffee;Barista Espresso;Espresso shot;Astoria
42.00;14;8;202305;May;Fri;Morning;High;Coffee;Organic brewed coffee;Brazilian Rg;Astoria
71.25;19;12;202305;May;Fri;Morning;very high;Coffee;Barista Espresso;Cappuccino;Astoria
9.60;12;9;202305;May;Fri;Morning;Low;Flavours;Regular syrup;Hazelnut syrup;Hell's Kitchen
19.75;1;1;202305;May;Fri;Morning;Low;Coffee beans;Premium Beans;Jamacian Coffee River;Astoria
8.95;1;1;202305;May;Fri;Morning;Low;Loose Tea;Chai tea;Traditional Blend Chai;Astoria
52.50;21;12;202305;May;Fri;Morning;High;Tea;Brewed herbal tea;Lemon Grass Rg;Astoria
39.50;2;2;202305;May;Fri;Morning;Med;Coffee beans;Premium Beans;Jamacian Coffee River;Lower Manhattan
30.00;10;10;202305;May;Fri;Morning;Med;Bakery;Scone;Oatmeal Scone;Hell's Kitchen
84.00;24;15;202305;May;Fri;Morning;very high;Coffee;Organic brewed coffee;Brazilian Lg;Astoria
29.25;9;9;202305;May;Fri;Morning;Med;Bakery;Biscotti;Hazelnut Biscotti;Hell's Kitchen
9.25;1;1;202305;May;Fri;Morning;Low;Loose Tea;Green tea;Serenity Green Tea;Lower Manhattan
13.60;17;10;202305;May;Fri;Morning;Low;Flavours;Regular syrup;Chocolate syrup;Lower Manhattan
50.00;20;12;202305;May;Fri;Morning;High;Tea;Brewed herbal tea;Peppermint Rg;Astoria
10.95;1;1;202305;May;Fri;Morning;Low;Loose Tea;Chai tea;Spicy Eye Opener Chai;Hell's Kitchen
44.25;3;3;202305;May;Fri;Morning;High;Coffee beans;Espresso Beans;Espresso Roast;Hell's Kitchen
60.00;15;9;202305;May;Fri;Morning;High;Tea;Brewed Chai tea;Morning Sunrise Chai Lg;Astoria
45.00;3;3;202305;May;Fri;Morning;High;Coffee beans;Gourmet Beans;Columbian Medium Roast;Hell's Kitchen
15.20;2;2;202305;May;Fri;Morning;Low;Packaged Chocolate;Organic Chocolate;Sustainably Grown Organic;Lower Manhattan
33.75;9;9;202305;May;Fri;Morning;Med;Bakery;Scone;Jumbo Savory Scone;Astoria
8.95;1;1;202305;May;Fri;Morning;Low;Loose Tea;Herbal tea;Lemon Grass;Hell's Kitchen
18.00;1;1;202305;May;Fri;Morning;Low;Coffee beans;House blend Beans;Our Old Time Diner Blend;Astoria
28.00;8;8;202305;May;Fri;Morning;Med;Bakery;Biscotti;Chocolate Chip Biscotti;Astoria
10.40;13;9;202305;May;Fri;Morning;Low;Flavours;Sugar free syrup;Sugar Free Vanilla syrup;Astoria
28.00;8;8;202305;May;Fri;Morning;Med;Bakery;Biscotti;Chocolate Chip Biscotti;Hell's Kitchen
9.75;3;3;202305;May;Fri;Afternoon;Low;Bakery;Biscotti;Hazelnut Biscotti;Astoria
4.80;6;3;202305;May;Fri;Afternoon;Low;Flavours;Regular syrup;Hazelnut syrup;Hell's Kitchen
22.50;6;4;202305;May;Fri;Afternoon;Med;Coffee;Barista Espresso;Latte;Hell's Kitchen
3.20;4;3;202305;May;Fri;Afternoon;Low;Flavours;Regular syrup;Carmel syrup;Hell's Kitchen
15.00;4;4;202305;May;Fri;Afternoon;Low;Bakery;Scone;Jumbo Savory Scone;Hell's Kitchen
3.20;4;3;202305;May;Fri;Afternoon;Low;Flavours;Sugar free syrup;Sugar Free Vanilla syrup;Hell's Kitchen
1.60;2;1;202305;May;Fri;Afternoon;Low;Flavours;Regular syrup;Chocolate syrup;Astoria
27.00;9;6;202305;May;Fri;Afternoon;Med;Tea;Brewed herbal tea;Lemon Grass Lg;Astoria
8.95;1;1;202305;May;Fri;Afternoon;Low;Loose Tea;Black tea;English Breakfast;Hell's Kitchen
4.80;6;4;202305;May;Fri;Afternoon;Low;Flavours;Regular syrup;Chocolate syrup;Hell's Kitchen
10.40;13;7;202305;May;Fri;Afternoon;Low;Flavours;Regular syrup;Carmel syrup;Lower Manhattan
10.50;3;3;202305;May;Fri;Afternoon;Low;Bakery;Biscotti;Ginger Biscotti;Hell's Kitchen
17.50;7;4;202305;May;Fri;Afternoon;Low;Tea;Brewed Chai tea;Traditional Blend Chai Rg;Hell's Kitchen
22.50;6;6;202305;May;Fri;Afternoon;Med;Bakery;Pastry;Chocolate Croissant;Lower Manhattan
9.25;1;1;202305;May;Fri;Afternoon;Low;Loose Tea;Green tea;Serenity Green Tea;Astoria
5.60;7;4;202305;May;Fri;Afternoon;Low;Flavours;Regular syrup;Hazelnut syrup;Lower Manhattan
26.25;7;6;202305;May;Fri;Afternoon;Med;Drinking Chocolate;Hot chocolate;Sustainably Grown Organic Rg;Hell's Kitchen
12.50;5;4;202305;May;Fri;Afternoon;Low;Tea;Brewed herbal tea;Lemon Grass Rg;Hell's Kitchen
8.95;1;1;202305;May;Fri;Afternoon;Low;Loose Tea;Herbal tea;Lemon Grass;Hell's Kitchen
8.95;1;1;202305;May;Fri;Afternoon;Low;Loose Tea;Black tea;Earl Grey;Astoria
19.75;1;1;202305;May;Fri;Afternoon;Low;Coffee beans;Premium Beans;Jamacian Coffee River;Hell's Kitchen
22.75;7;6;202305;May;Fri;Afternoon;Med;Bakery;Scone;Ginger Scone;Hell's Kitchen
9.75;3;3;202305;May;Fri;Afternoon;Low;Bakery;Scone;Cranberry Scone;Lower Manhattan
0.80;1;1;202305;May;Fri;Afternoon;Low;Flavours;Regular syrup;Hazelnut syrup;Astoria
22.50;1;1;202305;May;Fri;Afternoon;Med;Coffee beans;Organic Beans;Organic Decaf Blend;Lower Manhattan
4.80;6;4;202305;May;Fri;Afternoon;Low;Flavours;Sugar free syrup;Sugar Free Vanilla syrup;Lower Manhattan
14.75;1;1;202305;May;Fri;Afternoon;Low;Coffee beans;Espresso Beans;Espresso Roast;Lower Manhattan
35.00;10;6;202305;May;Fri;Afternoon;Med;Coffee;Organic brewed coffee;Brazilian Lg;Hell's Kitchen
20.45;1;1;202305;May;Fri;Afternoon;very high;Coffee beans;Espresso Beans;Primo Espresso Roast;Hell's Kitchen
8.95;1;1;202305;May;Fri;Afternoon;Low;Loose Tea;Chai tea;Traditional Blend Chai;Hell's Kitchen
19.00;4;3;202305;May;Fri;Evening;Low;Drinking Chocolate;Hot chocolate;Sustainably Grown Organic Lg;Lower Manhattan
7.50;3;2;202305;May;Fri;Evening;Low;Coffee;Gourmet brewed coffee;Columbian Medium Roast Rg;Lower Manhattan
15.00;5;4;202305;May;Fri;Evening;Low;Tea;Brewed herbal tea;Lemon Grass Lg;Lower Manhattan
4.00;5;3;202305;May;Fri;Evening;Low;Flavours;Regular syrup;Carmel syrup;Astoria
9.75;3;3;202305;May;Fri;Evening;Low;Bakery;Scone;Ginger Scone;Lower Manhattan
4.00;5;3;202305;May;Fri;Evening;Low;Flavours;Regular syrup;Carmel syrup;Hell's Kitchen
7.20;9;5;202305;May;Fri;Evening;Low;Flavours;Sugar free syrup;Sugar Free Vanilla syrup;Lower Manhattan
4.00;5;4;202305;May;Fri;Evening;Low;Flavours;Regular syrup;Chocolate syrup;Astoria
21.00;1;1;202305;May;Fri;Evening;Med;Coffee beans;Gourmet Beans;Ethiopia;Lower Manhattan
3.50;1;1;202305;May;Fri;Evening;Low;Bakery;Pastry;Croissant;Lower Manhattan
14.00;7;4;202305;May;Fri;Evening;Low;Coffee;Gourmet brewed coffee;Columbian Medium Roast Sm;Lower Manhattan
5.60;7;4;202305;May;Fri;Evening;Low;Flavours;Regular syrup;Carmel syrup;Lower Manhattan
8.95;1;1;202305;May;Fri;Evening;Low;Loose Tea;Black tea;English Breakfast;Hell's Kitchen
8.95;1;1;202305;May;Fri;Evening;Low;Loose Tea;Herbal tea;Peppermint;Astoria
2.40;3;2;202305;May;Fri;Evening;Low;Flavours;Regular syrup;Hazelnut syrup;Hell's Kitchen
29.75;7;5;202305;May;Fri;Evening;Med;Coffee;Barista Espresso;Latte Rg;Lower Manhattan
4.80;6;4;202305;May;Fri;Evening;Low;Flavours;Regular syrup;Chocolate syrup;Lower Manhattan
6.60;3;2;202305;May;Fri;Evening;Low;Coffee;Organic brewed coffee;Brazilian Sm;Lower Manhattan
9.25;1;1;202305;May;Fri;Evening;Low;Loose Tea;Green tea;Serenity Green Tea;Astoria
7.50;2;2;202305;May;Fri;Evening;Low;Bakery;Scone;Jumbo Savory Scone;Hell's Kitchen
7.50;3;2;202305;May;Fri;Evening;Low;Tea;Brewed herbal tea;Peppermint Rg;Lower Manhattan
6.40;1;1;202305;May;Fri;Evening;Low;Packaged Chocolate;Drinking Chocolate;Dark chocolate;Hell's Kitchen
2.40;3;2;202305;May;Fri;Evening;Low;Flavours;Sugar free syrup;Sugar Free Vanilla syrup;Hell's Kitchen
14.00;1;1;202305;May;Fri;Evening;Low;Branded;Housewares;I Need My Bean! Latte cup;Hell's Kitchen
6.40;8;5;202305;May;Fri;Evening;Low;Flavours;Regular syrup;Chocolate syrup;Hell's Kitchen
24.00;8;6;202305;May;Sat;Morning;Med;Tea;Brewed Black tea;English Breakfast Lg;Astoria
30.00;8;8;202305;May;Sat;Morning;Med;Bakery;Pastry;Almond Croissant;Astoria
28.80;36;22;202305;May;Sat;Morning;Med;Flavours;Regular syrup;Carmel syrup;Lower Manhattan
45.00;18;12;202305;May;Sat;Morning;High;Tea;Brewed Green tea;Serenity Green Tea Rg;Astoria
28.00;35;20;202305;May;Sat;Morning;Med;Flavours;Regular syrup;Chocolate syrup;Lower Manhattan
36.00;12;12;202305;May;Sat;Morning;Med;Bakery;Scone;Oatmeal Scone;Astoria
35.00;14;11;202305;May;Sat;Morning;Med;Tea;Brewed Chai tea;Morning Sunrise Chai Rg;Astoria
60.00;20;13;202305;May;Sat;Morning;High;Tea;Brewed Chai tea;Traditional Blend Chai Lg;Astoria
16.00;20;12;202305;May;Sat;Morning;Low;Flavours;Regular syrup;Hazelnut syrup;Lower Manhattan
63.00;18;13;202305;May;Sat;Morning;very high;Coffee;Gourmet brewed coffee;Ethiopia Lg;Astoria
30.00;12;9;202305;May;Sat;Morning;Med;Tea;Brewed herbal tea;Lemon Grass Rg;Astoria
26.00;13;10;202305;May;Sat;Morning;Med;Coffee;Drip coffee;Our Old Time Diner Blend Sm;Astoria
46.55;19;15;202305;May;Sat;Morning;High;Coffee;Premium brewed coffee;Jamaican Coffee River Sm;Astoria
24.50;7;7;202305;May;Sat;Morning;Med;Bakery;Biscotti;Chocolate Chip Biscotti;Astoria
8.95;1;1;202305;May;Sat;Morning;Low;Loose Tea;Chai tea;Traditional Blend Chai;Lower Manhattan
33.00;11;8;202305;May;Sat;Morning;Med;Coffee;Gourmet brewed coffee;Ethiopia Rg;Astoria
35.20;16;13;202305;May;Sat;Morning;Med;Coffee;Organic brewed coffee;Brazilian Sm;Astoria
36.00;8;8;202305;May;Sat;Morning;Med;Bakery;Scone;Scottish Cream Scone ;Astoria
66.00;22;16;202305;May;Sat;Morning;very high;Coffee;Drip coffee;Our Old Time Diner Blend Lg;Astoria
56.25;15;12;202305;May;Sat;Morning;High;Drinking Chocolate;Hot chocolate;Sustainably Grown Organic Rg;Astoria
41.25;11;8;202305;May;Sat;Morning;High;Coffee;Barista Espresso;Latte;Astoria
7.20;9;7;202305;May;Sat;Morning;Low;Flavours;Sugar free syrup;Sugar Free Vanilla syrup;Astoria
18.40;23;14;202305;May;Sat;Morning;Low;Flavours;Sugar free syrup;Sugar Free Vanilla syrup;Lower Manhattan
37.50;10;10;202305;May;Sat;Morning;Med;Bakery;Scone;Jumbo Savory Scone;Astoria
4.80;6;5;202305;May;Sat;Morning;Low;Flavours;Regular syrup;Carmel syrup;Astoria
12.00;15;8;202305;May;Sat;Morning;Low;Flavours;Regular syrup;Chocolate syrup;Astoria
52.50;15;12;202305;May;Sat;Morning;High;Coffee;Organic brewed coffee;Brazilian Lg;Astoria
46.50;15;13;202305;May;Sat;Morning;High;Tea;Brewed Chai tea;Spicy Eye Opener Chai Lg;Astoria
90.00;30;18;202305;May;Sat;Morning;very high;Tea;Brewed Black tea;Earl Grey Lg;Hell's Kitchen
71.30;23;15;202305;May;Sat;Morning;very high;Tea;Brewed Chai tea;Spicy Eye Opener Chai Lg;Hell's Kitchen
39.00;13;9;202305;May;Sat;Morning;Med;Tea;Brewed Green tea;Serenity Green Tea Lg;Astoria
27.00;9;6;202305;May;Sat;Morning;Med;Coffee;Barista Espresso;Espresso shot;Astoria
21.90;2;2;202305;May;Sat;Morning;Med;Loose Tea;Chai tea;Spicy Eye Opener Chai;Hell's Kitchen
46.50;15;12;202305;May;Sat;Morning;High;Coffee;Premium brewed coffee;Jamaican Coffee River Rg;Astoria
85.00;34;23;202305;May;Sat;Morning;very high;Tea;Brewed Chai tea;Traditional Blend Chai Rg;Hell's Kitchen
41.25;11;11;202305;May;Sat;Morning;High;Bakery;Scone;Jumbo Savory Scone;Hell's Kitchen
17.90;2;2;202305;May;Sat;Morning;Low;Loose Tea;Herbal tea;Lemon Grass;Hell's Kitchen
58.00;29;18;202305;May;Sat;Morning;High;Coffee;Gourmet brewed coffee;Columbian Medium Roast Sm;Hell's Kitchen
39.00;13;12;202305;May;Sat;Morning;Med;Coffee;Organic brewed coffee;Brazilian Rg;Astoria
31.50;9;9;202305;May;Sat;Morning;Med;Bakery;Pastry;Croissant;Astoria
16.00;20;12;202305;May;Sat;Morning;Low;Flavours;Regular syrup;Carmel syrup;Hell's Kitchen
97.50;26;16;202305;May;Sat;Morning;very high;Coffee;Barista Espresso;Latte;Hell's Kitchen
25.60;32;20;202305;May;Sat;Morning;Med;Flavours;Regular syrup;Chocolate syrup;Hell's Kitchen
28.05;11;9;202305;May;Sat;Morning;Med;Tea;Brewed Chai tea;Spicy Eye Opener Chai Rg;Astoria
29.50;2;2;202305;May;Sat;Morning;Med;Coffee beans;Espresso Beans;Espresso Roast;Lower Manhattan
24.00;30;21;202305;May;Sat;Morning;Med;Flavours;Regular syrup;Hazelnut syrup;Hell's Kitchen
22.50;1;1;202305;May;Sat;Morning;Med;Coffee beans;Organic Beans;Organic Decaf Blend;Hell's Kitchen
12.80;16;13;202305;May;Sat;Morning;Low;Flavours;Sugar free syrup;Sugar Free Vanilla syrup;Hell's Kitchen
32.50;10;10;202305;May;Sat;Morning;Med;Bakery;Biscotti;Hazelnut Biscotti;Astoria
19.50;6;6;202305;May;Sat;Morning;Low;Bakery;Biscotti;Hazelnut Biscotti;Hell's Kitchen
19.00;2;2;202305;May;Sat;Morning;Low;Loose Tea;Chai tea;Morning Sunrise Chai;Hell's Kitchen
12.80;2;2;202305;May;Sat;Morning;Low;Packaged Chocolate;Drinking Chocolate;Dark chocolate;Hell's Kitchen
42.50;17;13;202305;May;Sat;Morning;High;Coffee;Drip coffee;Our Old Time Diner Blend Rg;Astoria
54.00;18;14;202305;May;Sat;Morning;High;Tea;Brewed herbal tea;Peppermint Lg;Astoria
19.75;1;1;202305;May;Sat;Morning;Low;Coffee beans;Premium Beans;Jamacian Coffee River;Hell's Kitchen
29.40;12;8;202305;May;Sat;Morning;Med;Coffee;Premium brewed coffee;Jamaican Coffee River Sm;Hell's Kitchen
29.50;2;2;202305;May;Sat;Morning;Med;Coffee beans;Espresso Beans;Espresso Roast;Hell's Kitchen
4.80;6;4;202305;May;Sat;Morning;Low;Flavours;Regular syrup;Hazelnut syrup;Astoria
18.50;2;2;202305;May;Sat;Morning;Low;Loose Tea;Green tea;Serenity Green Tea;Lower Manhattan
20.45;1;1;202305;May;Sat;Morning;very high;Coffee beans;Espresso Beans;Primo Espresso Roast;Hell's Kitchen
22.50;9;7;202305;May;Sat;Morning;Med;Tea;Brewed Chai tea;Traditional Blend Chai Rg;Astoria
38.25;9;8;202305;May;Sat;Morning;Med;Coffee;Barista Espresso;Cappuccino Lg;Hell's Kitchen
42.00;2;2;202305;May;Sat;Morning;High;Coffee beans;Gourmet Beans;Ethiopia;Hell's Kitchen
8.95;1;1;202305;May;Sat;Morning;Low;Loose Tea;Herbal tea;Peppermint;Hell's Kitchen
28.00;2;2;202305;May;Sat;Morning;Med;Branded;Housewares;I Need My Bean! Latte cup;Lower Manhattan
17.90;2;2;202305;May;Sat;Morning;Low;Loose Tea;Chai tea;Traditional Blend Chai;Hell's Kitchen
10.50;3;3;202305;May;Sat;Morning;Low;Bakery;Pastry;Croissant;Hell's Kitchen
15.20;2;2;202305;May;Sat;Morning;Low;Packaged Chocolate;Organic Chocolate;Sustainably Grown Organic;Hell's Kitchen
45.00;1;1;202305;May;Sat;Morning;High;Coffee beans;Premium Beans;Civet Cat;Hell's Kitchen
13.33;1;1;202305;May;Sat;Morning;Low;Packaged Chocolate;Drinking Chocolate;Chili Mayan;Lower Manhattan
36.00;2;2;202305;May;Sat;Morning;Med;Coffee beans;Organic Beans;Brazilian - Organic;Hell's Kitchen
25.00;10;8;202305;May;Sat;Morning;Med;Tea;Brewed Black tea;Earl Grey Rg;Astoria
8.95;1;1;202305;May;Sat;Afternoon;Low;Loose Tea;Herbal tea;Peppermint;Lower Manhattan
21.00;7;5;202305;May;Sat;Afternoon;Med;Tea;Brewed Chai tea;Traditional Blend Chai Lg;Astoria
17.50;7;5;202305;May;Sat;Afternoon;Low;Tea;Brewed Chai tea;Morning Sunrise Chai Rg;Astoria
21.00;1;1;202305;May;Sat;Afternoon;Med;Coffee beans;Gourmet Beans;Ethiopia;Lower Manhattan
3.20;4;4;202305;May;Sat;Afternoon;Low;Flavours;Sugar free syrup;Sugar Free Vanilla syrup;Lower Manhattan
7.20;9;6;202305;May;Sat;Afternoon;Low;Flavours;Regular syrup;Carmel syrup;Lower Manhattan
1.60;2;1;202305;May;Sat;Afternoon;Low;Flavours;Regular syrup;Hazelnut syrup;Lower Manhattan
11.20;14;9;202305;May;Sat;Afternoon;Low;Flavours;Regular syrup;Chocolate syrup;Lower Manhattan
12.00;6;4;202305;May;Sat;Afternoon;Low;Coffee;Gourmet brewed coffee;Columbian Medium Roast Sm;Astoria
9.50;1;1;202305;May;Sat;Afternoon;Low;Loose Tea;Chai tea;Morning Sunrise Chai;Hell's Kitchen
25.00;10;8;202305;May;Sat;Afternoon;Med;Tea;Brewed Black tea;English Breakfast Rg;Astoria
17.50;5;5;202305;May;Sat;Afternoon;Low;Bakery;Biscotti;Chocolate Chip Biscotti;Lower Manhattan
21.00;7;4;202305;May;Sat;Afternoon;Med;Tea;Brewed herbal tea;Peppermint Lg;Lower Manhattan
24.50;7;4;202305;May;Sat;Afternoon;Med;Coffee;Gourmet brewed coffee;Ethiopia Lg;Hell's Kitchen
7.00;2;2;202305;May;Sat;Afternoon;Low;Bakery;Biscotti;Ginger Biscotti;Lower Manhattan
14.00;4;4;202305;May;Sat;Afternoon;Low;Bakery;Biscotti;Ginger Biscotti;Hell's Kitchen
15.00;1;1;202305;May;Sat;Afternoon;Low;Coffee beans;Gourmet Beans;Columbian Medium Roast;Hell's Kitchen
6.40;8;5;202305;May;Sat;Afternoon;Low;Flavours;Regular syrup;Hazelnut syrup;Hell's Kitchen
1.60;2;1;202305;May;Sat;Afternoon;Low;Flavours;Regular syrup;Chocolate syrup;Astoria
15.20;2;2;202305;May;Sat;Afternoon;Low;Packaged Chocolate;Organic Chocolate;Sustainably Grown Organic;Hell's Kitchen
2.40;3;3;202305;May;Sat;Afternoon;Low;Flavours;Sugar free syrup;Sugar Free Vanilla syrup;Astoria
90.00;2;2;202305;May;Sat;Afternoon;very high;Coffee beans;Premium Beans;Civet Cat;Lower Manhattan
8.00;10;7;202305;May;Sat;Afternoon;Low;Flavours;Regular syrup;Carmel syrup;Hell's Kitchen
31.50;7;5;202305;May;Sat;Afternoon;Med;Drinking Chocolate;Hot chocolate;Dark chocolate Lg;Hell's Kitchen
0.80;1;1;202305;May;Sat;Afternoon;Low;Flavours;Regular syrup;Carmel syrup;Astoria
4.00;5;4;202305;May;Sat;Afternoon;Low;Flavours;Regular syrup;Chocolate syrup;Hell's Kitchen
18.00;1;1;202305;May;Sat;Afternoon;Low;Coffee beans;Organic Beans;Brazilian - Organic;Hell's Kitchen
9.75;3;3;202305;May;Thu;Night;Low;Bakery;Biscotti;Hazelnut Biscotti;Lower Manhattan
21.00;7;5;202305;May;Fri;Night;Med;Tea;Brewed herbal tea;Peppermint Lg;Lower Manhattan
2.40;3;2;202305;May;Fri;Afternoon;Low;Flavours;Regular syrup;Carmel syrup;Astoria
18.00;1;1;202305;May;Sat;Afternoon;Low;Coffee beans;Organic Beans;Brazilian - Organic;Lower Manhattan
7.60;1;1;202305;May;Sat;Afternoon;Low;Packaged Chocolate;Organic Chocolate;Sustainably Grown Organic;Lower Manhattan
18.00;1;1;202305;May;Sat;Evening;Low;Coffee beans;House blend Beans;Our Old Time Diner Blend;Lower Manhattan
8.95;1;1;202305;May;Sat;Evening;Low;Loose Tea;Herbal tea;Peppermint;Lower Manhattan
4.80;6;4;202305;May;Sat;Evening;Low;Flavours;Regular syrup;Chocolate syrup;Lower Manhattan
26.40;12;6;202305;May;Sat;Evening;Med;Coffee;Organic brewed coffee;Brazilian Sm;Hell's Kitchen
11.25;3;3;202305;May;Sat;Evening;Low;Bakery;Scone;Jumbo Savory Scone;Hell's Kitchen
27.00;9;7;202305;May;Sat;Evening;Med;Tea;Brewed herbal tea;Peppermint Lg;Astoria
6.40;8;6;202305;May;Sat;Evening;Low;Flavours;Sugar free syrup;Sugar Free Vanilla syrup;Lower Manhattan
14.75;1;1;202305;May;Sat;Evening;Low;Coffee beans;Espresso Beans;Espresso Roast;Hell's Kitchen
10.50;3;3;202305;May;Sat;Evening;Low;Bakery;Pastry;Croissant;Hell's Kitchen
14.00;1;1;202305;May;Sat;Evening;Low;Branded;Housewares;I Need My Bean! Latte cup;Lower Manhattan
8.95;1;1;202305;May;Sat;Evening;Low;Loose Tea;Chai tea;Traditional Blend Chai;Lower Manhattan
4.80;6;4;202305;May;Sat;Evening;Low;Flavours;Sugar free syrup;Sugar Free Vanilla syrup;Hell's Kitchen
45.00;12;7;202305;May;Sat;Evening;High;Drinking Chocolate;Hot chocolate;Sustainably Grown Organic Rg;Hell's Kitchen
12.00;4;3;202305;May;Sat;Evening;Low;Coffee;Gourmet brewed coffee;Ethiopia Rg;Hell's Kitchen
15.00;6;3;202305;May;Sat;Evening;Low;Tea;Brewed Chai tea;Morning Sunrise Chai Rg;Lower Manhattan
17.50;7;3;202305;May;Sat;Evening;Low;Coffee;Drip coffee;Our Old Time Diner Blend Rg;Lower Manhattan
19.75;1;1;202305;May;Sat;Evening;Low;Coffee beans;Premium Beans;Jamacian Coffee River;Hell's Kitchen
3.20;4;2;202305;May;Sat;Evening;Low;Flavours;Regular syrup;Hazelnut syrup;Astoria
12.00;4;2;202305;May;Sat;Evening;Low;Tea;Brewed Chai tea;Traditional Blend Chai Lg;Lower Manhattan
8.95;1;1;202305;May;Sat;Evening;Low;Loose Tea;Black tea;Earl Grey;Lower Manhattan
8.95;1;1;202305;May;Sat;Evening;Low;Loose Tea;Black tea;Earl Grey;Hell's Kitchen
18.75;5;4;202305;May;Sat;Evening;Low;Coffee;Barista Espresso;Cappuccino;Astoria
1.60;2;2;202305;May;Sat;Evening;Low;Flavours;Regular syrup;Chocolate syrup;Astoria
18.00;1;1;202305;May;Sat;Evening;Low;Coffee beans;Organic Beans;Brazilian - Organic;Hell's Kitchen
15.00;6;3;202305;May;Sat;Evening;Low;Tea;Brewed Black tea;English Breakfast Rg;Lower Manhattan
9.00;2;2;202305;May;Sat;Evening;Low;Bakery;Scone;Scottish Cream Scone ;Hell's Kitchen
3.10;1;1;202305;May;Sat;Evening;Low;Coffee;Premium brewed coffee;Jamaican Coffee River Rg;Lower Manhattan
45.00;2;2;202305;May;Sat;Evening;High;Coffee beans;Organic Beans;Organic Decaf Blend;Hell's Kitchen
2.40;3;3;202305;May;Sat;Evening;Low;Flavours;Regular syrup;Carmel syrup;Astoria
9.60;12;7;202305;May;Sat;Evening;Low;Flavours;Regular syrup;Hazelnut syrup;Hell's Kitchen
10.40;13;7;202305;May;Sat;Evening;Low;Flavours;Regular syrup;Carmel syrup;Hell's Kitchen
39.99;3;3;202305;May;Sun;Morning;Med;Packaged Chocolate;Drinking Chocolate;Chili Mayan;Lower Manhattan
27.00;6;6;202305;May;Sun;Morning;Med;Bakery;Scone;Scottish Cream Scone ;Lower Manhattan
40.50;15;8;202305;May;Sun;Morning;very high;Coffee;Barista Espresso;Ouro Brasileiro shot;Lower Manhattan
69.00;23;13;202305;May;Sun;Morning;very high;Tea;Brewed herbal tea;Peppermint Lg;Astoria
14.75;1;1;202305;May;Sun;Morning;Low;Coffee beans;Espresso Beans;Espresso Roast;Hell's Kitchen
60.00;4;4;202305;May;Sun;Morning;High;Coffee beans;Gourmet Beans;Columbian Medium Roast;Astoria
9.60;12;8;202305;May;Sun;Morning;Low;Flavours;Sugar free syrup;Sugar Free Vanilla syrup;Astoria
21.00;6;6;202305;May;Sun;Morning;Med;Bakery;Biscotti;Ginger Biscotti;Astoria
69.00;23;14;202305;May;Sun;Morning;very high;Coffee;Organic brewed coffee;Brazilian Rg;Astoria
45.00;2;2;202305;May;Sun;Morning;High;Coffee beans;Organic Beans;Organic Decaf Blend;Astoria
39.00;13;8;202305;May;Sun;Morning;Med;Tea;Brewed Black tea;Earl Grey Lg;Astoria
31.50;9;9;202305;May;Sun;Morning;Med;Bakery;Biscotti;Chocolate Chip Biscotti;Hell's Kitchen
55.00;22;13;202305;May;Sun;Morning;High;Tea;Brewed Green tea;Serenity Green Tea Rg;Astoria
22.50;1;1;202305;May;Sun;Morning;Med;Coffee beans;Organic Beans;Organic Decaf Blend;Hell's Kitchen
36.00;3;3;202305;May;Sun;Morning;Med;Branded;Housewares;I Need My Bean! Diner mug;Lower Manhattan
26.66;2;2;202305;May;Sun;Morning;Med;Packaged Chocolate;Drinking Chocolate;Chili Mayan;Hell's Kitchen
12.80;16;9;202305;May;Sun;Morning;Low;Flavours;Regular syrup;Carmel syrup;Astoria
15.20;2;2;202305;May;Sun;Morning;Low;Packaged Chocolate;Organic Chocolate;Sustainably Grown Organic;Astoria
42.00;12;12;202305;May;Sun;Morning;High;Bakery;Pastry;Croissant;Lower Manhattan
28.00;2;2;202305;May;Sun;Morning;Med;Branded;Housewares;I Need My Bean! Latte cup;Lower Manhattan
17.90;2;2;202305;May;Sun;Morning;Low;Loose Tea;Black tea;English Breakfast;Astoria
7.60;1;1;202305;May;Sun;Morning;Low;Packaged Chocolate;Organic Chocolate;Sustainably Grown Organic;Hell's Kitchen
10.40;13;9;202305;May;Sun;Morning;Low;Flavours;Regular syrup;Chocolate syrup;Astoria
17.90;2;2;202305;May;Sun;Morning;Low;Loose Tea;Chai tea;Traditional Blend Chai;Hell's Kitchen
8.95;1;1;202305;May;Sun;Morning;Low;Loose Tea;Black tea;English Breakfast;Hell's Kitchen
30.00;2;2;202305;May;Sun;Morning;Med;Coffee beans;Gourmet Beans;Columbian Medium Roast;Lower Manhattan
9.50;1;1;202305;May;Sun;Morning;Low;Loose Tea;Chai tea;Morning Sunrise Chai;Lower Manhattan
135.00;3;3;202305;May;Sun;Morning;very high;Coffee beans;Premium Beans;Civet Cat;Hell's Kitchen
17.90;2;2;202305;May;Sun;Morning;Low;Loose Tea;Herbal tea;Lemon Grass;Hell's Kitchen
8.00;10;6;202305;May;Sun;Morning;Low;Flavours;Regular syrup;Hazelnut syrup;Astoria
39.50;2;2;202305;May;Sun;Morning;Med;Coffee beans;Premium Beans;Jamacian Coffee River;Astoria
17.90;2;2;202305;May;Sun;Morning;Low;Loose Tea;Herbal tea;Peppermint;Hell's Kitchen
214.00;8;8;202305;May;Sun;Morning;very high;Branded;Clothing;I Need My Bean! T-shirt;Astoria
8.95;1;1;202305;May;Sun;Morning;Low;Loose Tea;Herbal tea;Lemon Grass;Lower Manhattan
47.00;3;3;202305;May;Sun;Morning;High;Branded;Housewares;I Need My Bean! Diner mug;Astoria
56.00;2;2;202305;May;Sun;Morning;High;Branded;Clothing;I Need My Bean! T-shirt;Lower Manhattan
62.40;22;16;202305;May;Sun;Morning;very high;Coffee;Barista Espresso;Ouro Brasileiro shot;Hell's Kitchen
10.95;1;1;202305;May;Sun;Morning;Low;Loose Tea;Chai tea;Spicy Eye Opener Chai;Hell's Kitchen
7.00;2;2;202305;May;Sun;Afternoon;Low;Bakery;Pastry;Croissant;Hell's Kitchen
33.75;9;6;202305;May;Sun;Afternoon;Med;Drinking Chocolate;Hot chocolate;Sustainably Grown Organic Rg;Lower Manhattan
27.00;9;7;202305;May;Sun;Afternoon;Med;Tea;Brewed herbal tea;Lemon Grass Lg;Astoria
4.00;5;3;202305;May;Sun;Afternoon;Low;Flavours;Regular syrup;Hazelnut syrup;Astoria
8.95;1;1;202305;May;Sun;Afternoon;Low;Loose Tea;Black tea;English Breakfast;Hell's Kitchen
42.00;14;8;202305;May;Sun;Afternoon;High;Tea;Brewed Black tea;English Breakfast Lg;Lower Manhattan
15.00;6;4;202305;May;Sun;Afternoon;Low;Tea;Brewed Chai tea;Traditional Blend Chai Rg;Lower Manhattan
15.00;6;3;202305;May;Sun;Afternoon;Low;Tea;Brewed herbal tea;Lemon Grass Rg;Hell's Kitchen
15.00;4;3;202305;May;Sun;Afternoon;Low;Coffee;Premium brewed coffee;Jamaican Coffee River Lg;Lower Manhattan
45.00;2;2;202305;May;Sun;Afternoon;High;Coffee beans;Organic Beans;Organic Decaf Blend;Lower Manhattan
22.00;10;6;202305;May;Sun;Afternoon;Med;Coffee;Organic brewed coffee;Brazilian Sm;Lower Manhattan
8.95;1;1;202305;May;Sun;Afternoon;Low;Loose Tea;Chai tea;Traditional Blend Chai;Lower Manhattan
38.50;11;8;202305;May;Sun;Afternoon;Med;Coffee;Gourmet brewed coffee;Ethiopia Lg;Lower Manhattan
15.00;5;5;202305;May;Sun;Afternoon;Low;Bakery;Scone;Oatmeal Scone;Lower Manhattan
21.70;7;4;202305;May;Sun;Afternoon;Med;Tea;Brewed Chai tea;Spicy Eye Opener Chai Lg;Lower Manhattan
30.00;10;6;202305;May;Sun;Afternoon;Med;Coffee;Gourmet brewed coffee;Columbian Medium Roast Lg;Lower Manhattan
36.30;13;11;202305;May;Sun;Afternoon;Med;Coffee;Barista Espresso;Ouro Brasileiro shot;Lower Manhattan
18.00;6;4;202305;May;Sun;Afternoon;Low;Coffee;Drip coffee;Our Old Time Diner Blend Lg;Hell's Kitchen
27.00;9;6;202305;May;Sun;Afternoon;Med;Tea;Brewed Green tea;Serenity Green Tea Lg;Lower Manhattan
24.00;2;2;202305;May;Sun;Afternoon;Med;Branded;Housewares;I Need My Bean! Diner mug;Lower Manhattan
29.25;9;9;202305;May;Sun;Afternoon;Med;Bakery;Biscotti;Hazelnut Biscotti;Lower Manhattan
22.50;6;6;202305;May;Sun;Afternoon;Med;Bakery;Scone;Jumbo Savory Scone;Hell's Kitchen
5.60;7;5;202305;May;Sun;Afternoon;Low;Flavours;Sugar free syrup;Sugar Free Vanilla syrup;Lower Manhattan
28.00;1;1;202305;May;Sun;Afternoon;Med;Branded;Clothing;I Need My Bean! T-shirt;Lower Manhattan
26.25;7;7;202305;May;Sun;Afternoon;Med;Bakery;Scone;Jumbo Savory Scone;Astoria
6.00;3;3;202305;May;Sun;Afternoon;Low;Coffee;Gourmet brewed coffee;Columbian Medium Roast Sm;Lower Manhattan
21.90;2;2;202305;May;Sun;Afternoon;Med;Loose Tea;Chai tea;Spicy Eye Opener Chai;Astoria
4.00;5;3;202305;May;Sun;Afternoon;Low;Flavours;Sugar free syrup;Sugar Free Vanilla syrup;Astoria
24.50;7;6;202305;May;Sun;Afternoon;Med;Drinking Chocolate;Hot chocolate;Dark chocolate Rg;Astoria
2.40;3;2;202305;May;Sun;Afternoon;Low;Flavours;Regular syrup;Chocolate syrup;Lower Manhattan
17.90;2;2;202305;May;Sun;Afternoon;Low;Loose Tea;Black tea;English Breakfast;Lower Manhattan
22.95;9;5;202305;May;Sun;Afternoon;Med;Tea;Brewed Chai tea;Spicy Eye Opener Chai Rg;Lower Manhattan
13.50;3;3;202305;May;Sun;Afternoon;Low;Bakery;Scone;Scottish Cream Scone ;Lower Manhattan
12.50;5;4;202305;May;Sun;Afternoon;Low;Tea;Brewed herbal tea;Peppermint Rg;Hell's Kitchen
67.50;3;3;202305;May;Sun;Afternoon;very high;Coffee beans;Organic Beans;Organic Decaf Blend;Hell's Kitchen
21.00;6;5;202305;May;Sun;Afternoon;Med;Drinking Chocolate;Hot chocolate;Dark chocolate Rg;Lower Manhattan
55.20;19;13;202305;May;Sun;Afternoon;High;Coffee;Barista Espresso;Ouro Brasileiro shot;Hell's Kitchen
18.00;1;1;202305;May;Sun;Afternoon;Low;Coffee beans;Organic Beans;Brazilian - Organic;Hell's Kitchen
12.40;4;3;202305;May;Sun;Afternoon;Low;Coffee;Premium brewed coffee;Jamaican Coffee River Rg;Hell's Kitchen
13.50;3;3;202305;May;Sun;Afternoon;Low;Drinking Chocolate;Hot chocolate;Dark chocolate Lg;Lower Manhattan
39.50;2;2;202305;May;Sun;Afternoon;Med;Coffee beans;Premium Beans;Jamacian Coffee River;Astoria
15.40;7;4;202305;May;Sun;Afternoon;Low;Coffee;Gourmet brewed coffee;Ethiopia Sm;Lower Manhattan
15.00;6;4;202305;May;Sun;Afternoon;Low;Tea;Brewed Black tea;Earl Grey Rg;Lower Manhattan
12.00;4;3;202305;May;Sun;Afternoon;Low;Tea;Brewed Chai tea;Traditional Blend Chai Lg;Lower Manhattan
10.50;3;3;202305;May;Sun;Afternoon;Low;Bakery;Pastry;Croissant;Astoria
55.25;13;9;202305;May;Sun;Afternoon;High;Coffee;Barista Espresso;Cappuccino Lg;Lower Manhattan
2.40;3;3;202305;May;Sun;Afternoon;Low;Flavours;Regular syrup;Carmel syrup;Lower Manhattan
17.50;5;5;202305;May;Sun;Afternoon;Low;Bakery;Pastry;Croissant;Lower Manhattan
28.00;8;6;202305;May;Sun;Afternoon;Med;Coffee;Organic brewed coffee;Brazilian Lg;Lower Manhattan
11.25;3;3;202305;May;Sun;Afternoon;Low;Bakery;Pastry;Chocolate Croissant;Lower Manhattan
17.50;7;5;202305;May;Sun;Afternoon;Low;Tea;Brewed Black tea;Earl Grey Rg;Hell's Kitchen
10.00;4;3;202305;May;Sun;Afternoon;Low;Tea;Brewed Black tea;English Breakfast Rg;Lower Manhattan
39.00;13;7;202305;May;Sun;Afternoon;Med;Coffee;Organic brewed coffee;Brazilian Rg;Lower Manhattan
9.80;4;4;202305;May;Sun;Afternoon;Low;Coffee;Premium brewed coffee;Jamaican Coffee River Sm;Lower Manhattan
27.50;11;7;202305;May;Sun;Afternoon;Med;Coffee;Drip coffee;Our Old Time Diner Blend Rg;Lower Manhattan
18.00;1;1;202305;May;Sun;Afternoon;Low;Coffee beans;House blend Beans;Our Old Time Diner Blend;Astoria
42.00;14;9;202305;May;Sun;Afternoon;High;Coffee;Barista Espresso;Espresso shot;Lower Manhattan
7.50;3;3;202305;May;Sun;Afternoon;Low;Coffee;Drip coffee;Our Old Time Diner Blend Rg;Astoria
14.00;1;1;202305;May;Sun;Afternoon;Low;Branded;Housewares;I Need My Bean! Latte cup;Lower Manhattan
18.00;6;4;202305;May;Sun;Afternoon;Low;Tea;Brewed herbal tea;Peppermint Lg;Hell's Kitchen
14.75;1;1;202305;May;Sun;Afternoon;Low;Coffee beans;Espresso Beans;Espresso Roast;Hell's Kitchen
15.20;2;2;202305;May;Sun;Afternoon;Low;Packaged Chocolate;Organic Chocolate;Sustainably Grown Organic;Astoria
0.80;1;1;202305;May;Sun;Afternoon;Low;Flavours;Regular syrup;Carmel syrup;Astoria
23.00;1;1;202305;May;Sun;Afternoon;Med;Branded;Housewares;I Need My Bean! Latte cup;Astoria
9.80;4;3;202305;May;Sun;Afternoon;Low;Coffee;Premium brewed coffee;Jamaican Coffee River Sm;Hell's Kitchen
18.75;5;5;202305;May;Sun;Afternoon;Low;Bakery;Scone;Jumbo Savory Scone;Lower Manhattan
8.95;1;1;202305;May;Sun;Afternoon;Low;Loose Tea;Chai tea;Traditional Blend Chai;Hell's Kitchen
4.75;1;1;202305;May;Sun;Night;Low;Drinking Chocolate;Hot chocolate;Sustainably Grown Organic Lg;Astoria
10.00;4;3;202305;May;Sun;Evening;Low;Coffee;Gourmet brewed coffee;Columbian Medium Roast Rg;Lower Manhattan
12.00;4;2;202305;May;Sun;Evening;Low;Coffee;Gourmet brewed coffee;Columbian Medium Roast Lg;Lower Manhattan
26.25;7;4;202305;May;Sun;Evening;Med;Coffee;Premium brewed coffee;Jamaican Coffee River Lg;Lower Manhattan
13.20;6;5;202305;May;Sun;Evening;Low;Coffee;Gourmet brewed coffee;Ethiopia Sm;Lower Manhattan
19.80;9;6;202305;May;Sun;Evening;Low;Coffee;Organic brewed coffee;Brazilian Sm;Lower Manhattan
15.40;7;4;202305;May;Sun;Evening;Low;Coffee;Gourmet brewed coffee;Ethiopia Sm;Hell's Kitchen
33.25;7;4;202305;May;Sun;Evening;Med;Drinking Chocolate;Hot chocolate;Sustainably Grown Organic Lg;Lower Manhattan
17.00;4;2;202305;May;Sun;Evening;Low;Coffee;Barista Espresso;Cappuccino Lg;Lower Manhattan
3.20;4;2;202305;May;Sun;Evening;Low;Flavours;Sugar free syrup;Sugar Free Vanilla syrup;Lower Manhattan
18.00;4;4;202305;May;Sun;Evening;Low;Bakery;Scone;Scottish Cream Scone ;Lower Manhattan
7.50;3;2;202305;May;Sun;Evening;Low;Coffee;Drip coffee;Our Old Time Diner Blend Rg;Lower Manhattan
9.75;3;3;202305;May;Sun;Evening;Low;Bakery;Biscotti;Hazelnut Biscotti;Lower Manhattan
24.00;2;2;202305;May;Sun;Evening;Med;Branded;Housewares;I Need My Bean! Diner mug;Lower Manhattan
7.50;2;2;202305;May;Sun;Evening;Low;Bakery;Pastry;Almond Croissant;Lower Manhattan
24.00;8;6;202305;May;Sun;Evening;Med;Coffee;Gourmet brewed coffee;Ethiopia Rg;Lower Manhattan
3.20;4;2;202305;May;Sun;Evening;Low;Flavours;Regular syrup;Carmel syrup;Astoria
18.00;6;4;202305;May;Sun;Evening;Low;Coffee;Gourmet brewed coffee;Columbian Medium Roast Lg;Astoria
13.00;4;4;202305;May;Sun;Evening;Low;Bakery;Biscotti;Hazelnut Biscotti;Astoria
9.30;3;3;202305;May;Sun;Evening;Low;Tea;Brewed Chai tea;Spicy Eye Opener Chai Lg;Lower Manhattan
29.75;7;4;202305;May;Sun;Evening;Med;Coffee;Barista Espresso;Latte Rg;Lower Manhattan
2.40;3;2;202305;May;Sun;Evening;Low;Flavours;Regular syrup;Carmel syrup;Lower Manhattan
3.50;1;1;202305;May;Sun;Evening;Low;Bakery;Biscotti;Ginger Biscotti;Lower Manhattan
60.00;16;10;202305;May;Sun;Evening;High;Coffee;Barista Espresso;Cappuccino;Astoria
4.80;6;4;202305;May;Sun;Evening;Low;Flavours;Regular syrup;Hazelnut syrup;Astoria
18.60;6;4;202305;May;Sun;Evening;Low;Tea;Brewed Chai tea;Spicy Eye Opener Chai Lg;Hell's Kitchen
15.00;5;4;202305;May;Sun;Evening;Low;Tea;Brewed Chai tea;Traditional Blend Chai Lg;Astoria
15.00;5;3;202305;May;Sun;Evening;Low;Coffee;Drip coffee;Our Old Time Diner Blend Lg;Lower Manhattan
17.90;2;2;202305;May;Sun;Evening;Low;Loose Tea;Herbal tea;Lemon Grass;Hell's Kitchen
31.50;9;7;202305;May;Sun;Evening;Med;Coffee;Gourmet brewed coffee;Ethiopia Lg;Lower Manhattan
5.00;2;1;202305;May;Sun;Evening;Low;Tea;Brewed Black tea;Earl Grey Rg;Lower Manhattan
3.25;1;1;202305;May;Sun;Evening;Low;Bakery;Scone;Cranberry Scone;Lower Manhattan
4.50;1;1;202305;May;Sun;Evening;Low;Drinking Chocolate;Hot chocolate;Dark chocolate Lg;Lower Manhattan
23.00;1;1;202305;May;Sun;Evening;Med;Branded;Housewares;I Need My Bean! Latte cup;Astoria
10.00;1;1;202305;May;Sun;Evening;Low;Coffee beans;Green beans;Guatemalan Sustainably Grown;Hell's Kitchen
21.00;1;1;202305;May;Sun;Evening;Med;Coffee beans;Gourmet Beans;Ethiopia;Hell's Kitchen
3.75;1;1;202305;May;Sun;Evening;Low;Drinking Chocolate;Hot chocolate;Sustainably Grown Organic Rg;Lower Manhattan
31.50;12;10;202305;May;Sun;Evening;Med;Coffee;Barista Espresso;Ouro Brasileiro shot;Hell's Kitchen
10.20;4;2;202305;May;Sun;Evening;Low;Tea;Brewed Chai tea;Spicy Eye Opener Chai Rg;Lower Manhattan
11.25;3;3;202305;May;Sun;Evening;Low;Bakery;Pastry;Chocolate Croissant;Lower Manhattan
15.00;4;4;202305;May;Sun;Evening;Low;Bakery;Scone;Jumbo Savory Scone;Lower Manhattan
12.50;5;4;202305;May;Sun;Evening;Low;Coffee;Drip coffee;Our Old Time Diner Blend Rg;Astoria
40.50;9;7;202305;May;Sun;Evening;very high;Drinking Chocolate;Hot chocolate;Dark chocolate Lg;Hell's Kitchen
17.90;2;2;202305;May;Sun;Evening;Low;Loose Tea;Black tea;English Breakfast;Astoria
12.00;4;2;202305;May;Sun;Evening;Low;Coffee;Barista Espresso;Espresso shot;Lower Manhattan
10.50;3;3;202305;May;Sun;Evening;Low;Bakery;Biscotti;Chocolate Chip Biscotti;Hell's Kitchen
4.80;6;4;202305;May;Sun;Evening;Low;Flavours;Regular syrup;Chocolate syrup;Astoria
9.50;1;1;202305;May;Sun;Evening;Low;Loose Tea;Chai tea;Morning Sunrise Chai;Hell's Kitchen
3.20;4;2;202305;May;Sun;Evening;Low;Flavours;Sugar free syrup;Sugar Free Vanilla syrup;Astoria
56.00;2;2;202305;May;Sun;Evening;High;Branded;Clothing;I Need My Bean! T-shirt;Astoria
33.00;11;7;202305;May;Sun;Evening;Med;Coffee;Barista Espresso;Espresso shot;Astoria
15.00;4;4;202305;May;Sun;Evening;Low;Bakery;Pastry;Chocolate Croissant;Hell's Kitchen
13.33;1;1;202305;May;Sun;Evening;Low;Packaged Chocolate;Drinking Chocolate;Chili Mayan;Hell's Kitchen
7.60;1;1;202305;May;Sun;Evening;Low;Packaged Chocolate;Organic Chocolate;Sustainably Grown Organic;Hell's Kitchen
17.50;5;3;202305;May;Mon;Night;Low;Coffee;Organic brewed coffee;Brazilian Lg;Lower Manhattan
15.00;4;3;202305;May;Mon;Night;Low;Coffee;Barista Espresso;Latte;Lower Manhattan
1.60;2;2;202305;May;Mon;Night;Low;Flavours;Regular syrup;Carmel syrup;Lower Manhattan
25.50;6;3;202305;May;Mon;Night;Med;Coffee;Barista Espresso;Latte Rg;Lower Manhattan
3.20;4;3;202305;May;Mon;Night;Low;Flavours;Regular syrup;Hazelnut syrup;Lower Manhattan
31.50;7;5;202305;May;Mon;Night;Med;Drinking Chocolate;Hot chocolate;Dark chocolate Lg;Lower Manhattan
17.90;2;2;202305;May;Mon;Night;Low;Loose Tea;Black tea;Earl Grey;Lower Manhattan
6.50;2;2;202305;May;Mon;Night;Low;Bakery;Scone;Cranberry Scone;Lower Manhattan
6.00;2;2;202305;May;Mon;Night;Low;Bakery;Scone;Oatmeal Scone;Lower Manhattan
18.75;5;5;202305;May;Mon;Night;Low;Bakery;Pastry;Almond Croissant;Lower Manhattan
20.00;5;2;202305;May;Mon;Night;Low;Tea;Brewed Chai tea;Morning Sunrise Chai Lg;Lower Manhattan
6.00;3;2;202305;May;Mon;Night;Low;Coffee;Gourmet brewed coffee;Columbian Medium Roast Sm;Lower Manhattan
2.45;1;1;202305;May;Mon;Night;Low;Coffee;Premium brewed coffee;Jamaican Coffee River Sm;Lower Manhattan
9.00;2;2;202305;May;Mon;Night;Low;Bakery;Scone;Scottish Cream Scone ;Lower Manhattan
15.00;6;3;202305;May;Mon;Night;Low;Tea;Brewed herbal tea;Lemon Grass Rg;Lower Manhattan
9.25;1;1;202305;May;Mon;Night;Low;Loose Tea;Green tea;Serenity Green Tea;Lower Manhattan
2.50;1;1;202305;May;Mon;Night;Low;Coffee;Gourmet brewed coffee;Columbian Medium Roast Rg;Lower Manhattan
6.00;2;2;202305;May;Mon;Night;Low;Coffee;Barista Espresso;Espresso shot;Lower Manhattan
4.80;6;5;202305;May;Mon;Night;Low;Flavours;Sugar free syrup;Sugar Free Vanilla syrup;Lower Manhattan
9.00;3;2;202305;May;Mon;Night;Low;Tea;Brewed Black tea;English Breakfast Lg;Lower Manhattan
8.50;2;2;202305;May;Mon;Night;Low;Coffee;Barista Espresso;Cappuccino Lg;Lower Manhattan
7.50;3;2;202305;May;Mon;Night;Low;Tea;Brewed Chai tea;Morning Sunrise Chai Rg;Lower Manhattan
7.50;3;2;202305;May;Mon;Night;Low;Tea;Brewed Black tea;Earl Grey Rg;Lower Manhattan
5.00;2;1;202305;May;Mon;Night;Low;Tea;Brewed Black tea;Earl Grey Rg;Hell's Kitchen
18.00;6;3;202305;May;Mon;Night;Low;Coffee;Gourmet brewed coffee;Columbian Medium Roast Lg;Lower Manhattan
12.75;5;3;202305;May;Mon;Night;Low;Tea;Brewed Chai tea;Spicy Eye Opener Chai Rg;Lower Manhattan
9.50;2;1;202305;May;Mon;Night;Low;Drinking Chocolate;Hot chocolate;Sustainably Grown Organic Lg;Lower Manhattan
4.80;6;3;202305;May;Mon;Night;Low;Flavours;Regular syrup;Chocolate syrup;Lower Manhattan
28.20;10;5;202305;May;Mon;Night;Med;Coffee;Barista Espresso;Ouro Brasileiro shot;Lower Manhattan
6.20;2;2;202305;May;Mon;Night;Low;Tea;Brewed Chai tea;Spicy Eye Opener Chai Lg;Lower Manhattan
4.20;2;1;202305;May;Mon;Night;Low;Coffee;Barista Espresso;Ouro Brasileiro shot;Hell's Kitchen
6.50;2;1;202305;May;Mon;Night;Low;Bakery;Scone;Ginger Scone;Hell's Kitchen
6.00;2;1;202305;May;Mon;Night;Low;Tea;Brewed Chai tea;Traditional Blend Chai Lg;Hell's Kitchen
10.50;3;3;202305;May;Mon;Night;Low;Bakery;Biscotti;Chocolate Chip Biscotti;Lower Manhattan
5.00;2;1;202305;May;Mon;Night;Low;Tea;Brewed Chai tea;Morning Sunrise Chai Rg;Hell's Kitchen
26.25;7;3;202305;May;Mon;Night;Med;Coffee;Barista Espresso;Cappuccino;Lower Manhattan
7.20;9;8;202305;May;Mon;Morning;Low;Flavours;Regular syrup;Chocolate syrup;Astoria
28.00;1;1;202305;May;Mon;Morning;Med;Branded;Clothing;I Need My Bean! T-shirt;Hell's Kitchen
52.50;15;9;202305;May;Mon;Morning;High;Coffee;Organic brewed coffee;Brazilian Lg;Astoria
45.00;2;2;202305;May;Mon;Morning;High;Coffee beans;Organic Beans;Organic Decaf Blend;Hell's Kitchen
45.00;18;11;202305;May;Mon;Morning;High;Tea;Brewed Black tea;English Breakfast Rg;Astoria
5.60;7;5;202305;May;Mon;Morning;Low;Flavours;Regular syrup;Hazelnut syrup;Astoria
26.25;7;7;202305;May;Mon;Morning;Med;Bakery;Scone;Jumbo Savory Scone;Hell's Kitchen
37.50;10;10;202305;May;Mon;Morning;Med;Bakery;Pastry;Almond Croissant;Astoria
4.80;6;5;202305;May;Mon;Morning;Low;Flavours;Regular syrup;Chocolate syrup;Lower Manhattan
15.00;1;1;202305;May;Mon;Morning;Low;Coffee beans;Gourmet Beans;Columbian Medium Roast;Astoria
56.00;2;2;202305;May;Mon;Morning;High;Branded;Clothing;I Need My Bean! T-shirt;Astoria
8.95;1;1;202305;May;Mon;Morning;Low;Loose Tea;Herbal tea;Peppermint;Astoria
17.90;2;2;202305;May;Mon;Morning;Low;Loose Tea;Black tea;English Breakfast;Astoria
6.00;2;2;202305;May;Mon;Morning;Low;Bakery;Scone;Oatmeal Scone;Astoria
63.00;3;3;202305;May;Mon;Morning;very high;Coffee beans;Gourmet Beans;Ethiopia;Astoria
18.00;1;1;202305;May;Mon;Morning;Low;Coffee beans;House blend Beans;Our Old Time Diner Blend;Astoria
8.95;1;1;202305;May;Mon;Morning;Low;Loose Tea;Herbal tea;Lemon Grass;Astoria
7.60;1;1;202305;May;Mon;Morning;Low;Packaged Chocolate;Organic Chocolate;Sustainably Grown Organic;Hell's Kitchen
35.00;10;10;202305;May;Mon;Morning;Med;Bakery;Biscotti;Chocolate Chip Biscotti;Astoria
8.95;1;1;202305;May;Mon;Morning;Low;Loose Tea;Black tea;Earl Grey;Hell's Kitchen
8.95;1;1;202305;May;Mon;Morning;Low;Loose Tea;Black tea;English Breakfast;Lower Manhattan
19.50;6;6;202305;May;Mon;Morning;Low;Bakery;Biscotti;Hazelnut Biscotti;Astoria
8.95;1;1;202305;May;Mon;Morning;Low;Loose Tea;Herbal tea;Lemon Grass;Hell's Kitchen
10.00;1;1;202305;May;Mon;Morning;Low;Coffee beans;Green beans;Guatemalan Sustainably Grown;Astoria
12.00;1;1;202305;May;Mon;Morning;Low;Branded;Housewares;I Need My Bean! Diner mug;Lower Manhattan
28.00;2;2;202305;May;Mon;Morning;Med;Branded;Housewares;I Need My Bean! Latte cup;Astoria
7.60;1;1;202305;May;Mon;Morning;Low;Packaged Chocolate;Organic Chocolate;Sustainably Grown Organic;Astoria
20.45;1;1;202305;May;Mon;Morning;very high;Coffee beans;Espresso Beans;Primo Espresso Roast;Lower Manhattan
61.35;3;3;202305;May;Mon;Morning;very high;Coffee beans;Espresso Beans;Primo Espresso Roast;Hell's Kitchen
7.60;1;1;202305;May;Mon;Morning;Low;Packaged Chocolate;Organic Chocolate;Sustainably Grown Organic;Lower Manhattan
29.50;2;2;202305;May;Mon;Morning;Med;Coffee beans;Espresso Beans;Espresso Roast;Hell's Kitchen
10.95;1;1;202305;May;Mon;Morning;Low;Loose Tea;Chai tea;Spicy Eye Opener Chai;Hell's Kitchen
8.95;1;1;202305;May;Mon;Afternoon;Low;Loose Tea;Black tea;English Breakfast;Hell's Kitchen
15.20;2;2;202305;May;Mon;Afternoon;Low;Packaged Chocolate;Organic Chocolate;Sustainably Grown Organic;Lower Manhattan
9.50;1;1;202305;May;Mon;Afternoon;Low;Loose Tea;Chai tea;Morning Sunrise Chai;Lower Manhattan
16.25;5;5;202305;May;Mon;Afternoon;Low;Bakery;Scone;Ginger Scone;Hell's Kitchen
25.00;10;7;202305;May;Mon;Afternoon;Med;Tea;Brewed Black tea;Earl Grey Rg;Lower Manhattan
3.20;4;3;202305;May;Mon;Afternoon;Low;Flavours;Regular syrup;Chocolate syrup;Lower Manhattan
8.95;1;1;202305;May;Mon;Afternoon;Low;Loose Tea;Herbal tea;Lemon Grass;Lower Manhattan
14.00;7;4;202305;May;Mon;Afternoon;Low;Coffee;Drip coffee;Our Old Time Diner Blend Sm;Lower Manhattan
0.80;1;1;202305;May;Mon;Afternoon;Low;Flavours;Regular syrup;Hazelnut syrup;Astoria
14.00;1;1;202305;May;Mon;Afternoon;Low;Branded;Housewares;I Need My Bean! Latte cup;Hell's Kitchen
1.60;2;1;202305;May;Mon;Afternoon;Low;Flavours;Regular syrup;Chocolate syrup;Astoria
12.00;1;1;202305;May;Mon;Afternoon;Low;Branded;Housewares;I Need My Bean! Diner mug;Lower Manhattan
15.00;6;4;202305;May;Mon;Night;Low;Coffee;Drip coffee;Our Old Time Diner Blend Rg;Lower Manhattan
0.80;1;1;202305;May;Mon;Evening;Low;Flavours;Sugar free syrup;Sugar Free Vanilla syrup;Hell's Kitchen
10.50;3;2;202305;May;Mon;Evening;Low;Drinking Chocolate;Hot chocolate;Dark chocolate Rg;Lower Manhattan
6.00;3;2;202305;May;Mon;Evening;Low;Coffee;Gourmet brewed coffee;Columbian Medium Roast Sm;Lower Manhattan
8.95;1;1;202305;May;Mon;Evening;Low;Loose Tea;Chai tea;Traditional Blend Chai;Hell's Kitchen
11.25;3;3;202305;May;Mon;Evening;Low;Bakery;Scone;Jumbo Savory Scone;Hell's Kitchen
10.00;1;1;202305;May;Mon;Evening;Low;Coffee beans;Green beans;Guatemalan Sustainably Grown;Astoria
11.00;5;3;202305;May;Mon;Evening;Low;Coffee;Organic brewed coffee;Brazilian Sm;Hell's Kitchen
45.00;1;1;202305;May;Mon;Evening;High;Coffee beans;Premium Beans;Civet Cat;Astoria
18.00;1;1;202305;May;Mon;Evening;Low;Coffee beans;Organic Beans;Brazilian - Organic;Astoria
12.00;1;1;202305;May;Mon;Evening;Low;Branded;Housewares;I Need My Bean! Diner mug;Lower Manhattan
0.80;1;1;202305;May;Mon;Evening;Low;Flavours;Regular syrup;Chocolate syrup;Astoria
20.45;1;1;202305;May;Mon;Evening;very high;Coffee beans;Espresso Beans;Primo Espresso Roast;Astoria
21.00;1;1;202305;May;Mon;Evening;Med;Coffee beans;Gourmet Beans;Ethiopia;Astoria
12.50;5;4;202305;May;Tue;Night;Low;Tea;Brewed herbal tea;Peppermint Rg;Lower Manhattan
5.00;2;1;202305;May;Tue;Night;Low;Coffee;Gourmet brewed coffee;Columbian Medium Roast Rg;Lower Manhattan
4.75;1;1;202305;May;Tue;Night;Low;Drinking Chocolate;Hot chocolate;Sustainably Grown Organic Lg;Lower Manhattan
11.25;3;3;202305;May;Tue;Night;Low;Bakery;Pastry;Chocolate Croissant;Lower Manhattan
11.25;3;3;202305;May;Tue;Night;Low;Coffee;Barista Espresso;Latte;Lower Manhattan
4.80;6;4;202305;May;Tue;Night;Low;Flavours;Regular syrup;Hazelnut syrup;Lower Manhattan
26.25;7;3;202305;May;Tue;Night;Med;Coffee;Premium brewed coffee;Jamaican Coffee River Lg;Lower Manhattan
9.00;3;2;202305;May;Tue;Night;Low;Tea;Brewed herbal tea;Lemon Grass Lg;Lower Manhattan
3.25;1;1;202305;May;Tue;Night;Low;Bakery;Scone;Cranberry Scone;Lower Manhattan
7.50;3;2;202305;May;Tue;Night;Low;Tea;Brewed Black tea;English Breakfast Rg;Lower Manhattan
14.00;4;3;202305;May;Tue;Night;Low;Coffee;Organic brewed coffee;Brazilian Lg;Lower Manhattan
7.65;3;2;202305;May;Tue;Night;Low;Tea;Brewed Chai tea;Spicy Eye Opener Chai Rg;Lower Manhattan
6.50;2;2;202305;May;Tue;Night;Low;Bakery;Biscotti;Hazelnut Biscotti;Lower Manhattan
24.00;8;4;202305;May;Tue;Night;Med;Tea;Brewed Black tea;Earl Grey Lg;Lower Manhattan
15.00;6;3;202305;May;Tue;Night;Low;Tea;Brewed herbal tea;Lemon Grass Rg;Lower Manhattan
3.00;1;1;202305;May;Tue;Night;Low;Tea;Brewed Chai tea;Traditional Blend Chai Lg;Lower Manhattan
7.00;2;2;202305;May;Tue;Night;Low;Coffee;Gourmet brewed coffee;Ethiopia Lg;Hell's Kitchen
8.50;2;1;202305;May;Tue;Night;Low;Coffee;Barista Espresso;Latte Rg;Hell's Kitchen
0.80;1;1;202305;May;Tue;Night;Low;Flavours;Regular syrup;Chocolate syrup;Hell's Kitchen
7.50;2;1;202305;May;Tue;Night;Low;Coffee;Barista Espresso;Latte;Hell's Kitchen
21.00;6;3;202305;May;Tue;Night;Med;Drinking Chocolate;Hot chocolate;Dark chocolate Rg;Hell's Kitchen
7.50;3;2;202305;May;Tue;Night;Low;Tea;Brewed Black tea;Earl Grey Rg;Hell's Kitchen
10.00;4;2;202305;May;Tue;Night;Low;Tea;Brewed Chai tea;Morning Sunrise Chai Rg;Hell's Kitchen
30.00;8;4;202305;May;Tue;Night;Med;Coffee;Barista Espresso;Cappuccino;Hell's Kitchen
7.50;2;2;202305;May;Tue;Night;Low;Bakery;Pastry;Almond Croissant;Hell's Kitchen
6.50;2;2;202305;May;Tue;Night;Low;Bakery;Scone;Ginger Scone;Hell's Kitchen
2.40;3;2;202305;May;Tue;Night;Low;Flavours;Sugar free syrup;Sugar Free Vanilla syrup;Hell's Kitchen
9.80;4;3;202305;May;Tue;Night;Low;Coffee;Premium brewed coffee;Jamaican Coffee River Sm;Lower Manhattan
14.00;4;2;202305;May;Tue;Night;Low;Coffee;Organic brewed coffee;Brazilian Lg;Hell's Kitchen
9.00;2;2;202305;May;Tue;Night;Low;Drinking Chocolate;Hot chocolate;Dark chocolate Lg;Hell's Kitchen
7.50;3;3;202305;May;Tue;Night;Low;Coffee;Drip coffee;Our Old Time Diner Blend Rg;Lower Manhattan
6.00;2;1;202305;May;Tue;Night;Low;Tea;Brewed herbal tea;Lemon Grass Lg;Hell's Kitchen
4.40;2;2;202305;May;Tue;Night;Low;Coffee;Organic brewed coffee;Brazilian Sm;Lower Manhattan
3.75;1;1;202305;May;Tue;Night;Low;Bakery;Pastry;Chocolate Croissant;Hell's Kitchen
6.00;2;2;202305;May;Tue;Night;Low;Coffee;Drip coffee;Our Old Time Diner Blend Lg;Hell's Kitchen
8.00;2;1;202305;May;Tue;Night;Low;Tea;Brewed Chai tea;Morning Sunrise Chai Lg;Hell's Kitchen
6.00;2;2;202305;May;Tue;Night;Low;Coffee;Gourmet brewed coffee;Ethiopia Rg;Hell's Kitchen
8.50;2;2;202305;May;Tue;Night;Low;Coffee;Barista Espresso;Cappuccino Lg;Lower Manhattan
4.00;5;3;202305;May;Tue;Night;Low;Flavours;Sugar free syrup;Sugar Free Vanilla syrup;Lower Manhattan
45.00;3;3;202305;May;Tue;Morning;High;Coffee beans;Gourmet Beans;Columbian Medium Roast;Hell's Kitchen
9.50;1;1;202305;May;Tue;Morning;Low;Loose Tea;Chai tea;Morning Sunrise Chai;Hell's Kitchen
10.00;1;1;202305;May;Tue;Morning;Low;Coffee beans;Green beans;Guatemalan Sustainably Grown;Astoria
19.75;1;1;202305;May;Tue;Morning;Low;Coffee beans;Premium Beans;Jamacian Coffee River;Lower Manhattan
19.00;2;2;202305;May;Tue;Morning;Low;Loose Tea;Chai tea;Morning Sunrise Chai;Lower Manhattan
13.60;17;12;202305;May;Tue;Morning;Low;Flavours;Regular syrup;Chocolate syrup;Astoria
6.40;8;7;202305;May;Tue;Morning;Low;Flavours;Regular syrup;Chocolate syrup;Hell's Kitchen
5.60;7;4;202305;May;Tue;Morning;Low;Flavours;Regular syrup;Hazelnut syrup;Astoria
30.00;3;3;202305;May;Tue;Morning;Med;Coffee beans;Green beans;Guatemalan Sustainably Grown;Hell's Kitchen
13.60;17;13;202305;May;Tue;Morning;Low;Flavours;Regular syrup;Chocolate syrup;Lower Manhattan
28.00;2;2;202305;May;Tue;Morning;Med;Branded;Housewares;I Need My Bean! Latte cup;Hell's Kitchen
8.95;1;1;202305;May;Tue;Morning;Low;Loose Tea;Herbal tea;Lemon Grass;Astoria
60.60;22;14;202305;May;Tue;Morning;very high;Coffee;Barista Espresso;Ouro Brasileiro shot;Lower Manhattan
62.00;20;14;202305;May;Tue;Morning;very high;Tea;Brewed Chai tea;Spicy Eye Opener Chai Lg;Astoria
17.90;2;2;202305;May;Tue;Morning;Low;Loose Tea;Black tea;English Breakfast;Astoria
45.00;1;1;202305;May;Tue;Morning;High;Coffee beans;Premium Beans;Civet Cat;Astoria
63.00;3;3;202305;May;Tue;Morning;very high;Coffee beans;Gourmet Beans;Ethiopia;Hell's Kitchen
180.00;4;4;202305;May;Tue;Morning;very high;Coffee beans;Premium Beans;Civet Cat;Lower Manhattan
17.60;22;15;202305;May;Tue;Morning;Low;Flavours;Regular syrup;Carmel syrup;Lower Manhattan
29.50;2;2;202305;May;Tue;Morning;Med;Coffee beans;Espresso Beans;Espresso Roast;Lower Manhattan
17.90;2;2;202305;May;Tue;Morning;Low;Loose Tea;Herbal tea;Lemon Grass;Lower Manhattan
22.50;1;1;202305;May;Tue;Morning;Med;Coffee beans;Organic Beans;Organic Decaf Blend;Astoria
8.00;10;6;202305;May;Tue;Morning;Low;Flavours;Regular syrup;Hazelnut syrup;Lower Manhattan
30.00;2;2;202305;May;Tue;Morning;Med;Coffee beans;Gourmet Beans;Columbian Medium Roast;Lower Manhattan
135.00;3;3;202305;May;Tue;Morning;very high;Coffee beans;Premium Beans;Civet Cat;Hell's Kitchen
20.45;1;1;202305;May;Tue;Morning;very high;Coffee beans;Espresso Beans;Primo Espresso Roast;Hell's Kitchen
15.00;1;1;202305;May;Tue;Morning;Low;Coffee beans;Gourmet Beans;Columbian Medium Roast;Astoria
18.00;1;1;202305;May;Tue;Morning;Low;Coffee beans;Organic Beans;Brazilian - Organic;Astoria
26.66;2;2;202305;May;Tue;Morning;Med;Packaged Chocolate;Drinking Chocolate;Chili Mayan;Hell's Kitchen
3.20;4;3;202305;May;Tue;Afternoon;Low;Flavours;Regular syrup;Hazelnut syrup;Astoria
9.60;12;9;202305;May;Tue;Afternoon;Low;Flavours;Regular syrup;Carmel syrup;Lower Manhattan
8.95;1;1;202305;May;Tue;Afternoon;Low;Loose Tea;Herbal tea;Lemon Grass;Lower Manhattan
3.20;4;2;202305;May;Tue;Afternoon;Low;Flavours;Regular syrup;Carmel syrup;Astoria
15.00;1;1;202305;May;Tue;Afternoon;Low;Coffee beans;Gourmet Beans;Columbian Medium Roast;Lower Manhattan
6.40;1;1;202305;May;Tue;Afternoon;Low;Packaged Chocolate;Drinking Chocolate;Dark chocolate;Lower Manhattan
11.25;3;3;202305;May;Tue;Afternoon;Low;Bakery;Pastry;Chocolate Croissant;Lower Manhattan
10.50;3;3;202305;May;Tue;Afternoon;Low;Bakery;Biscotti;Chocolate Chip Biscotti;Lower Manhattan
8.95;1;1;202305;May;Tue;Afternoon;Low;Loose Tea;Herbal tea;Lemon Grass;Astoria
22.50;6;6;202305;May;Tue;Afternoon;Med;Bakery;Pastry;Almond Croissant;Lower Manhattan
1.60;2;2;202305;May;Tue;Afternoon;Low;Flavours;Regular syrup;Chocolate syrup;Hell's Kitchen
6.50;2;2;202305;May;Tue;Afternoon;Low;Bakery;Scone;Ginger Scone;Hell's Kitchen
3.20;4;3;202305;May;Tue;Afternoon;Low;Flavours;Sugar free syrup;Sugar Free Vanilla syrup;Astoria
4.25;1;1;202305;May;Tue;Night;Low;Coffee;Barista Espresso;Latte Rg;Astoria
3.20;4;2;202305;May;Tue;Night;Low;Flavours;Regular syrup;Carmel syrup;Lower Manhattan
2.50;1;1;202305;May;Tue;Night;Low;Coffee;Gourmet brewed coffee;Columbian Medium Roast Rg;Astoria
4.50;1;1;202305;May;Tue;Night;Low;Bakery;Scone;Scottish Cream Scone ;Astoria
14.00;1;1;202305;May;Tue;Evening;Low;Branded;Housewares;I Need My Bean! Latte cup;Astoria
11.25;3;3;202305;May;Tue;Evening;Low;Bakery;Pastry;Chocolate Croissant;Lower Manhattan
14.75;1;1;202305;May;Tue;Evening;Low;Coffee beans;Espresso Beans;Espresso Roast;Lower Manhattan
9.00;2;2;202305;May;Tue;Evening;Low;Bakery;Scone;Scottish Cream Scone ;Hell's Kitchen
21.00;7;4;202305;May;Tue;Evening;Med;Coffee;Barista Espresso;Espresso shot;Lower Manhattan
8.00;10;5;202305;May;Tue;Evening;Low;Flavours;Sugar free syrup;Sugar Free Vanilla syrup;Lower Manhattan
0.80;1;1;202305;May;Tue;Evening;Low;Flavours;Regular syrup;Chocolate syrup;Lower Manhattan
2.40;3;2;202305;May;Tue;Evening;Low;Flavours;Regular syrup;Hazelnut syrup;Astoria
1.60;2;2;202305;May;Tue;Evening;Low;Flavours;Regular syrup;Carmel syrup;Lower Manhattan
8.95;1;1;202305;May;Tue;Evening;Low;Loose Tea;Herbal tea;Peppermint;Hell's Kitchen
2.40;3;2;202305;May;Tue;Evening;Low;Flavours;Sugar free syrup;Sugar Free Vanilla syrup;Astoria
8.95;1;1;202305;May;Tue;Evening;Low;Loose Tea;Black tea;Earl Grey;Astoria
10.50;3;3;202305;May;Tue;Evening;Low;Bakery;Pastry;Croissant;Hell's Kitchen
18.00;1;1;202305;May;Tue;Evening;Low;Coffee beans;House blend Beans;Our Old Time Diner Blend;Astoria
12.75;3;3;202305;May;Tue;Evening;Low;Coffee;Barista Espresso;Cappuccino Lg;Astoria
18.00;1;1;202305;May;Tue;Evening;Low;Coffee beans;Organic Beans;Brazilian - Organic;Astoria
12.40;4;3;202305;May;Wed;Night;Low;Coffee;Premium brewed coffee;Jamaican Coffee River Rg;Lower Manhattan
12.00;4;3;202305;May;Wed;Night;Low;Tea;Brewed herbal tea;Peppermint Lg;Lower Manhattan
21.00;7;5;202305;May;Wed;Night;Med;Tea;Brewed Green tea;Serenity Green Tea Lg;Lower Manhattan
10.00;4;2;202305;May;Wed;Night;Low;Tea;Brewed Green tea;Serenity Green Tea Rg;Lower Manhattan
57.00;12;5;202305;May;Wed;Night;High;Drinking Chocolate;Hot chocolate;Sustainably Grown Organic Lg;Lower Manhattan
6.60;3;2;202305;May;Wed;Night;Low;Coffee;Organic brewed coffee;Brazilian Sm;Lower Manhattan
6.50;2;2;202305;May;Wed;Night;Low;Bakery;Biscotti;Hazelnut Biscotti;Lower Manhattan
3.25;1;1;202305;May;Wed;Night;Low;Bakery;Scone;Ginger Scone;Hell's Kitchen
9.50;2;2;202305;May;Wed;Night;Low;Drinking Chocolate;Hot chocolate;Sustainably Grown Organic Lg;Hell's Kitchen
17.50;7;4;202305;May;Wed;Night;Low;Tea;Brewed Chai tea;Traditional Blend Chai Rg;Hell's Kitchen
18.00;6;3;202305;May;Wed;Night;Low;Tea;Brewed Black tea;Earl Grey Lg;Lower Manhattan
36.00;2;2;202305;May;Wed;Night;Med;Coffee beans;House blend Beans;Our Old Time Diner Blend;Lower Manhattan
10.95;1;1;202305;May;Wed;Night;Low;Loose Tea;Chai tea;Spicy Eye Opener Chai;Lower Manhattan
22.50;6;3;202305;May;Wed;Night;Med;Coffee;Premium brewed coffee;Jamaican Coffee River Lg;Lower Manhattan
10.00;4;3;202305;May;Wed;Night;Low;Coffee;Drip coffee;Our Old Time Diner Blend Rg;Lower Manhattan
1.60;2;1;202305;May;Wed;Night;Low;Flavours;Regular syrup;Hazelnut syrup;Lower Manhattan
6.50;2;2;202305;May;Wed;Night;Low;Bakery;Scone;Cranberry Scone;Lower Manhattan
4.50;1;1;202305;May;Wed;Night;Low;Bakery;Scone;Scottish Cream Scone ;Hell's Kitchen
2.50;1;1;202305;May;Wed;Night;Low;Tea;Brewed Black tea;Earl Grey Rg;Hell's Kitchen
18.00;4;2;202305;May;Wed;Night;Low;Drinking Chocolate;Hot chocolate;Dark chocolate Lg;Hell's Kitchen
6.00;2;2;202305;May;Wed;Night;Low;Coffee;Gourmet brewed coffee;Columbian Medium Roast Lg;Hell's Kitchen
19.20;7;3;202305;May;Wed;Night;Low;Coffee;Barista Espresso;Ouro Brasileiro shot;Lower Manhattan
7.50;2;2;202305;May;Wed;Night;Low;Bakery;Pastry;Almond Croissant;Lower Manhattan
3.00;1;1;202305;May;Wed;Night;Low;Coffee;Gourmet brewed coffee;Columbian Medium Roast Lg;Lower Manhattan
3.10;1;1;202305;May;Wed;Night;Low;Tea;Brewed Chai tea;Spicy Eye Opener Chai Lg;Lower Manhattan
10.00;4;3;202305;May;Wed;Night;Low;Coffee;Gourmet brewed coffee;Columbian Medium Roast Rg;Hell's Kitchen
8.50;2;1;202305;May;Wed;Night;Low;Coffee;Barista Espresso;Cappuccino Lg;Hell's Kitchen
15.00;6;4;202305;May;Wed;Night;Low;Tea;Brewed herbal tea;Lemon Grass Rg;Hell's Kitchen
28.00;1;1;202305;May;Wed;Morning;Med;Branded;Clothing;I Need My Bean! T-shirt;Astoria
8.95;1;1;202305;May;Wed;Morning;Low;Loose Tea;Black tea;Earl Grey;Astoria
7.60;1;1;202305;May;Wed;Morning;Low;Packaged Chocolate;Organic Chocolate;Sustainably Grown Organic;Astoria
17.90;2;2;202305;May;Wed;Morning;Low;Loose Tea;Black tea;English Breakfast;Hell's Kitchen
720.00;16;2;202305;May;Wed;Morning;very high;Coffee beans;Premium Beans;Civet Cat;Hell's Kitchen
29.50;2;2;202305;May;Wed;Morning;Med;Coffee beans;Espresso Beans;Espresso Roast;Astoria
45.00;1;1;202305;May;Wed;Morning;High;Coffee beans;Premium Beans;Civet Cat;Astoria
45.00;2;2;202305;May;Wed;Morning;High;Coffee beans;Organic Beans;Organic Decaf Blend;Lower Manhattan
4.40;2;2;202305;May;Tue;Night;Low;Coffee;Organic brewed coffee;Brazilian Sm;Hell's Kitchen
21.90;2;2;202305;May;Wed;Morning;Med;Loose Tea;Chai tea;Spicy Eye Opener Chai;Astoria
20.00;2;2;202305;May;Wed;Morning;Low;Coffee beans;Green beans;Guatemalan Sustainably Grown;Lower Manhattan
10.95;1;1;202305;May;Wed;Morning;Low;Loose Tea;Chai tea;Spicy Eye Opener Chai;Lower Manhattan
18.00;1;1;202305;May;Wed;Morning;Low;Coffee beans;House blend Beans;Our Old Time Diner Blend;Lower Manhattan
3.20;4;3;202305;May;Wed;Afternoon;Low;Flavours;Regular syrup;Chocolate syrup;Hell's Kitchen
28.00;1;1;202305;May;Wed;Afternoon;Med;Branded;Clothing;I Need My Bean! T-shirt;Lower Manhattan
9.00;3;3;202305;May;Wed;Afternoon;Low;Coffee;Organic brewed coffee;Brazilian Rg;Hell's Kitchen
20.45;1;1;202305;May;Wed;Afternoon;very high;Coffee beans;Espresso Beans;Primo Espresso Roast;Astoria
45.00;2;2;202305;May;Wed;Afternoon;High;Coffee beans;Organic Beans;Organic Decaf Blend;Hell's Kitchen
14.00;1;1;202305;May;Wed;Afternoon;Low;Branded;Housewares;I Need My Bean! Latte cup;Lower Manhattan
28.00;1;1;202305;May;Wed;Afternoon;Med;Branded;Clothing;I Need My Bean! T-shirt;Astoria
1.60;2;1;202305;May;Wed;Afternoon;Low;Flavours;Regular syrup;Hazelnut syrup;Lower Manhattan
13.50;3;2;202305;May;Wed;Evening;Low;Drinking Chocolate;Hot chocolate;Dark chocolate Lg;Lower Manhattan
7.20;9;6;202305;May;Wed;Evening;Low;Flavours;Regular syrup;Carmel syrup;Lower Manhattan
21.00;1;1;202305;May;Wed;Evening;Med;Coffee beans;Gourmet Beans;Ethiopia;Lower Manhattan
14.00;1;1;202305;May;Wed;Evening;Low;Branded;Housewares;I Need My Bean! Latte cup;Lower Manhattan
22.50;6;4;202305;May;Wed;Evening;Med;Coffee;Premium brewed coffee;Jamaican Coffee River Lg;Lower Manhattan
16.25;5;5;202305;May;Wed;Evening;Low;Bakery;Scone;Cranberry Scone;Lower Manhattan
4.00;1;1;202305;May;Wed;Evening;Low;Tea;Brewed Chai tea;Morning Sunrise Chai Lg;Lower Manhattan
12.40;4;3;202305;May;Wed;Evening;Low;Coffee;Premium brewed coffee;Jamaican Coffee River Rg;Lower Manhattan
28.00;1;1;202305;May;Wed;Evening;Med;Branded;Clothing;I Need My Bean! T-shirt;Astoria
12.00;1;1;202305;May;Wed;Evening;Low;Branded;Housewares;I Need My Bean! Diner mug;Astoria
14.00;1;1;202305;May;Wed;Evening;Low;Branded;Housewares;I Need My Bean! Latte cup;Astoria
4.50;1;1;202305;May;Wed;Evening;Low;Bakery;Scone;Scottish Cream Scone ;Lower Manhattan
6.00;2;1;202305;May;Thu;Night;Low;Coffee;Drip coffee;Our Old Time Diner Blend Lg;Lower Manhattan
25.20;9;4;202305;May;Thu;Night;Med;Coffee;Barista Espresso;Ouro Brasileiro shot;Lower Manhattan
7.60;1;1;202305;May;Thu;Night;Low;Packaged Chocolate;Organic Chocolate;Sustainably Grown Organic;Lower Manhattan
15.00;1;1;202305;May;Thu;Night;Low;Coffee beans;Gourmet Beans;Columbian Medium Roast;Lower Manhattan
6.00;2;2;202305;May;Thu;Night;Low;Tea;Brewed Black tea;English Breakfast Lg;Lower Manhattan
7.65;3;2;202305;May;Thu;Night;Low;Tea;Brewed Chai tea;Spicy Eye Opener Chai Rg;Lower Manhattan
3.50;1;1;202305;May;Thu;Night;Low;Bakery;Pastry;Croissant;Lower Manhattan
10.50;3;2;202305;May;Thu;Night;Low;Coffee;Organic brewed coffee;Brazilian Lg;Lower Manhattan
3.50;1;1;202305;May;Thu;Night;Low;Coffee;Gourmet brewed coffee;Ethiopia Lg;Hell's Kitchen
7.00;2;1;202305;May;Thu;Night;Low;Coffee;Organic brewed coffee;Brazilian Lg;Hell's Kitchen
12.00;4;2;202305;May;Thu;Night;Low;Coffee;Organic brewed coffee;Brazilian Rg;Lower Manhattan
0.80;1;1;202305;May;Thu;Night;Low;Flavours;Sugar free syrup;Sugar Free Vanilla syrup;Hell's Kitchen
8.55;3;2;202305;May;Thu;Night;Low;Bakery;Scone;Ginger Scone;Lower Manhattan
10.00;4;3;202305;May;Thu;Night;Low;Tea;Brewed Black tea;English Breakfast Rg;Lower Manhattan
2.20;1;1;202305;May;Thu;Night;Low;Coffee;Gourmet brewed coffee;Ethiopia Sm;Lower Manhattan
6.50;2;2;202305;May;Thu;Night;Low;Bakery;Scone;Ginger Scone;Hell's Kitchen
10.50;3;2;202305;May;Thu;Night;Low;Coffee;Gourmet brewed coffee;Ethiopia Lg;Lower Manhattan
6.40;1;1;202305;May;Thu;Night;Low;Packaged Chocolate;Drinking Chocolate;Dark chocolate;Lower Manhattan
6.20;2;1;202305;May;Thu;Night;Low;Tea;Brewed Chai tea;Spicy Eye Opener Chai Lg;Hell's Kitchen
14.00;1;1;202305;May;Thu;Night;Low;Branded;Housewares;I Need My Bean! Latte cup;Lower Manhattan
3.50;1;1;202305;May;Thu;Night;Low;Bakery;Biscotti;Ginger Biscotti;Lower Manhattan
3.75;1;1;202305;May;Thu;Night;Low;Coffee;Premium brewed coffee;Jamaican Coffee River Lg;Hell's Kitchen
6.00;2;1;202305;May;Thu;Night;Low;Tea;Brewed Black tea;English Breakfast Lg;Hell's Kitchen
13.20;6;4;202305;May;Thu;Night;Low;Coffee;Organic brewed coffee;Brazilian Sm;Hell's Kitchen
9.00;2;1;202305;May;Thu;Night;Low;Drinking Chocolate;Hot chocolate;Dark chocolate Lg;Hell's Kitchen
3.50;1;1;202305;May;Thu;Night;Low;Bakery;Pastry;Croissant;Hell's Kitchen
8.00;2;1;202305;May;Thu;Night;Low;Tea;Brewed Chai tea;Morning Sunrise Chai Lg;Hell's Kitchen
26.66;2;2;202305;May;Thu;Morning;Med;Packaged Chocolate;Drinking Chocolate;Chili Mayan;Astoria
30.00;2;2;202305;May;Thu;Morning;Med;Coffee beans;Gourmet Beans;Columbian Medium Roast;Lower Manhattan
24.00;2;2;202305;May;Thu;Morning;Med;Branded;Housewares;I Need My Bean! Diner mug;Lower Manhattan
7.60;1;1;202305;May;Thu;Morning;Low;Packaged Chocolate;Organic Chocolate;Sustainably Grown Organic;Astoria
17.90;2;2;202305;May;Thu;Morning;Low;Loose Tea;Herbal tea;Peppermint;Hell's Kitchen
14.00;1;1;202305;May;Thu;Morning;Low;Branded;Housewares;I Need My Bean! Latte cup;Lower Manhattan
15.00;1;1;202305;May;Thu;Morning;Low;Coffee beans;Gourmet Beans;Columbian Medium Roast;Hell's Kitchen
14.00;4;4;202305;May;Thu;Morning;Low;Bakery;Biscotti;Ginger Biscotti;Lower Manhattan
8.95;1;1;202305;May;Thu;Morning;Low;Loose Tea;Black tea;Earl Grey;Lower Manhattan
18.00;1;1;202305;May;Thu;Morning;Low;Coffee beans;House blend Beans;Our Old Time Diner Blend;Astoria
17.90;2;2;202305;May;Thu;Morning;Low;Loose Tea;Herbal tea;Peppermint;Astoria
18.00;6;6;202305;May;Thu;Morning;Low;Bakery;Scone;Oatmeal Scone;Lower Manhattan
14.75;1;1;202305;May;Thu;Morning;Low;Coffee beans;Espresso Beans;Espresso Roast;Hell's Kitchen
27.00;9;6;202305;May;Thu;Morning;Med;Coffee;Gourmet brewed coffee;Ethiopia Rg;Hell's Kitchen
15.00;4;4;202305;May;Thu;Morning;Low;Bakery;Scone;Jumbo Savory Scone;Astoria
17.50;5;5;202305;May;Thu;Morning;Low;Bakery;Biscotti;Chocolate Chip Biscotti;Astoria
17.90;2;2;202305;May;Thu;Morning;Low;Loose Tea;Chai tea;Traditional Blend Chai;Hell's Kitchen
8.95;1;1;202305;May;Thu;Morning;Low;Loose Tea;Black tea;English Breakfast;Hell's Kitchen
8.95;1;1;202305;May;Thu;Morning;Low;Loose Tea;Herbal tea;Lemon Grass;Lower Manhattan
9.25;1;1;202305;May;Thu;Morning;Low;Loose Tea;Green tea;Serenity Green Tea;Astoria
18.00;1;1;202305;May;Thu;Morning;Low;Coffee beans;Organic Beans;Brazilian - Organic;Astoria
18.00;1;1;202305;May;Thu;Morning;Low;Coffee beans;House blend Beans;Our Old Time Diner Blend;Hell's Kitchen
14.00;1;1;202305;May;Thu;Morning;Low;Branded;Housewares;I Need My Bean! Latte cup;Astoria
9.50;1;1;202305;May;Thu;Morning;Low;Loose Tea;Chai tea;Morning Sunrise Chai;Hell's Kitchen
42.00;2;2;202305;May;Thu;Afternoon;High;Coffee beans;Gourmet Beans;Ethiopia;Lower Manhattan
8.95;1;1;202305;May;Thu;Afternoon;Low;Loose Tea;Black tea;English Breakfast;Astoria
20.45;1;1;202305;May;Thu;Afternoon;very high;Coffee beans;Espresso Beans;Primo Espresso Roast;Lower Manhattan
0.80;1;1;202305;May;Thu;Afternoon;Low;Flavours;Regular syrup;Hazelnut syrup;Hell's Kitchen
19.75;1;1;202305;May;Thu;Afternoon;Low;Coffee beans;Premium Beans;Jamacian Coffee River;Astoria
15.00;1;1;202305;May;Thu;Afternoon;Low;Coffee beans;Gourmet Beans;Columbian Medium Roast;Lower Manhattan
2.40;3;3;202305;May;Thu;Afternoon;Low;Flavours;Regular syrup;Carmel syrup;Lower Manhattan
12.00;4;2;202305;May;Thu;Afternoon;Low;Tea;Brewed Chai tea;Traditional Blend Chai Lg;Hell's Kitchen
7.60;1;1;202305;May;Thu;Afternoon;Low;Packaged Chocolate;Organic Chocolate;Sustainably Grown Organic;Lower Manhattan
14.00;1;1;202305;May;Thu;Evening;Low;Branded;Housewares;I Need My Bean! Latte cup;Hell's Kitchen
5.60;7;5;202305;May;Thu;Evening;Low;Flavours;Regular syrup;Carmel syrup;Lower Manhattan
1.60;2;2;202305;May;Thu;Evening;Low;Flavours;Regular syrup;Chocolate syrup;Astoria
56.00;2;2;202305;May;Thu;Evening;High;Branded;Clothing;I Need My Bean! T-shirt;Astoria
0.80;1;1;202305;May;Thu;Evening;Low;Flavours;Sugar free syrup;Sugar Free Vanilla syrup;Hell's Kitchen
17.00;4;2;202305;May;Thu;Evening;Low;Coffee;Barista Espresso;Cappuccino Lg;Hell's Kitchen
14.00;4;2;202305;May;Thu;Evening;Low;Coffee;Gourmet brewed coffee;Ethiopia Lg;Lower Manhattan
6.40;8;4;202305;May;Thu;Evening;Low;Flavours;Regular syrup;Chocolate syrup;Lower Manhattan
10.50;3;3;202305;May;Thu;Evening;Low;Bakery;Biscotti;Chocolate Chip Biscotti;Astoria
9.50;1;1;202305;May;Thu;Evening;Low;Loose Tea;Chai tea;Morning Sunrise Chai;Astoria
5.00;2;1;202305;May;Thu;Evening;Low;Tea;Brewed Black tea;English Breakfast Rg;Lower Manhattan
6.50;2;2;202305;May;Thu;Evening;Low;Bakery;Scone;Cranberry Scone;Lower Manhattan
9.00;3;2;202305;May;Thu;Evening;Low;Coffee;Barista Espresso;Ouro Brasileiro shot;Lower Manhattan
21.00;1;1;202305;May;Thu;Evening;Med;Coffee beans;Gourmet Beans;Ethiopia;Astoria
7.60;1;1;202305;May;Thu;Evening;Low;Packaged Chocolate;Organic Chocolate;Sustainably Grown Organic;Lower Manhattan
22.50;1;1;202305;May;Thu;Evening;Med;Coffee beans;Organic Beans;Organic Decaf Blend;Astoria
10.00;1;1;202305;May;Thu;Evening;Low;Coffee beans;Green beans;Guatemalan Sustainably Grown;Astoria
12.00;1;1;202305;May;Thu;Evening;Low;Branded;Housewares;I Need My Bean! Diner mug;Astoria
19.75;1;1;202305;May;Thu;Evening;Low;Coffee beans;Premium Beans;Jamacian Coffee River;Lower Manhattan
12.00;1;1;202305;May;Thu;Evening;Low;Branded;Housewares;I Need My Bean! Diner mug;Lower Manhattan
14.75;1;1;202305;May;Thu;Evening;Low;Coffee beans;Espresso Beans;Espresso Roast;Astoria
8.95;1;1;202305;May;Thu;Evening;Low;Loose Tea;Black tea;Earl Grey;Hell's Kitchen
6.60;3;2;202305;May;Fri;Night;Low;Coffee;Organic brewed coffee;Brazilian Sm;Lower Manhattan
10.20;4;3;202305;May;Fri;Night;Low;Tea;Brewed Chai tea;Spicy Eye Opener Chai Rg;Lower Manhattan
28.00;8;3;202305;May;Fri;Night;Med;Coffee;Gourmet brewed coffee;Ethiopia Lg;Lower Manhattan
12.40;4;3;202305;May;Fri;Night;Low;Coffee;Premium brewed coffee;Jamaican Coffee River Rg;Lower Manhattan
6.00;3;3;202305;May;Fri;Night;Low;Coffee;Gourmet brewed coffee;Columbian Medium Roast Sm;Lower Manhattan
4.40;2;1;202305;May;Fri;Night;Low;Coffee;Gourmet brewed coffee;Ethiopia Sm;Lower Manhattan
15.00;6;4;202305;May;Fri;Night;Low;Tea;Brewed herbal tea;Peppermint Rg;Lower Manhattan
15.00;5;3;202305;May;Fri;Night;Low;Tea;Brewed Chai tea;Traditional Blend Chai Lg;Lower Manhattan
30.00;8;5;202305;May;Fri;Night;Med;Coffee;Premium brewed coffee;Jamaican Coffee River Lg;Lower Manhattan
3.50;1;1;202305;May;Fri;Night;Low;Bakery;Biscotti;Chocolate Chip Biscotti;Hell's Kitchen
15.00;6;3;202305;May;Fri;Night;Low;Tea;Brewed Green tea;Serenity Green Tea Rg;Hell's Kitchen
7.00;2;2;202305;May;Fri;Night;Low;Bakery;Biscotti;Ginger Biscotti;Hell's Kitchen
1.60;2;2;202305;May;Fri;Night;Low;Flavours;Regular syrup;Chocolate syrup;Lower Manhattan
21.00;7;4;202305;May;Fri;Night;Med;Tea;Brewed herbal tea;Lemon Grass Lg;Lower Manhattan
18.00;6;3;202305;May;Fri;Night;Low;Coffee;Organic brewed coffee;Brazilian Rg;Lower Manhattan
13.00;4;4;202305;May;Fri;Night;Low;Bakery;Scone;Cranberry Scone;Lower Manhattan
6.00;2;2;202305;May;Fri;Night;Low;Tea;Brewed Black tea;English Breakfast Lg;Hell's Kitchen
20.00;8;4;202305;May;Fri;Night;Low;Coffee;Gourmet brewed coffee;Columbian Medium Roast Rg;Lower Manhattan
3.00;1;1;202305;May;Fri;Night;Low;Coffee;Gourmet brewed coffee;Columbian Medium Roast Lg;Lower Manhattan
7.50;2;1;202305;May;Fri;Night;Low;Coffee;Barista Espresso;Latte;Hell's Kitchen
3.20;4;2;202305;May;Fri;Night;Low;Flavours;Regular syrup;Hazelnut syrup;Hell's Kitchen
13.33;1;1;202305;May;Fri;Night;Low;Packaged Chocolate;Drinking Chocolate;Chili Mayan;Hell's Kitchen
3.25;1;1;202305;May;Fri;Night;Low;Bakery;Biscotti;Hazelnut Biscotti;Lower Manhattan
28.50;6;3;202305;May;Fri;Night;Med;Drinking Chocolate;Hot chocolate;Sustainably Grown Organic Lg;Lower Manhattan
12.50;5;3;202305;May;Fri;Night;Low;Tea;Brewed Green tea;Serenity Green Tea Rg;Lower Manhattan
7.35;3;2;202305;May;Fri;Night;Low;Coffee;Premium brewed coffee;Jamaican Coffee River Sm;Hell's Kitchen
9.75;3;3;202305;May;Fri;Night;Low;Bakery;Scone;Cranberry Scone;Hell's Kitchen
40.90;2;2;202305;May;Fri;Night;very high;Coffee beans;Espresso Beans;Primo Espresso Roast;Hell's Kitchen
3.75;1;1;202305;May;Fri;Night;Low;Bakery;Scone;Jumbo Savory Scone;Lower Manhattan
4.00;2;1;202305;May;Fri;Night;Low;Coffee;Gourmet brewed coffee;Columbian Medium Roast Sm;Hell's Kitchen
9.00;3;2;202305;May;Fri;Night;Low;Tea;Brewed herbal tea;Lemon Grass Lg;Hell's Kitchen
14.00;1;1;202305;May;Fri;Morning;Low;Branded;Housewares;I Need My Bean! Latte cup;Hell's Kitchen
15.20;2;2;202305;May;Fri;Morning;Low;Packaged Chocolate;Organic Chocolate;Sustainably Grown Organic;Hell's Kitchen
8.00;10;7;202305;May;Fri;Morning;Low;Flavours;Regular syrup;Hazelnut syrup;Astoria
22.50;1;1;202305;May;Fri;Morning;Med;Coffee beans;Organic Beans;Organic Decaf Blend;Astoria
27.00;9;6;202305;May;Fri;Morning;Med;Tea;Brewed Chai tea;Traditional Blend Chai Lg;Astoria
15.00;1;1;202305;May;Fri;Morning;Low;Coffee beans;Gourmet Beans;Columbian Medium Roast;Astoria
56.25;15;15;202305;May;Fri;Morning;High;Bakery;Scone;Jumbo Savory Scone;Hell's Kitchen
8.95;1;1;202305;May;Fri;Morning;Low;Loose Tea;Black tea;English Breakfast;Astoria
30.00;3;3;202305;May;Fri;Morning;Med;Coffee beans;Green beans;Guatemalan Sustainably Grown;Astoria
21.00;1;1;202305;May;Fri;Morning;Med;Coffee beans;Gourmet Beans;Ethiopia;Astoria
18.00;1;1;202305;May;Fri;Morning;Low;Coffee beans;Organic Beans;Brazilian - Organic;Astoria
27.00;6;6;202305;May;Fri;Morning;Med;Bakery;Scone;Scottish Cream Scone ;Astoria
9.25;1;1;202305;May;Fri;Morning;Low;Loose Tea;Green tea;Serenity Green Tea;Astoria
8.95;1;1;202305;May;Fri;Morning;Low;Loose Tea;Herbal tea;Lemon Grass;Astoria
14.00;1;1;202305;May;Fri;Morning;Low;Branded;Housewares;I Need My Bean! Latte cup;Astoria
28.00;2;2;202305;May;Fri;Morning;Med;Branded;Housewares;I Need My Bean! Latte cup;Lower Manhattan
10.00;1;1;202305;May;Fri;Morning;Low;Coffee beans;Green beans;Guatemalan Sustainably Grown;Hell's Kitchen
27.75;3;3;202305;May;Fri;Morning;Med;Loose Tea;Green tea;Serenity Green Tea;Hell's Kitchen
7.60;1;1;202305;May;Fri;Morning;Low;Packaged Chocolate;Organic Chocolate;Sustainably Grown Organic;Astoria
10.95;1;1;202305;May;Fri;Morning;Low;Loose Tea;Chai tea;Spicy Eye Opener Chai;Astoria
45.00;1;1;202305;May;Fri;Morning;High;Coffee beans;Premium Beans;Civet Cat;Astoria
28.00;1;1;202305;May;Fri;Morning;Med;Branded;Clothing;I Need My Bean! T-shirt;Astoria
45.00;1;1;202305;May;Fri;Morning;High;Coffee beans;Premium Beans;Civet Cat;Lower Manhattan
5.00;2;1;202305;May;Fri;Night;Low;Coffee;Gourmet brewed coffee;Columbian Medium Roast Rg;Astoria
14.00;4;2;202305;May;Fri;Night;Low;Coffee;Gourmet brewed coffee;Ethiopia Lg;Hell's Kitchen
4.00;5;4;202305;May;Fri;Afternoon;Low;Flavours;Regular syrup;Chocolate syrup;Lower Manhattan
25.50;10;6;202305;May;Fri;Afternoon;Med;Tea;Brewed Chai tea;Spicy Eye Opener Chai Rg;Astoria
9.25;1;1;202305;May;Fri;Afternoon;Low;Loose Tea;Green tea;Serenity Green Tea;Hell's Kitchen
11.25;3;3;202305;May;Fri;Afternoon;Low;Bakery;Pastry;Almond Croissant;Hell's Kitchen
12.00;1;1;202305;May;Fri;Afternoon;Low;Branded;Housewares;I Need My Bean! Diner mug;Lower Manhattan
6.60;3;2;202305;May;Fri;Afternoon;Low;Coffee;Gourmet brewed coffee;Ethiopia Sm;Hell's Kitchen
19.00;2;2;202305;May;Fri;Afternoon;Low;Loose Tea;Chai tea;Morning Sunrise Chai;Hell's Kitchen
15.00;5;3;202305;May;Fri;Afternoon;Low;Coffee;Gourmet brewed coffee;Columbian Medium Roast Lg;Astoria
28.00;1;1;202305;May;Fri;Afternoon;Med;Branded;Clothing;I Need My Bean! T-shirt;Astoria
20.45;1;1;202305;May;Fri;Afternoon;very high;Coffee beans;Espresso Beans;Primo Espresso Roast;Lower Manhattan
14.00;1;1;202305;May;Fri;Afternoon;Low;Branded;Housewares;I Need My Bean! Latte cup;Lower Manhattan
12.00;1;1;202305;May;Fri;Evening;Low;Branded;Housewares;I Need My Bean! Diner mug;Hell's Kitchen
21.00;1;1;202305;May;Fri;Evening;Med;Coffee beans;Gourmet Beans;Ethiopia;Hell's Kitchen
7.50;3;2;202305;May;Fri;Evening;Low;Tea;Brewed Chai tea;Morning Sunrise Chai Rg;Lower Manhattan
22.50;1;1;202305;May;Fri;Evening;Med;Coffee beans;Organic Beans;Organic Decaf Blend;Hell's Kitchen
8.95;1;1;202305;May;Fri;Evening;Low;Loose Tea;Chai tea;Traditional Blend Chai;Lower Manhattan
10.00;1;1;202305;May;Fri;Evening;Low;Coffee beans;Green beans;Guatemalan Sustainably Grown;Astoria
14.00;1;1;202305;May;Fri;Evening;Low;Branded;Housewares;I Need My Bean! Latte cup;Lower Manhattan
28.00;1;1;202305;May;Fri;Evening;Med;Branded;Clothing;I Need My Bean! T-shirt;Lower Manhattan
25.00;10;6;202305;May;Fri;Evening;Med;Tea;Brewed Black tea;English Breakfast Rg;Astoria
15.00;4;4;202305;May;Fri;Evening;Low;Bakery;Pastry;Almond Croissant;Astoria
20.45;1;1;202305;May;Fri;Evening;very high;Coffee beans;Espresso Beans;Primo Espresso Roast;Hell's Kitchen
18.00;6;4;202305;May;Fri;Evening;Low;Coffee;Barista Espresso;Espresso shot;Hell's Kitchen
40.90;2;2;202305;May;Fri;Evening;very high;Coffee beans;Espresso Beans;Primo Espresso Roast;Astoria
8.80;4;2;202305;May;Fri;Evening;Low;Coffee;Gourmet brewed coffee;Ethiopia Sm;Hell's Kitchen
90.00;2;2;202305;May;Sat;Morning;very high;Coffee beans;Premium Beans;Civet Cat;Astoria
8.95;1;1;202305;May;Sat;Morning;Low;Loose Tea;Black tea;Earl Grey;Astoria
8.95;1;1;202305;May;Sat;Morning;Low;Loose Tea;Chai tea;Traditional Blend Chai;Astoria
14.75;1;1;202305;May;Sat;Morning;Low;Coffee beans;Espresso Beans;Espresso Roast;Astoria
7.60;1;1;202305;May;Sat;Morning;Low;Packaged Chocolate;Organic Chocolate;Sustainably Grown Organic;Astoria
20.00;8;7;202305;May;Sat;Morning;Low;Coffee;Gourmet brewed coffee;Columbian Medium Roast Rg;Astoria
36.00;2;2;202305;May;Sat;Morning;Med;Coffee beans;Organic Beans;Brazilian - Organic;Astoria
56.00;2;2;202305;May;Sat;Morning;High;Branded;Clothing;I Need My Bean! T-shirt;Hell's Kitchen
26.85;3;3;202305;May;Sat;Morning;Med;Loose Tea;Herbal tea;Lemon Grass;Astoria
18.00;1;1;202305;May;Sat;Morning;Low;Coffee beans;House blend Beans;Our Old Time Diner Blend;Astoria
22.50;1;1;202305;May;Sat;Morning;Med;Coffee beans;Organic Beans;Organic Decaf Blend;Astoria
18.50;2;2;202305;May;Sat;Morning;Low;Loose Tea;Green tea;Serenity Green Tea;Hell's Kitchen
39.50;2;2;202305;May;Sat;Morning;Med;Coffee beans;Premium Beans;Jamacian Coffee River;Astoria
28.00;2;2;202305;May;Sat;Morning;Med;Branded;Housewares;I Need My Bean! Latte cup;Hell's Kitchen
19.00;2;2;202305;May;Sat;Morning;Low;Loose Tea;Chai tea;Morning Sunrise Chai;Astoria
40.90;2;2;202305;May;Sat;Morning;very high;Coffee beans;Espresso Beans;Primo Espresso Roast;Astoria
42.00;2;2;202305;May;Sat;Morning;High;Coffee beans;Gourmet Beans;Ethiopia;Astoria
24.00;2;2;202305;May;Sat;Morning;Med;Branded;Housewares;I Need My Bean! Diner mug;Lower Manhattan
36.00;2;2;202305;May;Sat;Morning;Med;Coffee beans;House blend Beans;Our Old Time Diner Blend;Lower Manhattan
8.95;1;1;202305;May;Sat;Morning;Low;Loose Tea;Black tea;English Breakfast;Hell's Kitchen
7.60;1;1;202305;May;Sat;Morning;Low;Packaged Chocolate;Organic Chocolate;Sustainably Grown Organic;Lower Manhattan
19.75;1;1;202305;May;Sat;Morning;Low;Coffee beans;Premium Beans;Jamacian Coffee River;Lower Manhattan
8.95;1;1;202305;May;Sat;Afternoon;Low;Loose Tea;Chai tea;Traditional Blend Chai;Astoria
30.10;10;9;202305;May;Sat;Afternoon;Med;Bakery;Scone;Ginger Scone;Lower Manhattan
14.00;1;1;202305;May;Sat;Afternoon;Low;Branded;Housewares;I Need My Bean! Latte cup;Lower Manhattan
21.90;2;2;202305;May;Sat;Afternoon;Med;Loose Tea;Chai tea;Spicy Eye Opener Chai;Lower Manhattan
3.50;1;1;202305;May;Sat;Afternoon;Low;Bakery;Biscotti;Chocolate Chip Biscotti;Hell's Kitchen
22.50;1;1;202305;May;Sat;Afternoon;Med;Coffee beans;Organic Beans;Organic Decaf Blend;Astoria
12.00;4;2;202305;May;Sat;Afternoon;Low;Tea;Brewed Black tea;Earl Grey Lg;Lower Manhattan
14.00;4;4;202305;May;Sat;Afternoon;Low;Bakery;Biscotti;Chocolate Chip Biscotti;Astoria
3.50;1;1;202305;May;Sat;Afternoon;Low;Coffee;Gourmet brewed coffee;Ethiopia Lg;Astoria
10.00;5;3;202305;May;Sat;Afternoon;Low;Coffee;Gourmet brewed coffee;Columbian Medium Roast Sm;Hell's Kitchen
31.50;7;7;202305;May;Sat;Afternoon;Med;Bakery;Scone;Scottish Cream Scone ;Astoria
17.50;5;3;202305;May;Sat;Afternoon;Low;Drinking Chocolate;Hot chocolate;Dark chocolate Rg;Hell's Kitchen
9.25;1;1;202305;May;Sat;Afternoon;Low;Loose Tea;Green tea;Serenity Green Tea;Astoria
8.95;1;1;202305;May;Sat;Afternoon;Low;Loose Tea;Herbal tea;Peppermint;Astoria
15.00;1;1;202305;May;Sat;Afternoon;Low;Coffee beans;Gourmet Beans;Columbian Medium Roast;Astoria
45.00;1;1;202305;May;Sat;Afternoon;High;Coffee beans;Premium Beans;Civet Cat;Hell's Kitchen
5.00;2;1;202305;May;Sat;Night;Low;Tea;Brewed Chai tea;Traditional Blend Chai Rg;Hell's Kitchen
3.75;1;1;202305;May;Sat;Evening;Low;Bakery;Scone;Jumbo Savory Scone;Lower Manhattan
7.00;2;2;202305;May;Sat;Evening;Low;Bakery;Biscotti;Ginger Biscotti;Lower Manhattan
2.00;1;1;202305;May;Sat;Evening;Low;Coffee;Gourmet brewed coffee;Columbian Medium Roast Sm;Lower Manhattan
22.50;1;1;202305;May;Sat;Evening;Med;Coffee beans;Organic Beans;Organic Decaf Blend;Astoria
90.00;2;2;202305;May;Sat;Evening;very high;Coffee beans;Premium Beans;Civet Cat;Astoria
7.35;3;2;202305;May;Sat;Evening;Low;Coffee;Premium brewed coffee;Jamaican Coffee River Sm;Lower Manhattan
2.40;3;2;202305;May;Sat;Evening;Low;Flavours;Regular syrup;Carmel syrup;Lower Manhattan
12.00;1;1;202305;May;Sat;Evening;Low;Branded;Housewares;I Need My Bean! Diner mug;Lower Manhattan
9.00;3;2;202305;May;Sat;Evening;Low;Tea;Brewed Green tea;Serenity Green Tea Lg;Lower Manhattan
18.50;2;2;202305;May;Sat;Evening;Low;Loose Tea;Green tea;Serenity Green Tea;Astoria
13.33;1;1;202305;May;Sat;Evening;Low;Packaged Chocolate;Drinking Chocolate;Chili Mayan;Astoria
13.33;1;1;202305;May;Thu;Afternoon;Low;Packaged Chocolate;Drinking Chocolate;Chili Mayan;Astoria
6.40;1;1;202305;May;Sat;Evening;Low;Packaged Chocolate;Drinking Chocolate;Dark chocolate;Astoria
9.50;1;1;202305;May;Sat;Evening;Low;Loose Tea;Chai tea;Morning Sunrise Chai;Astoria
5.60;7;4;202305;May;Sat;Evening;Low;Flavours;Regular syrup;Chocolate syrup;Hell's Kitchen
14.00;1;1;202305;May;Sat;Evening;Low;Branded;Housewares;I Need My Bean! Latte cup;Hell's Kitchen
8.95;1;1;202305;May;Sun;Morning;Low;Loose Tea;Black tea;Earl Grey;Lower Manhattan
18.00;1;1;202305;May;Sun;Morning;Low;Coffee beans;House blend Beans;Our Old Time Diner Blend;Lower Manhattan
28.00;1;1;202305;May;Sun;Morning;Med;Branded;Clothing;I Need My Bean! T-shirt;Hell's Kitchen
10.00;1;1;202305;May;Sun;Morning;Low;Coffee beans;Green beans;Guatemalan Sustainably Grown;Astoria
13.33;1;1;202305;May;Sun;Morning;Low;Packaged Chocolate;Drinking Chocolate;Chili Mayan;Astoria
10.00;1;1;202305;May;Sun;Morning;Low;Coffee beans;Green beans;Guatemalan Sustainably Grown;Hell's Kitchen
14.75;1;1;202305;May;Sun;Morning;Low;Coffee beans;Espresso Beans;Espresso Roast;Lower Manhattan
8.95;1;1;202305;May;Sun;Morning;Low;Loose Tea;Black tea;Earl Grey;Hell's Kitchen
14.00;1;1;202305;May;Sun;Morning;Low;Branded;Housewares;I Need My Bean! Latte cup;Hell's Kitchen
20.45;1;1;202305;May;Sun;Morning;very high;Coffee beans;Espresso Beans;Primo Espresso Roast;Astoria
12.00;1;1;202305;May;Sun;Morning;Low;Branded;Housewares;I Need My Bean! Diner mug;Hell's Kitchen
45.00;1;1;202305;May;Sun;Afternoon;High;Coffee beans;Premium Beans;Civet Cat;Hell's Kitchen
19.50;6;6;202305;May;Sun;Afternoon;Low;Bakery;Scone;Cranberry Scone;Lower Manhattan
3.20;4;2;202305;May;Sun;Afternoon;Low;Flavours;Regular syrup;Carmel syrup;Hell's Kitchen
15.00;5;3;202305;May;Sun;Afternoon;Low;Tea;Brewed Black tea;Earl Grey Lg;Hell's Kitchen
7.60;1;1;202305;May;Sun;Afternoon;Low;Packaged Chocolate;Organic Chocolate;Sustainably Grown Organic;Lower Manhattan
16.00;4;3;202305;May;Sun;Afternoon;Low;Tea;Brewed Chai tea;Morning Sunrise Chai Lg;Lower Manhattan
19.75;1;1;202305;May;Sun;Afternoon;Low;Coffee beans;Premium Beans;Jamacian Coffee River;Hell's Kitchen
6.50;2;2;202305;May;Sun;Afternoon;Low;Bakery;Scone;Ginger Scone;Hell's Kitchen
19.80;9;5;202305;May;Sun;Afternoon;Low;Coffee;Gourmet brewed coffee;Ethiopia Sm;Astoria
11.20;4;4;202305;May;Sun;Afternoon;Low;Bakery;Scone;Ginger Scone;Lower Manhattan
3.00;1;1;202305;May;Sun;Afternoon;Low;Bakery;Scone;Oatmeal Scone;Astoria
14.00;4;4;202305;May;Sun;Afternoon;Low;Bakery;Biscotti;Ginger Biscotti;Lower Manhattan
7.50;3;3;202305;May;Sun;Afternoon;Low;Tea;Brewed Green tea;Serenity Green Tea Rg;Lower Manhattan
15.30;6;5;202305;May;Sun;Afternoon;Low;Tea;Brewed Chai tea;Spicy Eye Opener Chai Rg;Hell's Kitchen
8.00;4;3;202305;May;Sun;Afternoon;Low;Coffee;Gourmet brewed coffee;Columbian Medium Roast Sm;Hell's Kitchen
6.50;2;2;202305;May;Sun;Afternoon;Low;Bakery;Biscotti;Hazelnut Biscotti;Hell's Kitchen
9.00;3;2;202305;May;Sun;Afternoon;Low;Coffee;Drip coffee;Our Old Time Diner Blend Lg;Lower Manhattan
9.25;1;1;202305;May;Sun;Afternoon;Low;Loose Tea;Green tea;Serenity Green Tea;Lower Manhattan
21.00;1;1;202305;May;Sun;Afternoon;Med;Coffee beans;Gourmet Beans;Ethiopia;Astoria
28.00;1;1;202305;May;Sun;Afternoon;Med;Branded;Clothing;I Need My Bean! T-shirt;Astoria
26.25;7;3;202305;May;Sun;Afternoon;Med;Coffee;Barista Espresso;Latte;Lower Manhattan
10.00;4;2;202305;May;Sun;Afternoon;Low;Tea;Brewed Black tea;English Breakfast Rg;Hell's Kitchen
15.50;5;3;202305;May;Sun;Evening;Low;Coffee;Premium brewed coffee;Jamaican Coffee River Rg;Lower Manhattan
22.50;6;3;202305;May;Sun;Evening;Med;Coffee;Barista Espresso;Latte;Lower Manhattan
3.20;4;2;202305;May;Sun;Evening;Low;Flavours;Regular syrup;Hazelnut syrup;Lower Manhattan
12.50;5;2;202305;May;Sun;Evening;Low;Tea;Brewed Green tea;Serenity Green Tea Rg;Lower Manhattan
15.00;5;5;202305;May;Sun;Evening;Low;Bakery;Scone;Oatmeal Scone;Lower Manhattan
8.00;4;3;202305;May;Sun;Evening;Low;Coffee;Gourmet brewed coffee;Columbian Medium Roast Sm;Lower Manhattan
22.50;9;5;202305;May;Sun;Evening;Med;Tea;Brewed Chai tea;Traditional Blend Chai Rg;Lower Manhattan
12.25;5;2;202305;May;Sun;Evening;Low;Coffee;Premium brewed coffee;Jamaican Coffee River Sm;Lower Manhattan
7.50;3;2;202305;May;Sun;Evening;Low;Tea;Brewed Chai tea;Morning Sunrise Chai Rg;Lower Manhattan
16.25;5;5;202305;May;Sun;Evening;Low;Bakery;Scone;Ginger Scone;Hell's Kitchen
36.00;12;6;202305;May;Sun;Evening;Med;Coffee;Barista Espresso;Ouro Brasileiro shot;Lower Manhattan
1.60;2;1;202305;May;Sun;Evening;Low;Flavours;Regular syrup;Chocolate syrup;Lower Manhattan
33.00;11;7;202305;May;Sun;Evening;Med;Tea;Brewed Green tea;Serenity Green Tea Lg;Lower Manhattan
6.00;2;2;202305;May;Sun;Evening;Low;Coffee;Organic brewed coffee;Brazilian Rg;Lower Manhattan
3.50;1;1;202305;May;Sun;Evening;Low;Bakery;Pastry;Croissant;Lower Manhattan
17.50;5;2;202305;May;Sun;Evening;Low;Coffee;Organic brewed coffee;Brazilian Lg;Lower Manhattan
14.75;1;1;202305;May;Sun;Evening;Low;Coffee beans;Espresso Beans;Espresso Roast;Astoria
15.00;5;5;202305;May;Sun;Evening;Low;Bakery;Scone;Oatmeal Scone;Astoria
14.00;1;1;202305;May;Sun;Evening;Low;Branded;Housewares;I Need My Bean! Latte cup;Hell's Kitchen
45.00;1;1;202305;May;Sun;Evening;High;Coffee beans;Premium Beans;Civet Cat;Hell's Kitchen
8.50;2;1;202305;May;Sun;Night;Low;Coffee;Barista Espresso;Latte Rg;Hell's Kitchen
1.60;2;1;202305;May;Sun;Night;Low;Flavours;Sugar free syrup;Sugar Free Vanilla syrup;Hell's Kitchen
3.00;1;1;202305;May;Mon;Night;Low;Tea;Brewed herbal tea;Peppermint Lg;Lower Manhattan
4.00;2;1;202305;May;Mon;Night;Low;Coffee;Drip coffee;Our Old Time Diner Blend Sm;Lower Manhattan
15.00;6;3;202305;May;Mon;Night;Low;Tea;Brewed herbal tea;Peppermint Rg;Lower Manhattan
6.00;2;2;202305;May;Mon;Night;Low;Coffee;Drip coffee;Our Old Time Diner Blend Lg;Lower Manhattan
4.40;2;1;202305;May;Mon;Night;Low;Coffee;Gourmet brewed coffee;Ethiopia Sm;Lower Manhattan
9.00;3;1;202305;May;Mon;Night;Low;Tea;Brewed herbal tea;Lemon Grass Lg;Lower Manhattan
7.00;2;2;202305;May;Mon;Night;Low;Bakery;Pastry;Croissant;Lower Manhattan
5.00;2;1;202305;May;Mon;Night;Low;Tea;Brewed Chai tea;Traditional Blend Chai Rg;Lower Manhattan
6.40;1;1;202305;May;Mon;Night;Low;Packaged Chocolate;Drinking Chocolate;Dark chocolate;Lower Manhattan
10.50;3;2;202305;May;Mon;Night;Low;Drinking Chocolate;Hot chocolate;Dark chocolate Rg;Lower Manhattan
10.50;3;2;202305;May;Mon;Night;Low;Coffee;Organic brewed coffee;Brazilian Lg;Hell's Kitchen
9.50;2;1;202305;May;Mon;Night;Low;Drinking Chocolate;Hot chocolate;Sustainably Grown Organic Lg;Hell's Kitchen
5.30;2;1;202305;May;Mon;Night;Low;Bakery;Scone;Ginger Scone;Lower Manhattan
2.20;1;1;202305;May;Mon;Night;Low;Coffee;Gourmet brewed coffee;Ethiopia Sm;Hell's Kitchen
12.00;4;2;202305;May;Mon;Night;Low;Coffee;Gourmet brewed coffee;Columbian Medium Roast Lg;Hell's Kitchen
8.50;2;1;202305;May;Mon;Night;Low;Coffee;Barista Espresso;Cappuccino Lg;Hell's Kitchen
1.60;2;1;202305;May;Mon;Night;Low;Flavours;Regular syrup;Chocolate syrup;Hell's Kitchen
3.00;1;1;202305;May;Mon;Night;Low;Coffee;Gourmet brewed coffee;Ethiopia Rg;Lower Manhattan
3.00;1;1;202305;May;Mon;Night;Low;Coffee;Organic brewed coffee;Brazilian Rg;Lower Manhattan
3.25;1;1;202305;May;Mon;Night;Low;Bakery;Scone;Cranberry Scone;Hell's Kitchen
3.00;1;1;202305;May;Mon;Night;Low;Coffee;Drip coffee;Our Old Time Diner Blend Lg;Hell's Kitchen
3.50;1;1;202305;May;Mon;Night;Low;Coffee;Gourmet brewed coffee;Ethiopia Lg;Hell's Kitchen
2.50;1;1;202305;May;Mon;Night;Low;Tea;Brewed Chai tea;Traditional Blend Chai Rg;Hell's Kitchen
6.20;2;1;202305;May;Mon;Night;Low;Tea;Brewed Chai tea;Spicy Eye Opener Chai Lg;Hell's Kitchen
13.33;1;1;202305;May;Mon;Morning;Low;Packaged Chocolate;Drinking Chocolate;Chili Mayan;Lower Manhattan
9.25;1;1;202305;May;Mon;Morning;Low;Loose Tea;Green tea;Serenity Green Tea;Lower Manhattan
22.50;1;1;202305;May;Mon;Morning;Med;Coffee beans;Organic Beans;Organic Decaf Blend;Lower Manhattan
10.00;1;1;202305;May;Mon;Morning;Low;Coffee beans;Green beans;Guatemalan Sustainably Grown;Lower Manhattan
90.00;2;2;202305;May;Mon;Morning;very high;Coffee beans;Premium Beans;Civet Cat;Lower Manhattan
19.75;1;1;202305;May;Mon;Morning;Low;Coffee beans;Premium Beans;Jamacian Coffee River;Hell's Kitchen
18.00;1;1;202305;May;Mon;Morning;Low;Coffee beans;House blend Beans;Our Old Time Diner Blend;Hell's Kitchen
18.00;1;1;202305;May;Mon;Morning;Low;Coffee beans;Organic Beans;Brazilian - Organic;Hell's Kitchen
9.25;1;1;202305;May;Mon;Afternoon;Low;Loose Tea;Green tea;Serenity Green Tea;Lower Manhattan
1.60;2;2;202305;May;Mon;Afternoon;Low;Flavours;Regular syrup;Hazelnut syrup;Lower Manhattan
13.33;1;1;202305;May;Mon;Afternoon;Low;Packaged Chocolate;Drinking Chocolate;Chili Mayan;Lower Manhattan
15.00;1;1;202305;May;Mon;Afternoon;Low;Coffee beans;Gourmet Beans;Columbian Medium Roast;Lower Manhattan
14.75;1;1;202305;May;Mon;Afternoon;Low;Coffee beans;Espresso Beans;Espresso Roast;Hell's Kitchen
6.50;2;2;202305;May;Mon;Evening;Low;Bakery;Scone;Cranberry Scone;Hell's Kitchen
12.00;3;1;202305;May;Mon;Evening;Low;Tea;Brewed Chai tea;Morning Sunrise Chai Lg;Lower Manhattan
0.80;1;1;202305;May;Mon;Evening;Low;Flavours;Regular syrup;Chocolate syrup;Lower Manhattan
10.95;1;1;202305;May;Mon;Evening;Low;Loose Tea;Chai tea;Spicy Eye Opener Chai;Lower Manhattan
7.60;1;1;202305;May;Mon;Evening;Low;Packaged Chocolate;Organic Chocolate;Sustainably Grown Organic;Hell's Kitchen
21.00;1;1;202305;May;Mon;Evening;Med;Coffee beans;Gourmet Beans;Ethiopia;Hell's Kitchen
6.00;2;2;202305;May;Tue;Night;Low;Tea;Brewed Green tea;Serenity Green Tea Lg;Lower Manhattan
9.00;3;2;202305;May;Tue;Night;Low;Tea;Brewed herbal tea;Peppermint Lg;Lower Manhattan
7.50;2;2;202305;May;Tue;Night;Low;Bakery;Scone;Jumbo Savory Scone;Lower Manhattan
8.00;2;1;202305;May;Tue;Night;Low;Tea;Brewed Chai tea;Morning Sunrise Chai Lg;Lower Manhattan
3.50;1;1;202305;May;Tue;Night;Low;Coffee;Gourmet brewed coffee;Ethiopia Lg;Lower Manhattan
26.25;7;3;202305;May;Tue;Night;Med;Drinking Chocolate;Hot chocolate;Sustainably Grown Organic Rg;Lower Manhattan
3.00;1;1;202305;May;Tue;Night;Low;Bakery;Scone;Oatmeal Scone;Lower Manhattan
6.00;2;1;202305;May;Tue;Night;Low;Coffee;Gourmet brewed coffee;Ethiopia Rg;Lower Manhattan
7.50;3;2;202305;May;Tue;Night;Low;Tea;Brewed Chai tea;Traditional Blend Chai Rg;Hell's Kitchen
10.00;5;2;202305;May;Tue;Night;Low;Coffee;Drip coffee;Our Old Time Diner Blend Sm;Lower Manhattan
2.20;1;1;202305;May;Tue;Night;Low;Coffee;Gourmet brewed coffee;Ethiopia Sm;Lower Manhattan
18.00;4;2;202305;May;Tue;Night;Low;Drinking Chocolate;Hot chocolate;Dark chocolate Lg;Lower Manhattan
7.50;3;1;202305;May;Tue;Night;Low;Tea;Brewed Chai tea;Traditional Blend Chai Rg;Lower Manhattan
22.50;6;3;202305;May;Tue;Night;Med;Coffee;Barista Espresso;Cappuccino;Lower Manhattan
6.00;3;3;202305;May;Tue;Night;Low;Coffee;Gourmet brewed coffee;Columbian Medium Roast Sm;Hell's Kitchen
3.00;1;1;202305;May;Tue;Night;Low;Bakery;Scone;Oatmeal Scone;Hell's Kitchen
8.95;1;1;202305;May;Tue;Night;Low;Loose Tea;Chai tea;Traditional Blend Chai;Hell's Kitchen
12.00;4;2;202305;May;Tue;Night;Low;Tea;Brewed Black tea;English Breakfast Lg;Hell's Kitchen
3.25;1;1;202305;May;Tue;Night;Low;Bakery;Biscotti;Hazelnut Biscotti;Hell's Kitchen
9.00;3;1;202305;May;Tue;Night;Low;Coffee;Barista Espresso;Espresso shot;Lower Manhattan
27.00;9;4;202305;May;Tue;Night;Med;Tea;Brewed Black tea;English Breakfast Lg;Lower Manhattan
15.00;4;2;202305;May;Tue;Night;Low;Coffee;Premium brewed coffee;Jamaican Coffee River Lg;Hell's Kitchen
15.00;6;2;202305;May;Tue;Night;Low;Tea;Brewed Green tea;Serenity Green Tea Rg;Lower Manhattan
3.50;1;1;202305;May;Tue;Night;Low;Bakery;Biscotti;Chocolate Chip Biscotti;Lower Manhattan
6.00;2;1;202305;May;Tue;Night;Low;Coffee;Gourmet brewed coffee;Columbian Medium Roast Lg;Hell's Kitchen
21.00;6;2;202305;May;Tue;Night;Med;Drinking Chocolate;Hot chocolate;Dark chocolate Rg;Lower Manhattan
28.00;2;2;202305;May;Tue;Night;Med;Branded;Housewares;I Need My Bean! Latte cup;Lower Manhattan
3.50;1;1;202305;May;Tue;Night;Low;Bakery;Biscotti;Ginger Biscotti;Lower Manhattan
18.50;2;2;202305;May;Tue;Night;Low;Loose Tea;Green tea;Serenity Green Tea;Lower Manhattan
17.90;2;2;202305;May;Tue;Morning;Low;Loose Tea;Chai tea;Traditional Blend Chai;Lower Manhattan
8.95;1;1;202305;May;Tue;Morning;Low;Loose Tea;Black tea;Earl Grey;Hell's Kitchen
14.75;1;1;202305;May;Tue;Morning;Low;Coffee beans;Espresso Beans;Espresso Roast;Hell's Kitchen
59.25;3;3;202305;May;Tue;Morning;High;Coffee beans;Premium Beans;Jamacian Coffee River;Hell's Kitchen
8.95;1;1;202305;May;Tue;Morning;Low;Loose Tea;Black tea;Earl Grey;Lower Manhattan
15.00;1;1;202305;May;Tue;Afternoon;Low;Coffee beans;Gourmet Beans;Columbian Medium Roast;Hell's Kitchen
36.00;2;2;202305;May;Tue;Afternoon;Med;Coffee beans;House blend Beans;Our Old Time Diner Blend;Hell's Kitchen
18.00;1;1;202305;May;Tue;Afternoon;Low;Coffee beans;Organic Beans;Brazilian - Organic;Lower Manhattan
10.00;4;3;202305;May;Tue;Afternoon;Low;Coffee;Gourmet brewed coffee;Columbian Medium Roast Rg;Hell's Kitchen
6.50;2;2;202305;May;Tue;Night;Low;Bakery;Scone;Cranberry Scone;Hell's Kitchen
1.60;2;2;202305;May;Tue;Evening;Low;Flavours;Regular syrup;Chocolate syrup;Hell's Kitchen
5.60;7;4;202305;May;Tue;Evening;Low;Flavours;Regular syrup;Hazelnut syrup;Lower Manhattan
6.50;2;2;202305;May;Tue;Evening;Low;Bakery;Scone;Ginger Scone;Lower Manhattan
15.00;5;2;202305;May;Wed;Night;Low;Coffee;Drip coffee;Our Old Time Diner Blend Lg;Lower Manhattan
10.00;4;3;202305;May;Wed;Night;Low;Tea;Brewed herbal tea;Peppermint Rg;Lower Manhattan
7.50;2;1;202305;May;Wed;Night;Low;Coffee;Barista Espresso;Cappuccino;Lower Manhattan
28.00;1;1;202305;May;Wed;Night;Med;Branded;Clothing;I Need My Bean! T-shirt;Lower Manhattan
7.60;1;1;202305;May;Wed;Night;Low;Packaged Chocolate;Organic Chocolate;Sustainably Grown Organic;Lower Manhattan
5.00;2;1;202305;May;Wed;Night;Low;Tea;Brewed herbal tea;Peppermint Rg;Hell's Kitchen
10.00;4;2;202305;May;Wed;Night;Low;Coffee;Drip coffee;Our Old Time Diner Blend Rg;Hell's Kitchen
7.00;2;2;202305;May;Wed;Night;Low;Bakery;Biscotti;Ginger Biscotti;Hell's Kitchen
7.50;3;2;202305;May;Wed;Night;Low;Tea;Brewed Black tea;English Breakfast Rg;Hell's Kitchen
3.25;1;1;202305;May;Wed;Night;Low;Bakery;Biscotti;Hazelnut Biscotti;Hell's Kitchen
3.00;1;1;202305;May;Wed;Night;Low;Tea;Brewed Green tea;Serenity Green Tea Lg;Hell's Kitchen
40.90;2;2;202305;May;Wed;Morning;very high;Coffee beans;Espresso Beans;Primo Espresso Roast;Hell's Kitchen
8.95;1;1;202305;May;Wed;Morning;Low;Loose Tea;Chai tea;Traditional Blend Chai;Lower Manhattan
21.00;1;1;202305;May;Wed;Morning;Med;Coffee beans;Gourmet Beans;Ethiopia;Hell's Kitchen
14.00;1;1;202305;May;Wed;Morning;Low;Branded;Housewares;I Need My Bean! Latte cup;Lower Manhattan
8.95;1;1;202305;May;Wed;Morning;Low;Loose Tea;Herbal tea;Peppermint;Lower Manhattan
17.90;2;2;202305;May;Wed;Morning;Low;Loose Tea;Black tea;English Breakfast;Lower Manhattan
36.00;2;2;202305;May;Wed;Morning;Med;Coffee beans;Organic Beans;Brazilian - Organic;Lower Manhattan
8.50;2;1;202305;May;Wed;Night;Low;Coffee;Barista Espresso;Cappuccino Lg;Astoria
14.70;7;4;202305;May;Wed;Afternoon;Low;Coffee;Barista Espresso;Ouro Brasileiro shot;Lower Manhattan
15.00;4;3;202305;May;Wed;Afternoon;Low;Coffee;Premium brewed coffee;Jamaican Coffee River Lg;Hell's Kitchen
22.50;9;5;202305;May;Wed;Afternoon;Med;Tea;Brewed herbal tea;Peppermint Rg;Astoria
9.75;3;3;202305;May;Wed;Evening;Low;Bakery;Scone;Cranberry Scone;Hell's Kitchen
15.00;1;1;202305;May;Wed;Evening;Low;Coffee beans;Gourmet Beans;Columbian Medium Roast;Hell's Kitchen
7.50;2;2;202305;May;Wed;Evening;Low;Bakery;Pastry;Almond Croissant;Lower Manhattan
5.60;7;4;202305;May;Wed;Evening;Low;Flavours;Sugar free syrup;Sugar Free Vanilla syrup;Lower Manhattan
7.60;1;1;202305;May;Wed;Evening;Low;Packaged Chocolate;Organic Chocolate;Sustainably Grown Organic;Lower Manhattan
22.50;1;1;202305;May;Wed;Evening;Med;Coffee beans;Organic Beans;Organic Decaf Blend;Hell's Kitchen
22.50;6;3;202305;May;Thu;Night;Med;Coffee;Premium brewed coffee;Jamaican Coffee River Lg;Lower Manhattan
3.20;4;2;202305;May;Thu;Night;Low;Flavours;Sugar free syrup;Sugar Free Vanilla syrup;Lower Manhattan
10.50;3;1;202305;May;Thu;Night;Low;Drinking Chocolate;Hot chocolate;Dark chocolate Rg;Lower Manhattan
20.00;2;2;202305;May;Thu;Night;Low;Coffee beans;Green beans;Guatemalan Sustainably Grown;Lower Manhattan
6.00;2;1;202305;May;Thu;Night;Low;Coffee;Organic brewed coffee;Brazilian Rg;Hell's Kitchen
11.25;3;1;202305;May;Thu;Night;Low;Coffee;Barista Espresso;Cappuccino;Lower Manhattan
3.50;1;1;202305;May;Thu;Night;Low;Bakery;Biscotti;Chocolate Chip Biscotti;Lower Manhattan
8.95;1;1;202305;May;Thu;Night;Low;Loose Tea;Chai tea;Traditional Blend Chai;Lower Manhattan
2.10;1;1;202305;May;Thu;Night;Low;Coffee;Barista Espresso;Ouro Brasileiro shot;Hell's Kitchen
2.50;1;1;202305;May;Thu;Night;Low;Tea;Brewed herbal tea;Lemon Grass Rg;Hell's Kitchen
2.50;1;1;202305;May;Thu;Night;Low;Tea;Brewed Black tea;Earl Grey Rg;Hell's Kitchen
4.25;1;1;202305;May;Thu;Night;Low;Coffee;Barista Espresso;Latte Rg;Lower Manhattan
3.75;1;1;202305;May;Thu;Night;Low;Bakery;Pastry;Almond Croissant;Hell's Kitchen
9.25;1;1;202305;May;Thu;Morning;Low;Loose Tea;Green tea;Serenity Green Tea;Lower Manhattan
84.00;3;3;202305;May;Thu;Morning;very high;Branded;Clothing;I Need My Bean! T-shirt;Lower Manhattan
21.00;1;1;202305;May;Thu;Morning;Med;Coffee beans;Gourmet Beans;Ethiopia;Hell's Kitchen
6.40;1;1;202305;May;Thu;Morning;Low;Packaged Chocolate;Drinking Chocolate;Dark chocolate;Hell's Kitchen
22.50;1;1;202305;May;Thu;Morning;Med;Coffee beans;Organic Beans;Organic Decaf Blend;Lower Manhattan
6.40;1;1;202305;May;Thu;Morning;Low;Packaged Chocolate;Drinking Chocolate;Dark chocolate;Lower Manhattan
22.50;1;1;202305;May;Thu;Afternoon;Med;Coffee beans;Organic Beans;Organic Decaf Blend;Hell's Kitchen
14.00;1;1;202305;May;Thu;Afternoon;Low;Branded;Housewares;I Need My Bean! Latte cup;Lower Manhattan
21.00;1;1;202305;May;Thu;Afternoon;Med;Coffee beans;Gourmet Beans;Ethiopia;Hell's Kitchen
8.95;1;1;202305;May;Thu;Afternoon;Low;Loose Tea;Herbal tea;Lemon Grass;Hell's Kitchen
9.25;1;1;202305;May;Thu;Afternoon;Low;Loose Tea;Green tea;Serenity Green Tea;Hell's Kitchen
10.00;1;1;202305;May;Thu;Afternoon;Low;Coffee beans;Green beans;Guatemalan Sustainably Grown;Lower Manhattan
19.75;1;1;202305;May;Thu;Afternoon;Low;Coffee beans;Premium Beans;Jamacian Coffee River;Hell's Kitchen
9.00;3;1;202305;May;Thu;Evening;Low;Tea;Brewed herbal tea;Peppermint Lg;Lower Manhattan
10.00;4;2;202305;May;Thu;Evening;Low;Tea;Brewed herbal tea;Lemon Grass Rg;Astoria
11.25;3;3;202305;May;Thu;Evening;Low;Bakery;Pastry;Chocolate Croissant;Hell's Kitchen
6.00;2;1;202305;May;Thu;Evening;Low;Tea;Brewed Green tea;Serenity Green Tea Lg;Lower Manhattan
2.50;1;1;202305;May;Fri;Night;Low;Tea;Brewed Chai tea;Traditional Blend Chai Rg;Lower Manhattan
4.00;1;1;202305;May;Fri;Night;Low;Tea;Brewed Chai tea;Morning Sunrise Chai Lg;Hell's Kitchen
7.50;2;1;202305;May;Fri;Night;Low;Drinking Chocolate;Hot chocolate;Sustainably Grown Organic Rg;Lower Manhattan
12.75;3;1;202305;May;Fri;Night;Low;Coffee;Barista Espresso;Cappuccino Lg;Lower Manhattan
9.50;2;1;202305;May;Fri;Night;Low;Drinking Chocolate;Hot chocolate;Sustainably Grown Organic Lg;Hell's Kitchen
6.00;2;2;202305;May;Fri;Night;Low;Coffee;Barista Espresso;Ouro Brasileiro shot;Hell's Kitchen
3.10;1;1;202305;May;Fri;Night;Low;Tea;Brewed Chai tea;Spicy Eye Opener Chai Lg;Lower Manhattan
22.50;1;1;202305;May;Fri;Night;Med;Coffee beans;Organic Beans;Organic Decaf Blend;Lower Manhattan
9.50;1;1;202305;May;Fri;Night;Low;Loose Tea;Chai tea;Morning Sunrise Chai;Lower Manhattan
3.00;1;1;202305;May;Fri;Night;Low;Bakery;Scone;Oatmeal Scone;Lower Manhattan
3.00;1;1;202305;May;Fri;Night;Low;Coffee;Barista Espresso;Espresso shot;Hell's Kitchen
8.95;1;1;202305;May;Fri;Night;Low;Loose Tea;Chai tea;Traditional Blend Chai;Hell's Kitchen
14.00;1;1;202305;May;Fri;Night;Low;Branded;Housewares;I Need My Bean! Latte cup;Lower Manhattan
20.45;1;1;202305;May;Fri;Morning;very high;Coffee beans;Espresso Beans;Primo Espresso Roast;Hell's Kitchen
10.95;1;1;202305;May;Fri;Morning;Low;Loose Tea;Chai tea;Spicy Eye Opener Chai;Lower Manhattan
28.00;1;1;202305;May;Fri;Morning;Med;Branded;Clothing;I Need My Bean! T-shirt;Lower Manhattan
8.95;1;1;202305;May;Fri;Morning;Low;Loose Tea;Black tea;Earl Grey;Hell's Kitchen
8.95;1;1;202305;May;Fri;Morning;Low;Loose Tea;Chai tea;Traditional Blend Chai;Hell's Kitchen
18.00;1;1;202305;May;Fri;Morning;Low;Coffee beans;House blend Beans;Our Old Time Diner Blend;Hell's Kitchen
21.00;1;1;202305;May;Fri;Morning;Med;Coffee beans;Gourmet Beans;Ethiopia;Lower Manhattan
15.00;1;1;202305;May;Fri;Afternoon;Low;Coffee beans;Gourmet Beans;Columbian Medium Roast;Hell's Kitchen
18.00;1;1;202305;May;Fri;Afternoon;Low;Coffee beans;Organic Beans;Brazilian - Organic;Lower Manhattan
3.00;1;1;202305;May;Fri;Afternoon;Low;Bakery;Scone;Oatmeal Scone;Lower Manhattan
5.00;2;1;202305;May;Fri;Night;Low;Tea;Brewed Chai tea;Traditional Blend Chai Rg;Astoria
19.75;1;1;202305;May;Fri;Night;Low;Coffee beans;Premium Beans;Jamacian Coffee River;Lower Manhattan
9.00;3;3;202305;May;Fri;Evening;Low;Bakery;Scone;Oatmeal Scone;Lower Manhattan
12.00;4;2;202305;May;Fri;Evening;Low;Tea;Brewed Chai tea;Traditional Blend Chai Lg;Lower Manhattan
8.95;1;1;202305;May;Fri;Evening;Low;Loose Tea;Black tea;Earl Grey;Hell's Kitchen
3.25;1;1;202305;May;Fri;Evening;Low;Bakery;Biscotti;Hazelnut Biscotti;Hell's Kitchen
28.00;1;1;202305;May;Sat;Morning;Med;Branded;Clothing;I Need My Bean! T-shirt;Lower Manhattan
45.00;1;1;202305;May;Sat;Morning;High;Coffee beans;Premium Beans;Civet Cat;Lower Manhattan
8.95;1;1;202305;May;Sat;Morning;Low;Loose Tea;Herbal tea;Peppermint;Lower Manhattan
15.00;1;1;202305;May;Sat;Morning;Low;Coffee beans;Gourmet Beans;Columbian Medium Roast;Hell's Kitchen
21.00;1;1;202305;May;Sat;Morning;Med;Coffee beans;Gourmet Beans;Ethiopia;Lower Manhattan
6.40;8;4;202305;May;Sat;Afternoon;Low;Flavours;Sugar free syrup;Sugar Free Vanilla syrup;Hell's Kitchen
12.00;1;1;202305;May;Sat;Afternoon;Low;Branded;Housewares;I Need My Bean! Diner mug;Lower Manhattan
3.50;1;1;202305;May;Sat;Afternoon;Low;Bakery;Pastry;Croissant;Astoria
14.75;1;1;202305;May;Sat;Afternoon;Low;Coffee beans;Espresso Beans;Espresso Roast;Lower Manhattan
8.95;1;1;202305;May;Sat;Afternoon;Low;Loose Tea;Chai tea;Traditional Blend Chai;Lower Manhattan
23.75;5;2;202305;May;Sat;Afternoon;Med;Drinking Chocolate;Hot chocolate;Sustainably Grown Organic Lg;Lower Manhattan
19.75;1;1;202305;May;Sat;Afternoon;Low;Coffee beans;Premium Beans;Jamacian Coffee River;Lower Manhattan
6.00;2;1;202305;May;Sat;Night;Low;Tea;Brewed Green tea;Serenity Green Tea Lg;Astoria
3.50;1;1;202305;May;Sat;Night;Low;Drinking Chocolate;Hot chocolate;Dark chocolate Rg;Hell's Kitchen
6.40;1;1;202305;May;Sat;Evening;Low;Packaged Chocolate;Drinking Chocolate;Dark chocolate;Lower Manhattan
5.90;2;2;202305;May;Sat;Evening;Low;Bakery;Scone;Ginger Scone;Lower Manhattan
21.00;1;1;202305;May;Sat;Evening;Med;Coffee beans;Gourmet Beans;Ethiopia;Lower Manhattan
9.25;1;1;202305;May;Sat;Evening;Low;Loose Tea;Green tea;Serenity Green Tea;Lower Manhattan
3.00;1;1;202305;May;Sun;Night;Low;Tea;Brewed herbal tea;Lemon Grass Lg;Hell's Kitchen
12.40;4;3;202305;May;Sun;Afternoon;Low;Coffee;Premium brewed coffee;Jamaican Coffee River Rg;Lower Manhattan
18.75;5;4;202305;May;Sun;Afternoon;Low;Drinking Chocolate;Hot chocolate;Sustainably Grown Organic Rg;Astoria
3.00;1;1;202305;May;Sun;Afternoon;Low;Bakery;Scone;Oatmeal Scone;Hell's Kitchen
3.00;1;1;202305;May;Sun;Afternoon;Low;Coffee;Barista Espresso;Espresso shot;Hell's Kitchen
3.50;1;1;202305;May;Sun;Afternoon;Low;Bakery;Biscotti;Chocolate Chip Biscotti;Lower Manhattan
2.50;1;1;202305;May;Sun;Night;Low;Tea;Brewed Green tea;Serenity Green Tea Rg;Hell's Kitchen
6.50;2;2;202305;May;Sun;Evening;Low;Bakery;Scone;Ginger Scone;Lower Manhattan
18.75;5;3;202305;May;Sun;Evening;Low;Coffee;Barista Espresso;Cappuccino;Lower Manhattan
12.00;4;3;202305;May;Sun;Evening;Low;Tea;Brewed Black tea;Earl Grey Lg;Lower Manhattan
12.00;4;3;202305;May;Sun;Evening;Low;Tea;Brewed Chai tea;Traditional Blend Chai Lg;Lower Manhattan
10.00;4;3;202305;May;Sun;Evening;Low;Tea;Brewed herbal tea;Lemon Grass Rg;Lower Manhattan
7.00;2;2;202305;May;Sun;Evening;Low;Drinking Chocolate;Hot chocolate;Dark chocolate Rg;Lower Manhattan
3.50;1;1;202305;May;Sun;Evening;Low;Bakery;Biscotti;Chocolate Chip Biscotti;Lower Manhattan
6.00;2;1;202305;May;Sun;Evening;Low;Tea;Brewed Black tea;English Breakfast Lg;Lower Manhattan
6.00;3;2;202305;May;Sun;Evening;Low;Coffee;Drip coffee;Our Old Time Diner Blend Sm;Astoria
5.00;2;1;202305;May;Sun;Evening;Low;Tea;Brewed herbal tea;Peppermint Rg;Lower Manhattan
6.00;2;1;202305;May;Sun;Evening;Low;Tea;Brewed herbal tea;Lemon Grass Lg;Lower Manhattan
3.00;1;1;202305;May;Sun;Evening;Low;Tea;Brewed herbal tea;Peppermint Lg;Lower Manhattan
3.25;1;1;202305;May;Sun;Evening;Low;Bakery;Scone;Ginger Scone;Astoria
4.75;1;1;202305;May;Mon;Night;Low;Drinking Chocolate;Hot chocolate;Sustainably Grown Organic Lg;Astoria
3.75;1;1;202305;May;Mon;Afternoon;Low;Bakery;Scone;Jumbo Savory Scone;Hell's Kitchen
8.50;2;2;202305;May;Mon;Afternoon;Low;Coffee;Barista Espresso;Cappuccino Lg;Hell's Kitchen
3.00;1;1;202305;May;Mon;Night;Low;Tea;Brewed Chai tea;Traditional Blend Chai Lg;Lower Manhattan
3.50;1;1;202305;May;Mon;Night;Low;Bakery;Biscotti;Ginger Biscotti;Lower Manhattan
9.50;2;2;202305;May;Mon;Evening;Low;Drinking Chocolate;Hot chocolate;Sustainably Grown Organic Lg;Lower Manhattan
2.50;1;1;202305;May;Mon;Evening;Low;Tea;Brewed herbal tea;Peppermint Rg;Hell's Kitchen
3.25;1;1;202305;May;Mon;Evening;Low;Bakery;Biscotti;Hazelnut Biscotti;Lower Manhattan
3.10;1;1;202305;May;Tue;Night;Low;Tea;Brewed Chai tea;Spicy Eye Opener Chai Lg;Lower Manhattan
2.50;1;1;202305;May;Tue;Night;Low;Tea;Brewed Black tea;Earl Grey Rg;Lower Manhattan
7.50;2;2;202305;May;Tue;Night;Low;Bakery;Pastry;Almond Croissant;Lower Manhattan
10.00;1;1;202305;May;Tue;Night;Low;Coffee beans;Green beans;Guatemalan Sustainably Grown;Lower Manhattan
6.40;1;1;202305;May;Tue;Night;Low;Packaged Chocolate;Drinking Chocolate;Dark chocolate;Lower Manhattan
0.80;1;1;202305;May;Tue;Night;Low;Flavours;Regular syrup;Chocolate syrup;Lower Manhattan
3.75;1;1;202305;May;Tue;Night;Low;Drinking Chocolate;Hot chocolate;Sustainably Grown Organic Rg;Hell's Kitchen
2.50;1;1;202305;May;Tue;Night;Low;Tea;Brewed Chai tea;Morning Sunrise Chai Rg;Lower Manhattan
4.25;1;1;202305;May;Tue;Night;Low;Coffee;Barista Espresso;Latte Rg;Lower Manhattan
7.50;3;2;202305;May;Tue;Night;Low;Tea;Brewed Black tea;English Breakfast Rg;Hell's Kitchen
3.00;1;1;202305;May;Tue;Night;Low;Coffee;Drip coffee;Our Old Time Diner Blend Lg;Lower Manhattan
5.00;2;1;202305;May;Tue;Night;Low;Tea;Brewed herbal tea;Lemon Grass Rg;Hell's Kitchen
0.80;1;1;202305;May;Tue;Night;Low;Flavours;Regular syrup;Carmel syrup;Hell's Kitchen
3.00;1;1;202305;May;Tue;Night;Low;Tea;Brewed herbal tea;Peppermint Lg;Hell's Kitchen
42.00;2;2;202305;May;Tue;Morning;High;Coffee beans;Gourmet Beans;Ethiopia;Lower Manhattan
14.75;1;1;202305;May;Tue;Morning;Low;Coffee beans;Espresso Beans;Espresso Roast;Astoria
28.00;1;1;202305;May;Tue;Morning;Med;Branded;Clothing;I Need My Bean! T-shirt;Astoria
7.60;1;1;202305;May;Tue;Morning;Low;Packaged Chocolate;Organic Chocolate;Sustainably Grown Organic;Astoria
9.00;3;2;202305;May;Tue;Afternoon;Low;Tea;Brewed herbal tea;Lemon Grass Lg;Lower Manhattan
12.00;1;1;202305;May;Tue;Afternoon;Low;Branded;Housewares;I Need My Bean! Diner mug;Astoria
6.00;2;1;202305;May;Tue;Night;Low;Tea;Brewed herbal tea;Lemon Grass Lg;Astoria
4.75;1;1;202305;May;Tue;Night;Low;Drinking Chocolate;Hot chocolate;Sustainably Grown Organic Lg;Astoria
7.00;2;2;202305;May;Tue;Evening;Low;Bakery;Biscotti;Ginger Biscotti;Hell's Kitchen
18.00;1;1;202305;May;Tue;Evening;Low;Coffee beans;House blend Beans;Our Old Time Diner Blend;Hell's Kitchen
3.75;1;1;202305;May;Wed;Night;Low;Bakery;Pastry;Almond Croissant;Hell's Kitchen
4.00;2;1;202305;May;Wed;Night;Low;Coffee;Drip coffee;Our Old Time Diner Blend Sm;Hell's Kitchen
7.50;2;1;202305;May;Wed;Night;Low;Coffee;Premium brewed coffee;Jamaican Coffee River Lg;Hell's Kitchen
12.75;3;1;202305;May;Wed;Night;Low;Coffee;Barista Espresso;Latte Rg;Lower Manhattan
3.50;1;1;202305;May;Wed;Night;Low;Bakery;Biscotti;Ginger Biscotti;Lower Manhattan
26.66;2;2;202305;May;Wed;Morning;Med;Packaged Chocolate;Drinking Chocolate;Chili Mayan;Astoria
8.95;1;1;202305;May;Wed;Morning;Low;Loose Tea;Black tea;Earl Grey;Hell's Kitchen
28.00;1;1;202305;May;Wed;Morning;Med;Branded;Clothing;I Need My Bean! T-shirt;Hell's Kitchen
21.00;1;1;202305;May;Wed;Morning;Med;Coffee beans;Gourmet Beans;Ethiopia;Astoria
18.00;1;1;202305;May;Wed;Morning;Low;Coffee beans;House blend Beans;Our Old Time Diner Blend;Astoria
21.00;1;1;202305;May;Wed;Morning;Med;Coffee beans;Gourmet Beans;Ethiopia;Lower Manhattan
8.95;1;1;202305;May;Wed;Morning;Low;Loose Tea;Herbal tea;Peppermint;Hell's Kitchen
24.00;2;2;202305;May;Wed;Morning;Med;Branded;Housewares;I Need My Bean! Diner mug;Astoria
10.00;1;1;202305;May;Wed;Morning;Low;Coffee beans;Green beans;Guatemalan Sustainably Grown;Astoria
20.45;1;1;202305;May;Wed;Morning;very high;Coffee beans;Espresso Beans;Primo Espresso Roast;Lower Manhattan
6.40;1;1;202305;May;Wed;Morning;Low;Packaged Chocolate;Drinking Chocolate;Dark chocolate;Hell's Kitchen
3.10;1;1;202305;May;Wed;Night;Low;Coffee;Premium brewed coffee;Jamaican Coffee River Rg;Astoria
3.50;1;1;202305;May;Wed;Afternoon;Low;Bakery;Pastry;Croissant;Hell's Kitchen
7.60;1;1;202305;May;Wed;Afternoon;Low;Packaged Chocolate;Organic Chocolate;Sustainably Grown Organic;Hell's Kitchen
15.00;1;1;202305;May;Wed;Afternoon;Low;Coffee beans;Gourmet Beans;Columbian Medium Roast;Hell's Kitchen
21.00;1;1;202305;May;Wed;Afternoon;Med;Coffee beans;Gourmet Beans;Ethiopia;Astoria
45.00;1;1;202305;May;Wed;Afternoon;High;Coffee beans;Premium Beans;Civet Cat;Lower Manhattan
12.00;1;1;202305;May;Wed;Afternoon;Low;Branded;Housewares;I Need My Bean! Diner mug;Hell's Kitchen
8.95;1;1;202305;May;Wed;Afternoon;Low;Loose Tea;Chai tea;Traditional Blend Chai;Hell's Kitchen
6.40;1;1;202305;May;Wed;Evening;Low;Packaged Chocolate;Drinking Chocolate;Dark chocolate;Lower Manhattan
2.40;3;2;202305;May;Wed;Evening;Low;Flavours;Regular syrup;Hazelnut syrup;Hell's Kitchen
4.00;5;3;202305;May;Wed;Evening;Low;Flavours;Regular syrup;Carmel syrup;Hell's Kitchen
15.00;1;1;202305;May;Wed;Evening;Low;Coffee beans;Gourmet Beans;Columbian Medium Roast;Astoria
19.00;2;2;202305;May;Wed;Evening;Low;Loose Tea;Chai tea;Morning Sunrise Chai;Lower Manhattan
24.00;2;2;202305;May;Wed;Evening;Med;Branded;Housewares;I Need My Bean! Diner mug;Lower Manhattan
8.95;1;1;202305;May;Wed;Evening;Low;Loose Tea;Herbal tea;Peppermint;Astoria
96.00;48;28;202306;Jun;Thu;Morning;very high;Coffee;Drip coffee;Our Old Time Diner Blend Sm;Lower Manhattan
96.00;32;18;202306;Jun;Thu;Morning;very high;Coffee;Gourmet brewed coffee;Columbian Medium Roast Lg;Lower Manhattan
84.00;28;19;202306;Jun;Thu;Morning;very high;Coffee;Barista Espresso;Espresso shot;Lower Manhattan
81.00;27;17;202306;Jun;Thu;Morning;very high;Coffee;Gourmet brewed coffee;Ethiopia Rg;Lower Manhattan
87.50;35;24;202306;Jun;Thu;Morning;very high;Tea;Brewed Green tea;Serenity Green Tea Rg;Lower Manhattan
204.25;43;26;202306;Jun;Thu;Morning;very high;Drinking Chocolate;Hot chocolate;Sustainably Grown Organic Lg;Lower Manhattan
68.20;22;14;202306;Jun;Thu;Morning;very high;Tea;Brewed Chai tea;Spicy Eye Opener Chai Lg;Lower Manhattan
90.00;30;18;202306;Jun;Thu;Morning;very high;Tea;Brewed herbal tea;Peppermint Lg;Lower Manhattan
112.50;25;17;202306;Jun;Thu;Morning;very high;Drinking Chocolate;Hot chocolate;Dark chocolate Lg;Lower Manhattan
67.50;27;20;202306;Jun;Thu;Morning;very high;Tea;Brewed herbal tea;Peppermint Rg;Lower Manhattan
114.75;27;19;202306;Jun;Thu;Morning;very high;Coffee;Barista Espresso;Latte Rg;Lower Manhattan
51.00;17;17;202306;Jun;Thu;Morning;High;Bakery;Scone;Oatmeal Scone;Lower Manhattan
70.00;28;19;202306;Jun;Thu;Morning;very high;Tea;Brewed Black tea;Earl Grey Rg;Lower Manhattan
70.00;28;16;202306;Jun;Thu;Morning;very high;Tea;Brewed Chai tea;Morning Sunrise Chai Rg;Lower Manhattan
66.30;26;14;202306;Jun;Thu;Morning;very high;Tea;Brewed Chai tea;Spicy Eye Opener Chai Rg;Lower Manhattan
42.00;12;12;202306;Jun;Thu;Morning;High;Bakery;Biscotti;Ginger Biscotti;Lower Manhattan
96.00;32;21;202306;Jun;Thu;Morning;very high;Tea;Brewed Green tea;Serenity Green Tea Lg;Lower Manhattan
115.50;33;18;202306;Jun;Thu;Morning;very high;Coffee;Organic brewed coffee;Brazilian Lg;Lower Manhattan
90.00;30;15;202306;Jun;Thu;Morning;very high;Tea;Brewed Chai tea;Traditional Blend Chai Lg;Lower Manhattan
54.00;27;15;202306;Jun;Thu;Morning;High;Coffee;Gourmet brewed coffee;Columbian Medium Roast Sm;Lower Manhattan
105.00;30;17;202306;Jun;Thu;Morning;very high;Drinking Chocolate;Hot chocolate;Dark chocolate Rg;Lower Manhattan
56.35;23;16;202306;Jun;Thu;Morning;High;Coffee;Premium brewed coffee;Jamaican Coffee River Sm;Lower Manhattan
78.00;26;18;202306;Jun;Thu;Morning;very high;Coffee;Drip coffee;Our Old Time Diner Blend Lg;Lower Manhattan
80.55;27;21;202306;Jun;Thu;Morning;very high;Bakery;Scone;Ginger Scone;Lower Manhattan
66.00;30;18;202306;Jun;Thu;Morning;very high;Coffee;Organic brewed coffee;Brazilian Sm;Lower Manhattan
79.20;30;19;202306;Jun;Thu;Morning;very high;Coffee;Barista Espresso;Ouro Brasileiro shot;Lower Manhattan
85.00;20;14;202306;Jun;Thu;Morning;very high;Coffee;Barista Espresso;Cappuccino Lg;Lower Manhattan
48.75;13;13;202306;Jun;Thu;Morning;High;Bakery;Scone;Jumbo Savory Scone;Lower Manhattan
90.00;30;21;202306;Jun;Thu;Morning;very high;Tea;Brewed herbal tea;Peppermint Lg;Hell's Kitchen
77.50;31;19;202306;Jun;Thu;Morning;very high;Coffee;Drip coffee;Our Old Time Diner Blend Rg;Lower Manhattan
61.60;28;17;202306;Jun;Thu;Morning;very high;Coffee;Gourmet brewed coffee;Ethiopia Sm;Lower Manhattan
171.00;36;23;202306;Jun;Thu;Morning;very high;Drinking Chocolate;Hot chocolate;Sustainably Grown Organic Lg;Hell's Kitchen
63.00;21;14;202306;Jun;Thu;Morning;very high;Tea;Brewed Green tea;Serenity Green Tea Lg;Hell's Kitchen
40.00;20;13;202306;Jun;Thu;Morning;Med;Coffee;Gourmet brewed coffee;Columbian Medium Roast Sm;Hell's Kitchen
136.50;39;24;202306;Jun;Thu;Morning;very high;Coffee;Gourmet brewed coffee;Ethiopia Lg;Hell's Kitchen
90.00;30;19;202306;Jun;Thu;Morning;very high;Tea;Brewed Chai tea;Traditional Blend Chai Lg;Hell's Kitchen
57.00;19;14;202306;Jun;Thu;Morning;High;Coffee;Drip coffee;Our Old Time Diner Blend Lg;Hell's Kitchen
114.00;38;22;202306;Jun;Thu;Morning;very high;Tea;Brewed Black tea;Earl Grey Lg;Lower Manhattan
101.25;27;17;202306;Jun;Thu;Morning;very high;Coffee;Barista Espresso;Cappuccino;Hell's Kitchen
83.10;31;23;202306;Jun;Thu;Morning;very high;Coffee;Barista Espresso;Ouro Brasileiro shot;Hell's Kitchen
75.00;25;16;202306;Jun;Thu;Morning;very high;Coffee;Gourmet brewed coffee;Columbian Medium Roast Lg;Hell's Kitchen
40.00;16;11;202306;Jun;Thu;Morning;Med;Tea;Brewed herbal tea;Peppermint Rg;Hell's Kitchen
59.50;17;17;202306;Jun;Thu;Morning;High;Bakery;Biscotti;Ginger Biscotti;Hell's Kitchen
43.35;17;12;202306;Jun;Thu;Morning;High;Tea;Brewed Chai tea;Spicy Eye Opener Chai Rg;Hell's Kitchen
74.40;24;17;202306;Jun;Thu;Morning;very high;Tea;Brewed Chai tea;Spicy Eye Opener Chai Lg;Hell's Kitchen
69.00;23;16;202306;Jun;Thu;Morning;very high;Tea;Brewed herbal tea;Lemon Grass Lg;Lower Manhattan
49.00;14;14;202306;Jun;Thu;Morning;High;Bakery;Biscotti;Chocolate Chip Biscotti;Lower Manhattan
93.75;25;25;202306;Jun;Thu;Morning;very high;Bakery;Pastry;Chocolate Croissant;Lower Manhattan
60.00;30;21;202306;Jun;Thu;Morning;High;Coffee;Drip coffee;Our Old Time Diner Blend Sm;Hell's Kitchen
26.00;8;8;202306;Jun;Thu;Morning;Med;Bakery;Scone;Cranberry Scone;Lower Manhattan
148.75;35;21;202306;Jun;Thu;Morning;very high;Coffee;Barista Espresso;Latte Rg;Hell's Kitchen
45.50;13;13;202306;Jun;Thu;Morning;High;Bakery;Pastry;Croissant;Hell's Kitchen
70.00;28;20;202306;Jun;Thu;Morning;very high;Tea;Brewed Chai tea;Morning Sunrise Chai Rg;Hell's Kitchen
97.50;26;18;202306;Jun;Thu;Morning;very high;Coffee;Barista Espresso;Latte;Lower Manhattan
42.00;12;12;202306;Jun;Thu;Morning;High;Bakery;Pastry;Croissant;Lower Manhattan
108.75;29;19;202306;Jun;Thu;Morning;very high;Coffee;Barista Espresso;Latte;Hell's Kitchen
99.00;33;21;202306;Jun;Thu;Morning;very high;Coffee;Organic brewed coffee;Brazilian Rg;Lower Manhattan
50.00;20;13;202306;Jun;Thu;Morning;High;Coffee;Gourmet brewed coffee;Columbian Medium Roast Rg;Lower Manhattan
88.00;22;15;202306;Jun;Thu;Morning;very high;Tea;Brewed Chai tea;Morning Sunrise Chai Lg;Lower Manhattan
61.25;25;14;202306;Jun;Thu;Morning;very high;Coffee;Premium brewed coffee;Jamaican Coffee River Sm;Hell's Kitchen
123.75;33;22;202306;Jun;Thu;Morning;very high;Coffee;Premium brewed coffee;Jamaican Coffee River Lg;Lower Manhattan
80.00;32;19;202306;Jun;Thu;Morning;very high;Tea;Brewed herbal tea;Lemon Grass Rg;Hell's Kitchen
67.50;27;15;202306;Jun;Thu;Morning;very high;Tea;Brewed herbal tea;Lemon Grass Rg;Lower Manhattan
108.50;31;20;202306;Jun;Thu;Morning;very high;Coffee;Gourmet brewed coffee;Ethiopia Lg;Lower Manhattan
70.00;28;18;202306;Jun;Thu;Morning;very high;Tea;Brewed Black tea;English Breakfast Rg;Lower Manhattan
60.00;24;16;202306;Jun;Thu;Morning;High;Coffee;Drip coffee;Our Old Time Diner Blend Rg;Hell's Kitchen
45.00;15;10;202306;Jun;Thu;Morning;High;Coffee;Gourmet brewed coffee;Ethiopia Rg;Hell's Kitchen
108.75;29;18;202306;Jun;Thu;Morning;very high;Coffee;Premium brewed coffee;Jamaican Coffee River Lg;Hell's Kitchen
90.00;20;13;202306;Jun;Thu;Morning;very high;Drinking Chocolate;Hot chocolate;Dark chocolate Lg;Hell's Kitchen
36.00;12;7;202306;Jun;Thu;Morning;Med;Coffee;Organic brewed coffee;Brazilian Rg;Hell's Kitchen
52.50;14;10;202306;Jun;Thu;Morning;High;Coffee;Barista Espresso;Cappuccino;Lower Manhattan
94.50;27;20;202306;Jun;Thu;Morning;very high;Coffee;Organic brewed coffee;Brazilian Lg;Hell's Kitchen
108.75;29;17;202306;Jun;Thu;Morning;very high;Drinking Chocolate;Hot chocolate;Sustainably Grown Organic Rg;Lower Manhattan
70.00;28;17;202306;Jun;Thu;Morning;very high;Tea;Brewed Black tea;Earl Grey Rg;Hell's Kitchen
82.50;33;22;202306;Jun;Thu;Morning;very high;Coffee;Gourmet brewed coffee;Columbian Medium Roast Rg;Hell's Kitchen
52.00;16;16;202306;Jun;Thu;Morning;High;Bakery;Biscotti;Hazelnut Biscotti;Lower Manhattan
45.50;14;14;202306;Jun;Thu;Morning;High;Bakery;Scone;Ginger Scone;Hell's Kitchen
80.50;23;16;202306;Jun;Thu;Morning;very high;Drinking Chocolate;Hot chocolate;Dark chocolate Rg;Hell's Kitchen
78.75;21;21;202306;Jun;Thu;Morning;very high;Bakery;Pastry;Chocolate Croissant;Hell's Kitchen
106.25;25;16;202306;Jun;Thu;Morning;very high;Coffee;Barista Espresso;Cappuccino Lg;Hell's Kitchen
65.00;26;17;202306;Jun;Thu;Morning;very high;Tea;Brewed Black tea;English Breakfast Rg;Hell's Kitchen
92.00;23;16;202306;Jun;Thu;Morning;very high;Tea;Brewed Chai tea;Morning Sunrise Chai Lg;Hell's Kitchen
39.00;12;12;202306;Jun;Thu;Morning;Med;Bakery;Biscotti;Hazelnut Biscotti;Hell's Kitchen
75.00;20;14;202306;Jun;Thu;Morning;very high;Drinking Chocolate;Hot chocolate;Sustainably Grown Organic Rg;Hell's Kitchen
47.50;19;14;202306;Jun;Thu;Morning;High;Tea;Brewed Green tea;Serenity Green Tea Rg;Hell's Kitchen
75.00;30;20;202306;Jun;Thu;Morning;very high;Tea;Brewed Chai tea;Traditional Blend Chai Rg;Hell's Kitchen
90.00;30;21;202306;Jun;Thu;Morning;very high;Tea;Brewed Black tea;English Breakfast Lg;Hell's Kitchen
78.00;26;19;202306;Jun;Thu;Morning;very high;Tea;Brewed Black tea;Earl Grey Lg;Hell's Kitchen
56.25;15;15;202306;Jun;Thu;Morning;High;Bakery;Pastry;Almond Croissant;Hell's Kitchen
30.00;8;8;202306;Jun;Thu;Morning;Med;Bakery;Pastry;Almond Croissant;Lower Manhattan
54.00;27;18;202306;Jun;Thu;Morning;High;Coffee;Drip coffee;Our Old Time Diner Blend Sm;Astoria
116.25;31;24;202306;Jun;Thu;Morning;very high;Coffee;Barista Espresso;Latte;Astoria
52.50;15;11;202306;Jun;Thu;Morning;High;Bakery;Pastry;Croissant;Astoria
112.00;28;20;202306;Jun;Thu;Morning;very high;Tea;Brewed Chai tea;Morning Sunrise Chai Lg;Astoria
50.60;23;13;202306;Jun;Thu;Morning;High;Coffee;Gourmet brewed coffee;Ethiopia Sm;Astoria
162.00;36;25;202306;Jun;Thu;Morning;very high;Drinking Chocolate;Hot chocolate;Dark chocolate Lg;Astoria
90.00;24;17;202306;Jun;Thu;Morning;very high;Coffee;Barista Espresso;Cappuccino;Astoria
75.00;25;17;202306;Jun;Thu;Morning;very high;Tea;Brewed Green tea;Serenity Green Tea Lg;Astoria
48.75;13;12;202306;Jun;Thu;Morning;High;Bakery;Scone;Jumbo Savory Scone;Astoria
37.50;15;11;202306;Jun;Thu;Morning;Med;Tea;Brewed Green tea;Serenity Green Tea Rg;Astoria
54.00;18;12;202306;Jun;Thu;Morning;High;Tea;Brewed herbal tea;Lemon Grass Lg;Astoria
92.50;37;25;202306;Jun;Thu;Morning;very high;Tea;Brewed Chai tea;Traditional Blend Chai Rg;Astoria
30.00;12;9;202306;Jun;Thu;Morning;Med;Tea;Brewed Chai tea;Morning Sunrise Chai Rg;Astoria
70.40;32;19;202306;Jun;Thu;Morning;very high;Coffee;Organic brewed coffee;Brazilian Sm;Hell's Kitchen
37.40;17;12;202306;Jun;Thu;Morning;Med;Coffee;Gourmet brewed coffee;Ethiopia Sm;Hell's Kitchen
24.50;7;7;202306;Jun;Thu;Morning;Med;Bakery;Biscotti;Chocolate Chip Biscotti;Hell's Kitchen
78.00;26;18;202306;Jun;Thu;Morning;very high;Tea;Brewed Black tea;English Breakfast Lg;Astoria
78.00;26;15;202306;Jun;Thu;Morning;very high;Coffee;Gourmet brewed coffee;Ethiopia Rg;Astoria
71.30;23;18;202306;Jun;Thu;Morning;very high;Coffee;Premium brewed coffee;Jamaican Coffee River Rg;Hell's Kitchen
76.50;17;17;202306;Jun;Thu;Morning;very high;Bakery;Scone;Scottish Cream Scone ;Hell's Kitchen
60.00;20;13;202306;Jun;Thu;Morning;High;Coffee;Gourmet brewed coffee;Columbian Medium Roast Lg;Astoria
75.00;25;16;202306;Jun;Thu;Morning;very high;Coffee;Drip coffee;Our Old Time Diner Blend Lg;Astoria
78.00;26;18;202306;Jun;Thu;Morning;very high;Tea;Brewed herbal tea;Peppermint Lg;Astoria
24.50;7;6;202306;Jun;Thu;Morning;Med;Bakery;Biscotti;Ginger Biscotti;Astoria
104.50;22;16;202306;Jun;Thu;Morning;very high;Drinking Chocolate;Hot chocolate;Sustainably Grown Organic Lg;Astoria
114.70;37;21;202306;Jun;Thu;Morning;very high;Tea;Brewed Chai tea;Spicy Eye Opener Chai Lg;Astoria
30.80;14;11;202306;Jun;Thu;Morning;Med;Coffee;Organic brewed coffee;Brazilian Sm;Astoria
101.50;29;20;202306;Jun;Thu;Morning;very high;Drinking Chocolate;Hot chocolate;Dark chocolate Rg;Astoria
45.00;18;13;202306;Jun;Thu;Morning;High;Coffee;Drip coffee;Our Old Time Diner Blend Rg;Astoria
39.00;12;10;202306;Jun;Thu;Morning;Med;Bakery;Biscotti;Hazelnut Biscotti;Astoria
102.30;33;18;202306;Jun;Thu;Morning;very high;Coffee;Premium brewed coffee;Jamaican Coffee River Rg;Lower Manhattan
57.00;19;12;202306;Jun;Thu;Morning;High;Coffee;Organic brewed coffee;Brazilian Rg;Astoria
105.00;28;18;202306;Jun;Thu;Morning;very high;Coffee;Premium brewed coffee;Jamaican Coffee River Lg;Astoria
96.00;32;20;202306;Jun;Thu;Morning;very high;Coffee;Barista Espresso;Espresso shot;Hell's Kitchen
60.00;20;12;202306;Jun;Thu;Morning;High;Tea;Brewed Black tea;English Breakfast Lg;Lower Manhattan
68.85;27;17;202306;Jun;Thu;Morning;very high;Tea;Brewed Chai tea;Spicy Eye Opener Chai Rg;Astoria
67.50;27;16;202306;Jun;Thu;Morning;very high;Tea;Brewed Chai tea;Traditional Blend Chai Rg;Lower Manhattan
37.50;10;7;202306;Jun;Thu;Morning;Med;Drinking Chocolate;Hot chocolate;Sustainably Grown Organic Rg;Astoria
50.00;20;12;202306;Jun;Thu;Afternoon;High;Coffee;Gourmet brewed coffee;Columbian Medium Roast Rg;Lower Manhattan
26.95;11;7;202306;Jun;Thu;Afternoon;Med;Coffee;Premium brewed coffee;Jamaican Coffee River Sm;Hell's Kitchen
22.50;6;6;202306;Jun;Thu;Afternoon;Med;Bakery;Pastry;Almond Croissant;Hell's Kitchen
42.00;14;10;202306;Jun;Thu;Afternoon;High;Tea;Brewed Black tea;English Breakfast Lg;Astoria
45.00;15;10;202306;Jun;Thu;Afternoon;High;Coffee;Gourmet brewed coffee;Columbian Medium Roast Lg;Lower Manhattan
15.00;4;3;202306;Jun;Thu;Afternoon;Low;Coffee;Premium brewed coffee;Jamaican Coffee River Lg;Hell's Kitchen
24.00;8;6;202306;Jun;Thu;Afternoon;Med;Tea;Brewed Green tea;Serenity Green Tea Lg;Hell's Kitchen
65.00;26;16;202306;Jun;Thu;Afternoon;very high;Tea;Brewed herbal tea;Peppermint Rg;Astoria
42.00;14;9;202306;Jun;Thu;Afternoon;High;Tea;Brewed herbal tea;Lemon Grass Lg;Hell's Kitchen
22.75;7;7;202306;Jun;Thu;Afternoon;Med;Bakery;Scone;Cranberry Scone;Lower Manhattan
63.00;18;11;202306;Jun;Thu;Afternoon;very high;Coffee;Organic brewed coffee;Brazilian Lg;Hell's Kitchen
25.00;10;6;202306;Jun;Thu;Afternoon;Med;Tea;Brewed Green tea;Serenity Green Tea Rg;Lower Manhattan
97.75;23;12;202306;Jun;Thu;Afternoon;very high;Coffee;Barista Espresso;Latte Rg;Lower Manhattan
30.00;10;8;202306;Jun;Thu;Afternoon;Med;Coffee;Drip coffee;Our Old Time Diner Blend Lg;Hell's Kitchen
77.00;22;14;202306;Jun;Thu;Afternoon;very high;Drinking Chocolate;Hot chocolate;Dark chocolate Rg;Astoria
48.75;15;13;202306;Jun;Thu;Afternoon;High;Bakery;Biscotti;Hazelnut Biscotti;Astoria
45.90;18;14;202306;Jun;Thu;Afternoon;High;Coffee;Barista Espresso;Ouro Brasileiro shot;Hell's Kitchen
32.00;16;10;202306;Jun;Thu;Afternoon;Med;Coffee;Gourmet brewed coffee;Columbian Medium Roast Sm;Astoria
51.00;17;12;202306;Jun;Thu;Afternoon;High;Coffee;Organic brewed coffee;Brazilian Rg;Astoria
51.00;17;11;202306;Jun;Thu;Afternoon;High;Tea;Brewed Black tea;English Breakfast Lg;Hell's Kitchen
59.50;17;10;202306;Jun;Thu;Afternoon;High;Coffee;Gourmet brewed coffee;Ethiopia Lg;Lower Manhattan
52.50;15;10;202306;Jun;Thu;Afternoon;High;Coffee;Organic brewed coffee;Brazilian Lg;Lower Manhattan
16.25;5;5;202306;Jun;Thu;Afternoon;Low;Bakery;Biscotti;Hazelnut Biscotti;Lower Manhattan
66.15;27;17;202306;Jun;Thu;Afternoon;very high;Coffee;Premium brewed coffee;Jamaican Coffee River Sm;Astoria
45.00;12;10;202306;Jun;Thu;Afternoon;High;Bakery;Pastry;Chocolate Croissant;Astoria
62.50;25;17;202306;Jun;Thu;Afternoon;very high;Tea;Brewed herbal tea;Lemon Grass Rg;Astoria
103.50;23;15;202306;Jun;Thu;Afternoon;very high;Drinking Chocolate;Hot chocolate;Dark chocolate Lg;Hell's Kitchen
40.30;13;7;202306;Jun;Thu;Afternoon;very high;Coffee;Premium brewed coffee;Jamaican Coffee River Rg;Hell's Kitchen
55.00;22;14;202306;Jun;Thu;Afternoon;High;Tea;Brewed Black tea;Earl Grey Rg;Astoria
46.20;21;14;202306;Jun;Thu;Afternoon;High;Coffee;Organic brewed coffee;Brazilian Sm;Lower Manhattan
82.50;22;14;202306;Jun;Thu;Afternoon;very high;Coffee;Barista Espresso;Latte;Astoria
85.50;18;10;202306;Jun;Thu;Afternoon;very high;Drinking Chocolate;Hot chocolate;Sustainably Grown Organic Lg;Hell's Kitchen
70.00;28;18;202306;Jun;Thu;Afternoon;very high;Tea;Brewed Chai tea;Morning Sunrise Chai Rg;Astoria
60.00;16;9;202306;Jun;Thu;Afternoon;High;Drinking Chocolate;Hot chocolate;Sustainably Grown Organic Rg;Astoria
24.20;11;10;202306;Jun;Thu;Afternoon;Med;Coffee;Organic brewed coffee;Brazilian Sm;Astoria
30.00;10;8;202306;Jun;Thu;Afternoon;Med;Tea;Brewed Black tea;Earl Grey Lg;Lower Manhattan
66.00;22;13;202306;Jun;Thu;Afternoon;very high;Coffee;Drip coffee;Our Old Time Diner Blend Lg;Astoria
72.25;17;10;202306;Jun;Thu;Afternoon;very high;Coffee;Barista Espresso;Latte Rg;Hell's Kitchen
65.00;26;15;202306;Jun;Thu;Afternoon;very high;Tea;Brewed Black tea;English Breakfast Rg;Astoria
99.00;22;17;202306;Jun;Thu;Afternoon;very high;Drinking Chocolate;Hot chocolate;Dark chocolate Lg;Astoria
39.00;13;11;202306;Jun;Thu;Afternoon;Med;Bakery;Scone;Oatmeal Scone;Astoria
63.75;17;12;202306;Jun;Thu;Afternoon;very high;Coffee;Barista Espresso;Latte;Hell's Kitchen
58.90;19;13;202306;Jun;Thu;Afternoon;High;Coffee;Premium brewed coffee;Jamaican Coffee River Rg;Astoria
50.00;20;15;202306;Jun;Thu;Afternoon;High;Coffee;Gourmet brewed coffee;Columbian Medium Roast Rg;Astoria
45.00;15;9;202306;Jun;Thu;Afternoon;High;Coffee;Barista Espresso;Espresso shot;Lower Manhattan
27.00;9;7;202306;Jun;Thu;Afternoon;Med;Tea;Brewed Green tea;Serenity Green Tea Lg;Lower Manhattan
14.00;4;3;202306;Jun;Thu;Afternoon;Low;Bakery;Biscotti;Ginger Biscotti;Astoria
33.00;15;8;202306;Jun;Thu;Afternoon;Med;Coffee;Gourmet brewed coffee;Ethiopia Sm;Lower Manhattan
37.50;15;9;202306;Jun;Thu;Afternoon;Med;Tea;Brewed herbal tea;Lemon Grass Rg;Hell's Kitchen
69.00;23;15;202306;Jun;Thu;Afternoon;very high;Tea;Brewed Chai tea;Traditional Blend Chai Lg;Astoria
20.00;10;8;202306;Jun;Thu;Afternoon;Low;Coffee;Gourmet brewed coffee;Columbian Medium Roast Sm;Hell's Kitchen
52.50;15;12;202306;Jun;Thu;Afternoon;High;Coffee;Gourmet brewed coffee;Ethiopia Lg;Hell's Kitchen
56.10;22;15;202306;Jun;Thu;Afternoon;High;Tea;Brewed Chai tea;Spicy Eye Opener Chai Rg;Astoria
52.50;21;14;202306;Jun;Thu;Afternoon;High;Coffee;Drip coffee;Our Old Time Diner Blend Rg;Astoria
56.00;16;11;202306;Jun;Thu;Afternoon;High;Coffee;Gourmet brewed coffee;Ethiopia Lg;Astoria
17.50;5;5;202306;Jun;Thu;Afternoon;Low;Bakery;Pastry;Croissant;Astoria
56.25;15;8;202306;Jun;Thu;Afternoon;High;Coffee;Barista Espresso;Cappuccino;Lower Manhattan
28.90;10;7;202306;Jun;Thu;Afternoon;Med;Bakery;Scone;Ginger Scone;Lower Manhattan
30.00;12;7;202306;Jun;Thu;Afternoon;Med;Tea;Brewed herbal tea;Peppermint Rg;Lower Manhattan
54.00;18;11;202306;Jun;Thu;Afternoon;High;Coffee;Gourmet brewed coffee;Ethiopia Rg;Hell's Kitchen
54.00;18;11;202306;Jun;Thu;Afternoon;High;Coffee;Gourmet brewed coffee;Columbian Medium Roast Lg;Hell's Kitchen
46.20;21;15;202306;Jun;Thu;Afternoon;High;Coffee;Gourmet brewed coffee;Ethiopia Sm;Astoria
15.00;4;4;202306;Jun;Thu;Afternoon;Low;Bakery;Pastry;Almond Croissant;Astoria
33.00;11;8;202306;Jun;Thu;Afternoon;Med;Tea;Brewed Chai tea;Traditional Blend Chai Lg;Hell's Kitchen
76.00;16;11;202306;Jun;Thu;Afternoon;very high;Drinking Chocolate;Hot chocolate;Sustainably Grown Organic Lg;Lower Manhattan
37.50;15;10;202306;Jun;Thu;Afternoon;Med;Coffee;Gourmet brewed coffee;Columbian Medium Roast Rg;Hell's Kitchen
42.00;14;10;202306;Jun;Thu;Afternoon;High;Coffee;Barista Espresso;Espresso shot;Hell's Kitchen
31.00;10;7;202306;Jun;Thu;Afternoon;Med;Tea;Brewed Chai tea;Spicy Eye Opener Chai Lg;Lower Manhattan
14.00;4;4;202306;Jun;Thu;Afternoon;Low;Bakery;Pastry;Croissant;Lower Manhattan
49.00;14;9;202306;Jun;Thu;Afternoon;High;Coffee;Organic brewed coffee;Brazilian Lg;Astoria
32.50;10;8;202306;Jun;Thu;Afternoon;Med;Bakery;Scone;Cranberry Scone;Astoria
30.00;10;7;202306;Jun;Thu;Afternoon;Med;Tea;Brewed herbal tea;Peppermint Lg;Hell's Kitchen
51.00;17;11;202306;Jun;Thu;Afternoon;High;Coffee;Organic brewed coffee;Brazilian Rg;Hell's Kitchen
27.00;6;6;202306;Jun;Thu;Afternoon;Med;Bakery;Scone;Scottish Cream Scone ;Hell's Kitchen
99.75;21;14;202306;Jun;Thu;Afternoon;very high;Drinking Chocolate;Hot chocolate;Sustainably Grown Organic Lg;Astoria
9.00;3;3;202306;Jun;Thu;Afternoon;Low;Bakery;Scone;Oatmeal Scone;Hell's Kitchen
75.00;25;17;202306;Jun;Thu;Afternoon;very high;Tea;Brewed herbal tea;Lemon Grass Lg;Astoria
39.00;13;8;202306;Jun;Thu;Afternoon;Med;Tea;Brewed Black tea;English Breakfast Lg;Lower Manhattan
102.00;24;14;202306;Jun;Thu;Afternoon;very high;Coffee;Barista Espresso;Cappuccino Lg;Astoria
93.00;30;20;202306;Jun;Thu;Afternoon;very high;Tea;Brewed Chai tea;Spicy Eye Opener Chai Lg;Astoria
57.00;19;12;202306;Jun;Thu;Afternoon;High;Tea;Brewed herbal tea;Peppermint Lg;Lower Manhattan
36.00;12;9;202306;Jun;Thu;Afternoon;Med;Coffee;Barista Espresso;Espresso shot;Astoria
13.20;6;5;202306;Jun;Thu;Afternoon;Low;Coffee;Organic brewed coffee;Brazilian Sm;Hell's Kitchen
22.75;7;7;202306;Jun;Thu;Afternoon;Med;Bakery;Scone;Ginger Scone;Hell's Kitchen
45.00;18;11;202306;Jun;Thu;Afternoon;High;Tea;Brewed Chai tea;Morning Sunrise Chai Rg;Hell's Kitchen
21.00;6;4;202306;Jun;Thu;Afternoon;Med;Drinking Chocolate;Hot chocolate;Dark chocolate Rg;Hell's Kitchen
52.50;21;13;202306;Jun;Thu;Afternoon;High;Tea;Brewed Chai tea;Traditional Blend Chai Rg;Lower Manhattan
34.10;11;7;202306;Jun;Thu;Afternoon;Med;Tea;Brewed Chai tea;Spicy Eye Opener Chai Lg;Hell's Kitchen
45.00;15;9;202306;Jun;Thu;Afternoon;High;Coffee;Drip coffee;Our Old Time Diner Blend Lg;Lower Manhattan
76.50;17;12;202306;Jun;Thu;Afternoon;very high;Drinking Chocolate;Hot chocolate;Dark chocolate Lg;Lower Manhattan
30.00;15;10;202306;Jun;Thu;Afternoon;Med;Coffee;Drip coffee;Our Old Time Diner Blend Sm;Hell's Kitchen
26.00;8;8;202306;Jun;Thu;Afternoon;Med;Bakery;Biscotti;Hazelnut Biscotti;Hell's Kitchen
42.00;14;9;202306;Jun;Thu;Afternoon;High;Tea;Brewed Chai tea;Traditional Blend Chai Lg;Lower Manhattan
45.00;12;12;202306;Jun;Thu;Afternoon;High;Bakery;Pastry;Almond Croissant;Lower Manhattan
108.00;27;17;202306;Jun;Thu;Afternoon;very high;Tea;Brewed Chai tea;Morning Sunrise Chai Lg;Astoria
14.00;4;4;202306;Jun;Thu;Afternoon;Low;Bakery;Biscotti;Ginger Biscotti;Hell's Kitchen
36.00;9;6;202306;Jun;Thu;Afternoon;Med;Tea;Brewed Chai tea;Morning Sunrise Chai Lg;Hell's Kitchen
21.00;6;6;202306;Jun;Thu;Afternoon;Med;Bakery;Pastry;Croissant;Hell's Kitchen
32.50;13;9;202306;Jun;Thu;Afternoon;Med;Tea;Brewed Green tea;Serenity Green Tea Rg;Astoria
24.00;12;8;202306;Jun;Thu;Afternoon;Med;Coffee;Gourmet brewed coffee;Columbian Medium Roast Sm;Lower Manhattan
60.00;20;13;202306;Jun;Thu;Afternoon;High;Tea;Brewed Green tea;Serenity Green Tea Lg;Astoria
52.50;14;9;202306;Jun;Thu;Afternoon;High;Drinking Chocolate;Hot chocolate;Sustainably Grown Organic Rg;Lower Manhattan
45.60;17;12;202306;Jun;Thu;Afternoon;High;Coffee;Barista Espresso;Ouro Brasileiro shot;Lower Manhattan
22.50;9;5;202306;Jun;Thu;Afternoon;Med;Tea;Brewed herbal tea;Peppermint Rg;Hell's Kitchen
36.00;12;9;202306;Jun;Thu;Afternoon;Med;Coffee;Gourmet brewed coffee;Columbian Medium Roast Lg;Astoria
42.00;14;10;202306;Jun;Thu;Afternoon;High;Tea;Brewed Black tea;Earl Grey Lg;Hell's Kitchen
56.25;15;10;202306;Jun;Thu;Afternoon;High;Coffee;Barista Espresso;Cappuccino;Hell's Kitchen
26.25;7;5;202306;Jun;Thu;Afternoon;Med;Coffee;Barista Espresso;Latte;Lower Manhattan
26.25;7;6;202306;Jun;Thu;Afternoon;Med;Coffee;Premium brewed coffee;Jamaican Coffee River Lg;Lower Manhattan
10.50;3;3;202306;Jun;Thu;Afternoon;Low;Bakery;Biscotti;Chocolate Chip Biscotti;Hell's Kitchen
42.50;17;13;202306;Jun;Thu;Afternoon;High;Tea;Brewed Black tea;English Breakfast Rg;Hell's Kitchen
22.50;6;6;202306;Jun;Thu;Afternoon;Med;Bakery;Pastry;Chocolate Croissant;Lower Manhattan
34.30;14;11;202306;Jun;Thu;Afternoon;Med;Coffee;Premium brewed coffee;Jamaican Coffee River Sm;Lower Manhattan
75.00;20;14;202306;Jun;Thu;Afternoon;very high;Coffee;Premium brewed coffee;Jamaican Coffee River Lg;Astoria
45.00;15;9;202306;Jun;Thu;Afternoon;High;Coffee;Organic brewed coffee;Brazilian Rg;Lower Manhattan
30.00;10;7;202306;Jun;Thu;Afternoon;Med;Coffee;Gourmet brewed coffee;Ethiopia Rg;Astoria
15.00;4;4;202306;Jun;Thu;Afternoon;Low;Bakery;Pastry;Chocolate Croissant;Hell's Kitchen
44.00;11;8;202306;Jun;Thu;Afternoon;High;Tea;Brewed Chai tea;Morning Sunrise Chai Lg;Lower Manhattan
40.50;9;9;202306;Jun;Thu;Afternoon;very high;Bakery;Scone;Scottish Cream Scone ;Lower Manhattan
33.00;11;7;202306;Jun;Thu;Afternoon;Med;Coffee;Gourmet brewed coffee;Ethiopia Rg;Lower Manhattan
45.00;12;10;202306;Jun;Thu;Afternoon;High;Bakery;Scone;Jumbo Savory Scone;Astoria
37.20;12;8;202306;Jun;Thu;Afternoon;Med;Coffee;Premium brewed coffee;Jamaican Coffee River Rg;Lower Manhattan
22.50;9;8;202306;Jun;Thu;Afternoon;Med;Tea;Brewed herbal tea;Lemon Grass Rg;Lower Manhattan
55.25;13;8;202306;Jun;Thu;Afternoon;High;Coffee;Barista Espresso;Cappuccino Lg;Lower Manhattan
54.00;18;10;202306;Jun;Thu;Afternoon;High;Tea;Brewed herbal tea;Lemon Grass Lg;Lower Manhattan
12.75;5;4;202306;Jun;Thu;Afternoon;Low;Tea;Brewed Chai tea;Spicy Eye Opener Chai Rg;Lower Manhattan
47.50;19;13;202306;Jun;Thu;Afternoon;High;Coffee;Drip coffee;Our Old Time Diner Blend Rg;Lower Manhattan
38.00;19;12;202306;Jun;Thu;Afternoon;Med;Coffee;Drip coffee;Our Old Time Diner Blend Sm;Astoria
13.00;4;4;202306;Jun;Thu;Afternoon;Low;Bakery;Scone;Ginger Scone;Astoria
57.50;23;16;202306;Jun;Thu;Afternoon;High;Tea;Brewed Chai tea;Traditional Blend Chai Rg;Astoria
71.25;19;12;202306;Jun;Thu;Afternoon;very high;Drinking Chocolate;Hot chocolate;Sustainably Grown Organic Rg;Hell's Kitchen
62.50;25;16;202306;Jun;Thu;Afternoon;very high;Tea;Brewed Chai tea;Morning Sunrise Chai Rg;Lower Manhattan
17.50;5;3;202306;Jun;Thu;Afternoon;Low;Drinking Chocolate;Hot chocolate;Dark chocolate Rg;Lower Manhattan
93.50;22;13;202306;Jun;Thu;Afternoon;very high;Coffee;Barista Espresso;Latte Rg;Astoria
37.50;15;9;202306;Jun;Thu;Afternoon;Med;Tea;Brewed Black tea;Earl Grey Rg;Lower Manhattan
17.50;5;5;202306;Jun;Thu;Afternoon;Low;Bakery;Biscotti;Ginger Biscotti;Lower Manhattan
28.00;8;6;202306;Jun;Thu;Afternoon;Med;Bakery;Biscotti;Chocolate Chip Biscotti;Astoria
26.00;8;8;202306;Jun;Thu;Afternoon;Med;Bakery;Scone;Cranberry Scone;Hell's Kitchen
27.00;6;5;202306;Jun;Thu;Afternoon;Med;Bakery;Scone;Scottish Cream Scone ;Astoria
35.00;10;10;202306;Jun;Thu;Afternoon;Med;Bakery;Biscotti;Chocolate Chip Biscotti;Lower Manhattan
25.50;10;8;202306;Jun;Thu;Afternoon;Med;Tea;Brewed Chai tea;Spicy Eye Opener Chai Rg;Hell's Kitchen
9.00;3;3;202306;Jun;Thu;Afternoon;Low;Bakery;Scone;Oatmeal Scone;Lower Manhattan
26.40;12;7;202306;Jun;Thu;Afternoon;Med;Coffee;Gourmet brewed coffee;Ethiopia Sm;Hell's Kitchen
5.00;2;1;202306;Jun;Thu;Night;Low;Tea;Brewed Black tea;Earl Grey Rg;Astoria
38.00;8;5;202306;Jun;Thu;Evening;Med;Drinking Chocolate;Hot chocolate;Sustainably Grown Organic Lg;Lower Manhattan
55.25;13;9;202306;Jun;Thu;Evening;High;Coffee;Barista Espresso;Cappuccino Lg;Hell's Kitchen
42.00;14;11;202306;Jun;Thu;Evening;High;Tea;Brewed herbal tea;Lemon Grass Lg;Astoria
48.75;13;12;202306;Jun;Thu;Evening;High;Bakery;Pastry;Chocolate Croissant;Astoria
29.40;12;9;202306;Jun;Thu;Evening;Med;Coffee;Premium brewed coffee;Jamaican Coffee River Sm;Astoria
44.00;20;13;202306;Jun;Thu;Evening;High;Coffee;Gourmet brewed coffee;Ethiopia Sm;Astoria
52.50;15;12;202306;Jun;Thu;Evening;High;Bakery;Biscotti;Chocolate Chip Biscotti;Astoria
60.00;24;15;202306;Jun;Thu;Evening;High;Tea;Brewed Green tea;Serenity Green Tea Rg;Hell's Kitchen
27.00;9;8;202306;Jun;Thu;Evening;Med;Coffee;Gourmet brewed coffee;Ethiopia Rg;Hell's Kitchen
65.00;26;16;202306;Jun;Thu;Evening;very high;Tea;Brewed herbal tea;Lemon Grass Rg;Astoria
75.00;25;18;202306;Jun;Thu;Evening;very high;Coffee;Gourmet brewed coffee;Columbian Medium Roast Lg;Hell's Kitchen
35.00;14;8;202306;Jun;Thu;Evening;Med;Tea;Brewed Black tea;English Breakfast Rg;Hell's Kitchen
22.50;6;6;202306;Jun;Thu;Evening;Med;Bakery;Pastry;Almond Croissant;Hell's Kitchen
42.50;17;11;202306;Jun;Thu;Evening;High;Coffee;Drip coffee;Our Old Time Diner Blend Rg;Astoria
36.00;12;7;202306;Jun;Thu;Evening;Med;Coffee;Gourmet brewed coffee;Ethiopia Rg;Lower Manhattan
75.00;20;14;202306;Jun;Thu;Evening;very high;Drinking Chocolate;Hot chocolate;Sustainably Grown Organic Rg;Hell's Kitchen
45.50;13;9;202306;Jun;Thu;Evening;High;Coffee;Organic brewed coffee;Brazilian Lg;Hell's Kitchen
37.50;15;10;202306;Jun;Thu;Evening;Med;Coffee;Gourmet brewed coffee;Columbian Medium Roast Rg;Hell's Kitchen
66.00;22;16;202306;Jun;Thu;Evening;very high;Tea;Brewed Green tea;Serenity Green Tea Lg;Astoria
35.75;11;10;202306;Jun;Thu;Evening;Med;Bakery;Biscotti;Hazelnut Biscotti;Astoria
27.50;11;8;202306;Jun;Thu;Evening;Med;Tea;Brewed Chai tea;Morning Sunrise Chai Rg;Lower Manhattan
64.50;23;17;202306;Jun;Thu;Evening;very high;Coffee;Barista Espresso;Ouro Brasileiro shot;Hell's Kitchen
65.00;26;16;202306;Jun;Thu;Evening;very high;Tea;Brewed Chai tea;Morning Sunrise Chai Rg;Astoria
51.45;21;12;202306;Jun;Thu;Evening;High;Coffee;Premium brewed coffee;Jamaican Coffee River Sm;Lower Manhattan
18.00;4;4;202306;Jun;Thu;Evening;Low;Bakery;Scone;Scottish Cream Scone ;Lower Manhattan
40.00;16;10;202306;Jun;Thu;Evening;Med;Tea;Brewed herbal tea;Lemon Grass Rg;Hell's Kitchen
36.00;12;8;202306;Jun;Thu;Evening;Med;Tea;Brewed Black tea;English Breakfast Lg;Hell's Kitchen
100.00;25;16;202306;Jun;Thu;Evening;very high;Tea;Brewed Chai tea;Morning Sunrise Chai Lg;Hell's Kitchen
30.00;12;8;202306;Jun;Thu;Afternoon;Med;Tea;Brewed Black tea;Earl Grey Rg;Hell's Kitchen
72.25;17;12;202306;Jun;Thu;Evening;very high;Coffee;Barista Espresso;Latte Rg;Astoria
67.50;27;19;202306;Jun;Thu;Evening;very high;Coffee;Gourmet brewed coffee;Columbian Medium Roast Rg;Astoria
104.50;22;15;202306;Jun;Thu;Evening;very high;Drinking Chocolate;Hot chocolate;Sustainably Grown Organic Lg;Astoria
58.65;23;14;202306;Jun;Thu;Evening;High;Tea;Brewed Chai tea;Spicy Eye Opener Chai Rg;Astoria
37.50;10;6;202306;Jun;Thu;Evening;Med;Coffee;Barista Espresso;Cappuccino;Lower Manhattan
42.50;17;11;202306;Jun;Thu;Evening;High;Tea;Brewed Black tea;English Breakfast Rg;Astoria
72.25;17;13;202306;Jun;Thu;Evening;very high;Coffee;Barista Espresso;Cappuccino Lg;Astoria
42.00;21;15;202306;Jun;Thu;Evening;High;Coffee;Drip coffee;Our Old Time Diner Blend Sm;Astoria
74.40;24;17;202306;Jun;Thu;Evening;very high;Tea;Brewed Chai tea;Spicy Eye Opener Chai Lg;Astoria
30.00;10;9;202306;Jun;Thu;Evening;Med;Bakery;Scone;Oatmeal Scone;Astoria
57.00;19;13;202306;Jun;Thu;Evening;High;Coffee;Gourmet brewed coffee;Ethiopia Rg;Astoria
15.50;5;3;202306;Jun;Thu;Evening;Low;Coffee;Premium brewed coffee;Jamaican Coffee River Rg;Lower Manhattan
37.50;15;9;202306;Jun;Thu;Evening;Med;Coffee;Drip coffee;Our Old Time Diner Blend Rg;Lower Manhattan
31.50;9;9;202306;Jun;Thu;Evening;Med;Bakery;Biscotti;Ginger Biscotti;Astoria
47.50;19;13;202306;Jun;Thu;Evening;High;Tea;Brewed herbal tea;Peppermint Rg;Astoria
39.00;13;9;202306;Jun;Thu;Evening;Med;Coffee;Barista Espresso;Espresso shot;Lower Manhattan
24.50;7;4;202306;Jun;Thu;Evening;Med;Coffee;Gourmet brewed coffee;Ethiopia Lg;Hell's Kitchen
12.75;5;4;202306;Jun;Thu;Evening;Low;Tea;Brewed Chai tea;Spicy Eye Opener Chai Rg;Lower Manhattan
48.00;16;11;202306;Jun;Thu;Evening;High;Tea;Brewed Chai tea;Traditional Blend Chai Lg;Hell's Kitchen
89.90;29;19;202306;Jun;Thu;Evening;very high;Coffee;Premium brewed coffee;Jamaican Coffee River Rg;Astoria
19.50;6;5;202306;Jun;Thu;Evening;Low;Bakery;Scone;Ginger Scone;Astoria
32.50;13;8;202306;Jun;Thu;Evening;Med;Tea;Brewed herbal tea;Lemon Grass Rg;Lower Manhattan
10.20;4;3;202306;Jun;Thu;Evening;Low;Coffee;Barista Espresso;Ouro Brasileiro shot;Lower Manhattan
9.00;3;3;202306;Jun;Thu;Evening;Low;Bakery;Scone;Oatmeal Scone;Lower Manhattan
59.50;17;12;202306;Jun;Thu;Evening;High;Coffee;Gourmet brewed coffee;Ethiopia Lg;Astoria
17.50;5;3;202306;Jun;Thu;Evening;Low;Coffee;Gourmet brewed coffee;Ethiopia Lg;Lower Manhattan
14.00;4;4;202306;Jun;Thu;Evening;Low;Bakery;Biscotti;Chocolate Chip Biscotti;Hell's Kitchen
14.00;7;6;202306;Jun;Thu;Evening;Low;Coffee;Gourmet brewed coffee;Columbian Medium Roast Sm;Lower Manhattan
130.50;29;19;202306;Jun;Thu;Evening;very high;Drinking Chocolate;Hot chocolate;Dark chocolate Lg;Astoria
69.00;23;14;202306;Jun;Thu;Evening;very high;Coffee;Barista Espresso;Espresso shot;Astoria
78.00;26;19;202306;Jun;Thu;Evening;very high;Coffee;Organic brewed coffee;Brazilian Rg;Astoria
97.50;26;16;202306;Jun;Thu;Evening;very high;Coffee;Premium brewed coffee;Jamaican Coffee River Lg;Astoria
38.50;11;9;202306;Jun;Thu;Evening;Med;Drinking Chocolate;Hot chocolate;Dark chocolate Rg;Hell's Kitchen
10.00;4;4;202306;Jun;Thu;Evening;Low;Tea;Brewed Green tea;Serenity Green Tea Rg;Lower Manhattan
24.50;7;5;202306;Jun;Thu;Evening;Med;Coffee;Organic brewed coffee;Brazilian Lg;Lower Manhattan
37.50;15;11;202306;Jun;Thu;Evening;Med;Tea;Brewed Black tea;Earl Grey Rg;Hell's Kitchen
75.00;20;15;202306;Jun;Thu;Evening;very high;Coffee;Barista Espresso;Latte;Astoria
27.50;11;7;202306;Jun;Thu;Evening;Med;Tea;Brewed herbal tea;Peppermint Rg;Lower Manhattan
35.00;14;8;202306;Jun;Thu;Evening;Med;Coffee;Drip coffee;Our Old Time Diner Blend Rg;Hell's Kitchen
32.50;13;8;202306;Jun;Thu;Evening;Med;Tea;Brewed Chai tea;Traditional Blend Chai Rg;Astoria
38.50;11;11;202306;Jun;Thu;Evening;Med;Bakery;Biscotti;Ginger Biscotti;Hell's Kitchen
57.00;19;11;202306;Jun;Thu;Evening;High;Tea;Brewed herbal tea;Peppermint Lg;Astoria
30.00;8;6;202306;Jun;Thu;Evening;Med;Bakery;Pastry;Almond Croissant;Astoria
30.00;15;12;202306;Jun;Thu;Evening;Med;Coffee;Gourmet brewed coffee;Columbian Medium Roast Sm;Astoria
26.00;8;8;202306;Jun;Thu;Evening;Med;Bakery;Scone;Cranberry Scone;Astoria
70.00;20;12;202306;Jun;Thu;Evening;very high;Drinking Chocolate;Hot chocolate;Dark chocolate Rg;Astoria
56.25;15;8;202306;Jun;Thu;Evening;High;Coffee;Premium brewed coffee;Jamaican Coffee River Lg;Lower Manhattan
60.00;16;11;202306;Jun;Thu;Evening;High;Coffee;Barista Espresso;Cappuccino;Astoria
24.00;12;10;202306;Jun;Thu;Evening;Med;Coffee;Drip coffee;Our Old Time Diner Blend Sm;Hell's Kitchen
41.25;11;8;202306;Jun;Thu;Evening;High;Coffee;Barista Espresso;Latte;Lower Manhattan
60.00;24;16;202306;Jun;Thu;Evening;High;Tea;Brewed Black tea;Earl Grey Rg;Astoria
36.00;12;8;202306;Jun;Thu;Evening;Med;Tea;Brewed Black tea;English Breakfast Lg;Lower Manhattan
35.20;16;11;202306;Jun;Thu;Evening;Med;Coffee;Gourmet brewed coffee;Ethiopia Sm;Hell's Kitchen
50.00;20;11;202306;Jun;Thu;Evening;High;Tea;Brewed Chai tea;Traditional Blend Chai Rg;Hell's Kitchen
31.50;7;7;202306;Jun;Thu;Evening;Med;Bakery;Scone;Scottish Cream Scone ;Hell's Kitchen
20.00;8;6;202306;Jun;Thu;Evening;Low;Tea;Brewed Chai tea;Morning Sunrise Chai Rg;Hell's Kitchen
15.00;6;4;202306;Jun;Thu;Evening;Low;Tea;Brewed Chai tea;Traditional Blend Chai Rg;Lower Manhattan
45.00;10;6;202306;Jun;Thu;Evening;High;Drinking Chocolate;Hot chocolate;Dark chocolate Lg;Hell's Kitchen
20.40;8;6;202306;Jun;Thu;Evening;very high;Tea;Brewed Chai tea;Spicy Eye Opener Chai Rg;Hell's Kitchen
71.25;19;12;202306;Jun;Thu;Evening;very high;Coffee;Premium brewed coffee;Jamaican Coffee River Lg;Hell's Kitchen
22.00;10;5;202306;Jun;Thu;Evening;Med;Coffee;Gourmet brewed coffee;Ethiopia Sm;Lower Manhattan
31.50;9;8;202306;Jun;Thu;Evening;Med;Bakery;Pastry;Croissant;Astoria
49.60;16;12;202306;Jun;Thu;Evening;High;Coffee;Premium brewed coffee;Jamaican Coffee River Rg;Hell's Kitchen
40.30;13;10;202306;Jun;Thu;Evening;very high;Tea;Brewed Chai tea;Spicy Eye Opener Chai Lg;Lower Manhattan
18.75;5;5;202306;Jun;Thu;Evening;Low;Bakery;Pastry;Almond Croissant;Lower Manhattan
18.00;6;4;202306;Jun;Thu;Evening;Low;Coffee;Drip coffee;Our Old Time Diner Blend Lg;Lower Manhattan
31.50;9;9;202306;Jun;Thu;Evening;Med;Bakery;Pastry;Croissant;Lower Manhattan
13.20;6;4;202306;Jun;Thu;Evening;Low;Coffee;Organic brewed coffee;Brazilian Sm;Hell's Kitchen
46.00;23;14;202306;Jun;Thu;Evening;High;Coffee;Gourmet brewed coffee;Columbian Medium Roast Sm;Hell's Kitchen
30.00;10;10;202306;Jun;Thu;Evening;Med;Bakery;Scone;Oatmeal Scone;Hell's Kitchen
72.00;16;13;202306;Jun;Thu;Evening;very high;Bakery;Scone;Scottish Cream Scone ;Astoria
49.60;16;11;202306;Jun;Thu;Evening;High;Tea;Brewed Chai tea;Spicy Eye Opener Chai Lg;Hell's Kitchen
30.00;10;8;202306;Jun;Thu;Evening;Med;Coffee;Gourmet brewed coffee;Columbian Medium Roast Lg;Lower Manhattan
42.00;14;9;202306;Jun;Thu;Evening;High;Tea;Brewed herbal tea;Peppermint Lg;Hell's Kitchen
9.75;3;3;202306;Jun;Thu;Evening;Low;Bakery;Scone;Cranberry Scone;Lower Manhattan
45.00;18;12;202306;Jun;Thu;Evening;High;Tea;Brewed Green tea;Serenity Green Tea Rg;Astoria
35.20;16;10;202306;Jun;Thu;Evening;Med;Coffee;Organic brewed coffee;Brazilian Sm;Astoria
100.00;25;17;202306;Jun;Thu;Evening;very high;Tea;Brewed Chai tea;Morning Sunrise Chai Lg;Astoria
72.00;24;15;202306;Jun;Thu;Evening;very high;Tea;Brewed Black tea;Earl Grey Lg;Astoria
15.00;5;4;202306;Jun;Thu;Evening;Low;Coffee;Organic brewed coffee;Brazilian Rg;Lower Manhattan
42.00;12;9;202306;Jun;Thu;Evening;High;Coffee;Organic brewed coffee;Brazilian Lg;Astoria
46.55;19;12;202306;Jun;Thu;Evening;High;Coffee;Premium brewed coffee;Jamaican Coffee River Sm;Hell's Kitchen
27.00;9;6;202306;Jun;Thu;Evening;Med;Coffee;Drip coffee;Our Old Time Diner Blend Lg;Hell's Kitchen
9.00;3;3;202306;Jun;Thu;Evening;Low;Tea;Brewed herbal tea;Peppermint Lg;Lower Manhattan
75.00;20;12;202306;Jun;Thu;Evening;very high;Coffee;Barista Espresso;Latte;Hell's Kitchen
71.25;19;12;202306;Jun;Thu;Evening;very high;Drinking Chocolate;Hot chocolate;Sustainably Grown Organic Rg;Astoria
39.00;13;10;202306;Jun;Thu;Evening;Med;Tea;Brewed Chai tea;Traditional Blend Chai Lg;Astoria
21.00;7;4;202306;Jun;Thu;Evening;Med;Tea;Brewed Green tea;Serenity Green Tea Lg;Hell's Kitchen
56.25;15;10;202306;Jun;Thu;Evening;High;Coffee;Barista Espresso;Cappuccino;Hell's Kitchen
9.00;3;2;202306;Jun;Thu;Evening;Low;Tea;Brewed herbal tea;Lemon Grass Lg;Lower Manhattan
59.50;14;8;202306;Jun;Thu;Evening;High;Coffee;Barista Espresso;Latte Rg;Lower Manhattan
33.75;9;8;202306;Jun;Thu;Evening;Med;Bakery;Scone;Jumbo Savory Scone;Astoria
45.00;15;11;202306;Jun;Thu;Evening;High;Coffee;Gourmet brewed coffee;Columbian Medium Roast Lg;Astoria
24.00;8;6;202306;Jun;Thu;Evening;Med;Coffee;Organic brewed coffee;Brazilian Rg;Hell's Kitchen
48.00;16;11;202306;Jun;Thu;Evening;High;Tea;Brewed herbal tea;Lemon Grass Lg;Hell's Kitchen
17.50;5;5;202306;Jun;Thu;Evening;Low;Bakery;Biscotti;Chocolate Chip Biscotti;Lower Manhattan
63.00;21;16;202306;Jun;Thu;Evening;very high;Coffee;Drip coffee;Our Old Time Diner Blend Lg;Astoria
14.00;4;4;202306;Jun;Thu;Evening;Low;Bakery;Pastry;Croissant;Hell's Kitchen
11.25;3;3;202306;Jun;Thu;Evening;Low;Bakery;Pastry;Chocolate Croissant;Hell's Kitchen
59.50;14;9;202306;Jun;Thu;Evening;High;Coffee;Barista Espresso;Latte Rg;Hell's Kitchen
16.25;5;5;202306;Jun;Thu;Evening;Low;Bakery;Biscotti;Hazelnut Biscotti;Hell's Kitchen
33.00;11;8;202306;Jun;Thu;Evening;Med;Coffee;Barista Espresso;Espresso shot;Hell's Kitchen
18.00;6;4;202306;Jun;Thu;Evening;Low;Tea;Brewed Black tea;Earl Grey Lg;Hell's Kitchen
7.50;3;3;202306;Jun;Thu;Evening;Low;Tea;Brewed herbal tea;Peppermint Rg;Hell's Kitchen
76.00;16;9;202306;Jun;Thu;Evening;very high;Drinking Chocolate;Hot chocolate;Sustainably Grown Organic Lg;Hell's Kitchen
36.00;12;9;202306;Jun;Thu;Evening;Med;Tea;Brewed Black tea;English Breakfast Lg;Astoria
83.60;38;19;202306;Jun;Fri;Morning;very high;Coffee;Gourmet brewed coffee;Ethiopia Sm;Lower Manhattan
51.76;11;11;202306;Jun;Fri;Morning;High;Bakery;Scone;Scottish Cream Scone ;Lower Manhattan
83.70;30;16;202306;Jun;Fri;Morning;very high;Coffee;Barista Espresso;Ouro Brasileiro shot;Lower Manhattan
161.50;34;22;202306;Jun;Fri;Morning;very high;Drinking Chocolate;Hot chocolate;Sustainably Grown Organic Lg;Lower Manhattan
78.75;21;15;202306;Jun;Fri;Morning;very high;Drinking Chocolate;Hot chocolate;Sustainably Grown Organic Rg;Lower Manhattan
127.51;33;33;202306;Jun;Fri;Morning;very high;Bakery;Pastry;Chocolate Croissant;Lower Manhattan
96.00;32;21;202306;Jun;Fri;Morning;very high;Tea;Brewed Black tea;Earl Grey Lg;Lower Manhattan
50.00;25;16;202306;Jun;Fri;Morning;High;Coffee;Gourmet brewed coffee;Columbian Medium Roast Sm;Lower Manhattan
65.10;21;16;202306;Jun;Fri;Morning;very high;Tea;Brewed Chai tea;Spicy Eye Opener Chai Lg;Lower Manhattan
62.55;18;18;202306;Jun;Fri;Morning;very high;Bakery;Scone;Cranberry Scone;Lower Manhattan
60.00;24;15;202306;Jun;Fri;Morning;High;Tea;Brewed Chai tea;Traditional Blend Chai Rg;Lower Manhattan
111.00;37;25;202306;Jun;Fri;Morning;very high;Tea;Brewed Green tea;Serenity Green Tea Lg;Lower Manhattan
77.50;31;17;202306;Jun;Fri;Morning;very high;Tea;Brewed herbal tea;Lemon Grass Rg;Lower Manhattan
78.00;26;16;202306;Jun;Fri;Morning;very high;Coffee;Drip coffee;Our Old Time Diner Blend Lg;Lower Manhattan
90.00;30;21;202306;Jun;Fri;Morning;very high;Tea;Brewed Chai tea;Traditional Blend Chai Lg;Lower Manhattan
126.00;36;25;202306;Jun;Fri;Morning;very high;Coffee;Gourmet brewed coffee;Ethiopia Lg;Lower Manhattan
123.00;41;24;202306;Jun;Fri;Morning;very high;Coffee;Gourmet brewed coffee;Ethiopia Rg;Lower Manhattan
40.32;10;10;202306;Jun;Fri;Morning;very high;Bakery;Scone;Jumbo Savory Scone;Lower Manhattan
165.75;39;23;202306;Jun;Fri;Morning;very high;Coffee;Barista Espresso;Cappuccino Lg;Lower Manhattan
52.52;14;14;202306;Jun;Fri;Morning;High;Bakery;Pastry;Croissant;Lower Manhattan
49.00;14;8;202306;Jun;Fri;Morning;High;Coffee;Organic brewed coffee;Brazilian Lg;Lower Manhattan
92.00;46;26;202306;Jun;Fri;Morning;very high;Coffee;Drip coffee;Our Old Time Diner Blend Sm;Lower Manhattan
81.00;27;17;202306;Jun;Fri;Morning;very high;Tea;Brewed herbal tea;Peppermint Lg;Lower Manhattan
80.00;32;23;202306;Jun;Fri;Morning;very high;Tea;Brewed Black tea;English Breakfast Rg;Lower Manhattan
80.00;32;20;202306;Jun;Fri;Morning;very high;Tea;Brewed Chai tea;Morning Sunrise Chai Rg;Hell's Kitchen
70.40;32;22;202306;Jun;Fri;Morning;very high;Coffee;Organic brewed coffee;Brazilian Sm;Hell's Kitchen
81.00;27;18;202306;Jun;Fri;Morning;very high;Coffee;Drip coffee;Our Old Time Diner Blend Lg;Hell's Kitchen
128.00;32;20;202306;Jun;Fri;Morning;very high;Tea;Brewed Chai tea;Morning Sunrise Chai Lg;Lower Manhattan
77.50;31;20;202306;Jun;Fri;Morning;very high;Tea;Brewed Black tea;English Breakfast Rg;Hell's Kitchen
180.00;48;28;202306;Jun;Fri;Morning;very high;Coffee;Barista Espresso;Latte;Lower Manhattan
33.00;11;11;202306;Jun;Fri;Morning;Med;Bakery;Scone;Oatmeal Scone;Lower Manhattan
73.50;21;15;202306;Jun;Fri;Morning;very high;Coffee;Organic brewed coffee;Brazilian Lg;Hell's Kitchen
54.00;18;13;202306;Jun;Fri;Morning;High;Tea;Brewed Green tea;Serenity Green Tea Lg;Hell's Kitchen
60.00;20;14;202306;Jun;Fri;Morning;High;Tea;Brewed Black tea;English Breakfast Lg;Hell's Kitchen
63.75;17;12;202306;Jun;Fri;Morning;very high;Coffee;Premium brewed coffee;Jamaican Coffee River Lg;Hell's Kitchen
80.00;32;22;202306;Jun;Fri;Morning;very high;Tea;Brewed herbal tea;Peppermint Rg;Hell's Kitchen
150.00;40;25;202306;Jun;Fri;Morning;very high;Coffee;Barista Espresso;Latte;Hell's Kitchen
84.00;28;18;202306;Jun;Fri;Morning;very high;Coffee;Organic brewed coffee;Brazilian Rg;Lower Manhattan
105.00;42;23;202306;Jun;Fri;Morning;very high;Tea;Brewed herbal tea;Peppermint Rg;Lower Manhattan
144.50;34;23;202306;Jun;Fri;Morning;very high;Coffee;Barista Espresso;Latte Rg;Hell's Kitchen
35.00;10;10;202306;Jun;Fri;Morning;Med;Bakery;Biscotti;Chocolate Chip Biscotti;Hell's Kitchen
70.00;20;15;202306;Jun;Fri;Morning;very high;Drinking Chocolate;Hot chocolate;Dark chocolate Rg;Hell's Kitchen
85.00;34;21;202306;Jun;Fri;Morning;very high;Tea;Brewed Chai tea;Traditional Blend Chai Rg;Hell's Kitchen
79.20;36;23;202306;Jun;Fri;Morning;very high;Coffee;Organic brewed coffee;Brazilian Sm;Lower Manhattan
37.40;17;12;202306;Jun;Fri;Morning;Med;Coffee;Gourmet brewed coffee;Ethiopia Sm;Hell's Kitchen
70.00;28;19;202306;Jun;Fri;Morning;very high;Tea;Brewed Green tea;Serenity Green Tea Rg;Lower Manhattan
43.87;13;13;202306;Jun;Fri;Morning;High;Bakery;Biscotti;Hazelnut Biscotti;Lower Manhattan
70.00;28;20;202306;Jun;Fri;Morning;very high;Coffee;Gourmet brewed coffee;Columbian Medium Roast Rg;Lower Manhattan
77.50;31;19;202306;Jun;Fri;Morning;very high;Tea;Brewed herbal tea;Lemon Grass Rg;Hell's Kitchen
99.00;33;19;202306;Jun;Fri;Morning;very high;Tea;Brewed herbal tea;Lemon Grass Lg;Lower Manhattan
102.00;34;20;202306;Jun;Fri;Morning;very high;Tea;Brewed Chai tea;Traditional Blend Chai Lg;Hell's Kitchen
202.50;45;25;202306;Jun;Fri;Morning;very high;Drinking Chocolate;Hot chocolate;Dark chocolate Lg;Lower Manhattan
97.50;39;23;202306;Jun;Fri;Morning;very high;Tea;Brewed Chai tea;Morning Sunrise Chai Rg;Lower Manhattan
61.20;24;17;202306;Jun;Fri;Morning;very high;Tea;Brewed Chai tea;Spicy Eye Opener Chai Rg;Hell's Kitchen
86.70;34;21;202306;Jun;Fri;Morning;very high;Tea;Brewed Chai tea;Spicy Eye Opener Chai Rg;Lower Manhattan
39.20;16;11;202306;Jun;Fri;Morning;Med;Coffee;Premium brewed coffee;Jamaican Coffee River Sm;Hell's Kitchen
102.00;34;21;202306;Jun;Fri;Morning;very high;Tea;Brewed Black tea;Earl Grey Lg;Hell's Kitchen
129.00;43;30;202306;Jun;Fri;Morning;very high;Coffee;Gourmet brewed coffee;Ethiopia Rg;Hell's Kitchen
69.00;23;18;202306;Jun;Fri;Morning;very high;Coffee;Organic brewed coffee;Brazilian Rg;Hell's Kitchen
157.50;42;25;202306;Jun;Fri;Morning;very high;Coffee;Barista Espresso;Cappuccino;Hell's Kitchen
82.50;33;24;202306;Jun;Fri;Morning;very high;Coffee;Drip coffee;Our Old Time Diner Blend Rg;Hell's Kitchen
54.00;27;17;202306;Jun;Fri;Morning;High;Coffee;Drip coffee;Our Old Time Diner Blend Sm;Hell's Kitchen
93.00;31;18;202306;Jun;Fri;Morning;very high;Coffee;Barista Espresso;Espresso shot;Lower Manhattan
99.00;33;20;202306;Jun;Fri;Morning;very high;Coffee;Gourmet brewed coffee;Columbian Medium Roast Lg;Lower Manhattan
157.25;37;26;202306;Jun;Fri;Morning;very high;Coffee;Barista Espresso;Cappuccino Lg;Hell's Kitchen
153.00;36;25;202306;Jun;Fri;Morning;very high;Coffee;Barista Espresso;Latte Rg;Lower Manhattan
90.00;24;12;202306;Jun;Fri;Morning;very high;Coffee;Barista Espresso;Cappuccino;Lower Manhattan
80.00;32;22;202306;Jun;Fri;Morning;very high;Tea;Brewed Green tea;Serenity Green Tea Rg;Hell's Kitchen
97.50;39;26;202306;Jun;Fri;Morning;very high;Tea;Brewed Black tea;Earl Grey Rg;Hell's Kitchen
60.00;30;21;202306;Jun;Fri;Morning;High;Coffee;Gourmet brewed coffee;Columbian Medium Roast Sm;Hell's Kitchen
36.00;12;12;202306;Jun;Fri;Morning;Med;Bakery;Scone;Oatmeal Scone;Hell's Kitchen
168.00;42;28;202306;Jun;Fri;Morning;very high;Tea;Brewed Chai tea;Morning Sunrise Chai Lg;Hell's Kitchen
65.00;26;19;202306;Jun;Fri;Morning;very high;Coffee;Gourmet brewed coffee;Columbian Medium Roast Rg;Hell's Kitchen
39.00;12;12;202306;Jun;Fri;Morning;Med;Bakery;Scone;Cranberry Scone;Hell's Kitchen
120.00;46;37;202306;Jun;Fri;Morning;very high;Coffee;Barista Espresso;Ouro Brasileiro shot;Hell's Kitchen
105.00;42;24;202306;Jun;Fri;Morning;very high;Coffee;Drip coffee;Our Old Time Diner Blend Rg;Lower Manhattan
102.00;34;24;202306;Jun;Fri;Morning;very high;Tea;Brewed herbal tea;Lemon Grass Lg;Hell's Kitchen
111.00;37;28;202306;Jun;Fri;Morning;very high;Coffee;Barista Espresso;Espresso shot;Hell's Kitchen
118.75;25;19;202306;Jun;Fri;Morning;very high;Drinking Chocolate;Hot chocolate;Sustainably Grown Organic Lg;Hell's Kitchen
84.00;28;19;202306;Jun;Fri;Morning;very high;Coffee;Gourmet brewed coffee;Columbian Medium Roast Lg;Hell's Kitchen
91.00;26;15;202306;Jun;Fri;Morning;very high;Drinking Chocolate;Hot chocolate;Dark chocolate Rg;Lower Manhattan
63.75;17;17;202306;Jun;Fri;Morning;very high;Bakery;Pastry;Almond Croissant;Hell's Kitchen
55.80;18;12;202306;Jun;Fri;Morning;High;Coffee;Premium brewed coffee;Jamaican Coffee River Rg;Lower Manhattan
75.00;30;18;202306;Jun;Fri;Morning;very high;Tea;Brewed Black tea;Earl Grey Rg;Lower Manhattan
44.64;12;12;202306;Jun;Fri;Morning;High;Bakery;Biscotti;Chocolate Chip Biscotti;Lower Manhattan
62.00;20;13;202306;Jun;Fri;Morning;very high;Tea;Brewed Chai tea;Spicy Eye Opener Chai Lg;Hell's Kitchen
58.50;18;18;202306;Jun;Fri;Morning;High;Bakery;Biscotti;Hazelnut Biscotti;Hell's Kitchen
97.50;26;18;202306;Jun;Fri;Morning;very high;Coffee;Premium brewed coffee;Jamaican Coffee River Lg;Lower Manhattan
105.00;30;20;202306;Jun;Fri;Morning;very high;Coffee;Gourmet brewed coffee;Ethiopia Lg;Astoria
63.75;25;20;202306;Jun;Fri;Morning;very high;Tea;Brewed Chai tea;Spicy Eye Opener Chai Rg;Astoria
45.50;13;11;202306;Jun;Fri;Morning;High;Coffee;Organic brewed coffee;Brazilian Lg;Astoria
35.75;11;11;202306;Jun;Fri;Morning;Med;Bakery;Scone;Cranberry Scone;Astoria
119.00;28;17;202306;Jun;Fri;Morning;very high;Coffee;Barista Espresso;Cappuccino Lg;Astoria
81.00;27;19;202306;Jun;Fri;Morning;very high;Coffee;Organic brewed coffee;Brazilian Rg;Astoria
24.00;8;8;202306;Jun;Fri;Morning;Med;Bakery;Scone;Oatmeal Scone;Astoria
87.00;29;21;202306;Jun;Fri;Morning;very high;Tea;Brewed Chai tea;Traditional Blend Chai Lg;Astoria
70.00;35;24;202306;Jun;Fri;Morning;very high;Coffee;Gourmet brewed coffee;Columbian Medium Roast Sm;Astoria
40.00;20;13;202306;Jun;Fri;Morning;Med;Coffee;Drip coffee;Our Old Time Diner Blend Sm;Astoria
93.00;31;19;202306;Jun;Fri;Morning;very high;Coffee;Gourmet brewed coffee;Columbian Medium Roast Lg;Astoria
85.00;34;23;202306;Jun;Fri;Morning;very high;Tea;Brewed herbal tea;Lemon Grass Rg;Astoria
99.00;45;25;202306;Jun;Fri;Morning;very high;Coffee;Gourmet brewed coffee;Ethiopia Sm;Astoria
52.50;15;15;202306;Jun;Fri;Morning;High;Bakery;Pastry;Croissant;Astoria
39.00;13;11;202306;Jun;Fri;Morning;Med;Tea;Brewed herbal tea;Peppermint Lg;Astoria
52.50;14;14;202306;Jun;Fri;Morning;High;Bakery;Pastry;Almond Croissant;Astoria
47.50;19;13;202306;Jun;Fri;Morning;High;Tea;Brewed Chai tea;Traditional Blend Chai Rg;Astoria
119.00;34;19;202306;Jun;Fri;Morning;very high;Coffee;Gourmet brewed coffee;Ethiopia Lg;Hell's Kitchen
32.50;13;10;202306;Jun;Fri;Morning;Med;Coffee;Gourmet brewed coffee;Columbian Medium Roast Rg;Astoria
131.25;35;23;202306;Jun;Fri;Morning;very high;Coffee;Barista Espresso;Latte;Astoria
90.00;36;24;202306;Jun;Fri;Morning;very high;Tea;Brewed Black tea;Earl Grey Rg;Astoria
80.00;32;25;202306;Jun;Fri;Morning;very high;Tea;Brewed Green tea;Serenity Green Tea Rg;Astoria
72.00;24;18;202306;Jun;Fri;Morning;very high;Coffee;Gourmet brewed coffee;Ethiopia Rg;Astoria
45.00;15;10;202306;Jun;Fri;Morning;High;Tea;Brewed Black tea;English Breakfast Lg;Lower Manhattan
61.60;28;17;202306;Jun;Fri;Morning;very high;Coffee;Organic brewed coffee;Brazilian Sm;Astoria
39.00;12;11;202306;Jun;Fri;Morning;Med;Bakery;Biscotti;Hazelnut Biscotti;Astoria
35.88;10;10;202306;Jun;Fri;Morning;Med;Bakery;Biscotti;Ginger Biscotti;Lower Manhattan
87.00;29;17;202306;Jun;Fri;Morning;very high;Tea;Brewed herbal tea;Peppermint Lg;Hell's Kitchen
157.50;42;27;202306;Jun;Fri;Morning;very high;Drinking Chocolate;Hot chocolate;Sustainably Grown Organic Rg;Hell's Kitchen
108.75;29;29;202306;Jun;Fri;Morning;very high;Bakery;Pastry;Chocolate Croissant;Hell's Kitchen
87.75;27;25;202306;Jun;Fri;Morning;very high;Bakery;Scone;Ginger Scone;Hell's Kitchen
112.50;25;14;202306;Jun;Fri;Morning;very high;Drinking Chocolate;Hot chocolate;Dark chocolate Lg;Hell's Kitchen
144.00;32;22;202306;Jun;Fri;Morning;very high;Drinking Chocolate;Hot chocolate;Dark chocolate Lg;Astoria
118.75;25;16;202306;Jun;Fri;Morning;very high;Drinking Chocolate;Hot chocolate;Sustainably Grown Organic Lg;Astoria
52.50;14;14;202306;Jun;Fri;Morning;High;Bakery;Scone;Jumbo Savory Scone;Astoria
90.00;24;24;202306;Jun;Fri;Morning;very high;Bakery;Pastry;Chocolate Croissant;Astoria
103.50;23;23;202306;Jun;Fri;Morning;very high;Bakery;Scone;Scottish Cream Scone ;Hell's Kitchen
93.00;30;20;202306;Jun;Fri;Morning;very high;Coffee;Premium brewed coffee;Jamaican Coffee River Rg;Hell's Kitchen
3.10;1;1;202306;Jun;Fri;Night;Low;Tea;Brewed Chai tea;Spicy Eye Opener Chai Lg;Astoria
6.00;2;1;202306;Jun;Fri;Night;Low;Tea;Brewed herbal tea;Peppermint Lg;Astoria
33.00;11;8;202306;Jun;Fri;Afternoon;Med;Coffee;Drip coffee;Our Old Time Diner Blend Lg;Lower Manhattan
52.00;13;9;202306;Jun;Fri;Afternoon;High;Tea;Brewed Chai tea;Morning Sunrise Chai Lg;Lower Manhattan
59.50;17;10;202306;Jun;Fri;Afternoon;High;Coffee;Organic brewed coffee;Brazilian Lg;Hell's Kitchen
51.00;17;11;202306;Jun;Fri;Afternoon;High;Tea;Brewed Chai tea;Traditional Blend Chai Lg;Astoria
29.75;7;4;202306;Jun;Fri;Afternoon;Med;Coffee;Barista Espresso;Latte Rg;Lower Manhattan
45.00;15;10;202306;Jun;Fri;Afternoon;High;Tea;Brewed herbal tea;Peppermint Lg;Astoria
39.00;13;8;202306;Jun;Fri;Afternoon;Med;Coffee;Drip coffee;Our Old Time Diner Blend Lg;Hell's Kitchen
19.50;6;6;202306;Jun;Fri;Afternoon;Low;Bakery;Biscotti;Hazelnut Biscotti;Hell's Kitchen
66.50;14;9;202306;Jun;Fri;Afternoon;very high;Drinking Chocolate;Hot chocolate;Sustainably Grown Organic Lg;Hell's Kitchen
30.00;10;7;202306;Jun;Fri;Afternoon;Med;Coffee;Gourmet brewed coffee;Ethiopia Rg;Astoria
60.00;20;14;202306;Jun;Fri;Afternoon;High;Tea;Brewed herbal tea;Lemon Grass Lg;Astoria
18.75;5;5;202306;Jun;Fri;Afternoon;Low;Bakery;Pastry;Almond Croissant;Astoria
32.50;13;7;202306;Jun;Fri;Afternoon;Med;Tea;Brewed Black tea;English Breakfast Rg;Lower Manhattan
60.00;20;14;202306;Jun;Fri;Afternoon;High;Coffee;Gourmet brewed coffee;Ethiopia Rg;Lower Manhattan
21.88;6;6;202306;Jun;Fri;Afternoon;Med;Bakery;Pastry;Croissant;Lower Manhattan
52.70;17;10;202306;Jun;Fri;Afternoon;High;Tea;Brewed Chai tea;Spicy Eye Opener Chai Lg;Lower Manhattan
71.25;15;10;202306;Jun;Fri;Afternoon;very high;Drinking Chocolate;Hot chocolate;Sustainably Grown Organic Lg;Astoria
51.00;17;11;202306;Jun;Fri;Afternoon;High;Coffee;Drip coffee;Our Old Time Diner Blend Lg;Astoria
66.00;22;13;202306;Jun;Fri;Afternoon;very high;Tea;Brewed Green tea;Serenity Green Tea Lg;Astoria
65.00;26;17;202306;Jun;Fri;Afternoon;very high;Coffee;Drip coffee;Our Old Time Diner Blend Rg;Astoria
84.00;24;16;202306;Jun;Fri;Afternoon;very high;Coffee;Gourmet brewed coffee;Ethiopia Lg;Hell's Kitchen
22.75;7;7;202306;Jun;Fri;Afternoon;Med;Bakery;Biscotti;Hazelnut Biscotti;Astoria
35.00;14;11;202306;Jun;Fri;Afternoon;Med;Tea;Brewed Chai tea;Morning Sunrise Chai Rg;Hell's Kitchen
17.50;7;5;202306;Jun;Fri;Afternoon;Low;Tea;Brewed Chai tea;Traditional Blend Chai Rg;Lower Manhattan
60.00;16;12;202306;Jun;Fri;Afternoon;High;Drinking Chocolate;Hot chocolate;Sustainably Grown Organic Rg;Astoria
57.50;23;13;202306;Jun;Fri;Afternoon;High;Tea;Brewed Black tea;Earl Grey Rg;Astoria
57.20;26;15;202306;Jun;Fri;Afternoon;High;Coffee;Organic brewed coffee;Brazilian Sm;Astoria
41.25;11;11;202306;Jun;Fri;Afternoon;High;Bakery;Scone;Jumbo Savory Scone;Astoria
30.00;10;6;202306;Jun;Fri;Afternoon;Med;Tea;Brewed Green tea;Serenity Green Tea Lg;Lower Manhattan
15.00;4;4;202306;Jun;Fri;Afternoon;Low;Bakery;Pastry;Chocolate Croissant;Lower Manhattan
18.00;9;6;202306;Jun;Fri;Afternoon;Low;Coffee;Gourmet brewed coffee;Columbian Medium Roast Sm;Hell's Kitchen
18.00;6;6;202306;Jun;Fri;Afternoon;Low;Bakery;Scone;Oatmeal Scone;Hell's Kitchen
66.00;22;14;202306;Jun;Fri;Afternoon;very high;Tea;Brewed Black tea;English Breakfast Lg;Astoria
27.00;9;7;202306;Jun;Fri;Afternoon;Med;Tea;Brewed herbal tea;Peppermint Lg;Lower Manhattan
48.00;24;17;202306;Jun;Fri;Afternoon;High;Coffee;Drip coffee;Our Old Time Diner Blend Sm;Astoria
20.63;5;5;202306;Jun;Fri;Afternoon;very high;Bakery;Scone;Jumbo Savory Scone;Lower Manhattan
20.00;10;7;202306;Jun;Fri;Afternoon;Low;Coffee;Drip coffee;Our Old Time Diner Blend Sm;Lower Manhattan
31.50;7;7;202306;Jun;Fri;Afternoon;Med;Bakery;Scone;Scottish Cream Scone ;Astoria
35.00;14;8;202306;Jun;Fri;Afternoon;Med;Tea;Brewed Chai tea;Morning Sunrise Chai Rg;Lower Manhattan
28.00;8;5;202306;Jun;Fri;Afternoon;Med;Coffee;Gourmet brewed coffee;Ethiopia Lg;Lower Manhattan
19.50;6;6;202306;Jun;Fri;Afternoon;Low;Bakery;Biscotti;Hazelnut Biscotti;Lower Manhattan
72.00;16;9;202306;Jun;Fri;Afternoon;very high;Drinking Chocolate;Hot chocolate;Dark chocolate Lg;Astoria
15.00;5;5;202306;Jun;Fri;Afternoon;Low;Bakery;Scone;Oatmeal Scone;Astoria
40.80;16;10;202306;Jun;Fri;Afternoon;very high;Tea;Brewed Chai tea;Spicy Eye Opener Chai Rg;Lower Manhattan
48.75;13;8;202306;Jun;Fri;Afternoon;High;Drinking Chocolate;Hot chocolate;Sustainably Grown Organic Rg;Hell's Kitchen
72.00;24;18;202306;Jun;Fri;Afternoon;very high;Tea;Brewed Black tea;Earl Grey Lg;Astoria
65.10;21;13;202306;Jun;Fri;Afternoon;very high;Coffee;Premium brewed coffee;Jamaican Coffee River Rg;Hell's Kitchen
32.50;13;9;202306;Jun;Fri;Afternoon;Med;Tea;Brewed Black tea;Earl Grey Rg;Hell's Kitchen
37.20;12;9;202306;Jun;Fri;Afternoon;Med;Tea;Brewed Chai tea;Spicy Eye Opener Chai Lg;Hell's Kitchen
33.00;11;8;202306;Jun;Fri;Afternoon;Med;Coffee;Organic brewed coffee;Brazilian Rg;Hell's Kitchen
30.00;10;6;202306;Jun;Fri;Afternoon;Med;Coffee;Barista Espresso;Espresso shot;Lower Manhattan
22.95;9;8;202306;Jun;Fri;Afternoon;Med;Tea;Brewed Chai tea;Spicy Eye Opener Chai Rg;Astoria
22.00;10;8;202306;Jun;Fri;Afternoon;Med;Coffee;Organic brewed coffee;Brazilian Sm;Lower Manhattan
27.50;11;6;202306;Jun;Fri;Afternoon;Med;Tea;Brewed herbal tea;Lemon Grass Rg;Lower Manhattan
26.25;7;5;202306;Jun;Fri;Afternoon;Med;Coffee;Barista Espresso;Cappuccino;Lower Manhattan
9.75;3;3;202306;Jun;Fri;Afternoon;Low;Bakery;Scone;Cranberry Scone;Lower Manhattan
29.10;10;7;202306;Jun;Fri;Afternoon;Med;Coffee;Barista Espresso;Ouro Brasileiro shot;Hell's Kitchen
35.00;14;10;202306;Jun;Fri;Afternoon;Med;Tea;Brewed herbal tea;Peppermint Rg;Hell's Kitchen
30.00;10;7;202306;Jun;Fri;Afternoon;Med;Tea;Brewed Black tea;English Breakfast Lg;Lower Manhattan
42.50;10;8;202306;Jun;Fri;Afternoon;High;Coffee;Barista Espresso;Cappuccino Lg;Astoria
24.00;8;5;202306;Jun;Fri;Afternoon;Med;Coffee;Gourmet brewed coffee;Columbian Medium Roast Lg;Lower Manhattan
51.00;17;12;202306;Jun;Fri;Afternoon;High;Coffee;Organic brewed coffee;Brazilian Rg;Lower Manhattan
40.00;16;10;202306;Jun;Fri;Afternoon;Med;Tea;Brewed Green tea;Serenity Green Tea Rg;Astoria
40.50;9;7;202306;Jun;Fri;Afternoon;very high;Drinking Chocolate;Hot chocolate;Dark chocolate Lg;Hell's Kitchen
52.50;21;13;202306;Jun;Fri;Afternoon;High;Coffee;Drip coffee;Our Old Time Diner Blend Rg;Lower Manhattan
80.00;20;13;202306;Jun;Fri;Afternoon;very high;Tea;Brewed Chai tea;Morning Sunrise Chai Lg;Astoria
39.60;18;12;202306;Jun;Fri;Afternoon;Med;Coffee;Gourmet brewed coffee;Ethiopia Sm;Hell's Kitchen
40.00;16;10;202306;Jun;Fri;Afternoon;Med;Coffee;Gourmet brewed coffee;Columbian Medium Roast Rg;Lower Manhattan
56.25;15;10;202306;Jun;Fri;Afternoon;High;Coffee;Premium brewed coffee;Jamaican Coffee River Lg;Astoria
24.00;12;7;202306;Jun;Fri;Afternoon;Med;Coffee;Drip coffee;Our Old Time Diner Blend Sm;Hell's Kitchen
86.25;23;16;202306;Jun;Fri;Afternoon;very high;Coffee;Barista Espresso;Cappuccino;Astoria
33.00;11;7;202306;Jun;Fri;Afternoon;Med;Coffee;Gourmet brewed coffee;Ethiopia Rg;Hell's Kitchen
49.00;14;10;202306;Jun;Fri;Afternoon;High;Drinking Chocolate;Hot chocolate;Dark chocolate Rg;Lower Manhattan
15.00;5;5;202306;Jun;Fri;Afternoon;Low;Bakery;Scone;Oatmeal Scone;Lower Manhattan
25.00;10;8;202306;Jun;Fri;Afternoon;Med;Tea;Brewed Chai tea;Traditional Blend Chai Rg;Astoria
53.10;18;12;202306;Jun;Fri;Afternoon;High;Coffee;Barista Espresso;Ouro Brasileiro shot;Lower Manhattan
33.00;11;8;202306;Jun;Fri;Afternoon;Med;Tea;Brewed Green tea;Serenity Green Tea Lg;Hell's Kitchen
91.00;26;16;202306;Jun;Fri;Afternoon;very high;Coffee;Organic brewed coffee;Brazilian Lg;Astoria
17.50;5;5;202306;Jun;Fri;Afternoon;Low;Bakery;Biscotti;Chocolate Chip Biscotti;Lower Manhattan
26.25;7;5;202306;Jun;Fri;Afternoon;Med;Coffee;Barista Espresso;Cappuccino;Hell's Kitchen
17.50;5;5;202306;Jun;Fri;Afternoon;Low;Bakery;Biscotti;Chocolate Chip Biscotti;Hell's Kitchen
28.00;14;10;202306;Jun;Fri;Afternoon;Med;Coffee;Gourmet brewed coffee;Columbian Medium Roast Sm;Astoria
46.50;15;11;202306;Jun;Fri;Afternoon;High;Tea;Brewed Chai tea;Spicy Eye Opener Chai Lg;Astoria
68.00;17;11;202306;Jun;Fri;Afternoon;very high;Tea;Brewed Chai tea;Morning Sunrise Chai Lg;Hell's Kitchen
30.00;12;8;202306;Jun;Fri;Afternoon;Med;Tea;Brewed Chai tea;Traditional Blend Chai Rg;Hell's Kitchen
36.00;8;8;202306;Jun;Fri;Afternoon;Med;Bakery;Scone;Scottish Cream Scone ;Hell's Kitchen
78.75;21;13;202306;Jun;Fri;Afternoon;very high;Coffee;Barista Espresso;Latte;Astoria
36.00;12;7;202306;Jun;Fri;Afternoon;Med;Coffee;Barista Espresso;Espresso shot;Hell's Kitchen
18.00;6;5;202306;Jun;Fri;Afternoon;Low;Coffee;Gourmet brewed coffee;Columbian Medium Roast Lg;Astoria
42.50;17;12;202306;Jun;Fri;Afternoon;High;Tea;Brewed herbal tea;Peppermint Rg;Astoria
41.25;11;11;202306;Jun;Fri;Afternoon;High;Bakery;Pastry;Chocolate Croissant;Astoria
63.75;15;10;202306;Jun;Fri;Afternoon;very high;Coffee;Barista Espresso;Latte Rg;Astoria
45.50;13;9;202306;Jun;Fri;Afternoon;High;Drinking Chocolate;Hot chocolate;Dark chocolate Rg;Astoria
19.80;9;7;202306;Jun;Fri;Afternoon;Low;Coffee;Gourmet brewed coffee;Ethiopia Sm;Astoria
35.20;16;10;202306;Jun;Fri;Afternoon;Med;Coffee;Gourmet brewed coffee;Ethiopia Sm;Lower Manhattan
76.00;16;10;202306;Jun;Fri;Afternoon;very high;Drinking Chocolate;Hot chocolate;Sustainably Grown Organic Lg;Lower Manhattan
35.00;14;11;202306;Jun;Fri;Afternoon;Med;Coffee;Gourmet brewed coffee;Columbian Medium Roast Rg;Astoria
15.40;7;5;202306;Jun;Fri;Afternoon;Low;Coffee;Organic brewed coffee;Brazilian Sm;Hell's Kitchen
54.00;12;8;202306;Jun;Fri;Afternoon;High;Drinking Chocolate;Hot chocolate;Dark chocolate Lg;Lower Manhattan
52.50;21;14;202306;Jun;Fri;Afternoon;High;Tea;Brewed Green tea;Serenity Green Tea Rg;Hell's Kitchen
54.00;18;11;202306;Jun;Fri;Afternoon;High;Coffee;Gourmet brewed coffee;Columbian Medium Roast Lg;Hell's Kitchen
26.95;11;9;202306;Jun;Fri;Afternoon;Med;Coffee;Premium brewed coffee;Jamaican Coffee River Sm;Astoria
67.50;18;12;202306;Jun;Fri;Afternoon;very high;Coffee;Premium brewed coffee;Jamaican Coffee River Lg;Hell's Kitchen
48.00;16;10;202306;Jun;Fri;Afternoon;High;Coffee;Barista Espresso;Espresso shot;Astoria
15.00;5;4;202306;Jun;Fri;Afternoon;Low;Tea;Brewed herbal tea;Lemon Grass Lg;Hell's Kitchen
25.00;10;7;202306;Jun;Fri;Afternoon;Med;Tea;Brewed Black tea;Earl Grey Rg;Lower Manhattan
24.00;12;8;202306;Jun;Fri;Afternoon;Med;Coffee;Gourmet brewed coffee;Columbian Medium Roast Sm;Lower Manhattan
17.50;5;4;202306;Jun;Fri;Afternoon;Low;Bakery;Biscotti;Chocolate Chip Biscotti;Astoria
19.60;8;5;202306;Jun;Fri;Afternoon;Low;Coffee;Premium brewed coffee;Jamaican Coffee River Sm;Hell's Kitchen
22.75;7;7;202306;Jun;Fri;Afternoon;Med;Bakery;Scone;Cranberry Scone;Astoria
40.00;16;9;202306;Jun;Fri;Afternoon;Med;Tea;Brewed Chai tea;Morning Sunrise Chai Rg;Astoria
27.50;11;8;202306;Jun;Fri;Afternoon;Med;Coffee;Drip coffee;Our Old Time Diner Blend Rg;Hell's Kitchen
11.25;3;3;202306;Jun;Fri;Afternoon;Low;Bakery;Pastry;Chocolate Croissant;Hell's Kitchen
12.50;5;4;202306;Jun;Fri;Afternoon;Low;Tea;Brewed Black tea;English Breakfast Rg;Hell's Kitchen
56.25;15;8;202306;Jun;Fri;Afternoon;High;Coffee;Barista Espresso;Latte;Hell's Kitchen
29.40;12;9;202306;Jun;Fri;Afternoon;Med;Coffee;Premium brewed coffee;Jamaican Coffee River Sm;Lower Manhattan
51.00;17;12;202306;Jun;Fri;Afternoon;High;Coffee;Organic brewed coffee;Brazilian Rg;Astoria
56.25;15;11;202306;Jun;Fri;Afternoon;High;Coffee;Premium brewed coffee;Jamaican Coffee River Lg;Lower Manhattan
27.00;6;6;202306;Jun;Fri;Afternoon;Med;Bakery;Scone;Scottish Cream Scone ;Lower Manhattan
56.25;15;11;202306;Jun;Fri;Afternoon;High;Drinking Chocolate;Hot chocolate;Sustainably Grown Organic Rg;Lower Manhattan
25.50;10;7;202306;Jun;Fri;Afternoon;Med;Tea;Brewed Chai tea;Spicy Eye Opener Chai Rg;Hell's Kitchen
36.00;12;7;202306;Jun;Fri;Afternoon;Med;Tea;Brewed Black tea;Earl Grey Lg;Lower Manhattan
13.00;4;4;202306;Jun;Fri;Afternoon;Low;Bakery;Scone;Ginger Scone;Astoria
10.50;3;3;202306;Jun;Fri;Afternoon;Low;Bakery;Pastry;Croissant;Astoria
38.25;9;7;202306;Jun;Fri;Afternoon;Med;Coffee;Barista Espresso;Cappuccino Lg;Hell's Kitchen
27.90;9;6;202306;Jun;Fri;Afternoon;Med;Coffee;Premium brewed coffee;Jamaican Coffee River Rg;Astoria
11.25;3;3;202306;Jun;Fri;Afternoon;Low;Bakery;Scone;Jumbo Savory Scone;Hell's Kitchen
22.50;9;7;202306;Jun;Fri;Afternoon;Med;Tea;Brewed Black tea;English Breakfast Rg;Astoria
48.00;16;12;202306;Jun;Fri;Afternoon;High;Tea;Brewed herbal tea;Peppermint Lg;Hell's Kitchen
24.00;8;5;202306;Jun;Fri;Afternoon;Med;Tea;Brewed Black tea;Earl Grey Lg;Hell's Kitchen
62.50;25;18;202306;Jun;Fri;Afternoon;very high;Tea;Brewed herbal tea;Lemon Grass Rg;Astoria
51.00;12;9;202306;Jun;Fri;Afternoon;High;Coffee;Barista Espresso;Cappuccino Lg;Lower Manhattan
34.00;8;6;202306;Jun;Fri;Afternoon;Med;Coffee;Barista Espresso;Latte Rg;Hell's Kitchen
97.50;26;14;202306;Jun;Fri;Afternoon;very high;Coffee;Barista Espresso;Latte;Lower Manhattan
10.50;3;2;202306;Jun;Fri;Afternoon;Low;Coffee;Organic brewed coffee;Brazilian Lg;Lower Manhattan
18.00;6;4;202306;Jun;Fri;Afternoon;Low;Tea;Brewed Black tea;English Breakfast Lg;Hell's Kitchen
25.00;10;8;202306;Jun;Fri;Afternoon;Med;Tea;Brewed Green tea;Serenity Green Tea Rg;Lower Manhattan
18.00;6;5;202306;Jun;Fri;Afternoon;Low;Tea;Brewed herbal tea;Lemon Grass Lg;Lower Manhattan
32.50;13;7;202306;Jun;Fri;Afternoon;Med;Tea;Brewed herbal tea;Peppermint Rg;Lower Manhattan
22.50;9;6;202306;Jun;Fri;Afternoon;Med;Tea;Brewed herbal tea;Lemon Grass Rg;Hell's Kitchen
22.96;7;7;202306;Jun;Fri;Afternoon;Med;Bakery;Scone;Ginger Scone;Lower Manhattan
6.50;2;2;202306;Jun;Fri;Afternoon;Low;Bakery;Scone;Cranberry Scone;Hell's Kitchen
59.50;17;14;202306;Jun;Fri;Afternoon;High;Coffee;Gourmet brewed coffee;Ethiopia Lg;Astoria
15.00;4;4;202306;Jun;Fri;Afternoon;Low;Bakery;Pastry;Almond Croissant;Lower Manhattan
21.70;7;5;202306;Jun;Fri;Night;Med;Coffee;Premium brewed coffee;Jamaican Coffee River Rg;Lower Manhattan
21.00;7;5;202306;Jun;Fri;Night;Med;Coffee;Organic brewed coffee;Brazilian Rg;Lower Manhattan
3.00;1;1;202306;Jun;Fri;Night;Low;Tea;Brewed Black tea;Earl Grey Lg;Astoria
3.50;1;1;202306;Jun;Fri;Night;Low;Drinking Chocolate;Hot chocolate;Dark chocolate Rg;Astoria
4.40;2;2;202306;Jun;Fri;Night;Low;Coffee;Organic brewed coffee;Brazilian Sm;Hell's Kitchen
57.00;19;11;202306;Jun;Fri;Evening;High;Tea;Brewed Black tea;Earl Grey Lg;Astoria
45.00;10;10;202306;Jun;Fri;Evening;High;Bakery;Scone;Scottish Cream Scone ;Astoria
16.00;8;5;202306;Jun;Fri;Evening;Low;Coffee;Gourmet brewed coffee;Columbian Medium Roast Sm;Lower Manhattan
46.75;11;6;202306;Jun;Fri;Evening;High;Coffee;Barista Espresso;Latte Rg;Lower Manhattan
76.00;16;10;202306;Jun;Fri;Evening;very high;Drinking Chocolate;Hot chocolate;Sustainably Grown Organic Lg;Astoria
27.00;9;7;202306;Jun;Fri;Evening;Med;Coffee;Organic brewed coffee;Brazilian Rg;Lower Manhattan
60.00;15;9;202306;Jun;Fri;Evening;High;Tea;Brewed Chai tea;Morning Sunrise Chai Lg;Astoria
30.00;12;7;202306;Jun;Fri;Evening;Med;Tea;Brewed Chai tea;Traditional Blend Chai Rg;Lower Manhattan
27.30;10;8;202306;Jun;Fri;Evening;Med;Coffee;Barista Espresso;Ouro Brasileiro shot;Hell's Kitchen
34.30;14;9;202306;Jun;Fri;Evening;Med;Coffee;Premium brewed coffee;Jamaican Coffee River Sm;Lower Manhattan
42.50;10;8;202306;Jun;Fri;Evening;High;Coffee;Barista Espresso;Latte Rg;Astoria
77.00;22;12;202306;Jun;Fri;Evening;very high;Drinking Chocolate;Hot chocolate;Dark chocolate Rg;Hell's Kitchen
12.50;5;4;202306;Jun;Fri;Evening;Low;Tea;Brewed Chai tea;Morning Sunrise Chai Rg;Lower Manhattan
80.50;23;15;202306;Jun;Fri;Evening;very high;Coffee;Gourmet brewed coffee;Ethiopia Lg;Hell's Kitchen
90.00;30;19;202306;Jun;Fri;Evening;very high;Tea;Brewed herbal tea;Peppermint Lg;Astoria
39.00;13;8;202306;Jun;Fri;Evening;Med;Tea;Brewed Green tea;Serenity Green Tea Lg;Hell's Kitchen
22.50;9;7;202306;Jun;Fri;Evening;Med;Coffee;Gourmet brewed coffee;Columbian Medium Roast Rg;Lower Manhattan
39.00;13;9;202306;Jun;Fri;Evening;Med;Coffee;Gourmet brewed coffee;Columbian Medium Roast Lg;Lower Manhattan
32.00;16;11;202306;Jun;Fri;Evening;Med;Coffee;Drip coffee;Our Old Time Diner Blend Sm;Hell's Kitchen
19.13;4;4;202306;Jun;Fri;Evening;Low;Bakery;Scone;Scottish Cream Scone ;Lower Manhattan
48.00;16;11;202306;Jun;Fri;Evening;High;Coffee;Gourmet brewed coffee;Ethiopia Rg;Astoria
15.00;6;3;202306;Jun;Fri;Evening;Low;Tea;Brewed Black tea;English Breakfast Rg;Lower Manhattan
21.00;7;6;202306;Jun;Fri;Evening;Med;Coffee;Barista Espresso;Ouro Brasileiro shot;Lower Manhattan
37.50;15;10;202306;Jun;Fri;Evening;Med;Tea;Brewed Black tea;Earl Grey Rg;Hell's Kitchen
81.00;27;18;202306;Jun;Fri;Evening;very high;Tea;Brewed Chai tea;Traditional Blend Chai Lg;Astoria
49.50;11;9;202306;Jun;Fri;Evening;High;Drinking Chocolate;Hot chocolate;Dark chocolate Lg;Lower Manhattan
69.00;23;15;202306;Jun;Fri;Evening;very high;Coffee;Barista Espresso;Espresso shot;Astoria
54.00;18;14;202306;Jun;Fri;Evening;High;Coffee;Gourmet brewed coffee;Columbian Medium Roast Lg;Astoria
35.00;14;7;202306;Jun;Fri;Evening;Med;Coffee;Drip coffee;Our Old Time Diner Blend Rg;Lower Manhattan
63.00;18;10;202306;Jun;Fri;Evening;very high;Coffee;Organic brewed coffee;Brazilian Lg;Astoria
50.00;20;12;202306;Jun;Fri;Evening;High;Tea;Brewed Chai tea;Morning Sunrise Chai Rg;Hell's Kitchen
27.90;9;8;202306;Jun;Fri;Evening;Med;Tea;Brewed Chai tea;Spicy Eye Opener Chai Lg;Lower Manhattan
26.40;12;9;202306;Jun;Fri;Evening;Med;Coffee;Gourmet brewed coffee;Ethiopia Sm;Hell's Kitchen
18.75;5;5;202306;Jun;Fri;Evening;Low;Bakery;Scone;Jumbo Savory Scone;Hell's Kitchen
67.50;18;14;202306;Jun;Fri;Evening;very high;Drinking Chocolate;Hot chocolate;Sustainably Grown Organic Rg;Astoria
30.80;14;9;202306;Jun;Fri;Evening;Med;Coffee;Organic brewed coffee;Brazilian Sm;Astoria
22.50;6;6;202306;Jun;Fri;Evening;Med;Bakery;Pastry;Almond Croissant;Astoria
42.50;17;11;202306;Jun;Fri;Evening;High;Tea;Brewed herbal tea;Peppermint Rg;Astoria
35.75;11;10;202306;Jun;Fri;Evening;Med;Bakery;Scone;Ginger Scone;Astoria
40.00;16;10;202306;Jun;Fri;Evening;Med;Tea;Brewed Black tea;Earl Grey Rg;Astoria
52.25;11;7;202306;Jun;Fri;Evening;High;Drinking Chocolate;Hot chocolate;Sustainably Grown Organic Lg;Hell's Kitchen
15.00;6;3;202306;Jun;Fri;Evening;Low;Tea;Brewed Green tea;Serenity Green Tea Rg;Lower Manhattan
42.00;14;7;202306;Jun;Fri;Evening;High;Tea;Brewed Chai tea;Traditional Blend Chai Lg;Hell's Kitchen
50.00;20;15;202306;Jun;Fri;Evening;High;Tea;Brewed Green tea;Serenity Green Tea Rg;Astoria
22.50;9;6;202306;Jun;Fri;Evening;Med;Tea;Brewed Green tea;Serenity Green Tea Rg;Hell's Kitchen
20.00;8;5;202306;Jun;Fri;Evening;Low;Tea;Brewed herbal tea;Peppermint Rg;Hell's Kitchen
71.25;19;12;202306;Jun;Fri;Evening;very high;Coffee;Premium brewed coffee;Jamaican Coffee River Lg;Astoria
32.50;13;7;202306;Jun;Fri;Evening;Med;Tea;Brewed Chai tea;Traditional Blend Chai Rg;Astoria
22.50;9;4;202306;Jun;Fri;Evening;Med;Tea;Brewed Black tea;Earl Grey Rg;Lower Manhattan
21.00;6;6;202306;Jun;Fri;Evening;Med;Bakery;Pastry;Croissant;Lower Manhattan
45.00;12;8;202306;Jun;Fri;Evening;High;Drinking Chocolate;Hot chocolate;Sustainably Grown Organic Rg;Hell's Kitchen
42.00;14;11;202306;Jun;Fri;Evening;High;Tea;Brewed herbal tea;Lemon Grass Lg;Hell's Kitchen
41.25;11;8;202306;Jun;Fri;Evening;High;Coffee;Barista Espresso;Latte;Astoria
55.00;25;16;202306;Jun;Fri;Evening;High;Coffee;Gourmet brewed coffee;Ethiopia Sm;Astoria
40.00;16;10;202306;Jun;Fri;Evening;Med;Tea;Brewed Chai tea;Morning Sunrise Chai Rg;Astoria
48.00;16;7;202306;Jun;Fri;Evening;High;Coffee;Gourmet brewed coffee;Ethiopia Rg;Lower Manhattan
48.00;16;9;202306;Jun;Fri;Evening;High;Tea;Brewed Black tea;English Breakfast Lg;Hell's Kitchen
48.75;13;8;202306;Jun;Fri;Evening;High;Drinking Chocolate;Hot chocolate;Sustainably Grown Organic Rg;Lower Manhattan
32.00;16;11;202306;Jun;Fri;Evening;Med;Coffee;Gourmet brewed coffee;Columbian Medium Roast Sm;Hell's Kitchen
25.50;6;4;202306;Jun;Fri;Evening;Med;Coffee;Barista Espresso;Latte Rg;Hell's Kitchen
46.50;15;10;202306;Jun;Fri;Evening;High;Tea;Brewed Chai tea;Spicy Eye Opener Chai Lg;Hell's Kitchen
41.25;11;11;202306;Jun;Fri;Evening;High;Bakery;Scone;Jumbo Savory Scone;Astoria
14.00;7;4;202306;Jun;Fri;Evening;Low;Coffee;Drip coffee;Our Old Time Diner Blend Sm;Lower Manhattan
21.00;7;7;202306;Jun;Fri;Evening;Med;Bakery;Scone;Oatmeal Scone;Lower Manhattan
58.80;24;15;202306;Jun;Fri;Evening;High;Coffee;Premium brewed coffee;Jamaican Coffee River Sm;Astoria
60.00;20;14;202306;Jun;Fri;Evening;High;Coffee;Gourmet brewed coffee;Ethiopia Rg;Hell's Kitchen
85.50;19;13;202306;Jun;Fri;Evening;very high;Drinking Chocolate;Hot chocolate;Dark chocolate Lg;Astoria
13.81;4;4;202306;Jun;Fri;Evening;Low;Bakery;Scone;Ginger Scone;Lower Manhattan
45.00;15;10;202306;Jun;Fri;Evening;High;Tea;Brewed Black tea;English Breakfast Lg;Astoria
22.00;10;7;202306;Jun;Fri;Evening;Med;Coffee;Organic brewed coffee;Brazilian Sm;Lower Manhattan
60.00;24;13;202306;Jun;Fri;Evening;High;Coffee;Gourmet brewed coffee;Columbian Medium Roast Rg;Astoria
17.50;7;6;202306;Jun;Fri;Evening;Low;Tea;Brewed Black tea;English Breakfast Rg;Astoria
31.50;9;9;202306;Jun;Fri;Evening;Med;Bakery;Biscotti;Ginger Biscotti;Astoria
75.00;25;16;202306;Jun;Fri;Evening;very high;Coffee;Drip coffee;Our Old Time Diner Blend Lg;Astoria
51.00;12;7;202306;Jun;Fri;Evening;High;Coffee;Barista Espresso;Cappuccino Lg;Hell's Kitchen
56.00;28;18;202306;Jun;Fri;Evening;High;Coffee;Drip coffee;Our Old Time Diner Blend Sm;Astoria
45.00;18;13;202306;Jun;Fri;Evening;High;Coffee;Drip coffee;Our Old Time Diner Blend Rg;Astoria
27.50;11;8;202306;Jun;Fri;Evening;Med;Tea;Brewed Chai tea;Traditional Blend Chai Rg;Hell's Kitchen
12.00;4;2;202306;Jun;Fri;Evening;Low;Tea;Brewed Black tea;Earl Grey Lg;Lower Manhattan
63.00;18;12;202306;Jun;Fri;Evening;very high;Drinking Chocolate;Hot chocolate;Dark chocolate Rg;Astoria
92.00;23;15;202306;Jun;Fri;Evening;very high;Tea;Brewed Chai tea;Morning Sunrise Chai Lg;Hell's Kitchen
27.50;11;8;202306;Jun;Fri;Evening;Med;Tea;Brewed herbal tea;Lemon Grass Rg;Hell's Kitchen
22.00;10;6;202306;Jun;Fri;Evening;Med;Coffee;Organic brewed coffee;Brazilian Sm;Hell's Kitchen
52.50;14;9;202306;Jun;Fri;Evening;High;Coffee;Premium brewed coffee;Jamaican Coffee River Lg;Hell's Kitchen
52.50;15;8;202306;Jun;Fri;Evening;High;Coffee;Organic brewed coffee;Brazilian Lg;Lower Manhattan
15.00;4;3;202306;Jun;Fri;Evening;Low;Coffee;Barista Espresso;Cappuccino;Lower Manhattan
39.00;12;12;202306;Jun;Fri;Evening;Med;Bakery;Scone;Cranberry Scone;Astoria
55.80;18;11;202306;Jun;Fri;Evening;High;Coffee;Premium brewed coffee;Jamaican Coffee River Rg;Astoria
66.00;22;16;202306;Jun;Fri;Evening;very high;Tea;Brewed Green tea;Serenity Green Tea Lg;Astoria
43.40;14;9;202306;Jun;Fri;Evening;High;Tea;Brewed Chai tea;Spicy Eye Opener Chai Lg;Astoria
44.00;22;15;202306;Jun;Fri;Evening;High;Coffee;Gourmet brewed coffee;Columbian Medium Roast Sm;Astoria
24.50;10;6;202306;Jun;Fri;Evening;Med;Coffee;Premium brewed coffee;Jamaican Coffee River Sm;Hell's Kitchen
26.00;8;8;202306;Jun;Fri;Evening;Med;Bakery;Biscotti;Hazelnut Biscotti;Hell's Kitchen
18.00;6;5;202306;Jun;Fri;Evening;Low;Coffee;Organic brewed coffee;Brazilian Rg;Hell's Kitchen
27.00;9;8;202306;Jun;Fri;Evening;Med;Coffee;Gourmet brewed coffee;Columbian Medium Roast Lg;Hell's Kitchen
37.50;15;10;202306;Jun;Fri;Evening;Med;Coffee;Gourmet brewed coffee;Columbian Medium Roast Rg;Hell's Kitchen
3.00;1;1;202306;Jun;Fri;Evening;Low;Tea;Brewed Black tea;English Breakfast Lg;Lower Manhattan
105.00;28;19;202306;Jun;Fri;Evening;very high;Coffee;Barista Espresso;Cappuccino;Astoria
19.69;5;5;202306;Jun;Fri;Evening;Low;Bakery;Scone;Jumbo Savory Scone;Lower Manhattan
42.00;14;11;202306;Jun;Fri;Evening;High;Tea;Brewed herbal tea;Lemon Grass Lg;Astoria
42.00;14;9;202306;Jun;Fri;Evening;High;Coffee;Organic brewed coffee;Brazilian Rg;Astoria
18.00;4;4;202306;Jun;Fri;Evening;Low;Bakery;Scone;Scottish Cream Scone ;Hell's Kitchen
15.00;6;4;202306;Jun;Fri;Evening;Low;Tea;Brewed herbal tea;Lemon Grass Rg;Lower Manhattan
14.00;4;4;202306;Jun;Fri;Evening;Low;Bakery;Biscotti;Chocolate Chip Biscotti;Astoria
12.50;5;5;202306;Jun;Fri;Evening;Low;Tea;Brewed Black tea;English Breakfast Rg;Hell's Kitchen
6.00;2;2;202306;Jun;Fri;Evening;Low;Bakery;Scone;Oatmeal Scone;Hell's Kitchen
25.50;6;4;202306;Jun;Fri;Evening;Med;Coffee;Barista Espresso;Cappuccino Lg;Lower Manhattan
36.00;12;8;202306;Jun;Fri;Evening;Med;Tea;Brewed Black tea;Earl Grey Lg;Hell's Kitchen
10.50;3;3;202306;Jun;Fri;Evening;Low;Bakery;Pastry;Croissant;Astoria
31.50;9;6;202306;Jun;Fri;Evening;Med;Coffee;Organic brewed coffee;Brazilian Lg;Hell's Kitchen
13.00;4;4;202306;Jun;Fri;Evening;Low;Bakery;Scone;Cranberry Scone;Lower Manhattan
23.75;5;4;202306;Jun;Fri;Evening;Med;Drinking Chocolate;Hot chocolate;Sustainably Grown Organic Lg;Lower Manhattan
19.50;6;6;202306;Jun;Fri;Evening;Low;Bakery;Scone;Ginger Scone;Hell's Kitchen
7.50;2;2;202306;Jun;Fri;Evening;Low;Bakery;Pastry;Almond Croissant;Lower Manhattan
26.25;7;7;202306;Jun;Fri;Evening;Med;Coffee;Barista Espresso;Cappuccino;Hell's Kitchen
40.80;16;11;202306;Jun;Fri;Evening;very high;Tea;Brewed Chai tea;Spicy Eye Opener Chai Rg;Astoria
39.00;13;8;202306;Jun;Fri;Evening;Med;Coffee;Barista Espresso;Espresso shot;Hell's Kitchen
84.00;24;15;202306;Jun;Fri;Evening;very high;Coffee;Gourmet brewed coffee;Ethiopia Lg;Astoria
22.75;7;7;202306;Jun;Fri;Evening;Med;Bakery;Scone;Cranberry Scone;Hell's Kitchen
21.00;7;7;202306;Jun;Fri;Evening;Med;Bakery;Scone;Oatmeal Scone;Astoria
26.25;7;7;202306;Jun;Fri;Evening;Med;Bakery;Pastry;Chocolate Croissant;Astoria
15.00;4;4;202306;Jun;Fri;Evening;Low;Bakery;Pastry;Almond Croissant;Hell's Kitchen
45.00;10;6;202306;Jun;Fri;Evening;High;Drinking Chocolate;Hot chocolate;Dark chocolate Lg;Hell's Kitchen
67.50;18;10;202306;Jun;Fri;Evening;very high;Coffee;Barista Espresso;Latte;Hell's Kitchen
10.50;3;3;202306;Jun;Fri;Evening;Low;Bakery;Biscotti;Ginger Biscotti;Hell's Kitchen
10.00;4;3;202306;Jun;Fri;Evening;Low;Tea;Brewed herbal tea;Lemon Grass Rg;Astoria
14.00;4;4;202306;Jun;Fri;Evening;Low;Bakery;Pastry;Croissant;Hell's Kitchen
16.25;5;5;202306;Jun;Fri;Evening;Low;Bakery;Biscotti;Hazelnut Biscotti;Astoria
105.00;30;19;202306;Jun;Sat;Morning;very high;Coffee;Gourmet brewed coffee;Ethiopia Lg;Lower Manhattan
75.00;25;15;202306;Jun;Sat;Morning;very high;Tea;Brewed herbal tea;Peppermint Lg;Lower Manhattan
116.25;31;20;202306;Jun;Sat;Morning;very high;Coffee;Barista Espresso;Cappuccino;Lower Manhattan
90.00;30;17;202306;Jun;Sat;Morning;very high;Tea;Brewed Black tea;Earl Grey Lg;Lower Manhattan
35.00;10;10;202306;Jun;Sat;Morning;Med;Bakery;Biscotti;Ginger Biscotti;Lower Manhattan
57.50;23;13;202306;Jun;Sat;Morning;High;Tea;Brewed herbal tea;Lemon Grass Rg;Lower Manhattan
39.00;12;12;202306;Jun;Sat;Morning;Med;Bakery;Biscotti;Hazelnut Biscotti;Lower Manhattan
87.00;29;17;202306;Jun;Sat;Morning;very high;Tea;Brewed herbal tea;Lemon Grass Lg;Lower Manhattan
36.00;12;7;202306;Jun;Sat;Morning;Med;Coffee;Drip coffee;Our Old Time Diner Blend Lg;Lower Manhattan
90.00;24;24;202306;Jun;Sat;Morning;very high;Bakery;Pastry;Chocolate Croissant;Lower Manhattan
112.50;25;14;202306;Jun;Sat;Morning;very high;Drinking Chocolate;Hot chocolate;Dark chocolate Lg;Lower Manhattan
37.50;10;10;202306;Jun;Sat;Morning;Med;Bakery;Pastry;Almond Croissant;Lower Manhattan
67.50;27;18;202306;Jun;Sat;Morning;very high;Tea;Brewed Green tea;Serenity Green Tea Rg;Lower Manhattan
93.00;31;17;202306;Jun;Sat;Morning;very high;Coffee;Gourmet brewed coffee;Ethiopia Rg;Lower Manhattan
84.00;21;12;202306;Jun;Sat;Morning;very high;Tea;Brewed Chai tea;Morning Sunrise Chai Lg;Lower Manhattan
60.00;24;17;202306;Jun;Sat;Morning;High;Tea;Brewed Chai tea;Traditional Blend Chai Rg;Lower Manhattan
66.00;22;13;202306;Jun;Sat;Morning;very high;Coffee;Gourmet brewed coffee;Columbian Medium Roast Lg;Lower Manhattan
22.00;10;7;202306;Jun;Sat;Morning;Med;Coffee;Gourmet brewed coffee;Ethiopia Sm;Lower Manhattan
142.50;38;25;202306;Jun;Sat;Morning;very high;Coffee;Premium brewed coffee;Jamaican Coffee River Lg;Lower Manhattan
86.80;28;17;202306;Jun;Sat;Morning;very high;Tea;Brewed Chai tea;Spicy Eye Opener Chai Lg;Lower Manhattan
27.45;9;8;202306;Jun;Sat;Morning;Med;Bakery;Scone;Ginger Scone;Lower Manhattan
76.50;18;13;202306;Jun;Sat;Morning;very high;Coffee;Barista Espresso;Cappuccino Lg;Lower Manhattan
84.15;33;19;202306;Jun;Sat;Morning;very high;Tea;Brewed Chai tea;Spicy Eye Opener Chai Rg;Lower Manhattan
77.00;22;13;202306;Jun;Sat;Morning;very high;Drinking Chocolate;Hot chocolate;Dark chocolate Rg;Lower Manhattan
31.50;9;6;202306;Jun;Sat;Morning;Med;Drinking Chocolate;Hot chocolate;Dark chocolate Rg;Hell's Kitchen
90.00;24;14;202306;Jun;Sat;Morning;very high;Drinking Chocolate;Hot chocolate;Sustainably Grown Organic Rg;Lower Manhattan
55.00;22;14;202306;Jun;Sat;Morning;High;Coffee;Drip coffee;Our Old Time Diner Blend Rg;Hell's Kitchen
74.40;24;14;202306;Jun;Sat;Morning;very high;Tea;Brewed Chai tea;Spicy Eye Opener Chai Lg;Hell's Kitchen
57.50;23;14;202306;Jun;Sat;Morning;High;Tea;Brewed herbal tea;Peppermint Rg;Hell's Kitchen
75.95;31;19;202306;Jun;Sat;Morning;very high;Coffee;Premium brewed coffee;Jamaican Coffee River Sm;Lower Manhattan
75.00;25;18;202306;Jun;Sat;Morning;very high;Coffee;Drip coffee;Our Old Time Diner Blend Lg;Hell's Kitchen
52.00;16;16;202306;Jun;Sat;Morning;High;Bakery;Biscotti;Hazelnut Biscotti;Hell's Kitchen
93.50;22;15;202306;Jun;Sat;Morning;very high;Coffee;Barista Espresso;Cappuccino Lg;Hell's Kitchen
38.00;19;13;202306;Jun;Sat;Morning;Med;Coffee;Drip coffee;Our Old Time Diner Blend Sm;Lower Manhattan
76.50;17;11;202306;Jun;Sat;Morning;very high;Drinking Chocolate;Hot chocolate;Dark chocolate Lg;Hell's Kitchen
109.25;23;16;202306;Jun;Sat;Morning;very high;Drinking Chocolate;Hot chocolate;Sustainably Grown Organic Lg;Hell's Kitchen
56.00;28;16;202306;Jun;Sat;Morning;High;Coffee;Drip coffee;Our Old Time Diner Blend Sm;Hell's Kitchen
63.00;21;13;202306;Jun;Sat;Morning;very high;Coffee;Barista Espresso;Espresso shot;Hell's Kitchen
60.00;24;15;202306;Jun;Sat;Morning;High;Tea;Brewed Black tea;English Breakfast Rg;Lower Manhattan
86.25;23;14;202306;Jun;Sat;Morning;very high;Coffee;Barista Espresso;Latte;Lower Manhattan
30.00;12;8;202306;Jun;Sat;Morning;Med;Tea;Brewed Black tea;English Breakfast Rg;Hell's Kitchen
28.05;11;10;202306;Jun;Sat;Morning;Med;Tea;Brewed Chai tea;Spicy Eye Opener Chai Rg;Hell's Kitchen
58.50;13;13;202306;Jun;Sat;Morning;High;Bakery;Scone;Scottish Cream Scone ;Hell's Kitchen
63.00;14;14;202306;Jun;Sat;Morning;very high;Bakery;Scone;Scottish Cream Scone ;Lower Manhattan
46.20;21;14;202306;Jun;Sat;Morning;High;Coffee;Organic brewed coffee;Brazilian Sm;Hell's Kitchen
65.00;26;17;202306;Jun;Sat;Morning;very high;Tea;Brewed Black tea;Earl Grey Rg;Hell's Kitchen
65.00;26;17;202306;Jun;Sat;Morning;very high;Coffee;Gourmet brewed coffee;Columbian Medium Roast Rg;Lower Manhattan
41.25;11;8;202306;Jun;Sat;Morning;High;Coffee;Premium brewed coffee;Jamaican Coffee River Lg;Hell's Kitchen
93.75;25;15;202306;Jun;Sat;Morning;very high;Drinking Chocolate;Hot chocolate;Sustainably Grown Organic Rg;Hell's Kitchen
46.50;15;10;202306;Jun;Sat;Morning;High;Coffee;Premium brewed coffee;Jamaican Coffee River Rg;Hell's Kitchen
48.00;16;12;202306;Jun;Sat;Morning;High;Coffee;Barista Espresso;Espresso shot;Lower Manhattan
36.00;18;12;202306;Jun;Sat;Morning;Med;Coffee;Gourmet brewed coffee;Columbian Medium Roast Sm;Lower Manhattan
102.50;41;23;202306;Jun;Sat;Morning;very high;Tea;Brewed Black tea;Earl Grey Rg;Lower Manhattan
27.00;9;6;202306;Jun;Sat;Morning;Med;Tea;Brewed Chai tea;Traditional Blend Chai Lg;Hell's Kitchen
63.00;21;12;202306;Jun;Sat;Morning;very high;Tea;Brewed Green tea;Serenity Green Tea Lg;Lower Manhattan
42.00;14;10;202306;Jun;Sat;Morning;High;Coffee;Organic brewed coffee;Brazilian Rg;Hell's Kitchen
48.00;16;12;202306;Jun;Sat;Morning;High;Tea;Brewed herbal tea;Peppermint Lg;Hell's Kitchen
95.10;35;28;202306;Jun;Sat;Morning;very high;Coffee;Barista Espresso;Ouro Brasileiro shot;Hell's Kitchen
50.60;23;14;202306;Jun;Sat;Morning;High;Coffee;Organic brewed coffee;Brazilian Sm;Lower Manhattan
48.75;13;13;202306;Jun;Sat;Morning;High;Bakery;Scone;Jumbo Savory Scone;Lower Manhattan
55.00;22;15;202306;Jun;Sat;Morning;High;Tea;Brewed Chai tea;Morning Sunrise Chai Rg;Lower Manhattan
68.20;22;13;202306;Jun;Sat;Morning;very high;Coffee;Premium brewed coffee;Jamaican Coffee River Rg;Lower Manhattan
75.00;20;13;202306;Jun;Sat;Morning;very high;Coffee;Barista Espresso;Cappuccino;Hell's Kitchen
63.00;21;13;202306;Jun;Sat;Morning;very high;Tea;Brewed Black tea;Earl Grey Lg;Hell's Kitchen
47.50;19;15;202306;Jun;Sat;Morning;High;Tea;Brewed herbal tea;Lemon Grass Rg;Hell's Kitchen
87.50;25;16;202306;Jun;Sat;Morning;very high;Coffee;Organic brewed coffee;Brazilian Lg;Hell's Kitchen
100.00;25;18;202306;Jun;Sat;Morning;very high;Tea;Brewed Chai tea;Morning Sunrise Chai Lg;Hell's Kitchen
57.50;23;17;202306;Jun;Sat;Morning;High;Tea;Brewed Chai tea;Morning Sunrise Chai Rg;Hell's Kitchen
52.50;21;14;202306;Jun;Sat;Morning;High;Tea;Brewed Green tea;Serenity Green Tea Rg;Hell's Kitchen
66.00;22;14;202306;Jun;Sat;Morning;very high;Tea;Brewed Black tea;English Breakfast Lg;Lower Manhattan
30.30;11;8;202306;Jun;Sat;Morning;Med;Coffee;Barista Espresso;Ouro Brasileiro shot;Lower Manhattan
70.00;20;12;202306;Jun;Sat;Morning;very high;Coffee;Gourmet brewed coffee;Ethiopia Lg;Hell's Kitchen
32.50;13;10;202306;Jun;Sat;Morning;Med;Tea;Brewed Chai tea;Traditional Blend Chai Rg;Hell's Kitchen
34.00;17;12;202306;Jun;Sat;Morning;Med;Coffee;Gourmet brewed coffee;Columbian Medium Roast Sm;Hell's Kitchen
75.00;25;14;202306;Jun;Sat;Morning;very high;Coffee;Organic brewed coffee;Brazilian Rg;Lower Manhattan
78.00;26;17;202306;Jun;Sat;Morning;very high;Tea;Brewed Green tea;Serenity Green Tea Lg;Hell's Kitchen
42.00;12;12;202306;Jun;Sat;Morning;High;Bakery;Pastry;Croissant;Lower Manhattan
28.00;8;8;202306;Jun;Sat;Morning;Med;Bakery;Biscotti;Ginger Biscotti;Hell's Kitchen
54.00;18;13;202306;Jun;Sat;Morning;High;Tea;Brewed herbal tea;Lemon Grass Lg;Hell's Kitchen
33.75;9;9;202306;Jun;Sat;Morning;Med;Bakery;Scone;Jumbo Savory Scone;Hell's Kitchen
30.00;12;9;202306;Jun;Sat;Morning;Med;Coffee;Drip coffee;Our Old Time Diner Blend Rg;Lower Manhattan
59.50;17;11;202306;Jun;Sat;Morning;High;Coffee;Organic brewed coffee;Brazilian Lg;Lower Manhattan
66.00;22;14;202306;Jun;Sat;Morning;very high;Coffee;Gourmet brewed coffee;Ethiopia Rg;Hell's Kitchen
55.00;22;15;202306;Jun;Sat;Morning;High;Coffee;Gourmet brewed coffee;Columbian Medium Roast Rg;Astoria
119.00;34;21;202306;Jun;Sat;Morning;very high;Coffee;Gourmet brewed coffee;Ethiopia Lg;Astoria
29.25;9;9;202306;Jun;Sat;Morning;Med;Bakery;Scone;Cranberry Scone;Hell's Kitchen
52.00;26;15;202306;Jun;Sat;Morning;High;Coffee;Gourmet brewed coffee;Columbian Medium Roast Sm;Astoria
50.00;20;15;202306;Jun;Sat;Morning;High;Tea;Brewed herbal tea;Lemon Grass Rg;Astoria
54.00;18;12;202306;Jun;Sat;Morning;High;Coffee;Gourmet brewed coffee;Columbian Medium Roast Lg;Hell's Kitchen
57.00;19;11;202306;Jun;Sat;Morning;High;Tea;Brewed Black tea;Earl Grey Lg;Astoria
32.50;10;10;202306;Jun;Sat;Morning;Med;Bakery;Scone;Ginger Scone;Astoria
86.25;23;14;202306;Jun;Sat;Morning;very high;Coffee;Barista Espresso;Latte;Astoria
78.75;21;21;202306;Jun;Sat;Morning;very high;Bakery;Pastry;Chocolate Croissant;Astoria
96.00;32;19;202306;Jun;Sat;Morning;very high;Coffee;Organic brewed coffee;Brazilian Rg;Astoria
31.50;9;9;202306;Jun;Sat;Morning;Med;Bakery;Biscotti;Ginger Biscotti;Astoria
76.00;16;11;202306;Jun;Sat;Morning;very high;Drinking Chocolate;Hot chocolate;Sustainably Grown Organic Lg;Astoria
39.00;12;12;202306;Jun;Sat;Morning;Med;Bakery;Scone;Cranberry Scone;Astoria
67.50;27;19;202306;Jun;Sat;Morning;very high;Tea;Brewed Black tea;Earl Grey Rg;Astoria
51.00;17;13;202306;Jun;Sat;Morning;High;Coffee;Drip coffee;Our Old Time Diner Blend Lg;Astoria
87.50;25;16;202306;Jun;Sat;Morning;very high;Coffee;Organic brewed coffee;Brazilian Lg;Astoria
75.00;30;18;202306;Jun;Sat;Morning;very high;Tea;Brewed Chai tea;Morning Sunrise Chai Rg;Astoria
135.00;30;22;202306;Jun;Sat;Morning;very high;Drinking Chocolate;Hot chocolate;Dark chocolate Lg;Astoria
59.95;19;18;202306;Jun;Sat;Morning;High;Bakery;Scone;Ginger Scone;Hell's Kitchen
86.70;34;20;202306;Jun;Sat;Morning;very high;Tea;Brewed Chai tea;Spicy Eye Opener Chai Rg;Astoria
110.50;26;16;202306;Jun;Sat;Morning;very high;Coffee;Barista Espresso;Latte Rg;Astoria
78.00;26;17;202306;Jun;Sat;Morning;very high;Coffee;Barista Espresso;Espresso shot;Astoria
75.00;20;14;202306;Jun;Sat;Morning;very high;Drinking Chocolate;Hot chocolate;Sustainably Grown Organic Rg;Astoria
31.50;7;7;202306;Jun;Sat;Morning;Med;Bakery;Scone;Scottish Cream Scone ;Astoria
69.00;23;15;202306;Jun;Sat;Morning;very high;Tea;Brewed Green tea;Serenity Green Tea Lg;Astoria
75.00;30;19;202306;Jun;Sat;Morning;very high;Tea;Brewed Green tea;Serenity Green Tea Rg;Astoria
97.75;23;16;202306;Jun;Sat;Morning;very high;Coffee;Barista Espresso;Cappuccino Lg;Astoria
81.00;27;19;202306;Jun;Sat;Morning;very high;Coffee;Gourmet brewed coffee;Ethiopia Rg;Astoria
58.90;19;15;202306;Jun;Sat;Morning;High;Tea;Brewed Chai tea;Spicy Eye Opener Chai Lg;Astoria
119.00;28;15;202306;Jun;Sat;Morning;very high;Coffee;Barista Espresso;Latte Rg;Lower Manhattan
93.00;31;18;202306;Jun;Sat;Morning;very high;Tea;Brewed Black tea;English Breakfast Lg;Astoria
22.50;6;6;202306;Jun;Sat;Morning;Med;Bakery;Scone;Jumbo Savory Scone;Astoria
60.00;20;13;202306;Jun;Sat;Morning;High;Coffee;Gourmet brewed coffee;Columbian Medium Roast Lg;Astoria
60.00;20;15;202306;Jun;Sat;Morning;High;Tea;Brewed Black tea;English Breakfast Lg;Hell's Kitchen
46.00;23;15;202306;Jun;Sat;Morning;High;Coffee;Drip coffee;Our Old Time Diner Blend Sm;Astoria
30.00;10;10;202306;Jun;Sat;Morning;Med;Bakery;Scone;Oatmeal Scone;Astoria
45.00;12;7;202306;Jun;Sat;Morning;High;Coffee;Barista Espresso;Latte;Hell's Kitchen
39.20;16;10;202306;Jun;Sat;Morning;Med;Coffee;Premium brewed coffee;Jamaican Coffee River Sm;Hell's Kitchen
55.00;22;14;202306;Jun;Sat;Morning;High;Tea;Brewed herbal tea;Peppermint Rg;Lower Manhattan
45.50;13;8;202306;Jun;Sat;Morning;High;Drinking Chocolate;Hot chocolate;Dark chocolate Rg;Astoria
4.25;1;1;202306;Jun;Sat;Night;Low;Coffee;Barista Espresso;Latte Rg;Astoria
12.50;5;4;202306;Jun;Sat;Night;Low;Tea;Brewed Black tea;Earl Grey Rg;Lower Manhattan
12.00;4;3;202306;Jun;Sat;Night;Low;Coffee;Barista Espresso;Espresso shot;Lower Manhattan
37.40;17;10;202306;Jun;Sat;Afternoon;Med;Coffee;Gourmet brewed coffee;Ethiopia Sm;Astoria
18.75;5;5;202306;Jun;Sat;Afternoon;Low;Bakery;Pastry;Chocolate Croissant;Astoria
50.00;20;12;202306;Jun;Sat;Afternoon;High;Coffee;Drip coffee;Our Old Time Diner Blend Rg;Astoria
30.00;10;7;202306;Jun;Sat;Afternoon;Med;Tea;Brewed Black tea;Earl Grey Lg;Lower Manhattan
36.00;12;8;202306;Jun;Sat;Afternoon;Med;Coffee;Drip coffee;Our Old Time Diner Blend Lg;Lower Manhattan
18.00;9;7;202306;Jun;Sat;Afternoon;Low;Coffee;Gourmet brewed coffee;Columbian Medium Roast Sm;Lower Manhattan
87.00;29;16;202306;Jun;Sat;Afternoon;very high;Coffee;Gourmet brewed coffee;Columbian Medium Roast Lg;Lower Manhattan
32.75;11;9;202306;Jun;Sat;Afternoon;Med;Bakery;Scone;Ginger Scone;Lower Manhattan
55.80;18;12;202306;Jun;Sat;Afternoon;High;Coffee;Premium brewed coffee;Jamaican Coffee River Rg;Astoria
36.00;12;7;202306;Jun;Sat;Afternoon;Med;Coffee;Organic brewed coffee;Brazilian Rg;Lower Manhattan
52.50;14;9;202306;Jun;Sat;Afternoon;High;Coffee;Barista Espresso;Latte;Lower Manhattan
16.00;8;5;202306;Jun;Sat;Afternoon;Low;Coffee;Gourmet brewed coffee;Columbian Medium Roast Sm;Astoria
9.75;3;3;202306;Jun;Sat;Afternoon;Low;Bakery;Scone;Cranberry Scone;Lower Manhattan
19.80;9;6;202306;Jun;Sat;Afternoon;Low;Coffee;Organic brewed coffee;Brazilian Sm;Lower Manhattan
45.00;15;9;202306;Jun;Sat;Afternoon;High;Tea;Brewed Black tea;English Breakfast Lg;Astoria
18.00;6;6;202306;Jun;Sat;Afternoon;Low;Bakery;Scone;Oatmeal Scone;Astoria
26.25;7;4;202306;Jun;Sat;Afternoon;Med;Coffee;Barista Espresso;Latte;Hell's Kitchen
22.50;6;5;202306;Jun;Sat;Afternoon;Med;Coffee;Barista Espresso;Cappuccino;Hell's Kitchen
80.00;20;14;202306;Jun;Sat;Afternoon;very high;Tea;Brewed Chai tea;Morning Sunrise Chai Lg;Astoria
38.50;11;8;202306;Jun;Sat;Afternoon;Med;Coffee;Gourmet brewed coffee;Ethiopia Lg;Hell's Kitchen
47.50;19;13;202306;Jun;Sat;Afternoon;High;Tea;Brewed Chai tea;Morning Sunrise Chai Rg;Astoria
57.00;19;13;202306;Jun;Sat;Afternoon;High;Coffee;Barista Espresso;Espresso shot;Astoria
8.80;4;4;202306;Jun;Sat;Afternoon;Low;Coffee;Organic brewed coffee;Brazilian Sm;Astoria
54.00;18;11;202306;Jun;Sat;Afternoon;High;Tea;Brewed Chai tea;Traditional Blend Chai Lg;Astoria
48.00;16;10;202306;Jun;Sat;Afternoon;High;Coffee;Gourmet brewed coffee;Ethiopia Rg;Hell's Kitchen
21.70;7;4;202306;Jun;Sat;Afternoon;Med;Tea;Brewed Chai tea;Spicy Eye Opener Chai Lg;Hell's Kitchen
25.50;10;6;202306;Jun;Sat;Afternoon;Med;Tea;Brewed Chai tea;Spicy Eye Opener Chai Rg;Lower Manhattan
69.00;23;16;202306;Jun;Sat;Afternoon;very high;Coffee;Organic brewed coffee;Brazilian Rg;Astoria
15.00;4;4;202306;Jun;Sat;Afternoon;Low;Bakery;Scone;Jumbo Savory Scone;Astoria
17.85;7;6;202306;Jun;Sat;Afternoon;Low;Tea;Brewed Chai tea;Spicy Eye Opener Chai Rg;Hell's Kitchen
35.00;14;6;202306;Jun;Sat;Afternoon;Med;Tea;Brewed herbal tea;Lemon Grass Rg;Lower Manhattan
22.50;9;6;202306;Jun;Sat;Afternoon;Med;Tea;Brewed herbal tea;Peppermint Rg;Hell's Kitchen
21.00;6;6;202306;Jun;Sat;Afternoon;Med;Bakery;Biscotti;Chocolate Chip Biscotti;Hell's Kitchen
18.00;6;4;202306;Jun;Sat;Afternoon;Low;Tea;Brewed Chai tea;Traditional Blend Chai Lg;Lower Manhattan
27.00;6;6;202306;Jun;Sat;Afternoon;Med;Bakery;Scone;Scottish Cream Scone ;Lower Manhattan
59.50;17;11;202306;Jun;Sat;Afternoon;High;Coffee;Organic brewed coffee;Brazilian Lg;Astoria
42.00;12;9;202306;Jun;Sat;Afternoon;High;Drinking Chocolate;Hot chocolate;Dark chocolate Rg;Astoria
103.50;23;13;202306;Jun;Sat;Afternoon;very high;Drinking Chocolate;Hot chocolate;Dark chocolate Lg;Astoria
39.00;13;9;202306;Jun;Sat;Afternoon;Med;Coffee;Gourmet brewed coffee;Ethiopia Rg;Lower Manhattan
17.50;5;5;202306;Jun;Sat;Afternoon;Low;Bakery;Pastry;Croissant;Lower Manhattan
27.00;9;6;202306;Jun;Sat;Afternoon;Med;Tea;Brewed Green tea;Serenity Green Tea Lg;Lower Manhattan
22.50;9;6;202306;Jun;Sat;Afternoon;Med;Coffee;Drip coffee;Our Old Time Diner Blend Rg;Hell's Kitchen
33.00;11;7;202306;Jun;Sat;Afternoon;Med;Tea;Brewed Green tea;Serenity Green Tea Lg;Hell's Kitchen
57.00;19;12;202306;Jun;Sat;Afternoon;High;Tea;Brewed Black tea;English Breakfast Lg;Hell's Kitchen
40.50;9;6;202306;Jun;Sat;Afternoon;very high;Drinking Chocolate;Hot chocolate;Dark chocolate Lg;Hell's Kitchen
18.75;5;4;202306;Jun;Sat;Afternoon;Low;Drinking Chocolate;Hot chocolate;Sustainably Grown Organic Rg;Lower Manhattan
33.75;9;9;202306;Jun;Sat;Afternoon;Med;Bakery;Scone;Jumbo Savory Scone;Lower Manhattan
34.10;11;7;202306;Jun;Sat;Afternoon;Med;Coffee;Premium brewed coffee;Jamaican Coffee River Rg;Hell's Kitchen
35.20;16;10;202306;Jun;Sat;Afternoon;Med;Coffee;Gourmet brewed coffee;Ethiopia Sm;Hell's Kitchen
33.00;11;8;202306;Jun;Sat;Afternoon;Med;Tea;Brewed herbal tea;Peppermint Lg;Astoria
27.00;9;8;202306;Jun;Sat;Afternoon;Med;Tea;Brewed Black tea;Earl Grey Lg;Astoria
7.50;2;2;202306;Jun;Sat;Afternoon;Low;Coffee;Premium brewed coffee;Jamaican Coffee River Lg;Hell's Kitchen
27.50;11;7;202306;Jun;Sat;Afternoon;Med;Tea;Brewed Green tea;Serenity Green Tea Rg;Lower Manhattan
42.00;14;9;202306;Jun;Sat;Afternoon;High;Tea;Brewed Chai tea;Traditional Blend Chai Lg;Hell's Kitchen
71.25;15;11;202306;Jun;Sat;Afternoon;very high;Drinking Chocolate;Hot chocolate;Sustainably Grown Organic Lg;Astoria
15.00;5;3;202306;Jun;Sat;Afternoon;Low;Tea;Brewed Black tea;Earl Grey Lg;Hell's Kitchen
47.50;10;7;202306;Jun;Sat;Afternoon;High;Drinking Chocolate;Hot chocolate;Sustainably Grown Organic Lg;Hell's Kitchen
45.00;15;11;202306;Jun;Sat;Afternoon;High;Coffee;Drip coffee;Our Old Time Diner Blend Lg;Astoria
42.50;10;8;202306;Jun;Sat;Afternoon;High;Coffee;Barista Espresso;Latte Rg;Lower Manhattan
12.00;4;4;202306;Jun;Sat;Afternoon;Low;Bakery;Scone;Oatmeal Scone;Lower Manhattan
36.00;12;7;202306;Jun;Sat;Afternoon;Med;Tea;Brewed herbal tea;Lemon Grass Lg;Lower Manhattan
39.00;13;9;202306;Jun;Sat;Afternoon;Med;Tea;Brewed herbal tea;Peppermint Lg;Hell's Kitchen
43.40;14;9;202306;Jun;Sat;Afternoon;High;Tea;Brewed Chai tea;Spicy Eye Opener Chai Lg;Astoria
39.00;13;9;202306;Jun;Sat;Afternoon;Med;Coffee;Gourmet brewed coffee;Columbian Medium Roast Lg;Astoria
10.00;5;3;202306;Jun;Sat;Afternoon;Low;Coffee;Gourmet brewed coffee;Columbian Medium Roast Sm;Hell's Kitchen
12.00;4;4;202306;Jun;Sat;Afternoon;Low;Bakery;Scone;Oatmeal Scone;Hell's Kitchen
37.50;15;10;202306;Jun;Sat;Afternoon;Med;Tea;Brewed Chai tea;Traditional Blend Chai Rg;Lower Manhattan
26.00;8;8;202306;Jun;Sat;Afternoon;Med;Bakery;Scone;Ginger Scone;Astoria
15.00;4;4;202306;Jun;Sat;Afternoon;Low;Bakery;Pastry;Almond Croissant;Astoria
27.50;11;8;202306;Jun;Sat;Afternoon;Med;Tea;Brewed herbal tea;Lemon Grass Rg;Astoria
63.00;14;10;202306;Jun;Sat;Afternoon;very high;Drinking Chocolate;Hot chocolate;Dark chocolate Lg;Lower Manhattan
17.50;7;4;202306;Jun;Sat;Afternoon;Low;Tea;Brewed Black tea;Earl Grey Rg;Hell's Kitchen
15.00;4;4;202306;Jun;Sat;Afternoon;Low;Coffee;Premium brewed coffee;Jamaican Coffee River Lg;Lower Manhattan
35.00;10;7;202306;Jun;Sat;Afternoon;Med;Coffee;Organic brewed coffee;Brazilian Lg;Hell's Kitchen
38.50;11;7;202306;Jun;Sat;Afternoon;Med;Drinking Chocolate;Hot chocolate;Dark chocolate Rg;Hell's Kitchen
55.25;13;7;202306;Jun;Sat;Afternoon;High;Coffee;Barista Espresso;Cappuccino Lg;Lower Manhattan
30.00;12;7;202306;Jun;Sat;Afternoon;Med;Tea;Brewed Chai tea;Morning Sunrise Chai Rg;Lower Manhattan
31.50;9;9;202306;Jun;Sat;Afternoon;Med;Bakery;Biscotti;Ginger Biscotti;Lower Manhattan
37.50;15;9;202306;Jun;Sat;Afternoon;Med;Tea;Brewed Black tea;English Breakfast Rg;Hell's Kitchen
17.50;5;5;202306;Jun;Sat;Afternoon;Low;Bakery;Biscotti;Ginger Biscotti;Hell's Kitchen
36.00;9;6;202306;Jun;Sat;Afternoon;Med;Tea;Brewed Chai tea;Morning Sunrise Chai Lg;Hell's Kitchen
18.00;4;4;202306;Jun;Sat;Afternoon;Low;Bakery;Scone;Scottish Cream Scone ;Hell's Kitchen
21.00;7;4;202306;Jun;Sat;Afternoon;Med;Coffee;Drip coffee;Our Old Time Diner Blend Lg;Hell's Kitchen
9.00;3;2;202306;Jun;Sat;Afternoon;Low;Tea;Brewed herbal tea;Peppermint Lg;Lower Manhattan
59.50;14;9;202306;Jun;Sat;Afternoon;High;Coffee;Barista Espresso;Cappuccino Lg;Astoria
89.25;21;14;202306;Jun;Sat;Afternoon;very high;Coffee;Barista Espresso;Latte Rg;Astoria
34.10;11;7;202306;Jun;Sat;Afternoon;Med;Coffee;Premium brewed coffee;Jamaican Coffee River Rg;Lower Manhattan
22.95;9;7;202306;Jun;Sat;Afternoon;Med;Tea;Brewed Chai tea;Spicy Eye Opener Chai Rg;Astoria
18.75;5;5;202306;Jun;Sat;Afternoon;Low;Bakery;Pastry;Almond Croissant;Lower Manhattan
47.50;19;13;202306;Jun;Sat;Afternoon;High;Coffee;Gourmet brewed coffee;Columbian Medium Roast Rg;Astoria
68.00;16;10;202306;Jun;Sat;Afternoon;very high;Coffee;Barista Espresso;Latte Rg;Hell's Kitchen
46.00;23;13;202306;Jun;Sat;Afternoon;High;Coffee;Drip coffee;Our Old Time Diner Blend Sm;Astoria
18.00;9;7;202306;Jun;Sat;Afternoon;Low;Coffee;Drip coffee;Our Old Time Diner Blend Sm;Hell's Kitchen
31.50;9;9;202306;Jun;Sat;Afternoon;Med;Bakery;Biscotti;Chocolate Chip Biscotti;Astoria
21.00;7;6;202306;Jun;Sat;Afternoon;Med;Tea;Brewed Black tea;English Breakfast Lg;Lower Manhattan
42.00;14;9;202306;Jun;Sat;Afternoon;High;Tea;Brewed herbal tea;Lemon Grass Lg;Astoria
42.50;17;12;202306;Jun;Sat;Afternoon;High;Coffee;Gourmet brewed coffee;Columbian Medium Roast Rg;Lower Manhattan
31.50;7;7;202306;Jun;Sat;Afternoon;Med;Bakery;Scone;Scottish Cream Scone ;Astoria
40.00;10;6;202306;Jun;Sat;Afternoon;Med;Tea;Brewed Chai tea;Morning Sunrise Chai Lg;Lower Manhattan
56.00;16;9;202306;Jun;Sat;Afternoon;High;Coffee;Gourmet brewed coffee;Ethiopia Lg;Lower Manhattan
48.75;13;8;202306;Jun;Sat;Afternoon;High;Coffee;Barista Espresso;Latte;Astoria
40.00;16;12;202306;Jun;Sat;Afternoon;Med;Tea;Brewed Green tea;Serenity Green Tea Rg;Astoria
30.00;10;8;202306;Jun;Sat;Afternoon;Med;Coffee;Barista Espresso;Espresso shot;Hell's Kitchen
42.50;17;10;202306;Jun;Sat;Afternoon;High;Tea;Brewed Black tea;Earl Grey Rg;Astoria
25.00;10;7;202306;Jun;Sat;Afternoon;Med;Coffee;Gourmet brewed coffee;Columbian Medium Roast Rg;Hell's Kitchen
31.50;9;6;202306;Jun;Sat;Afternoon;Med;Coffee;Gourmet brewed coffee;Ethiopia Lg;Astoria
35.00;10;10;202306;Jun;Sat;Afternoon;Med;Bakery;Biscotti;Ginger Biscotti;Astoria
3.50;1;1;202306;Jun;Sat;Afternoon;Low;Bakery;Pastry;Croissant;Hell's Kitchen
27.50;11;7;202306;Jun;Sat;Afternoon;Med;Tea;Brewed Chai tea;Morning Sunrise Chai Rg;Hell's Kitchen
25.00;10;7;202306;Jun;Sat;Afternoon;Med;Coffee;Drip coffee;Our Old Time Diner Blend Rg;Lower Manhattan
24.00;8;4;202306;Jun;Sat;Afternoon;Med;Tea;Brewed herbal tea;Lemon Grass Lg;Hell's Kitchen
10.50;3;3;202306;Jun;Sat;Afternoon;Low;Bakery;Pastry;Croissant;Astoria
31.00;10;6;202306;Jun;Sat;Afternoon;Med;Tea;Brewed Chai tea;Spicy Eye Opener Chai Lg;Lower Manhattan
9.75;3;3;202306;Jun;Sat;Afternoon;Low;Bakery;Biscotti;Hazelnut Biscotti;Hell's Kitchen
30.00;12;7;202306;Jun;Sat;Afternoon;Med;Tea;Brewed herbal tea;Peppermint Rg;Lower Manhattan
42.50;17;12;202306;Jun;Sat;Afternoon;High;Tea;Brewed herbal tea;Lemon Grass Rg;Hell's Kitchen
37.50;10;7;202306;Jun;Sat;Afternoon;Med;Coffee;Barista Espresso;Cappuccino;Astoria
63.75;15;11;202306;Jun;Sat;Afternoon;very high;Coffee;Barista Espresso;Cappuccino Lg;Hell's Kitchen
15.00;6;4;202306;Jun;Sat;Afternoon;Low;Tea;Brewed Chai tea;Traditional Blend Chai Rg;Astoria
51.00;17;9;202306;Jun;Sat;Afternoon;High;Coffee;Gourmet brewed coffee;Ethiopia Rg;Astoria
15.00;6;3;202306;Jun;Sat;Afternoon;Low;Tea;Brewed Chai tea;Traditional Blend Chai Rg;Hell's Kitchen
43.50;16;12;202306;Jun;Sat;Afternoon;High;Coffee;Barista Espresso;Ouro Brasileiro shot;Hell's Kitchen
37.50;10;7;202306;Jun;Sat;Afternoon;Med;Drinking Chocolate;Hot chocolate;Sustainably Grown Organic Rg;Astoria
9.75;3;3;202306;Jun;Sat;Afternoon;Low;Bakery;Scone;Cranberry Scone;Astoria
13.20;6;5;202306;Jun;Sat;Afternoon;Low;Coffee;Organic brewed coffee;Brazilian Sm;Hell's Kitchen
24.20;11;6;202306;Jun;Sat;Afternoon;Med;Coffee;Gourmet brewed coffee;Ethiopia Sm;Lower Manhattan
67.50;18;10;202306;Jun;Sat;Afternoon;very high;Coffee;Premium brewed coffee;Jamaican Coffee River Lg;Astoria
42.75;9;4;202306;Jun;Sat;Afternoon;High;Drinking Chocolate;Hot chocolate;Sustainably Grown Organic Lg;Lower Manhattan
6.50;2;2;202306;Jun;Sat;Afternoon;Low;Bakery;Biscotti;Hazelnut Biscotti;Lower Manhattan
36.00;12;9;202306;Jun;Sat;Afternoon;Med;Tea;Brewed Green tea;Serenity Green Tea Lg;Astoria
6.50;2;2;202306;Jun;Sat;Afternoon;Low;Bakery;Biscotti;Hazelnut Biscotti;Astoria
32.50;13;8;202306;Jun;Sat;Afternoon;Med;Tea;Brewed Black tea;English Breakfast Rg;Astoria
21.00;7;5;202306;Jun;Sat;Afternoon;Med;Coffee;Barista Espresso;Espresso shot;Lower Manhattan
24.50;7;7;202306;Jun;Sat;Afternoon;Med;Bakery;Biscotti;Chocolate Chip Biscotti;Lower Manhattan
3.75;1;1;202306;Jun;Sat;Afternoon;Low;Bakery;Pastry;Chocolate Croissant;Hell's Kitchen
39.20;16;9;202306;Jun;Sat;Afternoon;Med;Coffee;Premium brewed coffee;Jamaican Coffee River Sm;Lower Manhattan
17.50;5;5;202306;Jun;Sat;Afternoon;Low;Drinking Chocolate;Hot chocolate;Dark chocolate Rg;Lower Manhattan
29.40;12;9;202306;Jun;Sat;Afternoon;Med;Coffee;Premium brewed coffee;Jamaican Coffee River Sm;Astoria
22.50;9;6;202306;Jun;Sat;Afternoon;Med;Tea;Brewed herbal tea;Peppermint Rg;Astoria
3.75;1;1;202306;Jun;Sat;Afternoon;Low;Bakery;Scone;Jumbo Savory Scone;Hell's Kitchen
20.00;8;4;202306;Jun;Sat;Afternoon;Low;Tea;Brewed Black tea;Earl Grey Rg;Lower Manhattan
28.00;14;8;202306;Jun;Sat;Afternoon;Med;Coffee;Drip coffee;Our Old Time Diner Blend Sm;Lower Manhattan
17.50;7;5;202306;Jun;Sat;Afternoon;Low;Tea;Brewed Green tea;Serenity Green Tea Rg;Hell's Kitchen
22.50;9;5;202306;Jun;Sat;Afternoon;Med;Coffee;Barista Espresso;Ouro Brasileiro shot;Lower Manhattan
6.00;2;2;202306;Jun;Sat;Night;Low;Tea;Brewed Chai tea;Traditional Blend Chai Lg;Hell's Kitchen
41.25;11;11;202306;Jun;Sat;Evening;High;Coffee;Barista Espresso;Latte;Astoria
41.80;19;12;202306;Jun;Sat;Evening;High;Coffee;Organic brewed coffee;Brazilian Sm;Astoria
55.25;13;10;202306;Jun;Sat;Evening;High;Coffee;Barista Espresso;Cappuccino Lg;Astoria
43.40;14;7;202306;Jun;Sat;Evening;High;Coffee;Premium brewed coffee;Jamaican Coffee River Rg;Astoria
57.00;19;13;202306;Jun;Sat;Evening;High;Coffee;Gourmet brewed coffee;Columbian Medium Roast Lg;Astoria
61.20;24;14;202306;Jun;Sat;Evening;very high;Tea;Brewed Chai tea;Spicy Eye Opener Chai Rg;Astoria
21.00;7;7;202306;Jun;Sat;Evening;Med;Bakery;Scone;Oatmeal Scone;Astoria
11.25;3;2;202306;Jun;Sat;Evening;Low;Coffee;Barista Espresso;Cappuccino;Lower Manhattan
48.00;24;17;202306;Jun;Sat;Evening;High;Coffee;Drip coffee;Our Old Time Diner Blend Sm;Astoria
41.25;11;6;202306;Jun;Sat;Evening;High;Coffee;Premium brewed coffee;Jamaican Coffee River Lg;Astoria
49.00;20;14;202306;Jun;Sat;Evening;High;Coffee;Premium brewed coffee;Jamaican Coffee River Sm;Astoria
97.75;23;16;202306;Jun;Sat;Evening;very high;Coffee;Barista Espresso;Latte Rg;Astoria
18.00;6;3;202306;Jun;Sat;Evening;Low;Tea;Brewed Chai tea;Traditional Blend Chai Lg;Lower Manhattan
39.00;13;9;202306;Jun;Sat;Evening;Med;Tea;Brewed Green tea;Serenity Green Tea Lg;Astoria
21.00;6;6;202306;Jun;Sat;Evening;Med;Bakery;Biscotti;Chocolate Chip Biscotti;Astoria
38.50;11;8;202306;Jun;Sat;Evening;Med;Coffee;Gourmet brewed coffee;Ethiopia Lg;Hell's Kitchen
9.75;3;3;202306;Jun;Sat;Evening;Low;Bakery;Biscotti;Hazelnut Biscotti;Hell's Kitchen
18.00;6;4;202306;Jun;Sat;Evening;Low;Tea;Brewed herbal tea;Peppermint Lg;Lower Manhattan
41.25;11;6;202306;Jun;Sat;Evening;High;Coffee;Barista Espresso;Latte;Hell's Kitchen
30.60;12;10;202306;Jun;Sat;Evening;Med;Tea;Brewed Chai tea;Spicy Eye Opener Chai Rg;Hell's Kitchen
75.00;20;12;202306;Jun;Sat;Evening;very high;Drinking Chocolate;Hot chocolate;Sustainably Grown Organic Rg;Hell's Kitchen
7.00;2;2;202306;Jun;Sat;Evening;Low;Bakery;Biscotti;Chocolate Chip Biscotti;Hell's Kitchen
27.00;9;7;202306;Jun;Sat;Evening;Med;Tea;Brewed herbal tea;Lemon Grass Lg;Astoria
27.90;9;6;202306;Jun;Sat;Evening;Med;Tea;Brewed Chai tea;Spicy Eye Opener Chai Lg;Lower Manhattan
2.50;1;1;202306;Jun;Sat;Evening;Low;Coffee;Gourmet brewed coffee;Columbian Medium Roast Rg;Lower Manhattan
33.00;11;9;202306;Jun;Sat;Evening;Med;Tea;Brewed Black tea;Earl Grey Lg;Lower Manhattan
12.00;4;4;202306;Jun;Sat;Evening;Low;Bakery;Scone;Oatmeal Scone;Lower Manhattan
32.50;13;8;202306;Jun;Sat;Evening;Med;Tea;Brewed Chai tea;Traditional Blend Chai Rg;Astoria
25.00;10;6;202306;Jun;Sat;Evening;Med;Tea;Brewed Chai tea;Morning Sunrise Chai Rg;Hell's Kitchen
24.00;8;6;202306;Jun;Sat;Evening;Med;Coffee;Gourmet brewed coffee;Ethiopia Rg;Lower Manhattan
77.00;22;15;202306;Jun;Sat;Evening;very high;Coffee;Gourmet brewed coffee;Ethiopia Lg;Astoria
45.00;15;10;202306;Jun;Sat;Evening;High;Tea;Brewed Green tea;Serenity Green Tea Lg;Hell's Kitchen
46.75;11;6;202306;Jun;Sat;Evening;High;Coffee;Barista Espresso;Latte Rg;Lower Manhattan
10.50;3;3;202306;Jun;Sat;Evening;Low;Bakery;Pastry;Croissant;Lower Manhattan
57.00;19;13;202306;Jun;Sat;Evening;High;Coffee;Barista Espresso;Espresso shot;Astoria
40.00;16;12;202306;Jun;Sat;Evening;Med;Coffee;Drip coffee;Our Old Time Diner Blend Rg;Astoria
22.50;9;5;202306;Jun;Sat;Evening;Med;Tea;Brewed Green tea;Serenity Green Tea Rg;Hell's Kitchen
36.00;9;5;202306;Jun;Sat;Evening;Med;Tea;Brewed Chai tea;Morning Sunrise Chai Lg;Hell's Kitchen
28.60;13;7;202306;Jun;Sat;Evening;Med;Coffee;Organic brewed coffee;Brazilian Sm;Hell's Kitchen
45.00;15;10;202306;Jun;Sat;Evening;High;Tea;Brewed Chai tea;Traditional Blend Chai Lg;Hell's Kitchen
36.00;12;9;202306;Jun;Sat;Evening;Med;Coffee;Organic brewed coffee;Brazilian Rg;Astoria
80.00;20;12;202306;Jun;Sat;Evening;very high;Tea;Brewed Chai tea;Morning Sunrise Chai Lg;Astoria
48.00;16;10;202306;Jun;Sat;Evening;High;Tea;Brewed Black tea;English Breakfast Lg;Astoria
24.50;7;5;202306;Jun;Sat;Evening;Med;Drinking Chocolate;Hot chocolate;Dark chocolate Rg;Hell's Kitchen
80.75;17;11;202306;Jun;Sat;Evening;very high;Drinking Chocolate;Hot chocolate;Sustainably Grown Organic Lg;Astoria
26.00;8;8;202306;Jun;Sat;Evening;Med;Bakery;Scone;Cranberry Scone;Astoria
16.00;8;5;202306;Jun;Sat;Evening;Low;Coffee;Gourmet brewed coffee;Columbian Medium Roast Sm;Lower Manhattan
24.50;7;4;202306;Jun;Sat;Evening;Med;Coffee;Organic brewed coffee;Brazilian Lg;Lower Manhattan
5.90;2;2;202306;Jun;Sat;Evening;Low;Bakery;Scone;Ginger Scone;Lower Manhattan
40.00;16;11;202306;Jun;Sat;Evening;Med;Tea;Brewed Chai tea;Morning Sunrise Chai Rg;Astoria
25.00;10;7;202306;Jun;Sat;Evening;Med;Tea;Brewed Black tea;Earl Grey Rg;Hell's Kitchen
27.00;9;4;202306;Jun;Sat;Evening;Med;Coffee;Gourmet brewed coffee;Columbian Medium Roast Lg;Lower Manhattan
33.00;11;7;202306;Jun;Sat;Evening;Med;Tea;Brewed Black tea;Earl Grey Lg;Astoria
40.50;9;9;202306;Jun;Sat;Evening;very high;Bakery;Scone;Scottish Cream Scone ;Astoria
15.00;5;4;202306;Jun;Sat;Evening;Low;Coffee;Gourmet brewed coffee;Ethiopia Rg;Hell's Kitchen
22.50;6;6;202306;Jun;Sat;Evening;Med;Bakery;Pastry;Chocolate Croissant;Hell's Kitchen
67.50;18;13;202306;Jun;Sat;Evening;very high;Drinking Chocolate;Hot chocolate;Sustainably Grown Organic Rg;Astoria
42.75;9;6;202306;Jun;Sat;Evening;High;Drinking Chocolate;Hot chocolate;Sustainably Grown Organic Lg;Lower Manhattan
11.25;3;3;202306;Jun;Sat;Evening;Low;Bakery;Scone;Jumbo Savory Scone;Hell's Kitchen
15.50;5;4;202306;Jun;Sat;Evening;Low;Coffee;Premium brewed coffee;Jamaican Coffee River Rg;Hell's Kitchen
21.00;7;6;202306;Jun;Sat;Evening;Med;Coffee;Barista Espresso;Espresso shot;Lower Manhattan
15.00;6;4;202306;Jun;Sat;Evening;Low;Tea;Brewed Black tea;English Breakfast Rg;Hell's Kitchen
33.00;11;8;202306;Jun;Sat;Evening;Med;Coffee;Gourmet brewed coffee;Ethiopia Rg;Astoria
67.50;15;9;202306;Jun;Sat;Evening;very high;Drinking Chocolate;Hot chocolate;Dark chocolate Lg;Astoria
32.50;13;8;202306;Jun;Sat;Evening;Med;Tea;Brewed Chai tea;Morning Sunrise Chai Rg;Lower Manhattan
10.00;4;2;202306;Jun;Sat;Evening;Low;Tea;Brewed Green tea;Serenity Green Tea Rg;Lower Manhattan
11.25;3;3;202306;Jun;Sat;Evening;Low;Bakery;Pastry;Chocolate Croissant;Lower Manhattan
22.05;9;7;202306;Jun;Sat;Evening;Med;Coffee;Premium brewed coffee;Jamaican Coffee River Sm;Hell's Kitchen
25.50;6;4;202306;Jun;Sat;Evening;Med;Coffee;Barista Espresso;Latte Rg;Hell's Kitchen
61.75;13;9;202306;Jun;Sat;Evening;very high;Drinking Chocolate;Hot chocolate;Sustainably Grown Organic Lg;Hell's Kitchen
24.00;12;7;202306;Jun;Sat;Evening;Med;Coffee;Drip coffee;Our Old Time Diner Blend Sm;Hell's Kitchen
17.50;5;4;202306;Jun;Sat;Evening;Low;Coffee;Organic brewed coffee;Brazilian Lg;Astoria
26.25;7;7;202306;Jun;Sat;Evening;Med;Bakery;Pastry;Chocolate Croissant;Astoria
18.75;5;5;202306;Jun;Sat;Evening;Low;Bakery;Scone;Jumbo Savory Scone;Lower Manhattan
84.00;24;16;202306;Jun;Sat;Evening;very high;Drinking Chocolate;Hot chocolate;Dark chocolate Rg;Astoria
17.60;8;6;202306;Jun;Sat;Evening;Low;Coffee;Gourmet brewed coffee;Ethiopia Sm;Astoria
9.00;2;2;202306;Jun;Sat;Evening;Low;Bakery;Scone;Scottish Cream Scone ;Hell's Kitchen
45.00;15;10;202306;Jun;Sat;Evening;High;Tea;Brewed Black tea;English Breakfast Lg;Hell's Kitchen
6.60;3;3;202306;Jun;Sat;Evening;Low;Coffee;Organic brewed coffee;Brazilian Sm;Lower Manhattan
27.50;11;7;202306;Jun;Sat;Evening;Med;Tea;Brewed Chai tea;Traditional Blend Chai Rg;Hell's Kitchen
27.50;11;8;202306;Jun;Sat;Evening;Med;Tea;Brewed herbal tea;Lemon Grass Rg;Astoria
41.25;11;7;202306;Jun;Sat;Evening;High;Coffee;Barista Espresso;Cappuccino;Hell's Kitchen
41.25;11;9;202306;Jun;Sat;Evening;High;Coffee;Barista Espresso;Cappuccino;Astoria
7.00;2;2;202306;Jun;Sat;Evening;Low;Bakery;Pastry;Croissant;Hell's Kitchen
11.10;4;3;202306;Jun;Sat;Evening;Low;Coffee;Barista Espresso;Ouro Brasileiro shot;Lower Manhattan
7.50;2;2;202306;Jun;Sat;Evening;Low;Coffee;Premium brewed coffee;Jamaican Coffee River Lg;Lower Manhattan
30.00;12;8;202306;Jun;Sat;Evening;Med;Coffee;Drip coffee;Our Old Time Diner Blend Rg;Hell's Kitchen
36.00;12;8;202306;Jun;Sat;Evening;Med;Tea;Brewed herbal tea;Lemon Grass Lg;Hell's Kitchen
18.00;9;8;202306;Jun;Sat;Evening;Low;Coffee;Gourmet brewed coffee;Columbian Medium Roast Sm;Astoria
27.00;9;7;202306;Jun;Sat;Evening;Med;Coffee;Organic brewed coffee;Brazilian Rg;Hell's Kitchen
27.00;9;5;202306;Jun;Sat;Evening;Med;Coffee;Barista Espresso;Espresso shot;Hell's Kitchen
22.50;5;4;202306;Jun;Sat;Evening;Med;Drinking Chocolate;Hot chocolate;Dark chocolate Lg;Hell's Kitchen
48.00;16;10;202306;Jun;Sat;Evening;High;Tea;Brewed herbal tea;Lemon Grass Lg;Lower Manhattan
35.00;14;9;202306;Jun;Sat;Evening;Med;Tea;Brewed Black tea;Earl Grey Rg;Astoria
19.50;6;6;202306;Jun;Sat;Evening;Low;Bakery;Biscotti;Hazelnut Biscotti;Astoria
14.00;4;4;202306;Jun;Sat;Evening;Low;Bakery;Biscotti;Chocolate Chip Biscotti;Lower Manhattan
7.50;2;2;202306;Jun;Sat;Evening;Low;Coffee;Barista Espresso;Latte;Lower Manhattan
7.50;2;2;202306;Jun;Sat;Evening;Low;Bakery;Pastry;Almond Croissant;Lower Manhattan
22.50;9;5;202306;Jun;Sat;Evening;Med;Tea;Brewed Black tea;English Breakfast Rg;Lower Manhattan
30.30;11;8;202306;Jun;Sat;Evening;Med;Coffee;Barista Espresso;Ouro Brasileiro shot;Hell's Kitchen
22.75;7;7;202306;Jun;Sat;Evening;Med;Bakery;Scone;Ginger Scone;Astoria
7.50;2;2;202306;Jun;Sat;Evening;Low;Bakery;Pastry;Almond Croissant;Hell's Kitchen
29.75;7;4;202306;Jun;Sat;Evening;Med;Coffee;Barista Espresso;Cappuccino Lg;Lower Manhattan
42.00;14;9;202306;Jun;Sat;Evening;High;Tea;Brewed herbal tea;Peppermint Lg;Astoria
63.00;18;10;202306;Jun;Sat;Evening;very high;Coffee;Organic brewed coffee;Brazilian Lg;Hell's Kitchen
13.50;3;2;202306;Jun;Sat;Evening;Low;Drinking Chocolate;Hot chocolate;Dark chocolate Lg;Lower Manhattan
24.00;8;6;202306;Jun;Sat;Evening;Med;Tea;Brewed herbal tea;Peppermint Lg;Hell's Kitchen
7.00;2;2;202306;Jun;Sat;Evening;Low;Bakery;Biscotti;Ginger Biscotti;Lower Manhattan
24.20;11;6;202306;Jun;Sat;Evening;Med;Coffee;Gourmet brewed coffee;Ethiopia Sm;Hell's Kitchen
31.00;10;8;202306;Jun;Sat;Evening;Med;Tea;Brewed Chai tea;Spicy Eye Opener Chai Lg;Astoria
20.00;8;6;202306;Jun;Sat;Evening;Low;Tea;Brewed herbal tea;Lemon Grass Rg;Hell's Kitchen
9.00;3;2;202306;Jun;Sat;Evening;Low;Coffee;Drip coffee;Our Old Time Diner Blend Lg;Lower Manhattan
7.00;2;2;202306;Jun;Sat;Evening;Low;Bakery;Biscotti;Ginger Biscotti;Hell's Kitchen
34.00;8;6;202306;Jun;Sat;Evening;Med;Coffee;Barista Espresso;Cappuccino Lg;Hell's Kitchen
11.25;3;3;202306;Jun;Sat;Evening;Low;Bakery;Scone;Jumbo Savory Scone;Astoria
39.00;13;9;202306;Jun;Sat;Evening;Med;Tea;Brewed Chai tea;Traditional Blend Chai Lg;Astoria
10.00;4;2;202306;Jun;Sat;Evening;Low;Tea;Brewed herbal tea;Peppermint Rg;Hell's Kitchen
15.00;5;4;202306;Jun;Sat;Evening;Low;Tea;Brewed Black tea;Earl Grey Lg;Hell's Kitchen
21.00;7;4;202306;Jun;Sat;Evening;Med;Coffee;Drip coffee;Our Old Time Diner Blend Lg;Astoria
9.15;3;3;202306;Jun;Sat;Evening;Low;Bakery;Scone;Ginger Scone;Hell's Kitchen
12.00;6;4;202306;Jun;Sat;Evening;Low;Coffee;Gourmet brewed coffee;Columbian Medium Roast Sm;Hell's Kitchen
20.00;8;6;202306;Jun;Sat;Evening;Low;Coffee;Gourmet brewed coffee;Columbian Medium Roast Rg;Astoria
7.00;2;2;202306;Jun;Sat;Evening;Low;Bakery;Pastry;Croissant;Astoria
27.50;11;8;202306;Jun;Sat;Evening;Med;Tea;Brewed Green tea;Serenity Green Tea Rg;Astoria
85.00;34;24;202306;Jun;Sun;Morning;very high;Tea;Brewed Black tea;Earl Grey Rg;Lower Manhattan
101.50;29;18;202306;Jun;Sun;Morning;very high;Coffee;Organic brewed coffee;Brazilian Lg;Lower Manhattan
30.00;10;7;202306;Jun;Sun;Morning;Med;Tea;Brewed Green tea;Serenity Green Tea Lg;Lower Manhattan
86.25;23;14;202306;Jun;Sun;Morning;very high;Coffee;Barista Espresso;Latte;Lower Manhattan
30.00;15;10;202306;Jun;Sun;Morning;Med;Coffee;Drip coffee;Our Old Time Diner Blend Sm;Lower Manhattan
36.00;18;10;202306;Jun;Sun;Morning;Med;Coffee;Gourmet brewed coffee;Columbian Medium Roast Sm;Lower Manhattan
72.50;29;19;202306;Jun;Sun;Morning;very high;Tea;Brewed herbal tea;Lemon Grass Rg;Lower Manhattan
43.35;17;10;202306;Jun;Sun;Morning;High;Tea;Brewed Chai tea;Spicy Eye Opener Chai Rg;Lower Manhattan
114.00;38;22;202306;Jun;Sun;Morning;very high;Tea;Brewed herbal tea;Peppermint Lg;Lower Manhattan
52.50;21;13;202306;Jun;Sun;Morning;High;Tea;Brewed Chai tea;Traditional Blend Chai Rg;Lower Manhattan
38.50;11;11;202306;Jun;Sun;Morning;Med;Bakery;Biscotti;Chocolate Chip Biscotti;Lower Manhattan
68.20;31;19;202306;Jun;Sun;Morning;very high;Coffee;Gourmet brewed coffee;Ethiopia Sm;Lower Manhattan
103.50;23;13;202306;Jun;Sun;Morning;very high;Drinking Chocolate;Hot chocolate;Dark chocolate Lg;Lower Manhattan
50.00;20;13;202306;Jun;Sun;Morning;High;Tea;Brewed Black tea;English Breakfast Rg;Lower Manhattan
38.50;11;11;202306;Jun;Sun;Morning;Med;Bakery;Pastry;Croissant;Lower Manhattan
80.50;23;15;202306;Jun;Sun;Morning;very high;Drinking Chocolate;Hot chocolate;Dark chocolate Rg;Lower Manhattan
51.65;17;16;202306;Jun;Sun;Morning;High;Bakery;Scone;Ginger Scone;Lower Manhattan
42.50;17;10;202306;Jun;Sun;Morning;High;Coffee;Drip coffee;Our Old Time Diner Blend Rg;Lower Manhattan
86.25;23;14;202306;Jun;Sun;Morning;very high;Drinking Chocolate;Hot chocolate;Sustainably Grown Organic Rg;Lower Manhattan
114.75;27;19;202306;Jun;Sun;Morning;very high;Coffee;Barista Espresso;Latte Rg;Hell's Kitchen
63.00;21;15;202306;Jun;Sun;Morning;very high;Coffee;Organic brewed coffee;Brazilian Rg;Hell's Kitchen
59.50;14;12;202306;Jun;Sun;Morning;High;Coffee;Barista Espresso;Cappuccino Lg;Hell's Kitchen
63.00;21;16;202306;Jun;Sun;Morning;very high;Tea;Brewed herbal tea;Lemon Grass Lg;Hell's Kitchen
142.50;30;23;202306;Jun;Sun;Morning;very high;Drinking Chocolate;Hot chocolate;Sustainably Grown Organic Lg;Hell's Kitchen
68.25;21;19;202306;Jun;Sun;Morning;very high;Bakery;Scone;Ginger Scone;Hell's Kitchen
61.60;28;18;202306;Jun;Sun;Morning;very high;Coffee;Organic brewed coffee;Brazilian Sm;Hell's Kitchen
39.00;13;9;202306;Jun;Sun;Morning;Med;Coffee;Gourmet brewed coffee;Ethiopia Rg;Hell's Kitchen
52.50;14;14;202306;Jun;Sun;Morning;High;Bakery;Scone;Jumbo Savory Scone;Hell's Kitchen
94.50;27;17;202306;Jun;Sun;Morning;very high;Drinking Chocolate;Hot chocolate;Dark chocolate Rg;Hell's Kitchen
54.00;18;11;202306;Jun;Sun;Morning;High;Coffee;Barista Espresso;Espresso shot;Lower Manhattan
93.00;31;19;202306;Jun;Sun;Morning;very high;Tea;Brewed Black tea;English Breakfast Lg;Hell's Kitchen
62.50;25;17;202306;Jun;Sun;Morning;very high;Coffee;Gourmet brewed coffee;Columbian Medium Roast Rg;Hell's Kitchen
52.80;24;17;202306;Jun;Sun;Morning;High;Coffee;Gourmet brewed coffee;Ethiopia Sm;Hell's Kitchen
71.25;15;12;202306;Jun;Sun;Morning;very high;Drinking Chocolate;Hot chocolate;Sustainably Grown Organic Lg;Lower Manhattan
70.00;28;16;202306;Jun;Sun;Morning;very high;Tea;Brewed Chai tea;Morning Sunrise Chai Rg;Lower Manhattan
67.50;18;18;202306;Jun;Sun;Morning;very high;Bakery;Pastry;Chocolate Croissant;Lower Manhattan
34.00;17;11;202306;Jun;Sun;Morning;Med;Coffee;Gourmet brewed coffee;Columbian Medium Roast Sm;Hell's Kitchen
87.50;35;23;202306;Jun;Sun;Morning;very high;Tea;Brewed Green tea;Serenity Green Tea Rg;Hell's Kitchen
112.50;30;21;202306;Jun;Sun;Morning;very high;Coffee;Barista Espresso;Cappuccino;Hell's Kitchen
67.50;18;11;202306;Jun;Sun;Morning;very high;Coffee;Barista Espresso;Cappuccino;Lower Manhattan
30.00;8;8;202306;Jun;Sun;Morning;Med;Bakery;Pastry;Almond Croissant;Lower Manhattan
93.75;25;17;202306;Jun;Sun;Morning;very high;Coffee;Premium brewed coffee;Jamaican Coffee River Lg;Hell's Kitchen
57.50;23;12;202306;Jun;Sun;Morning;High;Coffee;Gourmet brewed coffee;Columbian Medium Roast Rg;Lower Manhattan
52.50;21;15;202306;Jun;Sun;Morning;High;Tea;Brewed herbal tea;Peppermint Rg;Hell's Kitchen
72.50;29;19;202306;Jun;Sun;Morning;very high;Tea;Brewed Green tea;Serenity Green Tea Rg;Lower Manhattan
73.50;21;14;202306;Jun;Sun;Morning;very high;Coffee;Organic brewed coffee;Brazilian Lg;Hell's Kitchen
114.75;27;18;202306;Jun;Sun;Morning;very high;Coffee;Barista Espresso;Cappuccino Lg;Lower Manhattan
45.50;14;14;202306;Jun;Sun;Morning;High;Bakery;Biscotti;Hazelnut Biscotti;Lower Manhattan
80.00;32;22;202306;Jun;Sun;Morning;very high;Tea;Brewed Chai tea;Traditional Blend Chai Rg;Hell's Kitchen
78.40;32;21;202306;Jun;Sun;Morning;very high;Coffee;Premium brewed coffee;Jamaican Coffee River Sm;Lower Manhattan
124.00;31;17;202306;Jun;Sun;Morning;very high;Tea;Brewed Chai tea;Morning Sunrise Chai Lg;Lower Manhattan
72.30;28;22;202306;Jun;Sun;Morning;very high;Coffee;Barista Espresso;Ouro Brasileiro shot;Hell's Kitchen
114.75;27;18;202306;Jun;Sun;Morning;very high;Coffee;Barista Espresso;Latte Rg;Lower Manhattan
63.75;17;12;202306;Jun;Sun;Morning;very high;Coffee;Premium brewed coffee;Jamaican Coffee River Lg;Lower Manhattan
157.50;42;28;202306;Jun;Sun;Morning;very high;Coffee;Barista Espresso;Latte;Hell's Kitchen
60.00;20;13;202306;Jun;Sun;Morning;High;Coffee;Drip coffee;Our Old Time Diner Blend Lg;Hell's Kitchen
58.90;19;13;202306;Jun;Sun;Morning;High;Tea;Brewed Chai tea;Spicy Eye Opener Chai Lg;Hell's Kitchen
68.00;34;23;202306;Jun;Sun;Morning;very high;Coffee;Drip coffee;Our Old Time Diner Blend Sm;Hell's Kitchen
129.50;37;22;202306;Jun;Sun;Morning;very high;Coffee;Gourmet brewed coffee;Ethiopia Lg;Hell's Kitchen
99.20;32;18;202306;Jun;Sun;Morning;very high;Coffee;Premium brewed coffee;Jamaican Coffee River Rg;Hell's Kitchen
52.50;21;14;202306;Jun;Sun;Morning;High;Tea;Brewed herbal tea;Peppermint Rg;Lower Manhattan
93.00;31;17;202306;Jun;Sun;Morning;very high;Coffee;Gourmet brewed coffee;Ethiopia Rg;Lower Manhattan
26.00;8;8;202306;Jun;Sun;Morning;Med;Bakery;Scone;Cranberry Scone;Lower Manhattan
50.00;20;12;202306;Jun;Sun;Morning;High;Tea;Brewed herbal tea;Lemon Grass Rg;Hell's Kitchen
52.50;15;15;202306;Jun;Sun;Morning;High;Bakery;Biscotti;Ginger Biscotti;Hell's Kitchen
63.00;21;12;202306;Jun;Sun;Morning;very high;Tea;Brewed Black tea;Earl Grey Lg;Hell's Kitchen
54.00;18;11;202306;Jun;Sun;Morning;High;Tea;Brewed herbal tea;Peppermint Lg;Hell's Kitchen
50.00;20;12;202306;Jun;Sun;Morning;High;Tea;Brewed Black tea;English Breakfast Rg;Hell's Kitchen
42.00;14;9;202306;Jun;Sun;Morning;High;Tea;Brewed herbal tea;Lemon Grass Lg;Lower Manhattan
62.00;20;12;202306;Jun;Sun;Morning;very high;Coffee;Premium brewed coffee;Jamaican Coffee River Rg;Lower Manhattan
39.60;15;10;202306;Jun;Sun;Morning;Med;Coffee;Barista Espresso;Ouro Brasileiro shot;Lower Manhattan
54.00;18;10;202306;Jun;Sun;Morning;High;Tea;Brewed Chai tea;Traditional Blend Chai Lg;Lower Manhattan
48.75;13;13;202306;Jun;Sun;Morning;High;Bakery;Pastry;Almond Croissant;Hell's Kitchen
112.50;30;19;202306;Jun;Sun;Morning;very high;Drinking Chocolate;Hot chocolate;Sustainably Grown Organic Rg;Hell's Kitchen
48.00;16;11;202306;Jun;Sun;Morning;High;Coffee;Gourmet brewed coffee;Columbian Medium Roast Lg;Hell's Kitchen
45.00;15;10;202306;Jun;Sun;Morning;High;Coffee;Organic brewed coffee;Brazilian Rg;Lower Manhattan
81.00;27;18;202306;Jun;Sun;Morning;very high;Coffee;Barista Espresso;Espresso shot;Hell's Kitchen
75.00;25;14;202306;Jun;Sun;Morning;very high;Tea;Brewed Black tea;Earl Grey Lg;Lower Manhattan
45.00;18;12;202306;Jun;Sun;Morning;High;Tea;Brewed Chai tea;Morning Sunrise Chai Rg;Hell's Kitchen
36.00;8;8;202306;Jun;Sun;Morning;Med;Bakery;Scone;Scottish Cream Scone ;Lower Manhattan
46.55;19;11;202306;Jun;Sun;Morning;High;Coffee;Premium brewed coffee;Jamaican Coffee River Sm;Hell's Kitchen
63.00;21;13;202306;Jun;Sun;Morning;very high;Tea;Brewed Green tea;Serenity Green Tea Lg;Hell's Kitchen
55.00;22;14;202306;Jun;Sun;Morning;High;Tea;Brewed Black tea;Earl Grey Rg;Hell's Kitchen
57.00;19;12;202306;Jun;Sun;Morning;High;Tea;Brewed Black tea;English Breakfast Lg;Lower Manhattan
61.60;28;18;202306;Jun;Sun;Morning;very high;Coffee;Gourmet brewed coffee;Ethiopia Sm;Astoria
93.50;22;13;202306;Jun;Sun;Morning;very high;Coffee;Barista Espresso;Latte Rg;Astoria
78.00;26;16;202306;Jun;Sun;Morning;very high;Tea;Brewed Chai tea;Traditional Blend Chai Lg;Hell's Kitchen
114.00;24;17;202306;Jun;Sun;Morning;very high;Drinking Chocolate;Hot chocolate;Sustainably Grown Organic Lg;Astoria
55.00;22;14;202306;Jun;Sun;Morning;High;Coffee;Drip coffee;Our Old Time Diner Blend Rg;Hell's Kitchen
86.25;23;15;202306;Jun;Sun;Morning;very high;Drinking Chocolate;Hot chocolate;Sustainably Grown Organic Rg;Astoria
51.00;17;11;202306;Jun;Sun;Morning;High;Tea;Brewed Chai tea;Traditional Blend Chai Lg;Astoria
81.00;18;18;202306;Jun;Sun;Morning;very high;Bakery;Scone;Scottish Cream Scone ;Hell's Kitchen
36.00;12;8;202306;Jun;Sun;Morning;Med;Coffee;Drip coffee;Our Old Time Diner Blend Lg;Lower Manhattan
75.00;25;13;202306;Jun;Sun;Morning;very high;Coffee;Gourmet brewed coffee;Columbian Medium Roast Lg;Lower Manhattan
60.00;20;13;202306;Jun;Sun;Morning;High;Tea;Brewed Black tea;Earl Grey Lg;Astoria
70.00;28;20;202306;Jun;Sun;Morning;very high;Tea;Brewed herbal tea;Peppermint Rg;Astoria
40.00;16;13;202306;Jun;Sun;Morning;Med;Tea;Brewed Chai tea;Traditional Blend Chai Rg;Astoria
13.00;4;4;202306;Jun;Sun;Morning;Low;Bakery;Biscotti;Hazelnut Biscotti;Astoria
51.00;20;14;202306;Jun;Sun;Morning;High;Tea;Brewed Chai tea;Spicy Eye Opener Chai Rg;Hell's Kitchen
63.00;21;15;202306;Jun;Sun;Morning;very high;Tea;Brewed Green tea;Serenity Green Tea Lg;Astoria
60.00;24;16;202306;Jun;Sun;Morning;High;Tea;Brewed Green tea;Serenity Green Tea Rg;Astoria
49.50;11;8;202306;Jun;Sun;Morning;High;Drinking Chocolate;Hot chocolate;Dark chocolate Lg;Hell's Kitchen
48.00;16;13;202306;Jun;Sun;Morning;High;Coffee;Gourmet brewed coffee;Columbian Medium Roast Lg;Astoria
75.00;20;14;202306;Jun;Sun;Morning;very high;Coffee;Barista Espresso;Cappuccino;Astoria
63.75;17;17;202306;Jun;Sun;Morning;very high;Bakery;Pastry;Chocolate Croissant;Astoria
17.50;5;5;202306;Jun;Sun;Morning;Low;Bakery;Biscotti;Ginger Biscotti;Astoria
48.45;19;15;202306;Jun;Sun;Morning;High;Tea;Brewed Chai tea;Spicy Eye Opener Chai Rg;Astoria
45.00;18;12;202306;Jun;Sun;Morning;High;Coffee;Gourmet brewed coffee;Columbian Medium Roast Rg;Astoria
64.00;32;19;202306;Jun;Sun;Morning;very high;Coffee;Gourmet brewed coffee;Columbian Medium Roast Sm;Astoria
32.50;10;10;202306;Jun;Sun;Morning;Med;Bakery;Scone;Cranberry Scone;Astoria
51.00;17;11;202306;Jun;Sun;Morning;High;Coffee;Barista Espresso;Espresso shot;Astoria
22.50;6;6;202306;Jun;Sun;Morning;Med;Bakery;Scone;Jumbo Savory Scone;Lower Manhattan
52.70;17;10;202306;Jun;Sun;Morning;High;Coffee;Premium brewed coffee;Jamaican Coffee River Rg;Astoria
126.00;28;16;202306;Jun;Sun;Morning;very high;Drinking Chocolate;Hot chocolate;Dark chocolate Lg;Astoria
96.10;31;19;202306;Jun;Sun;Morning;very high;Tea;Brewed Chai tea;Spicy Eye Opener Chai Lg;Astoria
44.00;20;12;202306;Jun;Sun;Morning;High;Coffee;Organic brewed coffee;Brazilian Sm;Lower Manhattan
60.00;15;11;202306;Jun;Sun;Morning;High;Tea;Brewed Chai tea;Morning Sunrise Chai Lg;Astoria
48.00;16;11;202306;Jun;Sun;Morning;High;Coffee;Drip coffee;Our Old Time Diner Blend Lg;Astoria
77.50;31;18;202306;Jun;Sun;Morning;very high;Tea;Brewed herbal tea;Lemon Grass Rg;Astoria
98.00;28;18;202306;Jun;Sun;Morning;very high;Coffee;Organic brewed coffee;Brazilian Lg;Astoria
90.00;24;24;202306;Jun;Sun;Morning;very high;Bakery;Pastry;Chocolate Croissant;Hell's Kitchen
18.75;5;3;202306;Jun;Sun;Night;Low;Coffee;Barista Espresso;Cappuccino;Hell's Kitchen
14.00;4;4;202306;Jun;Sun;Night;Low;Bakery;Biscotti;Ginger Biscotti;Hell's Kitchen
15.00;6;4;202306;Jun;Sun;Night;Low;Coffee;Gourmet brewed coffee;Columbian Medium Roast Rg;Lower Manhattan
33.30;12;6;202306;Jun;Sun;Afternoon;Med;Coffee;Barista Espresso;Ouro Brasileiro shot;Lower Manhattan
18.00;6;6;202306;Jun;Sun;Afternoon;Low;Bakery;Scone;Oatmeal Scone;Lower Manhattan
38.25;9;6;202306;Jun;Sun;Afternoon;Med;Coffee;Barista Espresso;Cappuccino Lg;Astoria
48.00;12;7;202306;Jun;Sun;Afternoon;High;Tea;Brewed Chai tea;Morning Sunrise Chai Lg;Astoria
9.00;3;3;202306;Jun;Sun;Afternoon;Low;Tea;Brewed Black tea;English Breakfast Lg;Hell's Kitchen
69.00;23;15;202306;Jun;Sun;Afternoon;very high;Tea;Brewed herbal tea;Lemon Grass Lg;Astoria
75.00;25;17;202306;Jun;Sun;Afternoon;very high;Tea;Brewed herbal tea;Peppermint Lg;Lower Manhattan
18.00;9;5;202306;Jun;Sun;Afternoon;Low;Coffee;Drip coffee;Our Old Time Diner Blend Sm;Lower Manhattan
32.50;13;9;202306;Jun;Sun;Afternoon;Med;Tea;Brewed Chai tea;Morning Sunrise Chai Rg;Lower Manhattan
57.00;19;10;202306;Jun;Sun;Afternoon;High;Tea;Brewed herbal tea;Peppermint Lg;Astoria
42.50;17;12;202306;Jun;Sun;Afternoon;High;Tea;Brewed Chai tea;Traditional Blend Chai Rg;Astoria
27.00;9;7;202306;Jun;Sun;Afternoon;Med;Coffee;Gourmet brewed coffee;Columbian Medium Roast Lg;Hell's Kitchen
16.25;5;4;202306;Jun;Sun;Afternoon;Low;Bakery;Scone;Ginger Scone;Hell's Kitchen
22.00;11;8;202306;Jun;Sun;Afternoon;Med;Coffee;Gourmet brewed coffee;Columbian Medium Roast Sm;Lower Manhattan
35.20;16;10;202306;Jun;Sun;Afternoon;Med;Coffee;Organic brewed coffee;Brazilian Sm;Astoria
58.65;23;14;202306;Jun;Sun;Afternoon;High;Tea;Brewed Chai tea;Spicy Eye Opener Chai Rg;Astoria
26.95;11;7;202306;Jun;Sun;Afternoon;Med;Coffee;Premium brewed coffee;Jamaican Coffee River Sm;Astoria
40.00;16;11;202306;Jun;Sun;Afternoon;Med;Coffee;Gourmet brewed coffee;Columbian Medium Roast Rg;Astoria
37.20;12;9;202306;Jun;Sun;Afternoon;Med;Coffee;Premium brewed coffee;Jamaican Coffee River Rg;Astoria
18.75;5;5;202306;Jun;Sun;Afternoon;Low;Bakery;Pastry;Almond Croissant;Astoria
36.00;12;8;202306;Jun;Sun;Afternoon;Med;Coffee;Barista Espresso;Espresso shot;Astoria
28.00;8;8;202306;Jun;Sun;Afternoon;Med;Bakery;Biscotti;Chocolate Chip Biscotti;Astoria
42.00;12;6;202306;Jun;Sun;Afternoon;High;Coffee;Gourmet brewed coffee;Ethiopia Lg;Lower Manhattan
30.80;14;9;202306;Jun;Sun;Afternoon;Med;Coffee;Organic brewed coffee;Brazilian Sm;Hell's Kitchen
42.00;14;9;202306;Jun;Sun;Afternoon;High;Coffee;Organic brewed coffee;Brazilian Rg;Hell's Kitchen
78.75;21;13;202306;Jun;Sun;Afternoon;very high;Coffee;Premium brewed coffee;Jamaican Coffee River Lg;Astoria
24.00;8;5;202306;Jun;Sun;Afternoon;Med;Tea;Brewed herbal tea;Peppermint Lg;Hell's Kitchen
63.00;21;13;202306;Jun;Sun;Afternoon;very high;Tea;Brewed Black tea;English Breakfast Lg;Lower Manhattan
54.00;18;10;202306;Jun;Sun;Afternoon;High;Coffee;Barista Espresso;Espresso shot;Hell's Kitchen
52.50;21;13;202306;Jun;Sun;Afternoon;High;Tea;Brewed Chai tea;Traditional Blend Chai Rg;Lower Manhattan
33.00;11;9;202306;Jun;Sun;Afternoon;Med;Coffee;Drip coffee;Our Old Time Diner Blend Lg;Hell's Kitchen
45.00;12;8;202306;Jun;Sun;Afternoon;High;Coffee;Barista Espresso;Cappuccino;Hell's Kitchen
22.50;9;4;202306;Jun;Sun;Afternoon;Med;Tea;Brewed Black tea;Earl Grey Rg;Lower Manhattan
18.00;6;5;202306;Jun;Sun;Afternoon;Low;Tea;Brewed Chai tea;Traditional Blend Chai Lg;Lower Manhattan
36.00;8;8;202306;Jun;Sun;Afternoon;Med;Bakery;Scone;Scottish Cream Scone ;Lower Manhattan
56.00;16;11;202306;Jun;Sun;Afternoon;High;Drinking Chocolate;Hot chocolate;Dark chocolate Rg;Astoria
42.00;14;9;202306;Jun;Sun;Afternoon;High;Coffee;Drip coffee;Our Old Time Diner Blend Lg;Astoria
37.50;15;9;202306;Jun;Sun;Afternoon;Med;Tea;Brewed Green tea;Serenity Green Tea Rg;Astoria
22.00;10;8;202306;Jun;Sun;Afternoon;Med;Coffee;Gourmet brewed coffee;Ethiopia Sm;Astoria
32.50;13;9;202306;Jun;Sun;Afternoon;Med;Tea;Brewed Black tea;Earl Grey Rg;Hell's Kitchen
121.50;27;15;202306;Jun;Sun;Afternoon;very high;Drinking Chocolate;Hot chocolate;Dark chocolate Lg;Astoria
33.75;9;9;202306;Jun;Sun;Afternoon;Med;Bakery;Pastry;Chocolate Croissant;Astoria
35.00;14;9;202306;Jun;Sun;Afternoon;Med;Tea;Brewed Black tea;English Breakfast Rg;Lower Manhattan
27.00;9;7;202306;Jun;Sun;Afternoon;Med;Tea;Brewed Green tea;Serenity Green Tea Lg;Hell's Kitchen
18.00;9;7;202306;Jun;Sun;Afternoon;Low;Coffee;Gourmet brewed coffee;Columbian Medium Roast Sm;Astoria
42.25;13;13;202306;Jun;Sun;Afternoon;High;Bakery;Biscotti;Hazelnut Biscotti;Astoria
41.25;11;9;202306;Jun;Sun;Afternoon;High;Coffee;Barista Espresso;Latte;Astoria
51.00;17;13;202306;Jun;Sun;Afternoon;High;Tea;Brewed Chai tea;Traditional Blend Chai Lg;Astoria
46.75;11;7;202306;Jun;Sun;Afternoon;High;Coffee;Barista Espresso;Cappuccino Lg;Lower Manhattan
18.75;5;5;202306;Jun;Sun;Afternoon;Low;Bakery;Scone;Jumbo Savory Scone;Lower Manhattan
22.50;9;7;202306;Jun;Sun;Afternoon;Med;Coffee;Drip coffee;Our Old Time Diner Blend Rg;Astoria
55.25;13;8;202306;Jun;Sun;Afternoon;High;Coffee;Barista Espresso;Latte Rg;Hell's Kitchen
75.00;25;17;202306;Jun;Sun;Afternoon;very high;Coffee;Gourmet brewed coffee;Columbian Medium Roast Lg;Astoria
48.75;13;10;202306;Jun;Sun;Afternoon;High;Drinking Chocolate;Hot chocolate;Sustainably Grown Organic Rg;Hell's Kitchen
30.00;12;7;202306;Jun;Sun;Afternoon;Med;Tea;Brewed herbal tea;Peppermint Rg;Hell's Kitchen
18.75;5;5;202306;Jun;Sun;Afternoon;Low;Bakery;Pastry;Chocolate Croissant;Hell's Kitchen
38.50;11;7;202306;Jun;Sun;Afternoon;Med;Drinking Chocolate;Hot chocolate;Dark chocolate Rg;Hell's Kitchen
41.25;11;8;202306;Jun;Sun;Afternoon;High;Coffee;Barista Espresso;Cappuccino;Lower Manhattan
32.50;13;10;202306;Jun;Sun;Afternoon;Med;Tea;Brewed herbal tea;Lemon Grass Rg;Astoria
18.75;5;5;202306;Jun;Sun;Afternoon;Low;Bakery;Scone;Jumbo Savory Scone;Astoria
22.05;9;6;202306;Jun;Sun;Afternoon;Med;Coffee;Premium brewed coffee;Jamaican Coffee River Sm;Lower Manhattan
52.50;21;15;202306;Jun;Sun;Afternoon;High;Tea;Brewed Black tea;English Breakfast Rg;Astoria
27.50;11;7;202306;Jun;Sun;Afternoon;Med;Coffee;Gourmet brewed coffee;Columbian Medium Roast Rg;Hell's Kitchen
37.20;12;7;202306;Jun;Sun;Afternoon;Med;Tea;Brewed Chai tea;Spicy Eye Opener Chai Lg;Astoria
42.00;14;9;202306;Jun;Sun;Afternoon;High;Coffee;Gourmet brewed coffee;Columbian Medium Roast Lg;Lower Manhattan
45.00;15;10;202306;Jun;Sun;Afternoon;High;Tea;Brewed Black tea;Earl Grey Lg;Astoria
12.75;3;2;202306;Jun;Sun;Afternoon;Low;Coffee;Barista Espresso;Latte Rg;Lower Manhattan
25.00;10;9;202306;Jun;Sun;Afternoon;Med;Tea;Brewed Green tea;Serenity Green Tea Rg;Hell's Kitchen
43.40;14;9;202306;Jun;Sun;Afternoon;High;Tea;Brewed Chai tea;Spicy Eye Opener Chai Lg;Lower Manhattan
33.30;12;8;202306;Jun;Sun;Afternoon;Med;Coffee;Barista Espresso;Ouro Brasileiro shot;Hell's Kitchen
40.00;20;12;202306;Jun;Sun;Afternoon;Med;Coffee;Gourmet brewed coffee;Columbian Medium Roast Sm;Hell's Kitchen
20.00;10;7;202306;Jun;Sun;Afternoon;Low;Coffee;Drip coffee;Our Old Time Diner Blend Sm;Astoria
21.00;7;6;202306;Jun;Sun;Afternoon;Med;Tea;Brewed Green tea;Serenity Green Tea Lg;Astoria
24.50;7;7;202306;Jun;Sun;Afternoon;Med;Bakery;Pastry;Croissant;Astoria
38.25;9;6;202306;Jun;Sun;Afternoon;Med;Coffee;Barista Espresso;Latte Rg;Astoria
18.75;5;4;202306;Jun;Sun;Afternoon;Low;Coffee;Barista Espresso;Cappuccino;Astoria
42.00;12;8;202306;Jun;Sun;Afternoon;High;Coffee;Organic brewed coffee;Brazilian Lg;Lower Manhattan
48.75;13;7;202306;Jun;Sun;Afternoon;High;Coffee;Barista Espresso;Latte;Hell's Kitchen
45.00;12;9;202306;Jun;Sun;Afternoon;High;Drinking Chocolate;Hot chocolate;Sustainably Grown Organic Rg;Lower Manhattan
56.00;16;10;202306;Jun;Sun;Afternoon;High;Coffee;Gourmet brewed coffee;Ethiopia Lg;Hell's Kitchen
58.50;13;8;202306;Jun;Sun;Afternoon;High;Drinking Chocolate;Hot chocolate;Dark chocolate Lg;Hell's Kitchen
29.75;7;4;202306;Jun;Sun;Afternoon;Med;Coffee;Barista Espresso;Cappuccino Lg;Hell's Kitchen
30.00;10;6;202306;Jun;Sun;Afternoon;Med;Coffee;Organic brewed coffee;Brazilian Rg;Astoria
37.50;10;6;202306;Jun;Sun;Afternoon;Med;Drinking Chocolate;Hot chocolate;Sustainably Grown Organic Rg;Astoria
35.00;10;7;202306;Jun;Sun;Afternoon;Med;Coffee;Gourmet brewed coffee;Ethiopia Lg;Astoria
49.50;11;8;202306;Jun;Sun;Afternoon;High;Drinking Chocolate;Hot chocolate;Dark chocolate Lg;Lower Manhattan
20.00;8;6;202306;Jun;Sun;Afternoon;Low;Tea;Brewed Chai tea;Morning Sunrise Chai Rg;Hell's Kitchen
31.85;13;8;202306;Jun;Sun;Afternoon;Med;Coffee;Premium brewed coffee;Jamaican Coffee River Sm;Hell's Kitchen
19.50;6;6;202306;Jun;Sun;Afternoon;Low;Bakery;Scone;Cranberry Scone;Astoria
42.50;17;9;202306;Jun;Sun;Afternoon;High;Coffee;Drip coffee;Our Old Time Diner Blend Rg;Lower Manhattan
31.00;10;7;202306;Jun;Sun;Afternoon;Med;Tea;Brewed Chai tea;Spicy Eye Opener Chai Lg;Hell's Kitchen
25.50;10;6;202306;Jun;Sun;Afternoon;Med;Tea;Brewed Chai tea;Spicy Eye Opener Chai Rg;Hell's Kitchen
45.00;18;11;202306;Jun;Sun;Afternoon;High;Tea;Brewed Chai tea;Morning Sunrise Chai Rg;Astoria
56.00;14;8;202306;Jun;Sun;Afternoon;High;Tea;Brewed Chai tea;Morning Sunrise Chai Lg;Lower Manhattan
61.75;13;10;202306;Jun;Sun;Afternoon;very high;Drinking Chocolate;Hot chocolate;Sustainably Grown Organic Lg;Astoria
3.25;1;1;202306;Jun;Sun;Afternoon;Low;Bakery;Biscotti;Hazelnut Biscotti;Hell's Kitchen
27.50;11;7;202306;Jun;Sun;Afternoon;Med;Tea;Brewed Green tea;Serenity Green Tea Rg;Lower Manhattan
53.55;21;12;202306;Jun;Sun;Afternoon;High;Tea;Brewed Chai tea;Spicy Eye Opener Chai Rg;Lower Manhattan
15.00;5;4;202306;Jun;Sun;Afternoon;Low;Tea;Brewed herbal tea;Lemon Grass Lg;Lower Manhattan
69.00;23;15;202306;Jun;Sun;Afternoon;very high;Coffee;Gourmet brewed coffee;Ethiopia Rg;Lower Manhattan
28.00;8;8;202306;Jun;Sun;Afternoon;Med;Bakery;Biscotti;Chocolate Chip Biscotti;Lower Manhattan
25.00;10;6;202306;Jun;Sun;Afternoon;Med;Tea;Brewed Black tea;English Breakfast Rg;Hell's Kitchen
22.50;9;6;202306;Jun;Sun;Afternoon;Med;Tea;Brewed Black tea;Earl Grey Rg;Astoria
36.00;12;9;202306;Jun;Sun;Afternoon;Med;Coffee;Gourmet brewed coffee;Ethiopia Rg;Astoria
22.50;9;6;202306;Jun;Sun;Afternoon;Med;Tea;Brewed herbal tea;Lemon Grass Rg;Hell's Kitchen
35.00;14;9;202306;Jun;Sun;Afternoon;Med;Tea;Brewed herbal tea;Peppermint Rg;Astoria
52.50;14;10;202306;Jun;Sun;Afternoon;High;Coffee;Premium brewed coffee;Jamaican Coffee River Lg;Hell's Kitchen
21.00;7;5;202306;Jun;Sun;Afternoon;Med;Tea;Brewed Black tea;English Breakfast Lg;Astoria
20.00;8;5;202306;Jun;Sun;Afternoon;Low;Coffee;Drip coffee;Our Old Time Diner Blend Rg;Hell's Kitchen
27.00;9;7;202306;Jun;Sun;Afternoon;Med;Tea;Brewed Black tea;Earl Grey Lg;Lower Manhattan
42.00;12;7;202306;Jun;Sun;Afternoon;High;Coffee;Organic brewed coffee;Brazilian Lg;Astoria
18.75;5;5;202306;Jun;Sun;Afternoon;Low;Bakery;Pastry;Almond Croissant;Hell's Kitchen
22.50;9;6;202306;Jun;Sun;Afternoon;Med;Tea;Brewed Chai tea;Traditional Blend Chai Rg;Hell's Kitchen
14.45;5;3;202306;Jun;Sun;Afternoon;Low;Bakery;Scone;Ginger Scone;Lower Manhattan
14.00;4;2;202306;Jun;Sun;Afternoon;Low;Drinking Chocolate;Hot chocolate;Dark chocolate Rg;Lower Manhattan
22.50;6;6;202306;Jun;Sun;Afternoon;Med;Bakery;Pastry;Chocolate Croissant;Lower Manhattan
33.00;11;8;202306;Jun;Sun;Afternoon;Med;Coffee;Drip coffee;Our Old Time Diner Blend Lg;Lower Manhattan
7.00;2;2;202306;Jun;Sun;Afternoon;Low;Bakery;Biscotti;Ginger Biscotti;Hell's Kitchen
16.25;5;5;202306;Jun;Sun;Afternoon;Low;Bakery;Scone;Cranberry Scone;Lower Manhattan
30.80;14;9;202306;Jun;Sun;Afternoon;Med;Coffee;Gourmet brewed coffee;Ethiopia Sm;Hell's Kitchen
27.50;11;7;202306;Jun;Sun;Afternoon;Med;Tea;Brewed herbal tea;Lemon Grass Rg;Lower Manhattan
42.00;14;8;202306;Jun;Sun;Afternoon;High;Tea;Brewed herbal tea;Lemon Grass Lg;Hell's Kitchen
16.00;8;6;202306;Jun;Sun;Afternoon;Low;Coffee;Drip coffee;Our Old Time Diner Blend Sm;Hell's Kitchen
6.50;2;2;202306;Jun;Sun;Afternoon;Low;Bakery;Scone;Cranberry Scone;Hell's Kitchen
47.50;10;8;202306;Jun;Sun;Afternoon;High;Drinking Chocolate;Hot chocolate;Sustainably Grown Organic Lg;Lower Manhattan
7.00;2;2;202306;Jun;Sun;Afternoon;Low;Bakery;Biscotti;Ginger Biscotti;Lower Manhattan
22.50;6;6;202306;Jun;Sun;Afternoon;Med;Bakery;Pastry;Almond Croissant;Lower Manhattan
33.75;9;6;202306;Jun;Sun;Afternoon;Med;Coffee;Premium brewed coffee;Jamaican Coffee River Lg;Lower Manhattan
35.20;16;9;202306;Jun;Sun;Afternoon;Med;Coffee;Organic brewed coffee;Brazilian Sm;Lower Manhattan
21.70;7;4;202306;Jun;Sun;Afternoon;Med;Coffee;Premium brewed coffee;Jamaican Coffee River Rg;Hell's Kitchen
37.50;15;8;202306;Jun;Sun;Afternoon;Med;Tea;Brewed herbal tea;Peppermint Rg;Lower Manhattan
21.00;7;4;202306;Jun;Sun;Afternoon;Med;Coffee;Gourmet brewed coffee;Ethiopia Rg;Hell's Kitchen
38.00;8;5;202306;Jun;Sun;Afternoon;Med;Drinking Chocolate;Hot chocolate;Sustainably Grown Organic Lg;Hell's Kitchen
45.00;12;8;202306;Jun;Sun;Afternoon;High;Coffee;Barista Espresso;Latte;Lower Manhattan
21.00;6;3;202306;Jun;Sun;Afternoon;Med;Coffee;Organic brewed coffee;Brazilian Lg;Hell's Kitchen
24.00;8;4;202306;Jun;Sun;Afternoon;Med;Tea;Brewed Chai tea;Traditional Blend Chai Lg;Hell's Kitchen
4.00;2;1;202306;Jun;Sun;Night;Low;Coffee;Gourmet brewed coffee;Columbian Medium Roast Sm;Astoria
10.20;4;2;202306;Jun;Sun;Night;Low;Tea;Brewed Chai tea;Spicy Eye Opener Chai Rg;Hell's Kitchen
18.00;6;5;202306;Jun;Sun;Evening;Low;Tea;Brewed Chai tea;Traditional Blend Chai Lg;Hell's Kitchen
40.00;20;15;202306;Jun;Sun;Evening;Med;Coffee;Drip coffee;Our Old Time Diner Blend Sm;Astoria
19.50;6;6;202306;Jun;Sun;Evening;Low;Bakery;Scone;Ginger Scone;Astoria
69.00;23;15;202306;Jun;Sun;Evening;very high;Coffee;Drip coffee;Our Old Time Diner Blend Lg;Astoria
66.50;14;8;202306;Jun;Sun;Evening;very high;Drinking Chocolate;Hot chocolate;Sustainably Grown Organic Lg;Astoria
26.40;12;10;202306;Jun;Sun;Evening;Med;Coffee;Organic brewed coffee;Brazilian Sm;Astoria
48.75;13;9;202306;Jun;Sun;Evening;High;Coffee;Barista Espresso;Cappuccino;Lower Manhattan
15.00;4;4;202306;Jun;Sun;Evening;Low;Bakery;Scone;Jumbo Savory Scone;Lower Manhattan
75.00;25;16;202306;Jun;Sun;Evening;very high;Coffee;Barista Espresso;Espresso shot;Astoria
41.25;11;9;202306;Jun;Sun;Evening;High;Coffee;Premium brewed coffee;Jamaican Coffee River Lg;Hell's Kitchen
22.00;11;7;202306;Jun;Sun;Evening;Med;Coffee;Gourmet brewed coffee;Columbian Medium Roast Sm;Hell's Kitchen
18.75;5;5;202306;Jun;Sun;Evening;Low;Bakery;Pastry;Almond Croissant;Hell's Kitchen
60.00;24;15;202306;Jun;Sun;Evening;High;Tea;Brewed herbal tea;Peppermint Rg;Astoria
35.00;10;7;202306;Jun;Sun;Evening;Med;Coffee;Organic brewed coffee;Brazilian Lg;Hell's Kitchen
33.25;7;4;202306;Jun;Sun;Evening;Med;Drinking Chocolate;Hot chocolate;Sustainably Grown Organic Lg;Lower Manhattan
36.00;12;7;202306;Jun;Sun;Evening;Med;Tea;Brewed Black tea;English Breakfast Lg;Lower Manhattan
37.50;10;10;202306;Jun;Sun;Evening;Med;Bakery;Pastry;Almond Croissant;Lower Manhattan
32.00;16;11;202306;Jun;Sun;Evening;Med;Coffee;Gourmet brewed coffee;Columbian Medium Roast Sm;Astoria
33.75;9;6;202306;Jun;Sun;Evening;Med;Coffee;Barista Espresso;Latte;Lower Manhattan
76.00;19;14;202306;Jun;Sun;Evening;very high;Tea;Brewed Chai tea;Morning Sunrise Chai Lg;Astoria
21.00;7;4;202306;Jun;Sun;Evening;Med;Coffee;Drip coffee;Our Old Time Diner Blend Lg;Lower Manhattan
42.50;17;11;202306;Jun;Sun;Evening;High;Tea;Brewed Black tea;Earl Grey Rg;Astoria
18.00;6;6;202306;Jun;Sun;Evening;Low;Bakery;Scone;Oatmeal Scone;Astoria
37.50;15;9;202306;Jun;Sun;Evening;Med;Coffee;Drip coffee;Our Old Time Diner Blend Rg;Astoria
35.00;10;7;202306;Jun;Sun;Evening;Med;Coffee;Gourmet brewed coffee;Ethiopia Lg;Astoria
51.00;17;10;202306;Jun;Sun;Evening;High;Tea;Brewed Green tea;Serenity Green Tea Lg;Astoria
60.00;24;17;202306;Jun;Sun;Evening;High;Tea;Brewed Chai tea;Traditional Blend Chai Rg;Astoria
42.00;12;7;202306;Jun;Sun;Evening;High;Drinking Chocolate;Hot chocolate;Dark chocolate Rg;Hell's Kitchen
36.00;9;6;202306;Jun;Sun;Evening;Med;Tea;Brewed Chai tea;Morning Sunrise Chai Lg;Hell's Kitchen
20.00;8;4;202306;Jun;Sun;Evening;Low;Tea;Brewed Black tea;Earl Grey Rg;Lower Manhattan
46.75;11;6;202306;Jun;Sun;Evening;High;Coffee;Barista Espresso;Latte Rg;Lower Manhattan
28.60;13;9;202306;Jun;Sun;Evening;Med;Coffee;Gourmet brewed coffee;Ethiopia Sm;Hell's Kitchen
22.75;7;6;202306;Jun;Sun;Evening;Med;Bakery;Scone;Ginger Scone;Hell's Kitchen
15.00;4;4;202306;Jun;Sun;Evening;Low;Bakery;Scone;Jumbo Savory Scone;Astoria
67.50;15;11;202306;Jun;Sun;Evening;very high;Drinking Chocolate;Hot chocolate;Dark chocolate Lg;Hell's Kitchen
30.00;8;4;202306;Jun;Sun;Evening;Med;Coffee;Barista Espresso;Latte;Hell's Kitchen
26.25;7;5;202306;Jun;Sun;Evening;Med;Coffee;Premium brewed coffee;Jamaican Coffee River Lg;Lower Manhattan
47.40;17;13;202306;Jun;Sun;Evening;High;Coffee;Barista Espresso;Ouro Brasileiro shot;Hell's Kitchen
33.00;11;8;202306;Jun;Sun;Evening;Med;Tea;Brewed Green tea;Serenity Green Tea Lg;Hell's Kitchen
33.00;11;8;202306;Jun;Sun;Evening;Med;Coffee;Gourmet brewed coffee;Ethiopia Rg;Astoria
17.50;7;6;202306;Jun;Sun;Evening;Low;Tea;Brewed herbal tea;Lemon Grass Rg;Lower Manhattan
22.50;9;5;202306;Jun;Sun;Evening;Med;Tea;Brewed herbal tea;Lemon Grass Rg;Astoria
13.50;3;3;202306;Jun;Sun;Evening;Low;Bakery;Scone;Scottish Cream Scone ;Astoria
52.70;17;10;202306;Jun;Sun;Evening;High;Tea;Brewed Chai tea;Spicy Eye Opener Chai Lg;Hell's Kitchen
24.80;8;5;202306;Jun;Sun;Evening;Med;Coffee;Premium brewed coffee;Jamaican Coffee River Rg;Hell's Kitchen
35.20;16;9;202306;Jun;Sun;Evening;Med;Coffee;Organic brewed coffee;Brazilian Sm;Hell's Kitchen
13.00;4;4;202306;Jun;Sun;Evening;Low;Bakery;Scone;Cranberry Scone;Hell's Kitchen
17.50;5;5;202306;Jun;Sun;Evening;Low;Bakery;Biscotti;Chocolate Chip Biscotti;Hell's Kitchen
36.00;12;8;202306;Jun;Sun;Evening;Med;Tea;Brewed herbal tea;Peppermint Lg;Astoria
21.00;7;4;202306;Jun;Sun;Evening;Med;Tea;Brewed herbal tea;Peppermint Lg;Lower Manhattan
10.50;3;3;202306;Jun;Sun;Evening;Low;Bakery;Biscotti;Ginger Biscotti;Lower Manhattan
60.00;16;9;202306;Jun;Sun;Evening;High;Coffee;Barista Espresso;Cappuccino;Astoria
22.05;9;5;202306;Jun;Sun;Evening;Med;Coffee;Premium brewed coffee;Jamaican Coffee River Sm;Lower Manhattan
17.85;7;6;202306;Jun;Sun;Evening;Low;Tea;Brewed Chai tea;Spicy Eye Opener Chai Rg;Astoria
24.00;8;6;202306;Jun;Sun;Evening;Med;Coffee;Drip coffee;Our Old Time Diner Blend Lg;Hell's Kitchen
22.50;6;6;202306;Jun;Sun;Evening;Med;Bakery;Scone;Jumbo Savory Scone;Hell's Kitchen
40.00;16;11;202306;Jun;Sun;Evening;Med;Tea;Brewed Black tea;English Breakfast Rg;Astoria
27.50;11;7;202306;Jun;Sun;Evening;Med;Tea;Brewed Black tea;English Breakfast Rg;Hell's Kitchen
11.00;5;3;202306;Jun;Sun;Evening;Low;Coffee;Gourmet brewed coffee;Ethiopia Sm;Lower Manhattan
26.95;11;7;202306;Jun;Sun;Evening;Med;Coffee;Premium brewed coffee;Jamaican Coffee River Sm;Astoria
20.00;8;7;202306;Jun;Sun;Evening;Low;Tea;Brewed Chai tea;Traditional Blend Chai Rg;Hell's Kitchen
36.00;12;9;202306;Jun;Sun;Evening;Med;Coffee;Organic brewed coffee;Brazilian Rg;Astoria
15.00;6;4;202306;Jun;Sun;Evening;Low;Tea;Brewed Chai tea;Traditional Blend Chai Rg;Lower Manhattan
22.50;9;6;202306;Jun;Sun;Evening;Med;Coffee;Gourmet brewed coffee;Columbian Medium Roast Rg;Lower Manhattan
12.50;5;4;202306;Jun;Sun;Evening;Low;Tea;Brewed Green tea;Serenity Green Tea Rg;Hell's Kitchen
27.00;9;6;202306;Jun;Sun;Evening;Med;Tea;Brewed Black tea;Earl Grey Lg;Astoria
30.00;8;8;202306;Jun;Sun;Evening;Med;Bakery;Pastry;Chocolate Croissant;Astoria
10.20;4;3;202306;Jun;Sun;Evening;Low;Tea;Brewed Chai tea;Spicy Eye Opener Chai Rg;Lower Manhattan
8.00;4;4;202306;Jun;Sun;Evening;Low;Coffee;Drip coffee;Our Old Time Diner Blend Sm;Hell's Kitchen
24.00;12;8;202306;Jun;Sun;Evening;Med;Coffee;Drip coffee;Our Old Time Diner Blend Sm;Lower Manhattan
31.00;10;7;202306;Jun;Sun;Evening;Med;Coffee;Premium brewed coffee;Jamaican Coffee River Rg;Astoria
24.50;7;7;202306;Jun;Sun;Evening;Med;Bakery;Biscotti;Ginger Biscotti;Astoria
31.50;9;5;202306;Jun;Sun;Evening;Med;Coffee;Gourmet brewed coffee;Ethiopia Lg;Hell's Kitchen
20.00;10;7;202306;Jun;Sun;Evening;Low;Coffee;Gourmet brewed coffee;Columbian Medium Roast Sm;Lower Manhattan
42.00;14;8;202306;Jun;Sun;Evening;High;Tea;Brewed herbal tea;Lemon Grass Lg;Astoria
15.00;6;3;202306;Jun;Sun;Evening;Low;Tea;Brewed herbal tea;Peppermint Rg;Lower Manhattan
26.40;12;8;202306;Jun;Sun;Evening;Med;Coffee;Gourmet brewed coffee;Ethiopia Sm;Astoria
19.50;6;6;202306;Jun;Sun;Evening;Low;Bakery;Scone;Cranberry Scone;Astoria
38.50;11;9;202306;Jun;Sun;Evening;Med;Coffee;Organic brewed coffee;Brazilian Lg;Astoria
29.75;7;5;202306;Jun;Sun;Evening;Med;Coffee;Barista Espresso;Latte Rg;Hell's Kitchen
45.00;12;8;202306;Jun;Sun;Evening;High;Coffee;Premium brewed coffee;Jamaican Coffee River Lg;Astoria
15.00;5;5;202306;Jun;Sun;Evening;Low;Bakery;Scone;Oatmeal Scone;Lower Manhattan
63.75;17;11;202306;Jun;Sun;Evening;very high;Drinking Chocolate;Hot chocolate;Sustainably Grown Organic Rg;Hell's Kitchen
63.00;18;13;202306;Jun;Sun;Evening;very high;Drinking Chocolate;Hot chocolate;Dark chocolate Rg;Astoria
14.00;4;4;202306;Jun;Sun;Evening;Low;Bakery;Pastry;Croissant;Astoria
38.25;9;6;202306;Jun;Sun;Evening;Med;Coffee;Barista Espresso;Cappuccino Lg;Astoria
27.00;9;6;202306;Jun;Sun;Evening;Med;Tea;Brewed Chai tea;Traditional Blend Chai Lg;Astoria
22.50;6;6;202306;Jun;Sun;Evening;Med;Bakery;Pastry;Almond Croissant;Astoria
30.00;12;7;202306;Jun;Sun;Evening;Med;Tea;Brewed Green tea;Serenity Green Tea Rg;Astoria
12.00;4;3;202306;Jun;Sun;Evening;Low;Tea;Brewed Black tea;English Breakfast Lg;Hell's Kitchen
42.00;12;8;202306;Jun;Sun;Evening;High;Coffee;Organic brewed coffee;Brazilian Lg;Lower Manhattan
17.15;7;4;202306;Jun;Sun;Evening;Low;Coffee;Premium brewed coffee;Jamaican Coffee River Sm;Hell's Kitchen
27.00;9;5;202306;Jun;Sun;Evening;Med;Coffee;Organic brewed coffee;Brazilian Rg;Lower Manhattan
21.00;6;6;202306;Jun;Sun;Evening;Med;Bakery;Pastry;Croissant;Lower Manhattan
21.00;7;5;202306;Jun;Sun;Evening;Med;Tea;Brewed herbal tea;Peppermint Lg;Hell's Kitchen
40.50;9;6;202306;Jun;Sun;Evening;very high;Drinking Chocolate;Hot chocolate;Dark chocolate Lg;Astoria
18.00;4;2;202306;Jun;Sun;Evening;Low;Drinking Chocolate;Hot chocolate;Dark chocolate Lg;Lower Manhattan
24.00;8;4;202306;Jun;Sun;Evening;Med;Tea;Brewed Black tea;Earl Grey Lg;Lower Manhattan
63.75;15;9;202306;Jun;Sun;Evening;very high;Coffee;Barista Espresso;Latte Rg;Astoria
48.00;16;11;202306;Jun;Sun;Evening;High;Tea;Brewed Black tea;English Breakfast Lg;Astoria
10.00;4;4;202306;Jun;Sun;Evening;Low;Coffee;Gourmet brewed coffee;Columbian Medium Roast Rg;Hell's Kitchen
42.00;12;8;202306;Jun;Sun;Evening;High;Drinking Chocolate;Hot chocolate;Dark chocolate Rg;Lower Manhattan
7.50;2;2;202306;Jun;Sun;Evening;Low;Bakery;Pastry;Chocolate Croissant;Lower Manhattan
21.00;7;4;202306;Jun;Sun;Evening;Med;Coffee;Gourmet brewed coffee;Ethiopia Rg;Lower Manhattan
6.50;2;2;202306;Jun;Sun;Evening;Low;Bakery;Scone;Cranberry Scone;Lower Manhattan
20.00;8;7;202306;Jun;Sun;Evening;Low;Tea;Brewed Chai tea;Morning Sunrise Chai Rg;Astoria
27.50;11;6;202306;Jun;Sun;Evening;Med;Tea;Brewed Black tea;Earl Grey Rg;Hell's Kitchen
22.75;7;7;202306;Jun;Sun;Evening;Med;Bakery;Biscotti;Hazelnut Biscotti;Astoria
12.50;5;4;202306;Jun;Sun;Evening;Low;Tea;Brewed herbal tea;Lemon Grass Rg;Hell's Kitchen
6.00;2;2;202306;Jun;Sun;Evening;Low;Coffee;Barista Espresso;Ouro Brasileiro shot;Lower Manhattan
45.00;15;8;202306;Jun;Sun;Evening;High;Coffee;Gourmet brewed coffee;Columbian Medium Roast Lg;Astoria
17.00;4;3;202306;Jun;Sun;Evening;Low;Coffee;Barista Espresso;Cappuccino Lg;Lower Manhattan
27.00;9;6;202306;Jun;Sun;Evening;Med;Tea;Brewed Black tea;Earl Grey Lg;Hell's Kitchen
30.00;12;7;202306;Jun;Sun;Evening;Med;Tea;Brewed Chai tea;Morning Sunrise Chai Rg;Hell's Kitchen
35.70;14;9;202306;Jun;Sun;Evening;Med;Tea;Brewed Chai tea;Spicy Eye Opener Chai Rg;Hell's Kitchen
7.50;3;2;202306;Jun;Sun;Evening;Low;Tea;Brewed Green tea;Serenity Green Tea Rg;Lower Manhattan
18.00;6;5;202306;Jun;Sun;Evening;Low;Coffee;Barista Espresso;Espresso shot;Lower Manhattan
18.60;6;3;202306;Jun;Sun;Evening;Low;Coffee;Premium brewed coffee;Jamaican Coffee River Rg;Lower Manhattan
9.75;3;3;202306;Jun;Sun;Evening;Low;Bakery;Biscotti;Hazelnut Biscotti;Lower Manhattan
26.25;7;5;202306;Jun;Sun;Evening;Med;Drinking Chocolate;Hot chocolate;Sustainably Grown Organic Rg;Astoria
20.00;5;3;202306;Jun;Sun;Evening;Low;Tea;Brewed Chai tea;Morning Sunrise Chai Lg;Lower Manhattan
33.00;11;7;202306;Jun;Sun;Evening;Med;Coffee;Organic brewed coffee;Brazilian Rg;Hell's Kitchen
25.50;6;3;202306;Jun;Sun;Evening;Med;Coffee;Barista Espresso;Cappuccino Lg;Hell's Kitchen
15.00;6;4;202306;Jun;Sun;Evening;Low;Tea;Brewed herbal tea;Peppermint Rg;Hell's Kitchen
9.75;3;3;202306;Jun;Sun;Evening;Low;Bakery;Biscotti;Hazelnut Biscotti;Hell's Kitchen
40.00;16;10;202306;Jun;Sun;Evening;Med;Coffee;Drip coffee;Our Old Time Diner Blend Rg;Hell's Kitchen
9.00;2;2;202306;Jun;Sun;Evening;Low;Bakery;Scone;Scottish Cream Scone ;Hell's Kitchen
55.80;18;11;202306;Jun;Sun;Evening;High;Tea;Brewed Chai tea;Spicy Eye Opener Chai Lg;Astoria
33.00;11;7;202306;Jun;Sun;Evening;Med;Coffee;Barista Espresso;Espresso shot;Hell's Kitchen
33.75;9;7;202306;Jun;Sun;Evening;Med;Coffee;Barista Espresso;Latte;Astoria
37.50;10;6;202306;Jun;Sun;Evening;Med;Coffee;Barista Espresso;Cappuccino;Hell's Kitchen
17.50;5;5;202306;Jun;Sun;Evening;Low;Bakery;Biscotti;Ginger Biscotti;Hell's Kitchen
81.00;27;17;202306;Jun;Mon;Morning;very high;Coffee;Barista Espresso;Espresso shot;Lower Manhattan
69.60;25;13;202306;Jun;Mon;Morning;very high;Coffee;Barista Espresso;Ouro Brasileiro shot;Lower Manhattan
60.00;15;11;202306;Jun;Mon;Morning;High;Tea;Brewed Chai tea;Morning Sunrise Chai Lg;Lower Manhattan
120.00;40;24;202306;Jun;Mon;Morning;very high;Tea;Brewed herbal tea;Peppermint Lg;Lower Manhattan
63.00;21;11;202306;Jun;Mon;Morning;very high;Tea;Brewed Black tea;Earl Grey Lg;Lower Manhattan
111.00;37;24;202306;Jun;Mon;Morning;very high;Tea;Brewed Black tea;English Breakfast Lg;Lower Manhattan
68.20;31;17;202306;Jun;Mon;Morning;very high;Coffee;Gourmet brewed coffee;Ethiopia Sm;Lower Manhattan
131.25;35;23;202306;Jun;Mon;Morning;very high;Coffee;Premium brewed coffee;Jamaican Coffee River Lg;Lower Manhattan
46.20;21;13;202306;Jun;Mon;Morning;High;Coffee;Organic brewed coffee;Brazilian Sm;Lower Manhattan
97.50;26;17;202306;Jun;Mon;Morning;very high;Drinking Chocolate;Hot chocolate;Sustainably Grown Organic Rg;Lower Manhattan
56.00;16;16;202306;Jun;Mon;Morning;High;Bakery;Pastry;Croissant;Lower Manhattan
97.75;23;15;202306;Jun;Mon;Morning;very high;Coffee;Barista Espresso;Cappuccino Lg;Lower Manhattan
103.50;23;14;202306;Jun;Mon;Morning;very high;Drinking Chocolate;Hot chocolate;Dark chocolate Lg;Lower Manhattan
33.00;11;8;202306;Jun;Mon;Morning;Med;Coffee;Gourmet brewed coffee;Columbian Medium Roast Lg;Lower Manhattan
77.50;31;21;202306;Jun;Mon;Morning;very high;Tea;Brewed Chai tea;Traditional Blend Chai Rg;Lower Manhattan
41.25;11;11;202306;Jun;Mon;Morning;High;Bakery;Pastry;Almond Croissant;Lower Manhattan
82.50;33;20;202306;Jun;Mon;Morning;very high;Tea;Brewed Black tea;English Breakfast Rg;Lower Manhattan
66.00;22;15;202306;Jun;Mon;Morning;very high;Tea;Brewed Chai tea;Traditional Blend Chai Lg;Lower Manhattan
75.00;25;16;202306;Jun;Mon;Morning;very high;Tea;Brewed Black tea;Earl Grey Lg;Hell's Kitchen
62.00;20;12;202306;Jun;Mon;Morning;very high;Coffee;Premium brewed coffee;Jamaican Coffee River Rg;Lower Manhattan
62.50;25;15;202306;Jun;Mon;Morning;very high;Tea;Brewed Chai tea;Morning Sunrise Chai Rg;Lower Manhattan
45.50;14;14;202306;Jun;Mon;Morning;High;Bakery;Scone;Cranberry Scone;Lower Manhattan
73.50;21;13;202306;Jun;Mon;Morning;very high;Coffee;Gourmet brewed coffee;Ethiopia Lg;Lower Manhattan
70.00;28;17;202306;Jun;Mon;Morning;very high;Coffee;Drip coffee;Our Old Time Diner Blend Rg;Hell's Kitchen
69.00;23;14;202306;Jun;Mon;Morning;very high;Coffee;Barista Espresso;Espresso shot;Hell's Kitchen
52.00;16;16;202306;Jun;Mon;Morning;High;Bakery;Scone;Cranberry Scone;Hell's Kitchen
51.45;21;14;202306;Jun;Mon;Morning;High;Coffee;Premium brewed coffee;Jamaican Coffee River Sm;Hell's Kitchen
165.75;39;25;202306;Jun;Mon;Morning;very high;Coffee;Barista Espresso;Latte Rg;Hell's Kitchen
63.75;17;12;202306;Jun;Mon;Morning;very high;Coffee;Barista Espresso;Latte;Lower Manhattan
52.50;14;14;202306;Jun;Mon;Morning;High;Bakery;Pastry;Chocolate Croissant;Lower Manhattan
153.00;34;22;202306;Jun;Mon;Morning;very high;Drinking Chocolate;Hot chocolate;Dark chocolate Lg;Hell's Kitchen
41.25;11;11;202306;Jun;Mon;Morning;High;Bakery;Pastry;Almond Croissant;Hell's Kitchen
71.25;19;14;202306;Jun;Mon;Morning;very high;Drinking Chocolate;Hot chocolate;Sustainably Grown Organic Rg;Hell's Kitchen
75.00;25;13;202306;Jun;Mon;Morning;very high;Coffee;Organic brewed coffee;Brazilian Rg;Lower Manhattan
63.00;18;18;202306;Jun;Mon;Morning;very high;Bakery;Biscotti;Chocolate Chip Biscotti;Lower Manhattan
35.00;14;10;202306;Jun;Mon;Morning;Med;Tea;Brewed herbal tea;Lemon Grass Rg;Lower Manhattan
58.65;23;14;202306;Jun;Mon;Morning;High;Tea;Brewed Chai tea;Spicy Eye Opener Chai Rg;Hell's Kitchen
90.00;36;20;202306;Jun;Mon;Morning;very high;Coffee;Gourmet brewed coffee;Columbian Medium Roast Rg;Lower Manhattan
42.50;17;12;202306;Jun;Mon;Morning;High;Tea;Brewed Chai tea;Morning Sunrise Chai Rg;Hell's Kitchen
60.00;20;9;202306;Jun;Mon;Morning;High;Tea;Brewed Green tea;Serenity Green Tea Lg;Lower Manhattan
105.00;35;23;202306;Jun;Mon;Morning;very high;Tea;Brewed Black tea;English Breakfast Lg;Hell's Kitchen
87.00;29;19;202306;Jun;Mon;Morning;very high;Coffee;Organic brewed coffee;Brazilian Rg;Hell's Kitchen
81.00;27;17;202306;Jun;Mon;Morning;very high;Tea;Brewed Green tea;Serenity Green Tea Lg;Hell's Kitchen
97.75;23;16;202306;Jun;Mon;Morning;very high;Coffee;Barista Espresso;Latte Rg;Lower Manhattan
50.00;25;18;202306;Jun;Mon;Morning;High;Coffee;Drip coffee;Our Old Time Diner Blend Sm;Hell's Kitchen
60.00;24;16;202306;Jun;Mon;Morning;High;Tea;Brewed Black tea;Earl Grey Rg;Lower Manhattan
72.00;24;17;202306;Jun;Mon;Morning;very high;Coffee;Drip coffee;Our Old Time Diner Blend Lg;Hell's Kitchen
22.00;11;7;202306;Jun;Mon;Morning;Med;Coffee;Gourmet brewed coffee;Columbian Medium Roast Sm;Hell's Kitchen
42.00;21;12;202306;Jun;Mon;Morning;High;Coffee;Gourmet brewed coffee;Columbian Medium Roast Sm;Lower Manhattan
41.65;17;12;202306;Jun;Mon;Morning;High;Coffee;Premium brewed coffee;Jamaican Coffee River Sm;Lower Manhattan
24.00;8;8;202306;Jun;Mon;Morning;Med;Bakery;Scone;Oatmeal Scone;Lower Manhattan
76.00;16;11;202306;Jun;Mon;Morning;very high;Drinking Chocolate;Hot chocolate;Sustainably Grown Organic Lg;Lower Manhattan
48.00;16;12;202306;Jun;Mon;Morning;High;Coffee;Drip coffee;Our Old Time Diner Blend Lg;Lower Manhattan
55.00;22;16;202306;Jun;Mon;Morning;High;Coffee;Gourmet brewed coffee;Columbian Medium Roast Rg;Hell's Kitchen
67.90;22;18;202306;Jun;Mon;Morning;very high;Bakery;Scone;Ginger Scone;Lower Manhattan
48.45;19;13;202306;Jun;Mon;Morning;High;Tea;Brewed Chai tea;Spicy Eye Opener Chai Rg;Lower Manhattan
26.00;8;8;202306;Jun;Mon;Morning;Med;Bakery;Biscotti;Hazelnut Biscotti;Lower Manhattan
98.00;28;20;202306;Jun;Mon;Morning;very high;Drinking Chocolate;Hot chocolate;Dark chocolate Rg;Hell's Kitchen
93.75;25;17;202306;Jun;Mon;Morning;very high;Coffee;Barista Espresso;Latte;Hell's Kitchen
62.00;20;16;202306;Jun;Mon;Morning;very high;Tea;Brewed Chai tea;Spicy Eye Opener Chai Lg;Hell's Kitchen
55.25;17;15;202306;Jun;Mon;Morning;High;Bakery;Scone;Ginger Scone;Hell's Kitchen
67.50;27;17;202306;Jun;Mon;Morning;very high;Tea;Brewed herbal tea;Peppermint Rg;Hell's Kitchen
60.00;20;12;202306;Jun;Mon;Morning;High;Tea;Brewed herbal tea;Peppermint Lg;Hell's Kitchen
51.00;17;12;202306;Jun;Mon;Morning;High;Coffee;Gourmet brewed coffee;Ethiopia Rg;Lower Manhattan
43.40;14;12;202306;Jun;Mon;Morning;High;Coffee;Premium brewed coffee;Jamaican Coffee River Rg;Hell's Kitchen
42.00;12;12;202306;Jun;Mon;Morning;High;Bakery;Biscotti;Ginger Biscotti;Hell's Kitchen
41.80;19;13;202306;Jun;Mon;Morning;High;Coffee;Organic brewed coffee;Brazilian Sm;Hell's Kitchen
50.60;23;15;202306;Jun;Mon;Morning;High;Coffee;Gourmet brewed coffee;Ethiopia Sm;Hell's Kitchen
37.50;15;11;202306;Jun;Mon;Morning;Med;Tea;Brewed Chai tea;Traditional Blend Chai Rg;Hell's Kitchen
65.00;26;18;202306;Jun;Mon;Morning;very high;Tea;Brewed Green tea;Serenity Green Tea Rg;Hell's Kitchen
71.25;19;19;202306;Jun;Mon;Morning;very high;Bakery;Pastry;Chocolate Croissant;Hell's Kitchen
80.50;23;23;202306;Jun;Mon;Morning;very high;Bakery;Pastry;Croissant;Hell's Kitchen
66.50;19;11;202306;Jun;Mon;Morning;very high;Drinking Chocolate;Hot chocolate;Dark chocolate Rg;Lower Manhattan
38.50;11;11;202306;Jun;Mon;Morning;Med;Bakery;Biscotti;Ginger Biscotti;Lower Manhattan
55.00;22;13;202306;Jun;Mon;Morning;High;Tea;Brewed Black tea;English Breakfast Rg;Hell's Kitchen
31.00;10;7;202306;Jun;Mon;Morning;Med;Tea;Brewed Chai tea;Spicy Eye Opener Chai Lg;Lower Manhattan
96.00;32;24;202306;Jun;Mon;Morning;very high;Tea;Brewed herbal tea;Lemon Grass Lg;Hell's Kitchen
86.25;23;15;202306;Jun;Mon;Morning;very high;Coffee;Premium brewed coffee;Jamaican Coffee River Lg;Hell's Kitchen
72.00;24;16;202306;Jun;Mon;Morning;very high;Coffee;Gourmet brewed coffee;Ethiopia Rg;Hell's Kitchen
82.50;22;15;202306;Jun;Mon;Morning;very high;Coffee;Barista Espresso;Cappuccino;Hell's Kitchen
42.00;14;8;202306;Jun;Mon;Morning;High;Tea;Brewed herbal tea;Lemon Grass Lg;Lower Manhattan
75.00;30;18;202306;Jun;Mon;Morning;very high;Tea;Brewed herbal tea;Peppermint Rg;Lower Manhattan
87.50;25;15;202306;Jun;Mon;Morning;very high;Coffee;Organic brewed coffee;Brazilian Lg;Lower Manhattan
67.50;18;12;202306;Jun;Mon;Morning;very high;Coffee;Barista Espresso;Cappuccino;Lower Manhattan
48.00;24;17;202306;Jun;Mon;Morning;High;Coffee;Drip coffee;Our Old Time Diner Blend Sm;Lower Manhattan
32.50;10;10;202306;Jun;Sat;Morning;Med;Bakery;Scone;Cranberry Scone;Lower Manhattan
71.25;15;11;202306;Jun;Sat;Morning;very high;Drinking Chocolate;Hot chocolate;Sustainably Grown Organic Lg;Lower Manhattan
66.00;22;14;202306;Jun;Sat;Morning;very high;Tea;Brewed herbal tea;Lemon Grass Lg;Astoria
36.00;12;9;202306;Jun;Sat;Evening;Med;Coffee;Drip coffee;Our Old Time Diner Blend Lg;Hell's Kitchen
22.50;9;6;202306;Jun;Sat;Evening;Med;Coffee;Drip coffee;Our Old Time Diner Blend Rg;Lower Manhattan
9.30;3;2;202306;Jun;Sat;Evening;Low;Coffee;Premium brewed coffee;Jamaican Coffee River Rg;Lower Manhattan
80.00;20;13;202306;Jun;Sun;Morning;very high;Tea;Brewed Chai tea;Morning Sunrise Chai Lg;Hell's Kitchen
21.00;6;6;202306;Jun;Sun;Afternoon;Med;Bakery;Biscotti;Ginger Biscotti;Astoria
10.50;3;3;202306;Jun;Sun;Evening;Low;Bakery;Pastry;Croissant;Hell's Kitchen
17.50;5;5;202306;Jun;Sun;Evening;Low;Bakery;Biscotti;Chocolate Chip Biscotti;Lower Manhattan
45.00;15;12;202306;Jun;Mon;Morning;High;Tea;Brewed Chai tea;Traditional Blend Chai Lg;Hell's Kitchen
84.00;21;15;202306;Jun;Mon;Morning;very high;Tea;Brewed Chai tea;Morning Sunrise Chai Lg;Hell's Kitchen
62.50;25;13;202306;Jun;Mon;Morning;very high;Coffee;Drip coffee;Our Old Time Diner Blend Rg;Lower Manhattan
59.50;17;11;202306;Jun;Mon;Morning;High;Drinking Chocolate;Hot chocolate;Dark chocolate Rg;Astoria
104.50;22;18;202306;Jun;Mon;Morning;very high;Drinking Chocolate;Hot chocolate;Sustainably Grown Organic Lg;Hell's Kitchen
61.25;25;17;202306;Jun;Mon;Morning;very high;Coffee;Premium brewed coffee;Jamaican Coffee River Sm;Astoria
60.00;20;12;202306;Jun;Mon;Morning;High;Coffee;Organic brewed coffee;Brazilian Rg;Astoria
89.90;29;19;202306;Jun;Mon;Morning;very high;Coffee;Premium brewed coffee;Jamaican Coffee River Rg;Astoria
105.00;28;18;202306;Jun;Mon;Morning;very high;Coffee;Premium brewed coffee;Jamaican Coffee River Lg;Astoria
89.25;21;13;202306;Jun;Mon;Morning;very high;Coffee;Barista Espresso;Latte Rg;Astoria
67.50;27;18;202306;Jun;Mon;Morning;very high;Coffee;Gourmet brewed coffee;Columbian Medium Roast Rg;Astoria
77.00;35;23;202306;Jun;Mon;Morning;very high;Coffee;Gourmet brewed coffee;Ethiopia Sm;Astoria
33.00;11;8;202306;Jun;Mon;Morning;Med;Tea;Brewed Black tea;English Breakfast Lg;Astoria
60.00;20;13;202306;Jun;Mon;Morning;High;Coffee;Gourmet brewed coffee;Columbian Medium Roast Lg;Astoria
30.60;12;9;202306;Jun;Mon;Morning;Med;Tea;Brewed Chai tea;Spicy Eye Opener Chai Rg;Astoria
48.75;13;13;202306;Jun;Mon;Morning;High;Bakery;Pastry;Chocolate Croissant;Astoria
42.00;21;13;202306;Jun;Mon;Morning;High;Coffee;Drip coffee;Our Old Time Diner Blend Sm;Astoria
90.00;36;21;202306;Jun;Mon;Morning;very high;Tea;Brewed Black tea;Earl Grey Rg;Astoria
80.75;19;12;202306;Jun;Mon;Morning;very high;Coffee;Barista Espresso;Cappuccino Lg;Hell's Kitchen
57.50;23;14;202306;Jun;Mon;Morning;High;Tea;Brewed Chai tea;Morning Sunrise Chai Rg;Astoria
80.00;32;16;202306;Jun;Mon;Morning;very high;Tea;Brewed Green tea;Serenity Green Tea Rg;Lower Manhattan
26.00;8;8;202306;Jun;Mon;Morning;Med;Bakery;Scone;Ginger Scone;Astoria
78.75;21;14;202306;Jun;Mon;Morning;very high;Drinking Chocolate;Hot chocolate;Sustainably Grown Organic Rg;Astoria
45.00;10;10;202306;Jun;Mon;Morning;High;Bakery;Scone;Scottish Cream Scone ;Lower Manhattan
57.00;19;13;202306;Jun;Mon;Morning;High;Coffee;Gourmet brewed coffee;Ethiopia Rg;Astoria
66.00;22;16;202306;Jun;Mon;Morning;very high;Coffee;Drip coffee;Our Old Time Diner Blend Lg;Astoria
24.50;7;7;202306;Jun;Mon;Morning;Med;Bakery;Biscotti;Ginger Biscotti;Astoria
49.00;14;9;202306;Jun;Mon;Morning;High;Coffee;Gourmet brewed coffee;Ethiopia Lg;Astoria
94.50;27;16;202306;Jun;Mon;Morning;very high;Coffee;Organic brewed coffee;Brazilian Lg;Astoria
38.00;19;14;202306;Jun;Mon;Morning;Med;Coffee;Gourmet brewed coffee;Columbian Medium Roast Sm;Astoria
30.00;10;7;202306;Jun;Mon;Morning;Med;Tea;Brewed herbal tea;Lemon Grass Lg;Astoria
29.25;9;9;202306;Jun;Mon;Morning;Med;Bakery;Biscotti;Hazelnut Biscotti;Astoria
38.50;11;11;202306;Jun;Mon;Morning;Med;Bakery;Biscotti;Chocolate Chip Biscotti;Astoria
44.00;22;12;202306;Jun;Mon;Afternoon;High;Coffee;Gourmet brewed coffee;Columbian Medium Roast Sm;Astoria
17.50;7;4;202306;Jun;Mon;Afternoon;Low;Tea;Brewed herbal tea;Peppermint Rg;Lower Manhattan
48.00;16;12;202306;Jun;Mon;Afternoon;High;Tea;Brewed herbal tea;Peppermint Lg;Astoria
66.50;14;8;202306;Jun;Mon;Afternoon;very high;Drinking Chocolate;Hot chocolate;Sustainably Grown Organic Lg;Hell's Kitchen
75.00;20;14;202306;Jun;Mon;Afternoon;very high;Coffee;Barista Espresso;Latte;Astoria
34.30;14;8;202306;Jun;Mon;Afternoon;Med;Coffee;Premium brewed coffee;Jamaican Coffee River Sm;Hell's Kitchen
47.50;19;15;202306;Jun;Mon;Afternoon;High;Tea;Brewed Green tea;Serenity Green Tea Rg;Astoria
51.00;17;11;202306;Jun;Mon;Afternoon;High;Coffee;Barista Espresso;Espresso shot;Astoria
36.00;12;12;202306;Jun;Mon;Afternoon;Med;Bakery;Scone;Oatmeal Scone;Astoria
27.50;11;7;202306;Jun;Mon;Afternoon;Med;Tea;Brewed Black tea;English Breakfast Rg;Lower Manhattan
40.00;10;7;202306;Jun;Mon;Afternoon;Med;Tea;Brewed Chai tea;Morning Sunrise Chai Lg;Astoria
24.80;8;5;202306;Jun;Mon;Afternoon;Med;Coffee;Premium brewed coffee;Jamaican Coffee River Rg;Lower Manhattan
46.75;11;6;202306;Jun;Mon;Afternoon;High;Coffee;Barista Espresso;Cappuccino Lg;Astoria
25.00;10;6;202306;Jun;Mon;Afternoon;Med;Tea;Brewed Chai tea;Traditional Blend Chai Rg;Astoria
46.20;21;13;202306;Jun;Mon;Afternoon;High;Coffee;Organic brewed coffee;Brazilian Sm;Astoria
22.00;11;8;202306;Jun;Mon;Afternoon;Med;Coffee;Drip coffee;Our Old Time Diner Blend Sm;Astoria
39.00;13;10;202306;Jun;Mon;Afternoon;Med;Tea;Brewed Green tea;Serenity Green Tea Lg;Astoria
25.00;10;6;202306;Jun;Mon;Afternoon;Med;Tea;Brewed Black tea;Earl Grey Rg;Astoria
20.00;8;6;202306;Jun;Mon;Afternoon;Low;Tea;Brewed Black tea;English Breakfast Rg;Astoria
17.50;5;5;202306;Jun;Mon;Afternoon;Low;Bakery;Pastry;Croissant;Astoria
17.15;7;6;202306;Jun;Mon;Afternoon;Low;Coffee;Premium brewed coffee;Jamaican Coffee River Sm;Astoria
101.25;27;19;202306;Jun;Mon;Afternoon;very high;Coffee;Premium brewed coffee;Jamaican Coffee River Lg;Astoria
42.00;14;9;202306;Jun;Mon;Afternoon;High;Coffee;Organic brewed coffee;Brazilian Rg;Astoria
45.00;15;9;202306;Jun;Mon;Afternoon;High;Coffee;Gourmet brewed coffee;Columbian Medium Roast Lg;Lower Manhattan
35.70;14;8;202306;Jun;Mon;Afternoon;Med;Tea;Brewed Chai tea;Spicy Eye Opener Chai Rg;Lower Manhattan
34.10;11;10;202306;Jun;Mon;Afternoon;Med;Tea;Brewed Chai tea;Spicy Eye Opener Chai Lg;Astoria
66.50;19;13;202306;Jun;Mon;Afternoon;very high;Coffee;Gourmet brewed coffee;Ethiopia Lg;Astoria
27.00;9;4;202306;Jun;Mon;Afternoon;Med;Tea;Brewed herbal tea;Lemon Grass Lg;Lower Manhattan
67.50;15;9;202306;Jun;Mon;Afternoon;very high;Drinking Chocolate;Hot chocolate;Dark chocolate Lg;Astoria
35.00;10;6;202306;Jun;Mon;Afternoon;Med;Drinking Chocolate;Hot chocolate;Dark chocolate Rg;Astoria
33.75;9;9;202306;Jun;Mon;Afternoon;Med;Bakery;Scone;Jumbo Savory Scone;Astoria
45.90;18;12;202306;Jun;Mon;Afternoon;High;Tea;Brewed Chai tea;Spicy Eye Opener Chai Rg;Hell's Kitchen
14.00;7;4;202306;Jun;Mon;Afternoon;Low;Coffee;Drip coffee;Our Old Time Diner Blend Sm;Hell's Kitchen
45.50;13;6;202306;Jun;Mon;Afternoon;High;Coffee;Organic brewed coffee;Brazilian Lg;Lower Manhattan
36.00;8;5;202306;Jun;Mon;Afternoon;Med;Drinking Chocolate;Hot chocolate;Dark chocolate Lg;Hell's Kitchen
50.00;20;13;202306;Jun;Mon;Afternoon;High;Coffee;Gourmet brewed coffee;Columbian Medium Roast Rg;Lower Manhattan
36.00;9;6;202306;Jun;Mon;Afternoon;Med;Tea;Brewed Chai tea;Morning Sunrise Chai Lg;Hell's Kitchen
37.50;15;10;202306;Jun;Mon;Afternoon;Med;Tea;Brewed herbal tea;Peppermint Rg;Hell's Kitchen
30.00;10;8;202306;Jun;Mon;Afternoon;Med;Coffee;Gourmet brewed coffee;Ethiopia Rg;Lower Manhattan
22.75;7;7;202306;Jun;Mon;Afternoon;Med;Bakery;Scone;Cranberry Scone;Astoria
51.00;12;9;202306;Jun;Mon;Afternoon;High;Coffee;Barista Espresso;Cappuccino Lg;Lower Manhattan
24.50;7;7;202306;Jun;Mon;Afternoon;Med;Bakery;Biscotti;Chocolate Chip Biscotti;Lower Manhattan
18.00;6;3;202306;Jun;Mon;Afternoon;Low;Coffee;Gourmet brewed coffee;Ethiopia Rg;Hell's Kitchen
18.75;5;3;202306;Jun;Mon;Afternoon;Low;Coffee;Premium brewed coffee;Jamaican Coffee River Lg;Hell's Kitchen
36.00;12;7;202306;Jun;Mon;Afternoon;Med;Tea;Brewed herbal tea;Lemon Grass Lg;Hell's Kitchen
24.20;11;7;202306;Jun;Mon;Afternoon;Med;Coffee;Gourmet brewed coffee;Ethiopia Sm;Astoria
22.00;10;6;202306;Jun;Mon;Afternoon;Med;Coffee;Organic brewed coffee;Brazilian Sm;Lower Manhattan
66.50;19;12;202306;Jun;Mon;Afternoon;very high;Coffee;Organic brewed coffee;Brazilian Lg;Astoria
27.50;11;8;202306;Jun;Mon;Afternoon;Med;Tea;Brewed Black tea;Earl Grey Rg;Lower Manhattan
28.00;8;8;202306;Jun;Mon;Afternoon;Med;Bakery;Pastry;Croissant;Lower Manhattan
67.50;15;10;202306;Jun;Mon;Afternoon;very high;Drinking Chocolate;Hot chocolate;Dark chocolate Lg;Lower Manhattan
48.75;13;13;202306;Jun;Mon;Afternoon;High;Bakery;Scone;Jumbo Savory Scone;Lower Manhattan
25.00;10;7;202306;Jun;Mon;Afternoon;Med;Tea;Brewed Chai tea;Morning Sunrise Chai Rg;Astoria
45.00;15;9;202306;Jun;Mon;Afternoon;High;Coffee;Barista Espresso;Espresso shot;Hell's Kitchen
52.50;21;14;202306;Jun;Mon;Afternoon;High;Tea;Brewed herbal tea;Peppermint Rg;Astoria
13.00;4;4;202306;Jun;Mon;Afternoon;Low;Bakery;Biscotti;Hazelnut Biscotti;Astoria
38.00;8;4;202306;Jun;Mon;Afternoon;Med;Drinking Chocolate;Hot chocolate;Sustainably Grown Organic Lg;Lower Manhattan
39.00;13;10;202306;Jun;Mon;Afternoon;Med;Tea;Brewed Black tea;English Breakfast Lg;Astoria
42.50;17;11;202306;Jun;Mon;Afternoon;High;Coffee;Drip coffee;Our Old Time Diner Blend Rg;Astoria
34.00;17;9;202306;Jun;Mon;Afternoon;Med;Coffee;Gourmet brewed coffee;Columbian Medium Roast Sm;Lower Manhattan
30.00;10;6;202306;Jun;Mon;Afternoon;Med;Tea;Brewed herbal tea;Lemon Grass Lg;Astoria
30.00;10;6;202306;Jun;Mon;Afternoon;Med;Tea;Brewed herbal tea;Peppermint Lg;Lower Manhattan
22.50;5;5;202306;Jun;Mon;Afternoon;Med;Bakery;Scone;Scottish Cream Scone ;Lower Manhattan
56.25;15;10;202306;Jun;Mon;Afternoon;High;Drinking Chocolate;Hot chocolate;Sustainably Grown Organic Rg;Lower Manhattan
19.50;6;6;202306;Jun;Mon;Afternoon;Low;Bakery;Biscotti;Hazelnut Biscotti;Lower Manhattan
37.50;15;10;202306;Jun;Mon;Afternoon;Med;Tea;Brewed Green tea;Serenity Green Tea Rg;Hell's Kitchen
46.50;15;9;202306;Jun;Mon;Afternoon;High;Coffee;Premium brewed coffee;Jamaican Coffee River Rg;Astoria
44.70;17;14;202306;Jun;Mon;Afternoon;High;Coffee;Barista Espresso;Ouro Brasileiro shot;Hell's Kitchen
16.25;5;5;202306;Jun;Mon;Afternoon;Low;Bakery;Biscotti;Hazelnut Biscotti;Hell's Kitchen
24.00;8;5;202306;Jun;Mon;Afternoon;Med;Tea;Brewed herbal tea;Peppermint Lg;Hell's Kitchen
51.00;17;11;202306;Jun;Mon;Afternoon;High;Tea;Brewed Black tea;Earl Grey Lg;Astoria
24.00;8;6;202306;Jun;Mon;Afternoon;Med;Tea;Brewed Black tea;Earl Grey Lg;Hell's Kitchen
60.00;16;11;202306;Jun;Mon;Afternoon;High;Coffee;Premium brewed coffee;Jamaican Coffee River Lg;Lower Manhattan
16.00;8;6;202306;Jun;Mon;Afternoon;Low;Coffee;Gourmet brewed coffee;Columbian Medium Roast Sm;Hell's Kitchen
45.00;15;10;202306;Jun;Mon;Afternoon;High;Coffee;Gourmet brewed coffee;Ethiopia Rg;Astoria
25.00;10;7;202306;Jun;Mon;Afternoon;Med;Tea;Brewed Black tea;English Breakfast Rg;Hell's Kitchen
40.45;13;11;202306;Jun;Mon;Afternoon;very high;Bakery;Scone;Ginger Scone;Lower Manhattan
47.50;19;12;202306;Jun;Mon;Afternoon;High;Tea;Brewed herbal tea;Lemon Grass Rg;Astoria
37.50;15;10;202306;Jun;Mon;Afternoon;Med;Tea;Brewed Chai tea;Morning Sunrise Chai Rg;Hell's Kitchen
38.50;11;11;202306;Jun;Mon;Afternoon;Med;Bakery;Biscotti;Chocolate Chip Biscotti;Astoria
54.30;19;11;202306;Jun;Mon;Afternoon;High;Coffee;Barista Espresso;Ouro Brasileiro shot;Lower Manhattan
71.25;19;13;202306;Jun;Mon;Afternoon;very high;Drinking Chocolate;Hot chocolate;Sustainably Grown Organic Rg;Astoria
15.00;5;5;202306;Jun;Mon;Afternoon;Low;Tea;Brewed Chai tea;Traditional Blend Chai Lg;Hell's Kitchen
37.50;15;8;202306;Jun;Mon;Afternoon;Med;Tea;Brewed Black tea;Earl Grey Rg;Hell's Kitchen
62.00;20;14;202306;Jun;Mon;Afternoon;very high;Tea;Brewed Chai tea;Spicy Eye Opener Chai Lg;Hell's Kitchen
71.25;15;10;202306;Jun;Mon;Afternoon;very high;Drinking Chocolate;Hot chocolate;Sustainably Grown Organic Lg;Astoria
10.50;3;3;202306;Jun;Mon;Afternoon;Low;Bakery;Pastry;Croissant;Hell's Kitchen
31.50;9;5;202306;Jun;Mon;Afternoon;Med;Coffee;Organic brewed coffee;Brazilian Lg;Hell's Kitchen
11.25;3;3;202306;Jun;Mon;Afternoon;Low;Bakery;Pastry;Chocolate Croissant;Astoria
56.00;16;11;202306;Jun;Mon;Afternoon;High;Coffee;Gourmet brewed coffee;Ethiopia Lg;Lower Manhattan
24.00;8;5;202306;Jun;Mon;Afternoon;Med;Tea;Brewed Green tea;Serenity Green Tea Lg;Hell's Kitchen
30.00;10;6;202306;Jun;Mon;Afternoon;Med;Tea;Brewed Chai tea;Traditional Blend Chai Lg;Lower Manhattan
29.75;7;5;202306;Jun;Mon;Afternoon;Med;Coffee;Barista Espresso;Cappuccino Lg;Hell's Kitchen
4.50;1;1;202306;Jun;Mon;Afternoon;Low;Bakery;Scone;Scottish Cream Scone ;Hell's Kitchen
24.00;8;6;202306;Jun;Mon;Afternoon;Med;Coffee;Barista Espresso;Espresso shot;Lower Manhattan
19.50;6;6;202306;Jun;Mon;Afternoon;Low;Bakery;Scone;Ginger Scone;Astoria
15.00;6;4;202306;Jun;Mon;Afternoon;Low;Coffee;Drip coffee;Our Old Time Diner Blend Rg;Lower Manhattan
21.00;7;6;202306;Jun;Mon;Afternoon;Med;Tea;Brewed Chai tea;Traditional Blend Chai Lg;Astoria
24.50;7;5;202306;Jun;Mon;Afternoon;Med;Drinking Chocolate;Hot chocolate;Dark chocolate Rg;Lower Manhattan
27.00;9;7;202306;Jun;Mon;Afternoon;Med;Coffee;Gourmet brewed coffee;Columbian Medium Roast Lg;Hell's Kitchen
17.60;8;5;202306;Jun;Mon;Afternoon;Low;Coffee;Gourmet brewed coffee;Ethiopia Sm;Lower Manhattan
33.00;11;7;202306;Jun;Mon;Afternoon;Med;Coffee;Drip coffee;Our Old Time Diner Blend Lg;Astoria
10.20;4;3;202306;Jun;Mon;Afternoon;Low;Tea;Brewed Chai tea;Spicy Eye Opener Chai Rg;Astoria
33.75;9;7;202306;Jun;Mon;Afternoon;Med;Coffee;Barista Espresso;Cappuccino;Hell's Kitchen
30.00;8;8;202306;Jun;Mon;Afternoon;Med;Bakery;Pastry;Chocolate Croissant;Hell's Kitchen
68.00;16;11;202306;Jun;Mon;Afternoon;very high;Coffee;Barista Espresso;Latte Rg;Hell's Kitchen
9.30;3;2;202306;Jun;Mon;Afternoon;Low;Coffee;Premium brewed coffee;Jamaican Coffee River Rg;Hell's Kitchen
30.00;8;5;202306;Jun;Mon;Afternoon;Med;Coffee;Barista Espresso;Latte;Hell's Kitchen
3.00;1;1;202306;Jun;Mon;Afternoon;Low;Bakery;Scone;Oatmeal Scone;Hell's Kitchen
52.50;21;14;202306;Jun;Mon;Afternoon;High;Coffee;Gourmet brewed coffee;Columbian Medium Roast Rg;Astoria
16.25;5;5;202306;Jun;Mon;Afternoon;Low;Bakery;Scone;Cranberry Scone;Hell's Kitchen
36.00;12;8;202306;Jun;Mon;Afternoon;Med;Tea;Brewed Green tea;Serenity Green Tea Lg;Lower Manhattan
37.50;10;5;202306;Jun;Mon;Afternoon;Med;Coffee;Barista Espresso;Latte;Lower Manhattan
16.00;4;3;202306;Jun;Mon;Afternoon;Low;Tea;Brewed Chai tea;Morning Sunrise Chai Lg;Lower Manhattan
7.50;3;2;202306;Jun;Mon;Afternoon;Low;Coffee;Drip coffee;Our Old Time Diner Blend Rg;Hell's Kitchen
19.80;9;6;202306;Jun;Mon;Afternoon;Low;Coffee;Gourmet brewed coffee;Ethiopia Sm;Hell's Kitchen
80.75;19;12;202306;Jun;Mon;Afternoon;very high;Coffee;Barista Espresso;Latte Rg;Astoria
18.00;4;4;202306;Jun;Mon;Afternoon;Low;Bakery;Scone;Scottish Cream Scone ;Astoria
35.00;14;7;202306;Jun;Mon;Afternoon;Med;Tea;Brewed Chai tea;Morning Sunrise Chai Rg;Lower Manhattan
46.75;11;7;202306;Jun;Mon;Afternoon;High;Coffee;Barista Espresso;Latte Rg;Lower Manhattan
20.00;8;6;202306;Jun;Mon;Afternoon;Low;Tea;Brewed Green tea;Serenity Green Tea Rg;Lower Manhattan
39.00;13;6;202306;Jun;Mon;Afternoon;Med;Tea;Brewed Black tea;English Breakfast Lg;Lower Manhattan
43.40;14;11;202306;Jun;Mon;Afternoon;High;Tea;Brewed Chai tea;Spicy Eye Opener Chai Lg;Lower Manhattan
28.00;8;5;202306;Jun;Mon;Afternoon;Med;Coffee;Gourmet brewed coffee;Ethiopia Lg;Hell's Kitchen
30.80;14;8;202306;Jun;Mon;Afternoon;Med;Coffee;Organic brewed coffee;Brazilian Sm;Hell's Kitchen
27.00;9;5;202306;Jun;Mon;Afternoon;Med;Coffee;Drip coffee;Our Old Time Diner Blend Lg;Hell's Kitchen
18.00;6;5;202306;Jun;Mon;Afternoon;Low;Coffee;Organic brewed coffee;Brazilian Rg;Lower Manhattan
15.00;6;4;202306;Jun;Mon;Afternoon;Low;Tea;Brewed herbal tea;Lemon Grass Rg;Lower Manhattan
14.00;4;4;202306;Jun;Mon;Afternoon;Low;Bakery;Biscotti;Ginger Biscotti;Lower Manhattan
31.50;9;6;202306;Jun;Mon;Afternoon;Med;Drinking Chocolate;Hot chocolate;Dark chocolate Rg;Hell's Kitchen
10.50;3;3;202306;Jun;Mon;Afternoon;Low;Bakery;Biscotti;Chocolate Chip Biscotti;Hell's Kitchen
19.60;8;6;202306;Jun;Mon;Afternoon;Low;Coffee;Premium brewed coffee;Jamaican Coffee River Sm;Lower Manhattan
27.00;9;5;202306;Jun;Mon;Afternoon;Med;Tea;Brewed Black tea;Earl Grey Lg;Lower Manhattan
20.00;10;6;202306;Jun;Mon;Afternoon;Low;Coffee;Drip coffee;Our Old Time Diner Blend Sm;Lower Manhattan
17.50;7;5;202306;Jun;Mon;Afternoon;Low;Tea;Brewed Chai tea;Traditional Blend Chai Rg;Hell's Kitchen
26.25;7;6;202306;Jun;Mon;Afternoon;Med;Coffee;Barista Espresso;Cappuccino;Lower Manhattan
12.50;5;3;202306;Jun;Mon;Afternoon;Low;Tea;Brewed herbal tea;Lemon Grass Rg;Hell's Kitchen
18.75;5;5;202306;Jun;Mon;Afternoon;Low;Bakery;Pastry;Almond Croissant;Lower Manhattan
30.00;10;7;202306;Jun;Mon;Afternoon;Med;Coffee;Drip coffee;Our Old Time Diner Blend Lg;Lower Manhattan
14.00;4;4;202306;Jun;Mon;Afternoon;Low;Bakery;Biscotti;Ginger Biscotti;Astoria
24.00;8;4;202306;Jun;Mon;Afternoon;Med;Tea;Brewed Black tea;English Breakfast Lg;Hell's Kitchen
22.50;9;5;202306;Jun;Mon;Afternoon;Med;Tea;Brewed Chai tea;Traditional Blend Chai Rg;Lower Manhattan
42.00;14;10;202306;Jun;Mon;Afternoon;High;Coffee;Organic brewed coffee;Brazilian Rg;Hell's Kitchen
2.20;1;1;202306;Jun;Mon;Night;Low;Coffee;Gourmet brewed coffee;Ethiopia Sm;Astoria
3.50;1;1;202306;Jun;Mon;Night;Low;Bakery;Pastry;Croissant;Astoria
9.00;3;2;202306;Jun;Mon;Night;Low;Coffee;Gourmet brewed coffee;Columbian Medium Roast Lg;Hell's Kitchen
21.70;7;4;202306;Jun;Mon;Night;Med;Coffee;Premium brewed coffee;Jamaican Coffee River Rg;Hell's Kitchen
33.00;11;7;202306;Jun;Mon;Evening;Med;Tea;Brewed herbal tea;Lemon Grass Lg;Astoria
52.00;13;8;202306;Jun;Mon;Evening;High;Tea;Brewed Chai tea;Morning Sunrise Chai Lg;Astoria
70.00;28;17;202306;Jun;Mon;Evening;very high;Tea;Brewed herbal tea;Lemon Grass Rg;Astoria
45.00;15;10;202306;Jun;Mon;Evening;High;Tea;Brewed Black tea;English Breakfast Lg;Astoria
46.75;11;7;202306;Jun;Mon;Evening;High;Coffee;Barista Espresso;Latte Rg;Lower Manhattan
26.25;7;5;202306;Jun;Mon;Evening;Med;Drinking Chocolate;Hot chocolate;Sustainably Grown Organic Rg;Hell's Kitchen
57.00;19;14;202306;Jun;Mon;Evening;High;Coffee;Gourmet brewed coffee;Ethiopia Rg;Astoria
39.00;13;8;202306;Jun;Mon;Evening;Med;Coffee;Drip coffee;Our Old Time Diner Blend Lg;Hell's Kitchen
17.50;7;5;202306;Jun;Mon;Evening;Low;Tea;Brewed Green tea;Serenity Green Tea Rg;Astoria
5.00;2;2;202306;Jun;Mon;Evening;Low;Tea;Brewed Chai tea;Traditional Blend Chai Rg;Lower Manhattan
18.75;5;5;202306;Jun;Mon;Evening;Low;Bakery;Pastry;Chocolate Croissant;Hell's Kitchen
24.50;7;4;202306;Jun;Mon;Evening;Med;Coffee;Gourmet brewed coffee;Ethiopia Lg;Astoria
22.50;9;6;202306;Jun;Mon;Evening;Med;Tea;Brewed Chai tea;Morning Sunrise Chai Rg;Hell's Kitchen
34.00;8;5;202306;Jun;Mon;Evening;Med;Coffee;Barista Espresso;Cappuccino Lg;Lower Manhattan
24.80;8;5;202306;Jun;Mon;Evening;Med;Coffee;Premium brewed coffee;Jamaican Coffee River Rg;Hell's Kitchen
17.50;7;5;202306;Jun;Mon;Evening;Low;Tea;Brewed Green tea;Serenity Green Tea Rg;Lower Manhattan
13.00;4;4;202306;Jun;Mon;Evening;Low;Bakery;Biscotti;Hazelnut Biscotti;Lower Manhattan
60.00;20;11;202306;Jun;Mon;Evening;High;Coffee;Barista Espresso;Espresso shot;Astoria
24.50;7;5;202306;Jun;Mon;Evening;Med;Coffee;Gourmet brewed coffee;Ethiopia Lg;Hell's Kitchen
46.00;23;14;202306;Jun;Mon;Evening;High;Coffee;Gourmet brewed coffee;Columbian Medium Roast Sm;Hell's Kitchen
20.00;8;6;202306;Jun;Mon;Evening;Low;Tea;Brewed herbal tea;Lemon Grass Rg;Lower Manhattan
4.50;1;1;202306;Jun;Mon;Evening;Low;Bakery;Scone;Scottish Cream Scone ;Lower Manhattan
21.00;7;5;202306;Jun;Mon;Evening;Med;Coffee;Gourmet brewed coffee;Ethiopia Rg;Lower Manhattan
22.50;9;6;202306;Jun;Mon;Evening;Med;Tea;Brewed herbal tea;Peppermint Rg;Hell's Kitchen
12.00;6;4;202306;Jun;Mon;Evening;Low;Coffee;Drip coffee;Our Old Time Diner Blend Sm;Hell's Kitchen
31.50;7;7;202306;Jun;Mon;Evening;Med;Bakery;Scone;Scottish Cream Scone ;Hell's Kitchen
61.75;13;9;202306;Jun;Mon;Evening;very high;Drinking Chocolate;Hot chocolate;Sustainably Grown Organic Lg;Astoria
10.00;4;4;202306;Jun;Mon;Evening;Low;Tea;Brewed Green tea;Serenity Green Tea Rg;Hell's Kitchen
40.00;16;11;202306;Jun;Mon;Evening;Med;Tea;Brewed Black tea;English Breakfast Rg;Hell's Kitchen
41.25;11;7;202306;Jun;Mon;Evening;High;Coffee;Barista Espresso;Latte;Astoria
50.60;23;17;202306;Jun;Mon;Evening;High;Coffee;Organic brewed coffee;Brazilian Sm;Hell's Kitchen
58.90;19;12;202306;Jun;Mon;Evening;High;Coffee;Premium brewed coffee;Jamaican Coffee River Rg;Astoria
55.25;13;9;202306;Jun;Mon;Evening;High;Coffee;Barista Espresso;Cappuccino Lg;Hell's Kitchen
40.00;16;10;202306;Jun;Mon;Evening;Med;Tea;Brewed Black tea;Earl Grey Rg;Astoria
35.70;14;10;202306;Jun;Mon;Evening;Med;Tea;Brewed Chai tea;Spicy Eye Opener Chai Rg;Hell's Kitchen
37.20;12;8;202306;Jun;Mon;Evening;Med;Tea;Brewed Chai tea;Spicy Eye Opener Chai Lg;Astoria
56.10;22;14;202306;Jun;Mon;Evening;High;Tea;Brewed Chai tea;Spicy Eye Opener Chai Rg;Astoria
33.75;9;9;202306;Jun;Mon;Evening;Med;Bakery;Pastry;Chocolate Croissant;Astoria
80.75;19;12;202306;Jun;Mon;Evening;very high;Coffee;Barista Espresso;Latte Rg;Hell's Kitchen
21.00;6;6;202306;Jun;Mon;Evening;Med;Bakery;Pastry;Croissant;Astoria
18.00;6;3;202306;Jun;Mon;Evening;Low;Tea;Brewed Chai tea;Traditional Blend Chai Lg;Lower Manhattan
15.00;4;4;202306;Jun;Mon;Evening;Low;Bakery;Pastry;Chocolate Croissant;Lower Manhattan
15.00;6;4;202306;Jun;Mon;Evening;Low;Coffee;Gourmet brewed coffee;Columbian Medium Roast Rg;Hell's Kitchen
32.50;10;10;202306;Jun;Mon;Evening;Med;Bakery;Scone;Cranberry Scone;Hell's Kitchen
36.00;12;7;202306;Jun;Mon;Evening;Med;Tea;Brewed herbal tea;Lemon Grass Lg;Lower Manhattan
40.00;16;11;202306;Jun;Mon;Evening;Med;Tea;Brewed Chai tea;Morning Sunrise Chai Rg;Astoria
22.50;6;6;202306;Jun;Mon;Evening;Med;Bakery;Pastry;Almond Croissant;Astoria
33.00;11;8;202306;Jun;Mon;Evening;Med;Coffee;Drip coffee;Our Old Time Diner Blend Lg;Astoria
25.00;10;7;202306;Jun;Mon;Evening;Med;Tea;Brewed herbal tea;Peppermint Rg;Astoria
30.00;12;9;202306;Jun;Mon;Evening;Med;Tea;Brewed Chai tea;Traditional Blend Chai Rg;Astoria
21.00;7;5;202306;Jun;Mon;Evening;Med;Tea;Brewed Black tea;Earl Grey Lg;Hell's Kitchen
48.00;16;10;202306;Jun;Mon;Evening;High;Tea;Brewed Green tea;Serenity Green Tea Lg;Astoria
60.00;20;14;202306;Jun;Mon;Evening;High;Coffee;Gourmet brewed coffee;Columbian Medium Roast Lg;Astoria
3.50;1;1;202306;Jun;Mon;Evening;Low;Bakery;Biscotti;Chocolate Chip Biscotti;Astoria
30.00;10;6;202306;Jun;Mon;Evening;Med;Tea;Brewed Chai tea;Traditional Blend Chai Lg;Astoria
26.25;7;5;202306;Jun;Mon;Evening;Med;Coffee;Barista Espresso;Cappuccino;Hell's Kitchen
20.00;10;6;202306;Jun;Mon;Evening;Low;Coffee;Drip coffee;Our Old Time Diner Blend Sm;Lower Manhattan
17.50;7;5;202306;Jun;Mon;Evening;Low;Tea;Brewed herbal tea;Lemon Grass Rg;Hell's Kitchen
6.50;2;2;202306;Jun;Mon;Evening;Low;Bakery;Scone;Ginger Scone;Hell's Kitchen
85.00;20;13;202306;Jun;Mon;Evening;very high;Coffee;Barista Espresso;Latte Rg;Astoria
40.50;9;6;202306;Jun;Mon;Evening;very high;Drinking Chocolate;Hot chocolate;Dark chocolate Lg;Hell's Kitchen
32.50;13;9;202306;Jun;Mon;Evening;Med;Tea;Brewed Black tea;Earl Grey Rg;Hell's Kitchen
42.00;12;8;202306;Jun;Mon;Evening;High;Coffee;Organic brewed coffee;Brazilian Lg;Lower Manhattan
39.60;18;12;202306;Jun;Mon;Evening;Med;Coffee;Organic brewed coffee;Brazilian Sm;Astoria
23.75;5;3;202306;Jun;Mon;Evening;Med;Drinking Chocolate;Hot chocolate;Sustainably Grown Organic Lg;Hell's Kitchen
32.50;13;10;202306;Jun;Mon;Evening;Med;Tea;Brewed Black tea;Earl Grey Rg;Lower Manhattan
45.00;12;7;202306;Jun;Mon;Evening;High;Coffee;Barista Espresso;Cappuccino;Astoria
45.00;15;10;202306;Jun;Mon;Evening;High;Tea;Brewed herbal tea;Peppermint Lg;Astoria
42.00;14;10;202306;Jun;Mon;Evening;High;Tea;Brewed herbal tea;Peppermint Lg;Hell's Kitchen
35.00;14;8;202306;Jun;Mon;Evening;Med;Coffee;Gourmet brewed coffee;Columbian Medium Roast Rg;Astoria
21.00;7;6;202306;Jun;Mon;Evening;Med;Tea;Brewed Black tea;English Breakfast Lg;Lower Manhattan
27.00;9;6;202306;Jun;Mon;Evening;Med;Tea;Brewed Green tea;Serenity Green Tea Lg;Hell's Kitchen
78.75;21;13;202306;Jun;Mon;Evening;very high;Drinking Chocolate;Hot chocolate;Sustainably Grown Organic Rg;Astoria
21.70;7;4;202306;Jun;Mon;Evening;Med;Tea;Brewed Chai tea;Spicy Eye Opener Chai Lg;Hell's Kitchen
24.50;7;5;202306;Jun;Mon;Evening;Med;Drinking Chocolate;Hot chocolate;Dark chocolate Rg;Lower Manhattan
15.00;5;4;202306;Jun;Mon;Evening;Low;Coffee;Organic brewed coffee;Brazilian Rg;Lower Manhattan
6.50;2;2;202306;Jun;Mon;Evening;Low;Bakery;Scone;Cranberry Scone;Lower Manhattan
10.20;4;4;202306;Jun;Mon;Evening;Low;Tea;Brewed Chai tea;Spicy Eye Opener Chai Rg;Lower Manhattan
12.40;4;3;202306;Jun;Mon;Evening;Low;Tea;Brewed Chai tea;Spicy Eye Opener Chai Lg;Lower Manhattan
30.00;8;5;202306;Jun;Mon;Evening;Med;Coffee;Premium brewed coffee;Jamaican Coffee River Lg;Hell's Kitchen
30.80;14;9;202306;Jun;Mon;Evening;Med;Coffee;Gourmet brewed coffee;Ethiopia Sm;Astoria
28.60;13;7;202306;Jun;Mon;Evening;Med;Coffee;Gourmet brewed coffee;Ethiopia Sm;Lower Manhattan
26.95;11;7;202306;Jun;Mon;Evening;Med;Coffee;Premium brewed coffee;Jamaican Coffee River Sm;Astoria
72.00;24;16;202306;Jun;Mon;Evening;very high;Tea;Brewed Black tea;English Breakfast Lg;Hell's Kitchen
28.00;14;9;202306;Jun;Mon;Evening;Med;Coffee;Drip coffee;Our Old Time Diner Blend Sm;Astoria
13.00;4;4;202306;Jun;Mon;Evening;Low;Bakery;Scone;Cranberry Scone;Astoria
16.25;5;5;202306;Jun;Mon;Evening;Low;Bakery;Scone;Ginger Scone;Astoria
45.50;13;7;202306;Jun;Mon;Evening;High;Drinking Chocolate;Hot chocolate;Dark chocolate Rg;Astoria
49.50;11;7;202306;Jun;Mon;Evening;High;Drinking Chocolate;Hot chocolate;Dark chocolate Lg;Astoria
33.00;11;7;202306;Jun;Mon;Evening;Med;Coffee;Organic brewed coffee;Brazilian Rg;Hell's Kitchen
21.00;7;6;202306;Jun;Mon;Evening;Med;Coffee;Gourmet brewed coffee;Ethiopia Rg;Hell's Kitchen
38.00;8;5;202306;Jun;Mon;Evening;Med;Drinking Chocolate;Hot chocolate;Sustainably Grown Organic Lg;Lower Manhattan
6.00;2;1;202306;Jun;Mon;Evening;Low;Coffee;Barista Espresso;Ouro Brasileiro shot;Lower Manhattan
35.00;14;9;202306;Jun;Mon;Evening;Med;Tea;Brewed Chai tea;Traditional Blend Chai Rg;Hell's Kitchen
21.00;7;3;202306;Jun;Mon;Evening;Med;Tea;Brewed Green tea;Serenity Green Tea Lg;Lower Manhattan
22.50;9;6;202306;Jun;Mon;Evening;Med;Coffee;Drip coffee;Our Old Time Diner Blend Rg;Lower Manhattan
28.00;7;5;202306;Jun;Mon;Evening;Med;Tea;Brewed Chai tea;Morning Sunrise Chai Lg;Lower Manhattan
11.25;3;3;202306;Jun;Mon;Evening;Low;Bakery;Scone;Jumbo Savory Scone;Lower Manhattan
30.00;12;9;202306;Jun;Mon;Evening;Med;Coffee;Drip coffee;Our Old Time Diner Blend Rg;Astoria
11.25;3;3;202306;Jun;Mon;Evening;Low;Bakery;Scone;Jumbo Savory Scone;Astoria
21.70;7;4;202306;Jun;Mon;Evening;Med;Coffee;Premium brewed coffee;Jamaican Coffee River Rg;Lower Manhattan
11.25;3;3;202306;Jun;Mon;Evening;Low;Bakery;Pastry;Almond Croissant;Lower Manhattan
27.00;6;3;202306;Jun;Mon;Evening;Med;Drinking Chocolate;Hot chocolate;Dark chocolate Lg;Lower Manhattan
15.00;4;4;202306;Jun;Mon;Evening;Low;Coffee;Barista Espresso;Cappuccino;Lower Manhattan
68.00;16;12;202306;Jun;Mon;Evening;very high;Coffee;Barista Espresso;Cappuccino Lg;Astoria
48.75;13;8;202306;Jun;Mon;Evening;High;Coffee;Premium brewed coffee;Jamaican Coffee River Lg;Astoria
40.00;16;9;202306;Jun;Mon;Evening;Med;Tea;Brewed Black tea;English Breakfast Rg;Astoria
7.00;2;1;202306;Jun;Mon;Evening;Low;Coffee;Gourmet brewed coffee;Ethiopia Lg;Lower Manhattan
41.25;11;7;202306;Jun;Mon;Evening;High;Coffee;Barista Espresso;Latte;Lower Manhattan
17.50;7;4;202306;Jun;Mon;Evening;Low;Tea;Brewed Black tea;English Breakfast Rg;Lower Manhattan
22.00;11;7;202306;Jun;Mon;Evening;Med;Coffee;Gourmet brewed coffee;Columbian Medium Roast Sm;Astoria
27.00;9;4;202306;Jun;Mon;Evening;Med;Coffee;Gourmet brewed coffee;Columbian Medium Roast Lg;Lower Manhattan
30.00;10;10;202306;Jun;Mon;Evening;Med;Bakery;Scone;Oatmeal Scone;Astoria
3.00;1;1;202306;Jun;Mon;Evening;Low;Coffee;Barista Espresso;Espresso shot;Lower Manhattan
35.00;10;10;202306;Jun;Mon;Evening;Med;Bakery;Biscotti;Ginger Biscotti;Astoria
33.00;11;9;202306;Jun;Mon;Evening;Med;Coffee;Organic brewed coffee;Brazilian Rg;Astoria
11.25;3;3;202306;Jun;Mon;Evening;Low;Bakery;Pastry;Almond Croissant;Hell's Kitchen
30.00;8;5;202306;Jun;Mon;Evening;Med;Coffee;Premium brewed coffee;Jamaican Coffee River Lg;Lower Manhattan
11.25;3;3;202306;Jun;Mon;Evening;Low;Coffee;Barista Espresso;Latte;Hell's Kitchen
30.00;10;7;202306;Jun;Mon;Evening;Med;Tea;Brewed Chai tea;Traditional Blend Chai Lg;Hell's Kitchen
36.00;12;9;202306;Jun;Mon;Evening;Med;Tea;Brewed Black tea;Earl Grey Lg;Astoria
49.00;14;10;202306;Jun;Mon;Evening;High;Coffee;Organic brewed coffee;Brazilian Lg;Astoria
9.80;4;2;202306;Jun;Mon;Evening;Low;Coffee;Premium brewed coffee;Jamaican Coffee River Sm;Hell's Kitchen
7.00;2;2;202306;Jun;Mon;Evening;Low;Bakery;Pastry;Croissant;Hell's Kitchen
15.00;5;4;202306;Jun;Mon;Evening;Low;Coffee;Barista Espresso;Ouro Brasileiro shot;Hell's Kitchen
21.00;6;5;202306;Jun;Mon;Evening;Med;Coffee;Organic brewed coffee;Brazilian Lg;Hell's Kitchen
9.75;3;3;202306;Jun;Mon;Evening;Low;Bakery;Biscotti;Hazelnut Biscotti;Astoria
24.00;6;4;202306;Jun;Mon;Evening;Med;Tea;Brewed Chai tea;Morning Sunrise Chai Lg;Hell's Kitchen
7.00;2;2;202306;Jun;Mon;Evening;Low;Bakery;Biscotti;Ginger Biscotti;Hell's Kitchen
10.50;3;3;202306;Jun;Mon;Evening;Low;Bakery;Biscotti;Chocolate Chip Biscotti;Hell's Kitchen
74.40;24;13;202306;Jun;Tue;Morning;very high;Tea;Brewed Chai tea;Spicy Eye Opener Chai Lg;Lower Manhattan
37.50;10;10;202306;Jun;Tue;Morning;Med;Bakery;Scone;Jumbo Savory Scone;Lower Manhattan
117.50;47;26;202306;Jun;Tue;Morning;very high;Tea;Brewed herbal tea;Peppermint Rg;Lower Manhattan
85.00;34;19;202306;Jun;Tue;Morning;very high;Coffee;Gourmet brewed coffee;Columbian Medium Roast Rg;Lower Manhattan
54.00;18;18;202306;Jun;Tue;Morning;High;Bakery;Scone;Oatmeal Scone;Lower Manhattan
95.00;38;21;202306;Jun;Tue;Morning;very high;Tea;Brewed Black tea;English Breakfast Rg;Lower Manhattan
111.00;37;20;202306;Jun;Tue;Morning;very high;Coffee;Barista Espresso;Espresso shot;Lower Manhattan
93.75;25;25;202306;Jun;Tue;Morning;very high;Bakery;Pastry;Chocolate Croissant;Lower Manhattan
62.50;25;14;202306;Jun;Tue;Morning;very high;Tea;Brewed Chai tea;Morning Sunrise Chai Rg;Lower Manhattan
84.05;29;26;202306;Jun;Tue;Morning;very high;Bakery;Scone;Ginger Scone;Lower Manhattan
132.00;33;18;202306;Jun;Tue;Morning;very high;Tea;Brewed Chai tea;Morning Sunrise Chai Lg;Lower Manhattan
108.00;36;18;202306;Jun;Tue;Morning;very high;Coffee;Organic brewed coffee;Brazilian Rg;Lower Manhattan
182.75;43;23;202306;Jun;Tue;Morning;very high;Coffee;Barista Espresso;Cappuccino Lg;Lower Manhattan
70.00;20;10;202306;Jun;Tue;Morning;very high;Drinking Chocolate;Hot chocolate;Dark chocolate Rg;Lower Manhattan
105.00;42;24;202306;Jun;Tue;Morning;very high;Tea;Brewed herbal tea;Lemon Grass Rg;Lower Manhattan
81.00;27;16;202306;Jun;Tue;Morning;very high;Tea;Brewed Black tea;English Breakfast Lg;Lower Manhattan
133.30;43;20;202306;Jun;Tue;Morning;very high;Coffee;Premium brewed coffee;Jamaican Coffee River Rg;Lower Manhattan
85.50;19;11;202306;Jun;Tue;Morning;very high;Drinking Chocolate;Hot chocolate;Dark chocolate Lg;Lower Manhattan
93.00;31;20;202306;Jun;Tue;Morning;very high;Tea;Brewed herbal tea;Peppermint Lg;Lower Manhattan
73.50;21;11;202306;Jun;Tue;Morning;very high;Coffee;Organic brewed coffee;Brazilian Lg;Lower Manhattan
52.00;16;16;202306;Jun;Tue;Morning;High;Bakery;Biscotti;Hazelnut Biscotti;Lower Manhattan
61.60;28;16;202306;Jun;Tue;Morning;very high;Coffee;Organic brewed coffee;Brazilian Sm;Lower Manhattan
55.25;17;17;202306;Jun;Tue;Morning;High;Bakery;Scone;Cranberry Scone;Lower Manhattan
75.00;20;20;202306;Jun;Tue;Morning;very high;Bakery;Pastry;Almond Croissant;Lower Manhattan
74.00;37;19;202306;Jun;Tue;Morning;very high;Coffee;Gourmet brewed coffee;Columbian Medium Roast Sm;Lower Manhattan
119.00;34;18;202306;Jun;Tue;Morning;very high;Coffee;Gourmet brewed coffee;Ethiopia Lg;Lower Manhattan
66.30;26;14;202306;Jun;Tue;Morning;very high;Tea;Brewed Chai tea;Spicy Eye Opener Chai Rg;Lower Manhattan
90.00;36;20;202306;Jun;Tue;Morning;very high;Tea;Brewed Chai tea;Traditional Blend Chai Rg;Lower Manhattan
59.50;17;17;202306;Jun;Tue;Morning;High;Bakery;Biscotti;Ginger Biscotti;Lower Manhattan
75.00;25;16;202306;Jun;Tue;Morning;very high;Tea;Brewed Green tea;Serenity Green Tea Lg;Lower Manhattan
90.00;24;14;202306;Jun;Tue;Morning;very high;Coffee;Barista Espresso;Latte;Lower Manhattan
63.00;14;14;202306;Jun;Tue;Morning;very high;Bakery;Scone;Scottish Cream Scone ;Lower Manhattan
97.50;39;24;202306;Jun;Tue;Morning;very high;Tea;Brewed Chai tea;Morning Sunrise Chai Rg;Hell's Kitchen
31.50;9;9;202306;Jun;Tue;Morning;Med;Bakery;Biscotti;Ginger Biscotti;Hell's Kitchen
81.40;37;18;202306;Jun;Tue;Morning;very high;Coffee;Gourmet brewed coffee;Ethiopia Sm;Lower Manhattan
82.50;33;16;202306;Jun;Tue;Morning;very high;Tea;Brewed Green tea;Serenity Green Tea Rg;Lower Manhattan
39.60;18;12;202306;Jun;Tue;Morning;Med;Coffee;Gourmet brewed coffee;Ethiopia Sm;Hell's Kitchen
82.50;33;22;202306;Jun;Tue;Morning;very high;Tea;Brewed Black tea;English Breakfast Rg;Hell's Kitchen
198.75;53;28;202306;Jun;Tue;Morning;very high;Coffee;Barista Espresso;Cappuccino;Lower Manhattan
72.50;29;18;202306;Jun;Tue;Morning;very high;Coffee;Drip coffee;Our Old Time Diner Blend Rg;Lower Manhattan
90.00;30;19;202306;Jun;Tue;Morning;very high;Coffee;Barista Espresso;Espresso shot;Hell's Kitchen
112.00;32;22;202306;Jun;Tue;Morning;very high;Coffee;Gourmet brewed coffee;Ethiopia Lg;Hell's Kitchen
110.50;26;15;202306;Jun;Tue;Morning;very high;Coffee;Barista Espresso;Latte Rg;Lower Manhattan
105.00;28;17;202306;Jun;Tue;Morning;very high;Coffee;Barista Espresso;Latte;Hell's Kitchen
104.50;22;14;202306;Jun;Tue;Morning;very high;Drinking Chocolate;Hot chocolate;Sustainably Grown Organic Lg;Lower Manhattan
82.50;33;20;202306;Jun;Tue;Morning;very high;Tea;Brewed herbal tea;Lemon Grass Rg;Hell's Kitchen
72.50;29;18;202306;Jun;Tue;Morning;very high;Tea;Brewed herbal tea;Peppermint Rg;Hell's Kitchen
91.80;36;22;202306;Jun;Tue;Morning;very high;Coffee;Barista Espresso;Ouro Brasileiro shot;Lower Manhattan
81.00;27;18;202306;Jun;Tue;Morning;very high;Coffee;Gourmet brewed coffee;Ethiopia Rg;Hell's Kitchen
81.60;32;21;202306;Jun;Tue;Morning;very high;Tea;Brewed Chai tea;Spicy Eye Opener Chai Rg;Hell's Kitchen
46.50;15;11;202306;Jun;Tue;Morning;High;Coffee;Premium brewed coffee;Jamaican Coffee River Rg;Hell's Kitchen
117.00;39;23;202306;Jun;Tue;Morning;very high;Coffee;Gourmet brewed coffee;Columbian Medium Roast Lg;Hell's Kitchen
70.40;32;21;202306;Jun;Tue;Morning;very high;Coffee;Organic brewed coffee;Brazilian Sm;Hell's Kitchen
146.25;39;23;202306;Jun;Tue;Morning;very high;Coffee;Premium brewed coffee;Jamaican Coffee River Lg;Hell's Kitchen
112.00;28;16;202306;Jun;Tue;Morning;very high;Tea;Brewed Chai tea;Morning Sunrise Chai Lg;Hell's Kitchen
82.50;22;13;202306;Jun;Tue;Morning;very high;Drinking Chocolate;Hot chocolate;Sustainably Grown Organic Rg;Hell's Kitchen
84.00;28;18;202306;Jun;Tue;Morning;very high;Coffee;Drip coffee;Our Old Time Diner Blend Lg;Hell's Kitchen
87.50;35;23;202306;Jun;Tue;Morning;very high;Tea;Brewed Chai tea;Traditional Blend Chai Rg;Hell's Kitchen
61.25;25;17;202306;Jun;Tue;Morning;very high;Coffee;Premium brewed coffee;Jamaican Coffee River Sm;Hell's Kitchen
108.00;36;22;202306;Jun;Tue;Morning;very high;Coffee;Gourmet brewed coffee;Columbian Medium Roast Lg;Lower Manhattan
81.00;27;17;202306;Jun;Tue;Morning;very high;Tea;Brewed herbal tea;Lemon Grass Lg;Hell's Kitchen
58.90;19;14;202306;Jun;Tue;Morning;High;Tea;Brewed Chai tea;Spicy Eye Opener Chai Lg;Hell's Kitchen
80.85;33;19;202306;Jun;Tue;Morning;very high;Coffee;Premium brewed coffee;Jamaican Coffee River Sm;Lower Manhattan
62.00;31;18;202306;Jun;Tue;Morning;very high;Coffee;Gourmet brewed coffee;Columbian Medium Roast Sm;Hell's Kitchen
48.00;24;15;202306;Jun;Tue;Morning;High;Coffee;Drip coffee;Our Old Time Diner Blend Sm;Lower Manhattan
45.50;13;8;202306;Jun;Tue;Morning;High;Drinking Chocolate;Hot chocolate;Dark chocolate Rg;Hell's Kitchen
57.00;19;14;202306;Jun;Tue;Morning;High;Tea;Brewed Black tea;English Breakfast Lg;Hell's Kitchen
35.75;11;11;202306;Jun;Tue;Morning;Med;Bakery;Scone;Cranberry Scone;Hell's Kitchen
81.00;27;15;202306;Jun;Tue;Morning;very high;Coffee;Gourmet brewed coffee;Ethiopia Rg;Lower Manhattan
148.75;35;23;202306;Jun;Tue;Morning;very high;Coffee;Barista Espresso;Latte Rg;Hell's Kitchen
118.75;25;19;202306;Jun;Tue;Morning;very high;Drinking Chocolate;Hot chocolate;Sustainably Grown Organic Lg;Hell's Kitchen
72.50;29;18;202306;Jun;Tue;Morning;very high;Coffee;Gourmet brewed coffee;Columbian Medium Roast Rg;Hell's Kitchen
99.00;33;22;202306;Jun;Tue;Morning;very high;Tea;Brewed Green tea;Serenity Green Tea Lg;Hell's Kitchen
32.50;10;10;202306;Jun;Tue;Morning;Med;Bakery;Scone;Ginger Scone;Hell's Kitchen
93.00;31;16;202306;Jun;Tue;Morning;very high;Tea;Brewed Black tea;Earl Grey Lg;Lower Manhattan
87.50;25;25;202306;Jun;Tue;Morning;very high;Bakery;Biscotti;Chocolate Chip Biscotti;Lower Manhattan
92.50;37;24;202306;Jun;Tue;Morning;very high;Coffee;Drip coffee;Our Old Time Diner Blend Rg;Hell's Kitchen
47.50;19;13;202306;Jun;Tue;Morning;High;Tea;Brewed Black tea;Earl Grey Rg;Lower Manhattan
84.00;28;17;202306;Jun;Tue;Morning;very high;Tea;Brewed Chai tea;Traditional Blend Chai Lg;Hell's Kitchen
66.50;19;19;202306;Jun;Tue;Morning;very high;Bakery;Pastry;Croissant;Lower Manhattan
45.00;15;8;202306;Jun;Tue;Morning;High;Coffee;Drip coffee;Our Old Time Diner Blend Lg;Lower Manhattan
127.80;45;31;202306;Jun;Tue;Morning;very high;Coffee;Barista Espresso;Ouro Brasileiro shot;Hell's Kitchen
108.00;36;21;202306;Jun;Tue;Morning;very high;Tea;Brewed Chai tea;Traditional Blend Chai Lg;Lower Manhattan
135.00;36;20;202306;Jun;Tue;Morning;very high;Drinking Chocolate;Hot chocolate;Sustainably Grown Organic Rg;Lower Manhattan
139.50;31;20;202306;Jun;Tue;Morning;very high;Drinking Chocolate;Hot chocolate;Dark chocolate Lg;Hell's Kitchen
87.50;25;16;202306;Jun;Tue;Morning;very high;Coffee;Organic brewed coffee;Brazilian Lg;Hell's Kitchen
63.00;21;16;202306;Jun;Tue;Morning;very high;Tea;Brewed herbal tea;Peppermint Lg;Hell's Kitchen
19.50;6;6;202306;Jun;Tue;Morning;Low;Bakery;Biscotti;Hazelnut Biscotti;Hell's Kitchen
58.00;29;17;202306;Jun;Tue;Morning;High;Coffee;Drip coffee;Our Old Time Diner Blend Sm;Hell's Kitchen
70.00;28;19;202306;Jun;Tue;Morning;very high;Tea;Brewed Black tea;Earl Grey Rg;Hell's Kitchen
81.00;27;18;202306;Jun;Tue;Morning;very high;Coffee;Organic brewed coffee;Brazilian Rg;Hell's Kitchen
48.00;16;8;202306;Jun;Tue;Morning;High;Tea;Brewed herbal tea;Lemon Grass Lg;Lower Manhattan
117.00;39;24;202306;Jun;Tue;Morning;very high;Tea;Brewed Black tea;Earl Grey Lg;Hell's Kitchen
112.50;30;30;202306;Jun;Tue;Morning;very high;Bakery;Pastry;Chocolate Croissant;Hell's Kitchen
60.00;24;21;202306;Jun;Tue;Morning;High;Coffee;Drip coffee;Our Old Time Diner Blend Rg;Astoria
38.50;11;11;202306;Jun;Tue;Morning;Med;Bakery;Biscotti;Chocolate Chip Biscotti;Astoria
63.80;29;22;202306;Jun;Tue;Morning;very high;Coffee;Gourmet brewed coffee;Ethiopia Sm;Astoria
108.00;27;21;202306;Jun;Tue;Morning;very high;Tea;Brewed Chai tea;Morning Sunrise Chai Lg;Astoria
81.00;18;15;202306;Jun;Tue;Morning;very high;Drinking Chocolate;Hot chocolate;Dark chocolate Lg;Astoria
54.00;12;12;202306;Jun;Tue;Morning;High;Bakery;Scone;Scottish Cream Scone ;Hell's Kitchen
47.50;19;13;202306;Jun;Tue;Morning;High;Tea;Brewed herbal tea;Peppermint Rg;Astoria
63.00;21;14;202306;Jun;Tue;Morning;very high;Coffee;Gourmet brewed coffee;Columbian Medium Roast Lg;Astoria
45.50;13;13;202306;Jun;Tue;Morning;High;Bakery;Biscotti;Ginger Biscotti;Astoria
30.00;15;14;202306;Jun;Tue;Morning;Med;Coffee;Gourmet brewed coffee;Columbian Medium Roast Sm;Astoria
13.00;4;4;202306;Jun;Tue;Morning;Low;Bakery;Scone;Cranberry Scone;Astoria
45.50;14;14;202306;Jun;Tue;Morning;High;Bakery;Scone;Ginger Scone;Astoria
91.00;26;21;202306;Jun;Tue;Morning;very high;Drinking Chocolate;Hot chocolate;Dark chocolate Rg;Astoria
48.00;16;14;202306;Jun;Tue;Morning;High;Tea;Brewed Black tea;Earl Grey Lg;Astoria
35.00;10;10;202306;Jun;Tue;Morning;Med;Bakery;Biscotti;Chocolate Chip Biscotti;Hell's Kitchen
55.00;22;18;202306;Jun;Tue;Morning;High;Tea;Brewed Black tea;English Breakfast Rg;Astoria
60.00;16;12;202306;Jun;Tue;Morning;High;Coffee;Barista Espresso;Cappuccino;Astoria
147.25;31;21;202306;Jun;Tue;Morning;very high;Drinking Chocolate;Hot chocolate;Sustainably Grown Organic Lg;Astoria
30.00;12;9;202306;Jun;Tue;Morning;Med;Tea;Brewed Chai tea;Traditional Blend Chai Rg;Astoria
33.75;9;9;202306;Jun;Tue;Morning;Med;Bakery;Pastry;Almond Croissant;Astoria
57.00;19;14;202306;Jun;Tue;Morning;High;Tea;Brewed herbal tea;Lemon Grass Lg;Astoria
116.25;31;31;202306;Jun;Tue;Morning;very high;Bakery;Pastry;Chocolate Croissant;Astoria
42.50;10;9;202306;Jun;Tue;Morning;High;Coffee;Barista Espresso;Latte Rg;Astoria
48.75;13;13;202306;Jun;Tue;Morning;High;Bakery;Pastry;Almond Croissant;Hell's Kitchen
48.00;16;12;202306;Jun;Tue;Morning;High;Coffee;Gourmet brewed coffee;Ethiopia Rg;Astoria
4.25;1;1;202306;Jun;Tue;Night;Low;Coffee;Barista Espresso;Latte Rg;Lower Manhattan
6.00;2;1;202306;Jun;Tue;Night;Low;Tea;Brewed Black tea;English Breakfast Lg;Astoria
2.00;1;1;202306;Jun;Tue;Night;Low;Coffee;Gourmet brewed coffee;Columbian Medium Roast Sm;Lower Manhattan
3.25;1;1;202306;Jun;Tue;Night;Low;Bakery;Scone;Ginger Scone;Lower Manhattan
42.00;12;8;202306;Jun;Tue;Afternoon;High;Drinking Chocolate;Hot chocolate;Dark chocolate Rg;Astoria
40.00;16;8;202306;Jun;Tue;Afternoon;Med;Tea;Brewed Black tea;English Breakfast Rg;Lower Manhattan
37.20;12;8;202306;Jun;Tue;Afternoon;Med;Tea;Brewed Chai tea;Spicy Eye Opener Chai Lg;Hell's Kitchen
63.00;14;9;202306;Jun;Tue;Afternoon;very high;Drinking Chocolate;Hot chocolate;Dark chocolate Lg;Hell's Kitchen
17.50;7;4;202306;Jun;Tue;Afternoon;Low;Tea;Brewed Black tea;English Breakfast Rg;Hell's Kitchen
54.00;18;11;202306;Jun;Tue;Afternoon;High;Coffee;Gourmet brewed coffee;Ethiopia Rg;Hell's Kitchen
40.00;20;13;202306;Jun;Tue;Afternoon;Med;Coffee;Drip coffee;Our Old Time Diner Blend Sm;Hell's Kitchen
22.00;11;6;202306;Jun;Tue;Afternoon;Med;Coffee;Drip coffee;Our Old Time Diner Blend Sm;Astoria
9.75;3;3;202306;Jun;Tue;Afternoon;Low;Bakery;Scone;Cranberry Scone;Astoria
56.25;15;11;202306;Jun;Tue;Afternoon;High;Coffee;Premium brewed coffee;Jamaican Coffee River Lg;Astoria
62.00;20;15;202306;Jun;Tue;Afternoon;very high;Tea;Brewed Chai tea;Spicy Eye Opener Chai Lg;Astoria
26.40;12;7;202306;Jun;Tue;Afternoon;Med;Coffee;Gourmet brewed coffee;Ethiopia Sm;Astoria
27.00;9;7;202306;Jun;Tue;Afternoon;Med;Tea;Brewed herbal tea;Lemon Grass Lg;Astoria
16.25;5;5;202306;Jun;Tue;Afternoon;Low;Bakery;Biscotti;Hazelnut Biscotti;Astoria
40.30;13;10;202306;Jun;Tue;Afternoon;very high;Coffee;Premium brewed coffee;Jamaican Coffee River Rg;Astoria
40.30;13;7;202306;Jun;Tue;Afternoon;very high;Coffee;Premium brewed coffee;Jamaican Coffee River Rg;Hell's Kitchen
60.00;16;8;202306;Jun;Tue;Afternoon;High;Coffee;Barista Espresso;Latte;Lower Manhattan
55.25;13;6;202306;Jun;Tue;Afternoon;High;Coffee;Barista Espresso;Latte Rg;Lower Manhattan
48.00;16;10;202306;Jun;Tue;Afternoon;High;Tea;Brewed Black tea;English Breakfast Lg;Lower Manhattan
42.50;17;8;202306;Jun;Tue;Afternoon;High;Tea;Brewed Black tea;Earl Grey Rg;Lower Manhattan
24.00;8;4;202306;Jun;Tue;Afternoon;Med;Tea;Brewed Chai tea;Traditional Blend Chai Lg;Hell's Kitchen
33.00;11;7;202306;Jun;Tue;Afternoon;Med;Tea;Brewed herbal tea;Peppermint Lg;Astoria
63.75;17;10;202306;Jun;Tue;Afternoon;very high;Drinking Chocolate;Hot chocolate;Sustainably Grown Organic Rg;Hell's Kitchen
36.00;12;9;202306;Jun;Tue;Afternoon;Med;Coffee;Gourmet brewed coffee;Columbian Medium Roast Lg;Astoria
20.00;10;6;202306;Jun;Tue;Afternoon;Low;Coffee;Gourmet brewed coffee;Columbian Medium Roast Sm;Astoria
30.00;8;8;202306;Jun;Tue;Afternoon;Med;Bakery;Pastry;Chocolate Croissant;Astoria
27.00;9;6;202306;Jun;Tue;Afternoon;Med;Tea;Brewed Green tea;Serenity Green Tea Lg;Hell's Kitchen
27.50;11;7;202306;Jun;Tue;Afternoon;Med;Coffee;Drip coffee;Our Old Time Diner Blend Rg;Lower Manhattan
17.50;7;4;202306;Jun;Tue;Afternoon;Low;Tea;Brewed Black tea;Earl Grey Rg;Hell's Kitchen
30.00;12;6;202306;Jun;Tue;Afternoon;Med;Tea;Brewed herbal tea;Lemon Grass Rg;Lower Manhattan
48.75;13;10;202306;Jun;Tue;Afternoon;High;Coffee;Barista Espresso;Cappuccino;Astoria
19.80;9;5;202306;Jun;Tue;Afternoon;Low;Coffee;Gourmet brewed coffee;Ethiopia Sm;Lower Manhattan
37.50;15;9;202306;Jun;Tue;Afternoon;Med;Coffee;Drip coffee;Our Old Time Diner Blend Rg;Hell's Kitchen
45.50;14;14;202306;Jun;Tue;Afternoon;High;Bakery;Scone;Ginger Scone;Astoria
15.00;4;4;202306;Jun;Tue;Afternoon;Low;Bakery;Pastry;Chocolate Croissant;Hell's Kitchen
48.00;12;9;202306;Jun;Tue;Afternoon;High;Tea;Brewed Chai tea;Morning Sunrise Chai Lg;Lower Manhattan
17.60;8;5;202306;Jun;Tue;Afternoon;Low;Coffee;Organic brewed coffee;Brazilian Sm;Hell's Kitchen
7.50;2;2;202306;Jun;Tue;Afternoon;Low;Bakery;Pastry;Almond Croissant;Hell's Kitchen
32.50;13;7;202306;Jun;Tue;Afternoon;Med;Coffee;Gourmet brewed coffee;Columbian Medium Roast Rg;Hell's Kitchen
28.00;8;8;202306;Jun;Tue;Afternoon;Med;Bakery;Biscotti;Ginger Biscotti;Astoria
22.95;9;5;202306;Jun;Tue;Afternoon;Med;Tea;Brewed Chai tea;Spicy Eye Opener Chai Rg;Astoria
24.20;11;8;202306;Jun;Tue;Afternoon;Med;Coffee;Organic brewed coffee;Brazilian Sm;Astoria
37.50;10;7;202306;Jun;Tue;Afternoon;Med;Drinking Chocolate;Hot chocolate;Sustainably Grown Organic Rg;Lower Manhattan
48.00;16;10;202306;Jun;Tue;Afternoon;High;Tea;Brewed Black tea;English Breakfast Lg;Astoria
67.50;15;8;202306;Jun;Tue;Afternoon;very high;Drinking Chocolate;Hot chocolate;Dark chocolate Lg;Lower Manhattan
30.00;10;7;202306;Jun;Tue;Afternoon;Med;Coffee;Gourmet brewed coffee;Columbian Medium Roast Lg;Hell's Kitchen
34.00;17;10;202306;Jun;Tue;Afternoon;Med;Coffee;Gourmet brewed coffee;Columbian Medium Roast Sm;Lower Manhattan
15.00;4;4;202306;Jun;Tue;Afternoon;Low;Bakery;Pastry;Almond Croissant;Lower Manhattan
27.50;11;5;202306;Jun;Tue;Afternoon;Med;Tea;Brewed Green tea;Serenity Green Tea Rg;Lower Manhattan
41.25;11;7;202306;Jun;Tue;Afternoon;High;Coffee;Barista Espresso;Latte;Astoria
26.25;7;7;202306;Jun;Tue;Afternoon;Med;Bakery;Scone;Jumbo Savory Scone;Astoria
39.00;13;7;202306;Jun;Tue;Afternoon;Med;Coffee;Barista Espresso;Espresso shot;Lower Manhattan
35.00;14;11;202306;Jun;Tue;Afternoon;Med;Tea;Brewed herbal tea;Lemon Grass Rg;Astoria
27.00;9;5;202306;Jun;Tue;Afternoon;Med;Tea;Brewed Black tea;English Breakfast Lg;Hell's Kitchen
56.00;16;9;202306;Jun;Tue;Afternoon;High;Coffee;Organic brewed coffee;Brazilian Lg;Astoria
45.00;12;7;202306;Jun;Tue;Afternoon;High;Coffee;Barista Espresso;Latte;Hell's Kitchen
71.25;15;11;202306;Jun;Tue;Afternoon;very high;Drinking Chocolate;Hot chocolate;Sustainably Grown Organic Lg;Astoria
32.50;13;10;202306;Jun;Tue;Afternoon;Med;Coffee;Gourmet brewed coffee;Columbian Medium Roast Rg;Astoria
21.00;7;7;202306;Jun;Tue;Afternoon;Med;Bakery;Scone;Oatmeal Scone;Lower Manhattan
30.00;8;5;202306;Jun;Tue;Afternoon;Med;Coffee;Barista Espresso;Cappuccino;Lower Manhattan
24.00;6;5;202306;Jun;Tue;Afternoon;Med;Tea;Brewed Chai tea;Morning Sunrise Chai Lg;Hell's Kitchen
18.00;6;5;202306;Jun;Tue;Afternoon;Low;Tea;Brewed Black tea;Earl Grey Lg;Hell's Kitchen
15.00;5;4;202306;Jun;Tue;Afternoon;Low;Coffee;Organic brewed coffee;Brazilian Rg;Lower Manhattan
45.00;15;8;202306;Jun;Tue;Afternoon;High;Tea;Brewed herbal tea;Lemon Grass Lg;Lower Manhattan
42.50;10;6;202306;Jun;Tue;Afternoon;High;Coffee;Barista Espresso;Cappuccino Lg;Astoria
51.00;17;9;202306;Jun;Tue;Afternoon;High;Coffee;Gourmet brewed coffee;Columbian Medium Roast Lg;Lower Manhattan
94.50;27;14;202306;Jun;Tue;Afternoon;very high;Drinking Chocolate;Hot chocolate;Dark chocolate Rg;Lower Manhattan
19.50;6;6;202306;Jun;Tue;Afternoon;Low;Bakery;Scone;Ginger Scone;Hell's Kitchen
58.50;13;9;202306;Jun;Tue;Afternoon;High;Drinking Chocolate;Hot chocolate;Dark chocolate Lg;Astoria
40.00;16;9;202306;Jun;Tue;Afternoon;Med;Tea;Brewed Chai tea;Morning Sunrise Chai Rg;Lower Manhattan
48.00;16;8;202306;Jun;Tue;Afternoon;High;Coffee;Drip coffee;Our Old Time Diner Blend Lg;Hell's Kitchen
22.00;10;6;202306;Jun;Tue;Afternoon;Med;Coffee;Organic brewed coffee;Brazilian Sm;Lower Manhattan
51.00;12;7;202306;Jun;Tue;Afternoon;High;Coffee;Barista Espresso;Cappuccino Lg;Hell's Kitchen
24.50;10;6;202306;Jun;Tue;Afternoon;Med;Coffee;Premium brewed coffee;Jamaican Coffee River Sm;Hell's Kitchen
6.50;2;2;202306;Jun;Tue;Afternoon;Low;Bakery;Biscotti;Hazelnut Biscotti;Hell's Kitchen
12.50;5;3;202306;Jun;Tue;Afternoon;Low;Tea;Brewed Chai tea;Traditional Blend Chai Rg;Hell's Kitchen
24.20;11;9;202306;Jun;Tue;Afternoon;Med;Coffee;Gourmet brewed coffee;Ethiopia Sm;Hell's Kitchen
27.00;9;7;202306;Jun;Tue;Afternoon;Med;Coffee;Barista Espresso;Espresso shot;Hell's Kitchen
22.50;6;4;202306;Jun;Tue;Afternoon;Med;Coffee;Premium brewed coffee;Jamaican Coffee River Lg;Lower Manhattan
36.00;12;10;202306;Jun;Tue;Afternoon;Med;Coffee;Organic brewed coffee;Brazilian Rg;Astoria
27.00;9;9;202306;Jun;Tue;Afternoon;Med;Bakery;Scone;Oatmeal Scone;Astoria
51.00;17;12;202306;Jun;Tue;Afternoon;High;Tea;Brewed Chai tea;Traditional Blend Chai Lg;Astoria
42.00;12;8;202306;Jun;Tue;Afternoon;High;Coffee;Organic brewed coffee;Brazilian Lg;Hell's Kitchen
31.50;9;9;202306;Jun;Tue;Afternoon;Med;Bakery;Pastry;Croissant;Lower Manhattan
20.00;8;6;202306;Jun;Tue;Afternoon;Low;Tea;Brewed Green tea;Serenity Green Tea Rg;Astoria
15.30;6;4;202306;Jun;Tue;Afternoon;Low;Tea;Brewed Chai tea;Spicy Eye Opener Chai Rg;Lower Manhattan
18.00;4;4;202306;Jun;Tue;Afternoon;Low;Bakery;Scone;Scottish Cream Scone ;Astoria
3.25;1;1;202306;Jun;Tue;Afternoon;Low;Bakery;Scone;Cranberry Scone;Hell's Kitchen
10.50;3;3;202306;Jun;Tue;Afternoon;Low;Bakery;Biscotti;Chocolate Chip Biscotti;Hell's Kitchen
39.20;16;10;202306;Jun;Tue;Afternoon;Med;Coffee;Premium brewed coffee;Jamaican Coffee River Sm;Lower Manhattan
42.50;17;9;202306;Jun;Tue;Afternoon;High;Tea;Brewed Green tea;Serenity Green Tea Rg;Hell's Kitchen
22.50;6;5;202306;Jun;Tue;Afternoon;Med;Coffee;Premium brewed coffee;Jamaican Coffee River Lg;Hell's Kitchen
28.00;14;8;202306;Jun;Tue;Afternoon;Med;Coffee;Drip coffee;Our Old Time Diner Blend Sm;Lower Manhattan
28.05;11;7;202306;Jun;Tue;Afternoon;Med;Tea;Brewed Chai tea;Spicy Eye Opener Chai Rg;Hell's Kitchen
37.50;10;7;202306;Jun;Tue;Afternoon;Med;Drinking Chocolate;Hot chocolate;Sustainably Grown Organic Rg;Astoria
18.00;4;4;202306;Jun;Tue;Afternoon;Low;Bakery;Scone;Scottish Cream Scone ;Lower Manhattan
37.50;15;8;202306;Jun;Tue;Afternoon;Med;Tea;Brewed herbal tea;Peppermint Rg;Hell's Kitchen
21.00;7;5;202306;Jun;Tue;Afternoon;Med;Coffee;Organic brewed coffee;Brazilian Rg;Hell's Kitchen
25.00;10;6;202306;Jun;Tue;Afternoon;Med;Tea;Brewed Chai tea;Traditional Blend Chai Rg;Lower Manhattan
30.00;10;6;202306;Jun;Tue;Afternoon;Med;Coffee;Drip coffee;Our Old Time Diner Blend Lg;Astoria
52.50;15;9;202306;Jun;Tue;Afternoon;High;Coffee;Gourmet brewed coffee;Ethiopia Lg;Lower Manhattan
55.25;13;8;202306;Jun;Tue;Afternoon;High;Coffee;Barista Espresso;Latte Rg;Astoria
30.00;12;8;202306;Jun;Tue;Afternoon;Med;Coffee;Drip coffee;Our Old Time Diner Blend Rg;Astoria
42.50;10;7;202306;Jun;Tue;Afternoon;High;Coffee;Barista Espresso;Cappuccino Lg;Lower Manhattan
45.00;15;11;202306;Jun;Tue;Afternoon;High;Tea;Brewed Black tea;Earl Grey Lg;Astoria
7.50;2;2;202306;Jun;Tue;Afternoon;Low;Bakery;Scone;Jumbo Savory Scone;Hell's Kitchen
72.00;18;16;202306;Jun;Tue;Afternoon;very high;Tea;Brewed Chai tea;Morning Sunrise Chai Lg;Astoria
30.00;10;7;202306;Jun;Tue;Afternoon;Med;Coffee;Gourmet brewed coffee;Ethiopia Rg;Astoria
14.70;6;5;202306;Jun;Tue;Afternoon;Low;Coffee;Premium brewed coffee;Jamaican Coffee River Sm;Astoria
24.00;8;4;202306;Jun;Tue;Afternoon;Med;Tea;Brewed Chai tea;Traditional Blend Chai Lg;Lower Manhattan
11.25;3;3;202306;Jun;Tue;Afternoon;Low;Bakery;Scone;Jumbo Savory Scone;Lower Manhattan
39.00;13;6;202306;Jun;Tue;Afternoon;Med;Tea;Brewed Green tea;Serenity Green Tea Lg;Lower Manhattan
14.00;4;4;202306;Jun;Tue;Afternoon;Low;Bakery;Biscotti;Ginger Biscotti;Hell's Kitchen
22.50;6;6;202306;Jun;Tue;Afternoon;Med;Bakery;Pastry;Almond Croissant;Astoria
9.75;3;3;202306;Jun;Tue;Afternoon;Low;Bakery;Scone;Cranberry Scone;Lower Manhattan
31.50;9;6;202306;Jun;Tue;Afternoon;Med;Drinking Chocolate;Hot chocolate;Dark chocolate Rg;Hell's Kitchen
42.75;9;6;202306;Jun;Tue;Afternoon;High;Drinking Chocolate;Hot chocolate;Sustainably Grown Organic Lg;Hell's Kitchen
16.00;8;5;202306;Jun;Tue;Afternoon;Low;Coffee;Gourmet brewed coffee;Columbian Medium Roast Sm;Hell's Kitchen
27.00;9;7;202306;Jun;Tue;Afternoon;Med;Coffee;Barista Espresso;Espresso shot;Astoria
12.75;3;2;202306;Jun;Tue;Afternoon;Low;Coffee;Barista Espresso;Latte Rg;Hell's Kitchen
15.00;5;3;202306;Jun;Tue;Afternoon;Low;Tea;Brewed herbal tea;Lemon Grass Lg;Hell's Kitchen
37.20;12;8;202306;Jun;Tue;Afternoon;Med;Tea;Brewed Chai tea;Spicy Eye Opener Chai Lg;Lower Manhattan
57.50;23;13;202306;Jun;Tue;Afternoon;High;Coffee;Gourmet brewed coffee;Columbian Medium Roast Rg;Lower Manhattan
16.25;5;5;202306;Jun;Tue;Afternoon;Low;Bakery;Biscotti;Hazelnut Biscotti;Lower Manhattan
18.00;6;3;202306;Jun;Tue;Afternoon;Low;Tea;Brewed herbal tea;Peppermint Lg;Hell's Kitchen
15.00;6;6;202306;Jun;Tue;Afternoon;Low;Tea;Brewed Black tea;Earl Grey Rg;Astoria
42.50;17;11;202306;Jun;Tue;Afternoon;High;Tea;Brewed herbal tea;Peppermint Rg;Astoria
22.50;9;5;202306;Jun;Tue;Afternoon;Med;Tea;Brewed herbal tea;Peppermint Rg;Lower Manhattan
24.80;8;6;202306;Jun;Tue;Afternoon;Med;Coffee;Premium brewed coffee;Jamaican Coffee River Rg;Lower Manhattan
37.50;14;11;202306;Jun;Tue;Afternoon;Med;Coffee;Barista Espresso;Ouro Brasileiro shot;Lower Manhattan
18.75;5;5;202306;Jun;Tue;Afternoon;Low;Bakery;Pastry;Chocolate Croissant;Lower Manhattan
18.00;4;4;202306;Jun;Tue;Afternoon;Low;Bakery;Scone;Scottish Cream Scone ;Hell's Kitchen
30.00;12;8;202306;Jun;Tue;Afternoon;Med;Tea;Brewed Chai tea;Traditional Blend Chai Rg;Astoria
32.50;13;9;202306;Jun;Tue;Afternoon;Med;Tea;Brewed Black tea;English Breakfast Rg;Astoria
22.50;9;5;202306;Jun;Tue;Afternoon;Med;Tea;Brewed herbal tea;Lemon Grass Rg;Hell's Kitchen
12.50;5;3;202306;Jun;Tue;Afternoon;Low;Tea;Brewed Chai tea;Morning Sunrise Chai Rg;Hell's Kitchen
6.00;2;2;202306;Jun;Tue;Afternoon;Low;Bakery;Scone;Oatmeal Scone;Hell's Kitchen
36.00;12;7;202306;Jun;Tue;Afternoon;Med;Tea;Brewed herbal tea;Peppermint Lg;Lower Manhattan
37.50;10;6;202306;Jun;Tue;Afternoon;Med;Coffee;Barista Espresso;Cappuccino;Hell's Kitchen
10.50;3;3;202306;Jun;Tue;Afternoon;Low;Bakery;Pastry;Croissant;Astoria
17.50;5;4;202306;Jun;Tue;Afternoon;Low;Coffee;Organic brewed coffee;Brazilian Lg;Lower Manhattan
17.50;5;4;202306;Jun;Tue;Afternoon;Low;Coffee;Gourmet brewed coffee;Ethiopia Lg;Hell's Kitchen
2.55;1;1;202306;Jun;Tue;Night;Low;Tea;Brewed Chai tea;Spicy Eye Opener Chai Rg;Lower Manhattan
2.20;1;1;202306;Jun;Tue;Night;Low;Coffee;Gourmet brewed coffee;Ethiopia Sm;Lower Manhattan
42.00;12;6;202306;Jun;Tue;Evening;High;Coffee;Gourmet brewed coffee;Ethiopia Lg;Lower Manhattan
50.00;20;13;202306;Jun;Tue;Evening;High;Tea;Brewed Chai tea;Traditional Blend Chai Rg;Astoria
48.75;13;7;202306;Jun;Tue;Evening;High;Coffee;Barista Espresso;Latte;Astoria
31.00;10;7;202306;Jun;Tue;Evening;Med;Tea;Brewed Chai tea;Spicy Eye Opener Chai Lg;Hell's Kitchen
18.75;5;5;202306;Jun;Tue;Evening;Low;Bakery;Pastry;Chocolate Croissant;Hell's Kitchen
17.50;7;5;202306;Jun;Tue;Evening;Low;Tea;Brewed Black tea;English Breakfast Rg;Hell's Kitchen
27.00;9;7;202306;Jun;Tue;Evening;Med;Coffee;Gourmet brewed coffee;Ethiopia Rg;Hell's Kitchen
36.00;12;8;202306;Jun;Tue;Evening;Med;Tea;Brewed Green tea;Serenity Green Tea Lg;Astoria
17.50;5;5;202306;Jun;Tue;Evening;Low;Bakery;Biscotti;Chocolate Chip Biscotti;Astoria
27.50;11;7;202306;Jun;Tue;Evening;Med;Coffee;Drip coffee;Our Old Time Diner Blend Rg;Astoria
30.00;12;7;202306;Jun;Tue;Evening;Med;Tea;Brewed Black tea;Earl Grey Rg;Hell's Kitchen
37.50;10;8;202306;Jun;Tue;Evening;Med;Coffee;Barista Espresso;Cappuccino;Hell's Kitchen
23.10;8;6;202306;Jun;Tue;Evening;Med;Coffee;Barista Espresso;Ouro Brasileiro shot;Lower Manhattan
27.50;11;6;202306;Jun;Tue;Evening;Med;Coffee;Drip coffee;Our Old Time Diner Blend Rg;Hell's Kitchen
20.00;5;3;202306;Jun;Tue;Evening;Low;Tea;Brewed Chai tea;Morning Sunrise Chai Lg;Lower Manhattan
16.25;5;5;202306;Jun;Tue;Evening;Low;Bakery;Biscotti;Hazelnut Biscotti;Lower Manhattan
17.50;7;4;202306;Jun;Tue;Evening;Low;Tea;Brewed Black tea;Earl Grey Rg;Lower Manhattan
47.50;10;7;202306;Jun;Tue;Evening;High;Drinking Chocolate;Hot chocolate;Sustainably Grown Organic Lg;Astoria
42.00;14;8;202306;Jun;Tue;Evening;High;Coffee;Barista Espresso;Espresso shot;Hell's Kitchen
37.50;15;11;202306;Jun;Tue;Evening;Med;Tea;Brewed Chai tea;Morning Sunrise Chai Rg;Astoria
24.00;8;4;202306;Jun;Tue;Evening;Med;Tea;Brewed Black tea;Earl Grey Lg;Lower Manhattan
35.00;14;8;202306;Jun;Tue;Evening;Med;Tea;Brewed Green tea;Serenity Green Tea Rg;Hell's Kitchen
10.00;5;3;202306;Jun;Tue;Evening;Low;Coffee;Drip coffee;Our Old Time Diner Blend Sm;Lower Manhattan
18.60;6;3;202306;Jun;Tue;Evening;Low;Coffee;Premium brewed coffee;Jamaican Coffee River Rg;Hell's Kitchen
51.00;17;11;202306;Jun;Tue;Evening;High;Tea;Brewed Chai tea;Traditional Blend Chai Lg;Hell's Kitchen
45.00;12;6;202306;Jun;Tue;Evening;High;Coffee;Barista Espresso;Latte;Lower Manhattan
42.00;12;8;202306;Jun;Tue;Evening;High;Coffee;Organic brewed coffee;Brazilian Lg;Hell's Kitchen
22.00;10;7;202306;Jun;Tue;Evening;Med;Coffee;Gourmet brewed coffee;Ethiopia Sm;Hell's Kitchen
35.00;14;10;202306;Jun;Tue;Evening;Med;Tea;Brewed herbal tea;Lemon Grass Rg;Hell's Kitchen
30.00;10;6;202306;Jun;Tue;Evening;Med;Tea;Brewed Black tea;Earl Grey Lg;Hell's Kitchen
24.00;12;9;202306;Jun;Tue;Evening;Med;Coffee;Gourmet brewed coffee;Columbian Medium Roast Sm;Hell's Kitchen
36.00;12;7;202306;Jun;Tue;Evening;Med;Coffee;Organic brewed coffee;Brazilian Rg;Lower Manhattan
30.00;12;8;202306;Jun;Tue;Evening;Med;Tea;Brewed Chai tea;Traditional Blend Chai Rg;Lower Manhattan
12.00;4;3;202306;Jun;Tue;Evening;Low;Coffee;Gourmet brewed coffee;Ethiopia Rg;Lower Manhattan
36.75;15;8;202306;Jun;Tue;Evening;Med;Coffee;Premium brewed coffee;Jamaican Coffee River Sm;Hell's Kitchen
14.00;4;4;202306;Jun;Tue;Evening;Low;Bakery;Biscotti;Ginger Biscotti;Hell's Kitchen
42.00;14;9;202306;Jun;Tue;Evening;High;Coffee;Drip coffee;Our Old Time Diner Blend Lg;Hell's Kitchen
36.00;12;8;202306;Jun;Tue;Evening;Med;Coffee;Gourmet brewed coffee;Columbian Medium Roast Lg;Astoria
33.75;9;7;202306;Jun;Tue;Evening;Med;Drinking Chocolate;Hot chocolate;Sustainably Grown Organic Rg;Astoria
22.50;6;6;202306;Jun;Tue;Evening;Med;Bakery;Scone;Jumbo Savory Scone;Astoria
54.00;12;12;202306;Jun;Tue;Evening;High;Bakery;Scone;Scottish Cream Scone ;Astoria
30.00;10;6;202306;Jun;Tue;Evening;Med;Tea;Brewed Black tea;English Breakfast Lg;Lower Manhattan
42.50;17;13;202306;Jun;Tue;Evening;High;Coffee;Gourmet brewed coffee;Columbian Medium Roast Rg;Astoria
49.00;14;10;202306;Jun;Tue;Evening;High;Coffee;Organic brewed coffee;Brazilian Lg;Astoria
41.25;11;7;202306;Jun;Tue;Evening;High;Coffee;Barista Espresso;Latte;Hell's Kitchen
30.00;10;8;202306;Jun;Tue;Evening;Med;Coffee;Organic brewed coffee;Brazilian Rg;Astoria
35.00;14;10;202306;Jun;Tue;Evening;Med;Tea;Brewed herbal tea;Peppermint Rg;Astoria
7.50;2;2;202306;Jun;Tue;Evening;Low;Bakery;Pastry;Chocolate Croissant;Astoria
25.50;10;6;202306;Jun;Tue;Evening;Med;Tea;Brewed Chai tea;Spicy Eye Opener Chai Rg;Hell's Kitchen
35.00;14;9;202306;Jun;Tue;Evening;Med;Tea;Brewed Black tea;English Breakfast Rg;Astoria
26.40;12;7;202306;Jun;Tue;Evening;Med;Coffee;Gourmet brewed coffee;Ethiopia Sm;Lower Manhattan
71.25;19;13;202306;Jun;Tue;Evening;very high;Coffee;Premium brewed coffee;Jamaican Coffee River Lg;Astoria
30.00;12;7;202306;Jun;Tue;Evening;Med;Coffee;Gourmet brewed coffee;Columbian Medium Roast Rg;Hell's Kitchen
36.00;12;9;202306;Jun;Tue;Evening;Med;Tea;Brewed Chai tea;Traditional Blend Chai Lg;Astoria
51.00;17;11;202306;Jun;Tue;Evening;High;Coffee;Gourmet brewed coffee;Columbian Medium Roast Lg;Hell's Kitchen
21.25;5;4;202306;Jun;Tue;Evening;Med;Coffee;Barista Espresso;Cappuccino Lg;Hell's Kitchen
15.00;5;5;202306;Jun;Tue;Evening;Low;Bakery;Scone;Oatmeal Scone;Hell's Kitchen
12.40;4;2;202306;Jun;Tue;Evening;Low;Coffee;Premium brewed coffee;Jamaican Coffee River Rg;Lower Manhattan
52.50;14;10;202306;Jun;Tue;Evening;High;Coffee;Premium brewed coffee;Jamaican Coffee River Lg;Hell's Kitchen
70.00;20;11;202306;Jun;Tue;Evening;very high;Drinking Chocolate;Hot chocolate;Dark chocolate Rg;Astoria
41.25;11;11;202306;Jun;Tue;Evening;High;Bakery;Pastry;Almond Croissant;Astoria
6.50;2;2;202306;Jun;Tue;Evening;Low;Bakery;Scone;Cranberry Scone;Hell's Kitchen
45.00;15;10;202306;Jun;Tue;Evening;High;Coffee;Gourmet brewed coffee;Ethiopia Rg;Astoria
63.00;14;8;202306;Jun;Tue;Evening;very high;Drinking Chocolate;Hot chocolate;Dark chocolate Lg;Lower Manhattan
12.00;4;4;202306;Jun;Tue;Evening;Low;Bakery;Scone;Oatmeal Scone;Lower Manhattan
30.00;10;7;202306;Jun;Tue;Evening;Med;Coffee;Barista Espresso;Espresso shot;Lower Manhattan
56.00;16;11;202306;Jun;Tue;Evening;High;Drinking Chocolate;Hot chocolate;Dark chocolate Rg;Hell's Kitchen
80.00;20;13;202306;Jun;Tue;Evening;very high;Tea;Brewed Chai tea;Morning Sunrise Chai Lg;Hell's Kitchen
55.20;19;12;202306;Jun;Tue;Evening;High;Coffee;Barista Espresso;Ouro Brasileiro shot;Hell's Kitchen
67.50;15;10;202306;Jun;Tue;Evening;very high;Drinking Chocolate;Hot chocolate;Dark chocolate Lg;Astoria
32.00;16;10;202306;Jun;Tue;Evening;Med;Coffee;Drip coffee;Our Old Time Diner Blend Sm;Astoria
31.50;9;6;202306;Jun;Tue;Evening;Med;Coffee;Organic brewed coffee;Brazilian Lg;Lower Manhattan
17.50;5;5;202306;Jun;Tue;Evening;Low;Bakery;Pastry;Croissant;Lower Manhattan
39.00;13;7;202306;Jun;Tue;Evening;Med;Tea;Brewed herbal tea;Peppermint Lg;Lower Manhattan
19.50;6;6;202306;Jun;Tue;Evening;Low;Bakery;Scone;Ginger Scone;Astoria
21.00;7;4;202306;Jun;Tue;Evening;Med;Coffee;Gourmet brewed coffee;Columbian Medium Roast Lg;Lower Manhattan
7.50;2;2;202306;Jun;Tue;Evening;Low;Bakery;Pastry;Almond Croissant;Lower Manhattan
13.00;4;4;202306;Jun;Tue;Evening;Low;Bakery;Scone;Cranberry Scone;Lower Manhattan
20.00;8;4;202306;Jun;Tue;Evening;Low;Tea;Brewed herbal tea;Lemon Grass Rg;Lower Manhattan
12.75;3;2;202306;Jun;Tue;Evening;Low;Coffee;Barista Espresso;Latte Rg;Lower Manhattan
30.00;10;6;202306;Jun;Tue;Evening;Med;Tea;Brewed Green tea;Serenity Green Tea Lg;Hell's Kitchen
47.50;19;11;202306;Jun;Tue;Evening;High;Tea;Brewed Chai tea;Traditional Blend Chai Rg;Hell's Kitchen
36.00;12;6;202306;Jun;Tue;Evening;Med;Coffee;Drip coffee;Our Old Time Diner Blend Lg;Lower Manhattan
18.00;6;4;202306;Jun;Tue;Evening;Low;Tea;Brewed Black tea;Earl Grey Lg;Astoria
45.00;12;6;202306;Jun;Tue;Evening;High;Coffee;Premium brewed coffee;Jamaican Coffee River Lg;Lower Manhattan
3.50;1;1;202306;Jun;Tue;Evening;Low;Bakery;Biscotti;Chocolate Chip Biscotti;Hell's Kitchen
48.00;12;9;202306;Jun;Tue;Evening;High;Tea;Brewed Chai tea;Morning Sunrise Chai Lg;Astoria
38.25;9;6;202306;Jun;Tue;Evening;Med;Coffee;Barista Espresso;Cappuccino Lg;Lower Manhattan
38.50;11;8;202306;Jun;Tue;Evening;Med;Coffee;Gourmet brewed coffee;Ethiopia Lg;Hell's Kitchen
17.50;5;3;202306;Jun;Tue;Evening;Low;Coffee;Gourmet brewed coffee;Ethiopia Lg;Astoria
28.60;13;9;202306;Jun;Tue;Evening;Med;Coffee;Organic brewed coffee;Brazilian Sm;Astoria
3.75;1;1;202306;Jun;Tue;Evening;Low;Coffee;Barista Espresso;Cappuccino;Lower Manhattan
45.00;18;11;202306;Jun;Tue;Evening;High;Coffee;Gourmet brewed coffee;Columbian Medium Roast Rg;Lower Manhattan
35.00;14;7;202306;Jun;Tue;Evening;Med;Tea;Brewed Green tea;Serenity Green Tea Rg;Lower Manhattan
15.00;6;5;202306;Jun;Tue;Evening;Low;Tea;Brewed herbal tea;Peppermint Rg;Hell's Kitchen
30.80;14;10;202306;Jun;Tue;Evening;Med;Coffee;Gourmet brewed coffee;Ethiopia Sm;Astoria
16.25;5;5;202306;Jun;Tue;Evening;Low;Bakery;Biscotti;Hazelnut Biscotti;Hell's Kitchen
45.90;18;11;202306;Jun;Tue;Evening;High;Tea;Brewed Chai tea;Spicy Eye Opener Chai Rg;Astoria
16.25;5;5;202306;Jun;Tue;Evening;Low;Bakery;Biscotti;Hazelnut Biscotti;Astoria
39.00;13;8;202306;Jun;Tue;Evening;Med;Coffee;Organic brewed coffee;Brazilian Rg;Hell's Kitchen
28.60;13;8;202306;Jun;Tue;Evening;Med;Coffee;Organic brewed coffee;Brazilian Sm;Lower Manhattan
30.00;10;7;202306;Jun;Tue;Evening;Med;Coffee;Drip coffee;Our Old Time Diner Blend Lg;Astoria
40.30;13;9;202306;Jun;Tue;Evening;very high;Tea;Brewed Chai tea;Spicy Eye Opener Chai Lg;Astoria
24.50;7;7;202306;Jun;Tue;Evening;Med;Bakery;Pastry;Croissant;Astoria
35.00;14;9;202306;Jun;Tue;Evening;Med;Tea;Brewed Chai tea;Morning Sunrise Chai Rg;Hell's Kitchen
29.75;7;6;202306;Jun;Tue;Evening;Med;Coffee;Barista Espresso;Latte Rg;Hell's Kitchen
24.50;7;7;202306;Jun;Tue;Evening;Med;Bakery;Biscotti;Ginger Biscotti;Astoria
22.50;9;4;202306;Jun;Tue;Evening;Med;Coffee;Drip coffee;Our Old Time Diner Blend Rg;Lower Manhattan
15.00;5;3;202306;Jun;Tue;Evening;Low;Tea;Brewed herbal tea;Lemon Grass Lg;Lower Manhattan
35.00;14;11;202306;Jun;Tue;Evening;Med;Tea;Brewed herbal tea;Lemon Grass Rg;Astoria
22.05;9;7;202306;Jun;Tue;Evening;Med;Coffee;Premium brewed coffee;Jamaican Coffee River Sm;Astoria
14.00;4;3;202306;Jun;Tue;Evening;Low;Drinking Chocolate;Hot chocolate;Dark chocolate Rg;Lower Manhattan
33.00;11;7;202306;Jun;Tue;Evening;Med;Tea;Brewed herbal tea;Lemon Grass Lg;Hell's Kitchen
33.00;11;6;202306;Jun;Tue;Evening;Med;Tea;Brewed Black tea;English Breakfast Lg;Hell's Kitchen
18.00;6;6;202306;Jun;Tue;Evening;Low;Bakery;Scone;Oatmeal Scone;Astoria
31.00;10;5;202306;Jun;Tue;Evening;Med;Tea;Brewed Chai tea;Spicy Eye Opener Chai Lg;Lower Manhattan
48.00;16;10;202306;Jun;Tue;Evening;High;Tea;Brewed herbal tea;Lemon Grass Lg;Astoria
49.50;11;8;202306;Jun;Tue;Evening;High;Drinking Chocolate;Hot chocolate;Dark chocolate Lg;Hell's Kitchen
11.25;3;3;202306;Jun;Tue;Evening;Low;Bakery;Pastry;Almond Croissant;Hell's Kitchen
59.50;14;8;202306;Jun;Tue;Evening;High;Coffee;Barista Espresso;Cappuccino Lg;Astoria
25.00;10;8;202306;Jun;Tue;Evening;Med;Tea;Brewed Black tea;Earl Grey Rg;Astoria
42.75;9;5;202306;Jun;Tue;Evening;High;Drinking Chocolate;Hot chocolate;Sustainably Grown Organic Lg;Hell's Kitchen
16.00;8;5;202306;Jun;Tue;Evening;Low;Coffee;Gourmet brewed coffee;Columbian Medium Roast Sm;Astoria
16.25;5;5;202306;Jun;Tue;Evening;Low;Bakery;Scone;Ginger Scone;Hell's Kitchen
33.75;9;6;202306;Jun;Tue;Evening;Med;Coffee;Barista Espresso;Cappuccino;Astoria
19.50;6;6;202306;Jun;Tue;Evening;Low;Bakery;Scone;Cranberry Scone;Astoria
39.60;18;9;202306;Jun;Tue;Evening;Med;Coffee;Organic brewed coffee;Brazilian Sm;Hell's Kitchen
13.50;3;3;202306;Jun;Tue;Evening;Low;Bakery;Scone;Scottish Cream Scone ;Hell's Kitchen
9.00;2;1;202306;Jun;Wed;Night;Low;Drinking Chocolate;Hot chocolate;Dark chocolate Lg;Lower Manhattan
9.50;2;1;202306;Jun;Wed;Night;Low;Drinking Chocolate;Hot chocolate;Sustainably Grown Organic Lg;Lower Manhattan
3.00;1;1;202306;Jun;Wed;Night;Low;Tea;Brewed Black tea;English Breakfast Lg;Lower Manhattan
7.60;1;1;202306;Jun;Wed;Night;Low;Packaged Chocolate;Organic Chocolate;Sustainably Grown Organic;Lower Manhattan
3.00;1;1;202306;Jun;Wed;Night;Low;Tea;Brewed herbal tea;Peppermint Lg;Lower Manhattan
4.40;2;1;202306;Jun;Wed;Night;Low;Coffee;Gourmet brewed coffee;Ethiopia Sm;Lower Manhattan
123.75;33;33;202306;Jun;Wed;Morning;very high;Bakery;Pastry;Chocolate Croissant;Lower Manhattan
72.50;29;20;202306;Jun;Wed;Morning;very high;Coffee;Drip coffee;Our Old Time Diner Blend Rg;Astoria
75.00;25;15;202306;Jun;Wed;Morning;very high;Tea;Brewed herbal tea;Peppermint Lg;Lower Manhattan
55.80;18;13;202306;Jun;Wed;Morning;High;Coffee;Premium brewed coffee;Jamaican Coffee River Rg;Astoria
150.00;40;25;202306;Jun;Wed;Morning;very high;Coffee;Barista Espresso;Cappuccino;Lower Manhattan
35.20;16;10;202306;Jun;Wed;Morning;Med;Coffee;Gourmet brewed coffee;Ethiopia Sm;Astoria
60.00;24;15;202306;Jun;Wed;Morning;High;Tea;Brewed Black tea;Earl Grey Rg;Astoria
95.00;38;22;202306;Jun;Wed;Morning;very high;Tea;Brewed Black tea;English Breakfast Rg;Lower Manhattan
26.85;3;3;202306;Jun;Wed;Morning;Med;Loose Tea;Black tea;English Breakfast;Lower Manhattan
65.00;26;16;202306;Jun;Wed;Morning;very high;Tea;Brewed Green tea;Serenity Green Tea Rg;Lower Manhattan
17.90;2;2;202306;Jun;Wed;Morning;Low;Loose Tea;Herbal tea;Peppermint;Lower Manhattan
63.80;29;17;202306;Jun;Wed;Morning;very high;Coffee;Gourmet brewed coffee;Ethiopia Sm;Lower Manhattan
35.00;10;7;202306;Jun;Wed;Morning;Med;Drinking Chocolate;Hot chocolate;Dark chocolate Rg;Astoria
119.00;28;19;202306;Jun;Wed;Morning;very high;Coffee;Barista Espresso;Cappuccino Lg;Astoria
28.00;8;8;202306;Jun;Wed;Morning;Med;Bakery;Biscotti;Chocolate Chip Biscotti;Astoria
80.60;26;17;202306;Jun;Wed;Morning;very high;Tea;Brewed Chai tea;Spicy Eye Opener Chai Lg;Lower Manhattan
45.50;14;14;202306;Jun;Wed;Morning;High;Bakery;Scone;Cranberry Scone;Lower Manhattan
19.50;6;6;202306;Jun;Wed;Morning;Low;Bakery;Scone;Cranberry Scone;Astoria
47.50;19;15;202306;Jun;Wed;Morning;High;Tea;Brewed Chai tea;Traditional Blend Chai Rg;Astoria
66.00;22;14;202306;Jun;Wed;Morning;very high;Tea;Brewed herbal tea;Lemon Grass Lg;Lower Manhattan
44.10;18;12;202306;Jun;Wed;Morning;High;Coffee;Premium brewed coffee;Jamaican Coffee River Sm;Lower Manhattan
52.50;15;15;202306;Jun;Wed;Morning;High;Bakery;Biscotti;Ginger Biscotti;Lower Manhattan
87.00;29;20;202306;Jun;Wed;Morning;very high;Coffee;Organic brewed coffee;Brazilian Rg;Lower Manhattan
67.50;27;20;202306;Jun;Wed;Morning;very high;Tea;Brewed Chai tea;Morning Sunrise Chai Rg;Astoria
54.00;18;13;202306;Jun;Wed;Morning;High;Coffee;Gourmet brewed coffee;Ethiopia Rg;Astoria
90.00;24;15;202306;Jun;Wed;Morning;very high;Coffee;Barista Espresso;Latte;Astoria
60.00;16;16;202306;Jun;Wed;Morning;High;Bakery;Pastry;Chocolate Croissant;Astoria
81.00;27;17;202306;Jun;Wed;Morning;very high;Coffee;Gourmet brewed coffee;Columbian Medium Roast Lg;Astoria
22.40;28;18;202306;Jun;Wed;Morning;Med;Flavours;Sugar free syrup;Sugar Free Vanilla syrup;Lower Manhattan
45.00;12;12;202306;Jun;Wed;Morning;High;Bakery;Pastry;Almond Croissant;Lower Manhattan
57.50;23;13;202306;Jun;Wed;Morning;High;Tea;Brewed herbal tea;Peppermint Rg;Lower Manhattan
91.00;26;16;202306;Jun;Wed;Morning;very high;Coffee;Gourmet brewed coffee;Ethiopia Lg;Lower Manhattan
42.50;17;13;202306;Jun;Wed;Morning;High;Tea;Brewed Chai tea;Morning Sunrise Chai Rg;Lower Manhattan
50.60;23;16;202306;Jun;Wed;Morning;High;Coffee;Organic brewed coffee;Brazilian Sm;Astoria
30.00;8;8;202306;Jun;Wed;Morning;Med;Bakery;Scone;Jumbo Savory Scone;Astoria
29.40;12;7;202306;Jun;Wed;Morning;Med;Coffee;Premium brewed coffee;Jamaican Coffee River Sm;Astoria
80.00;20;14;202306;Jun;Wed;Morning;very high;Tea;Brewed Chai tea;Morning Sunrise Chai Lg;Astoria
45.50;14;14;202306;Jun;Wed;Morning;High;Bakery;Scone;Ginger Scone;Astoria
56.25;15;11;202306;Jun;Wed;Morning;High;Coffee;Barista Espresso;Cappuccino;Astoria
83.70;27;17;202306;Jun;Wed;Morning;very high;Tea;Brewed Chai tea;Spicy Eye Opener Chai Lg;Astoria
55.80;18;12;202306;Jun;Wed;Morning;High;Coffee;Premium brewed coffee;Jamaican Coffee River Rg;Lower Manhattan
27.00;9;9;202306;Jun;Wed;Morning;Med;Bakery;Scone;Oatmeal Scone;Lower Manhattan
127.50;30;19;202306;Jun;Wed;Morning;very high;Coffee;Barista Espresso;Cappuccino Lg;Lower Manhattan
14.40;18;14;202306;Jun;Wed;Morning;Low;Flavours;Regular syrup;Carmel syrup;Lower Manhattan
42.00;2;2;202306;Jun;Wed;Morning;High;Coffee beans;Gourmet Beans;Ethiopia;Lower Manhattan
72.00;24;16;202306;Jun;Wed;Morning;very high;Coffee;Drip coffee;Our Old Time Diner Blend Lg;Astoria
87.00;29;20;202306;Jun;Wed;Morning;very high;Tea;Brewed Black tea;Earl Grey Lg;Lower Manhattan
82.50;33;19;202306;Jun;Wed;Morning;very high;Coffee;Drip coffee;Our Old Time Diner Blend Rg;Lower Manhattan
70.00;20;20;202306;Jun;Wed;Morning;very high;Bakery;Biscotti;Chocolate Chip Biscotti;Lower Manhattan
114.00;5;5;202306;Jun;Wed;Morning;very high;Coffee beans;Organic Beans;Organic Decaf Blend;Lower Manhattan
60.00;24;13;202306;Jun;Wed;Morning;High;Tea;Brewed Black tea;Earl Grey Rg;Lower Manhattan
77.50;31;18;202306;Jun;Wed;Morning;very high;Tea;Brewed herbal tea;Lemon Grass Rg;Lower Manhattan
70.40;32;19;202306;Jun;Wed;Morning;very high;Coffee;Organic brewed coffee;Brazilian Sm;Lower Manhattan
57.00;19;13;202306;Jun;Wed;Morning;High;Tea;Brewed Chai tea;Traditional Blend Chai Lg;Lower Manhattan
39.00;13;9;202306;Jun;Wed;Morning;Med;Tea;Brewed Black tea;English Breakfast Lg;Lower Manhattan
182.75;43;28;202306;Jun;Wed;Morning;very high;Coffee;Barista Espresso;Cappuccino Lg;Hell's Kitchen
55.00;22;15;202306;Jun;Wed;Morning;High;Tea;Brewed herbal tea;Peppermint Rg;Hell's Kitchen
45.50;14;14;202306;Jun;Wed;Morning;High;Bakery;Scone;Ginger Scone;Hell's Kitchen
84.00;28;19;202306;Jun;Wed;Morning;very high;Tea;Brewed Black tea;English Breakfast Lg;Hell's Kitchen
72.00;16;16;202306;Jun;Wed;Morning;very high;Bakery;Scone;Scottish Cream Scone ;Hell's Kitchen
84.00;28;19;202306;Jun;Wed;Morning;very high;Tea;Brewed Black tea;English Breakfast Lg;Astoria
99.45;39;25;202306;Jun;Wed;Morning;very high;Tea;Brewed Chai tea;Spicy Eye Opener Chai Rg;Hell's Kitchen
114.75;27;17;202306;Jun;Wed;Morning;very high;Coffee;Barista Espresso;Latte Rg;Lower Manhattan
93.00;31;18;202306;Jun;Wed;Morning;very high;Coffee;Gourmet brewed coffee;Ethiopia Rg;Hell's Kitchen
114.75;27;17;202306;Jun;Wed;Morning;very high;Coffee;Barista Espresso;Latte Rg;Hell's Kitchen
20.80;26;18;202306;Jun;Wed;Morning;very high;Flavours;Regular syrup;Chocolate syrup;Hell's Kitchen
62.50;25;17;202306;Jun;Wed;Morning;very high;Tea;Brewed Green tea;Serenity Green Tea Rg;Astoria
34.00;17;11;202306;Jun;Wed;Morning;Med;Coffee;Drip coffee;Our Old Time Diner Blend Sm;Lower Manhattan
40.00;16;12;202306;Jun;Wed;Morning;Med;Tea;Brewed Black tea;English Breakfast Rg;Astoria
25.60;32;23;202306;Jun;Wed;Morning;Med;Flavours;Sugar free syrup;Sugar Free Vanilla syrup;Hell's Kitchen
80.50;23;14;202306;Jun;Wed;Morning;very high;Drinking Chocolate;Hot chocolate;Dark chocolate Rg;Hell's Kitchen
9.00;3;3;202306;Jun;Wed;Morning;Low;Bakery;Scone;Oatmeal Scone;Astoria
32.00;16;13;202306;Jun;Wed;Morning;Med;Coffee;Gourmet brewed coffee;Columbian Medium Roast Sm;Lower Manhattan
20.80;26;19;202306;Jun;Wed;Morning;very high;Flavours;Regular syrup;Carmel syrup;Hell's Kitchen
60.00;24;18;202306;Jun;Wed;Morning;High;Tea;Brewed Chai tea;Morning Sunrise Chai Rg;Hell's Kitchen
81.00;27;15;202306;Jun;Wed;Morning;very high;Tea;Brewed Green tea;Serenity Green Tea Lg;Lower Manhattan
75.00;20;15;202306;Jun;Wed;Morning;very high;Coffee;Premium brewed coffee;Jamaican Coffee River Lg;Lower Manhattan
35.00;10;10;202306;Jun;Wed;Morning;Med;Bakery;Pastry;Croissant;Lower Manhattan
168.75;45;28;202306;Jun;Wed;Morning;very high;Coffee;Premium brewed coffee;Jamaican Coffee River Lg;Hell's Kitchen
73.50;21;21;202306;Jun;Wed;Morning;very high;Bakery;Pastry;Croissant;Hell's Kitchen
140.00;35;22;202306;Jun;Wed;Morning;very high;Tea;Brewed Chai tea;Morning Sunrise Chai Lg;Lower Manhattan
102.00;34;24;202306;Jun;Wed;Morning;very high;Coffee;Organic brewed coffee;Brazilian Rg;Hell's Kitchen
75.00;25;15;202306;Jun;Wed;Morning;very high;Coffee;Organic brewed coffee;Brazilian Rg;Astoria
72.00;24;18;202306;Jun;Wed;Morning;very high;Tea;Brewed Green tea;Serenity Green Tea Lg;Hell's Kitchen
97.75;23;15;202306;Jun;Wed;Morning;very high;Coffee;Barista Espresso;Latte Rg;Astoria
60.00;20;12;202306;Jun;Wed;Morning;High;Coffee;Drip coffee;Our Old Time Diner Blend Lg;Hell's Kitchen
54.00;18;12;202306;Jun;Wed;Morning;High;Coffee;Barista Espresso;Espresso shot;Lower Manhattan
20.00;25;16;202306;Jun;Wed;Morning;Low;Flavours;Regular syrup;Hazelnut syrup;Lower Manhattan
90.00;30;18;202306;Jun;Wed;Morning;very high;Tea;Brewed Black tea;Earl Grey Lg;Hell's Kitchen
18.00;4;4;202306;Jun;Wed;Morning;Low;Bakery;Scone;Scottish Cream Scone ;Astoria
51.00;20;12;202306;Jun;Wed;Morning;High;Tea;Brewed Chai tea;Spicy Eye Opener Chai Rg;Astoria
85.50;19;10;202306;Jun;Wed;Morning;very high;Drinking Chocolate;Hot chocolate;Dark chocolate Lg;Lower Manhattan
135.00;45;30;202306;Jun;Wed;Morning;very high;Tea;Brewed Chai tea;Traditional Blend Chai Lg;Hell's Kitchen
25.60;4;4;202306;Jun;Wed;Morning;Med;Packaged Chocolate;Drinking Chocolate;Dark chocolate;Hell's Kitchen
92.00;23;16;202306;Jun;Wed;Morning;very high;Tea;Brewed Chai tea;Morning Sunrise Chai Lg;Hell's Kitchen
76.00;16;11;202306;Jun;Wed;Morning;very high;Drinking Chocolate;Hot chocolate;Sustainably Grown Organic Lg;Hell's Kitchen
62.50;25;18;202306;Jun;Wed;Morning;very high;Tea;Brewed Chai tea;Traditional Blend Chai Rg;Lower Manhattan
71.30;23;15;202306;Jun;Wed;Morning;very high;Tea;Brewed Chai tea;Spicy Eye Opener Chai Lg;Hell's Kitchen
61.60;28;19;202306;Jun;Wed;Morning;very high;Coffee;Organic brewed coffee;Brazilian Sm;Hell's Kitchen
65.10;21;15;202306;Jun;Wed;Morning;very high;Coffee;Premium brewed coffee;Jamaican Coffee River Rg;Hell's Kitchen
28.80;36;23;202306;Jun;Wed;Morning;Med;Flavours;Regular syrup;Hazelnut syrup;Hell's Kitchen
108.00;36;21;202306;Jun;Wed;Morning;very high;Coffee;Gourmet brewed coffee;Ethiopia Rg;Lower Manhattan
84.00;28;19;202306;Jun;Wed;Morning;very high;Tea;Brewed herbal tea;Peppermint Lg;Hell's Kitchen
30.40;38;23;202306;Jun;Wed;Morning;Med;Flavours;Regular syrup;Chocolate syrup;Lower Manhattan
65.00;26;15;202306;Jun;Wed;Morning;very high;Coffee;Gourmet brewed coffee;Columbian Medium Roast Rg;Lower Manhattan
116.25;31;19;202306;Jun;Wed;Morning;very high;Coffee;Barista Espresso;Latte;Hell's Kitchen
48.75;13;13;202306;Jun;Wed;Morning;High;Bakery;Pastry;Almond Croissant;Hell's Kitchen
72.50;29;20;202306;Jun;Wed;Morning;very high;Tea;Brewed herbal tea;Peppermint Rg;Astoria
63.70;26;17;202306;Jun;Wed;Morning;very high;Coffee;Premium brewed coffee;Jamaican Coffee River Sm;Hell's Kitchen
32.50;10;10;202306;Jun;Wed;Morning;Med;Bakery;Scone;Cranberry Scone;Hell's Kitchen
90.00;24;17;202306;Jun;Wed;Morning;very high;Coffee;Barista Espresso;Latte;Lower Manhattan
75.00;20;12;202306;Jun;Wed;Morning;very high;Drinking Chocolate;Hot chocolate;Sustainably Grown Organic Rg;Lower Manhattan
38.25;15;10;202306;Jun;Wed;Morning;Med;Tea;Brewed Chai tea;Spicy Eye Opener Chai Rg;Lower Manhattan
116.25;31;22;202306;Jun;Wed;Morning;very high;Coffee;Barista Espresso;Cappuccino;Hell's Kitchen
49.00;14;10;202306;Jun;Wed;Morning;High;Coffee;Organic brewed coffee;Brazilian Lg;Astoria
81.00;18;13;202306;Jun;Wed;Morning;very high;Drinking Chocolate;Hot chocolate;Dark chocolate Lg;Astoria
127.50;34;34;202306;Jun;Wed;Morning;very high;Bakery;Pastry;Chocolate Croissant;Hell's Kitchen
48.75;15;15;202306;Jun;Wed;Morning;High;Bakery;Biscotti;Hazelnut Biscotti;Hell's Kitchen
60.00;24;16;202306;Jun;Wed;Morning;High;Coffee;Gourmet brewed coffee;Columbian Medium Roast Rg;Hell's Kitchen
48.00;16;13;202306;Jun;Wed;Morning;High;Tea;Brewed Green tea;Serenity Green Tea Lg;Astoria
50.00;25;17;202306;Jun;Wed;Morning;High;Coffee;Gourmet brewed coffee;Columbian Medium Roast Sm;Hell's Kitchen
128.25;27;21;202306;Jun;Wed;Morning;very high;Drinking Chocolate;Hot chocolate;Sustainably Grown Organic Lg;Astoria
29.25;9;9;202306;Jun;Wed;Morning;Med;Bakery;Biscotti;Hazelnut Biscotti;Astoria
52.50;21;15;202306;Jun;Wed;Morning;High;Coffee;Gourmet brewed coffee;Columbian Medium Roast Rg;Astoria
85.00;34;22;202306;Jun;Wed;Morning;very high;Tea;Brewed Chai tea;Traditional Blend Chai Rg;Hell's Kitchen
78.75;21;21;202306;Jun;Wed;Morning;very high;Bakery;Scone;Jumbo Savory Scone;Hell's Kitchen
80.50;23;14;202306;Jun;Wed;Morning;very high;Coffee;Organic brewed coffee;Brazilian Lg;Hell's Kitchen
105.00;35;21;202306;Jun;Wed;Morning;very high;Coffee;Drip coffee;Our Old Time Diner Blend Lg;Lower Manhattan
70.00;35;24;202306;Jun;Wed;Morning;very high;Coffee;Drip coffee;Our Old Time Diner Blend Sm;Hell's Kitchen
93.75;25;17;202306;Jun;Wed;Morning;very high;Drinking Chocolate;Hot chocolate;Sustainably Grown Organic Rg;Hell's Kitchen
126.00;7;7;202306;Jun;Wed;Morning;very high;Coffee beans;House blend Beans;Our Old Time Diner Blend;Hell's Kitchen
58.00;29;18;202306;Jun;Wed;Morning;High;Coffee;Gourmet brewed coffee;Columbian Medium Roast Sm;Astoria
18.00;1;1;202306;Jun;Wed;Morning;Low;Coffee beans;House blend Beans;Our Old Time Diner Blend;Lower Manhattan
11.25;3;3;202306;Jun;Wed;Morning;Low;Bakery;Pastry;Almond Croissant;Astoria
60.00;16;9;202306;Jun;Wed;Morning;High;Drinking Chocolate;Hot chocolate;Sustainably Grown Organic Rg;Astoria
24.20;11;9;202306;Jun;Wed;Morning;Med;Coffee;Gourmet brewed coffee;Ethiopia Sm;Hell's Kitchen
130.50;29;18;202306;Jun;Wed;Morning;very high;Drinking Chocolate;Hot chocolate;Dark chocolate Lg;Hell's Kitchen
75.00;25;18;202306;Jun;Wed;Morning;very high;Coffee;Gourmet brewed coffee;Columbian Medium Roast Lg;Hell's Kitchen
10.95;1;1;202306;Jun;Wed;Morning;Low;Loose Tea;Chai tea;Spicy Eye Opener Chai;Lower Manhattan
6.40;1;1;202306;Jun;Wed;Morning;Low;Packaged Chocolate;Drinking Chocolate;Dark chocolate;Lower Manhattan
25.00;10;7;202306;Jun;Wed;Morning;Med;Coffee;Drip coffee;Our Old Time Diner Blend Rg;Hell's Kitchen
38.50;11;10;202306;Jun;Wed;Morning;Med;Bakery;Biscotti;Ginger Biscotti;Hell's Kitchen
84.00;24;16;202306;Jun;Wed;Morning;very high;Coffee;Gourmet brewed coffee;Ethiopia Lg;Hell's Kitchen
36.00;2;2;202306;Jun;Wed;Morning;Med;Coffee beans;Organic Beans;Brazilian - Organic;Hell's Kitchen
70.00;20;11;202306;Jun;Wed;Morning;very high;Drinking Chocolate;Hot chocolate;Dark chocolate Rg;Lower Manhattan
69.00;23;15;202306;Jun;Wed;Morning;very high;Tea;Brewed herbal tea;Lemon Grass Lg;Astoria
57.50;23;14;202306;Jun;Wed;Morning;High;Tea;Brewed Green tea;Serenity Green Tea Rg;Hell's Kitchen
69.00;23;15;202306;Jun;Wed;Morning;very high;Tea;Brewed Chai tea;Traditional Blend Chai Lg;Astoria
38.50;11;11;202306;Jun;Wed;Morning;Med;Bakery;Pastry;Croissant;Astoria
42.00;21;14;202306;Jun;Wed;Morning;High;Coffee;Drip coffee;Our Old Time Diner Blend Sm;Astoria
84.00;24;17;202306;Jun;Wed;Morning;very high;Coffee;Organic brewed coffee;Brazilian Lg;Lower Manhattan
19.00;2;2;202306;Jun;Wed;Morning;Low;Loose Tea;Chai tea;Morning Sunrise Chai;Hell's Kitchen
72.00;24;16;202306;Jun;Wed;Morning;very high;Tea;Brewed herbal tea;Peppermint Lg;Astoria
55.75;19;15;202306;Jun;Wed;Morning;High;Bakery;Scone;Ginger Scone;Lower Manhattan
75.00;25;16;202306;Jun;Wed;Morning;very high;Tea;Brewed Black tea;Earl Grey Lg;Astoria
71.25;19;19;202306;Jun;Wed;Morning;very high;Bakery;Scone;Jumbo Savory Scone;Lower Manhattan
8.95;1;1;202306;Jun;Wed;Morning;Low;Loose Tea;Black tea;Earl Grey;Hell's Kitchen
27.00;6;6;202306;Jun;Wed;Morning;Med;Bakery;Scone;Scottish Cream Scone ;Lower Manhattan
81.80;4;4;202306;Jun;Wed;Morning;very high;Coffee beans;Espresso Beans;Primo Espresso Roast;Hell's Kitchen
63.00;21;13;202306;Jun;Wed;Morning;very high;Coffee;Gourmet brewed coffee;Columbian Medium Roast Lg;Lower Manhattan
33.75;9;8;202306;Jun;Wed;Morning;Med;Coffee;Premium brewed coffee;Jamaican Coffee River Lg;Astoria
49.00;14;12;202306;Jun;Wed;Morning;High;Coffee;Gourmet brewed coffee;Ethiopia Lg;Astoria
55.00;22;16;202306;Jun;Wed;Morning;High;Tea;Brewed Black tea;English Breakfast Rg;Hell's Kitchen
47.50;19;16;202306;Jun;Wed;Morning;High;Tea;Brewed herbal tea;Lemon Grass Rg;Hell's Kitchen
3.00;1;1;202306;Jun;Wed;Night;Low;Coffee;Gourmet brewed coffee;Ethiopia Rg;Astoria
3.00;1;1;202306;Jun;Wed;Night;Low;Coffee;Gourmet brewed coffee;Ethiopia Rg;Lower Manhattan
36.75;15;9;202306;Jun;Wed;Afternoon;Med;Coffee;Premium brewed coffee;Jamaican Coffee River Sm;Astoria
45.50;13;8;202306;Jun;Wed;Afternoon;High;Coffee;Gourmet brewed coffee;Ethiopia Lg;Hell's Kitchen
27.00;9;8;202306;Jun;Wed;Afternoon;Med;Tea;Brewed herbal tea;Peppermint Lg;Astoria
22.00;11;6;202306;Jun;Wed;Afternoon;Med;Coffee;Drip coffee;Our Old Time Diner Blend Sm;Lower Manhattan
95.00;20;11;202306;Jun;Wed;Afternoon;very high;Drinking Chocolate;Hot chocolate;Sustainably Grown Organic Lg;Hell's Kitchen
90.25;19;12;202306;Jun;Wed;Afternoon;very high;Drinking Chocolate;Hot chocolate;Sustainably Grown Organic Lg;Astoria
8.00;4;4;202306;Jun;Wed;Afternoon;Low;Coffee;Gourmet brewed coffee;Columbian Medium Roast Sm;Lower Manhattan
24.00;8;6;202306;Jun;Wed;Afternoon;Med;Coffee;Gourmet brewed coffee;Columbian Medium Roast Lg;Astoria
44.00;11;7;202306;Jun;Wed;Afternoon;High;Tea;Brewed Chai tea;Morning Sunrise Chai Lg;Astoria
52.50;15;10;202306;Jun;Wed;Afternoon;High;Coffee;Organic brewed coffee;Brazilian Lg;Astoria
24.00;8;5;202306;Jun;Wed;Afternoon;Med;Tea;Brewed Green tea;Serenity Green Tea Lg;Astoria
32.50;13;8;202306;Jun;Wed;Afternoon;Med;Tea;Brewed Black tea;Earl Grey Rg;Astoria
42.50;10;7;202306;Jun;Wed;Afternoon;High;Coffee;Barista Espresso;Latte Rg;Hell's Kitchen
9.00;3;2;202306;Jun;Wed;Afternoon;Low;Tea;Brewed herbal tea;Lemon Grass Lg;Lower Manhattan
40.10;14;11;202306;Jun;Wed;Afternoon;very high;Bakery;Scone;Ginger Scone;Lower Manhattan
24.00;8;5;202306;Jun;Wed;Afternoon;Med;Coffee;Drip coffee;Our Old Time Diner Blend Lg;Astoria
56.00;16;12;202306;Jun;Wed;Afternoon;High;Coffee;Organic brewed coffee;Brazilian Lg;Hell's Kitchen
33.75;9;9;202306;Jun;Wed;Afternoon;Med;Bakery;Pastry;Chocolate Croissant;Hell's Kitchen
8.50;2;1;202306;Jun;Wed;Afternoon;Low;Coffee;Barista Espresso;Latte Rg;Lower Manhattan
4.80;6;3;202306;Jun;Wed;Afternoon;Low;Flavours;Regular syrup;Hazelnut syrup;Lower Manhattan
22.95;9;6;202306;Jun;Wed;Afternoon;Med;Tea;Brewed Chai tea;Spicy Eye Opener Chai Rg;Astoria
42.00;12;9;202306;Jun;Wed;Afternoon;High;Drinking Chocolate;Hot chocolate;Dark chocolate Rg;Hell's Kitchen
19.50;6;6;202306;Jun;Wed;Afternoon;Low;Bakery;Scone;Cranberry Scone;Hell's Kitchen
30.00;8;6;202306;Jun;Wed;Afternoon;Med;Coffee;Barista Espresso;Cappuccino;Lower Manhattan
33.75;9;9;202306;Jun;Wed;Afternoon;Med;Bakery;Pastry;Almond Croissant;Lower Manhattan
15.00;6;5;202306;Jun;Wed;Afternoon;Low;Coffee;Drip coffee;Our Old Time Diner Blend Rg;Astoria
49.00;14;8;202306;Jun;Wed;Afternoon;High;Coffee;Gourmet brewed coffee;Ethiopia Lg;Astoria
7.50;2;2;202306;Jun;Wed;Afternoon;Low;Bakery;Pastry;Almond Croissant;Astoria
30.00;8;4;202306;Jun;Wed;Afternoon;Med;Drinking Chocolate;Hot chocolate;Sustainably Grown Organic Rg;Hell's Kitchen
51.00;17;10;202306;Jun;Wed;Afternoon;High;Tea;Brewed Black tea;English Breakfast Lg;Hell's Kitchen
34.00;17;10;202306;Jun;Wed;Afternoon;Med;Coffee;Drip coffee;Our Old Time Diner Blend Sm;Hell's Kitchen
12.80;2;2;202306;Jun;Wed;Afternoon;Low;Packaged Chocolate;Drinking Chocolate;Dark chocolate;Hell's Kitchen
35.00;14;10;202306;Jun;Wed;Afternoon;Med;Tea;Brewed herbal tea;Peppermint Rg;Astoria
15.00;4;4;202306;Jun;Wed;Afternoon;Low;Bakery;Pastry;Chocolate Croissant;Astoria
30.00;12;8;202306;Jun;Wed;Afternoon;Med;Coffee;Drip coffee;Our Old Time Diner Blend Rg;Hell's Kitchen
37.50;15;9;202306;Jun;Wed;Afternoon;Med;Coffee;Gourmet brewed coffee;Columbian Medium Roast Rg;Hell's Kitchen
11.25;3;3;202306;Jun;Wed;Afternoon;Low;Bakery;Pastry;Almond Croissant;Hell's Kitchen
13.50;3;3;202306;Jun;Wed;Afternoon;Low;Bakery;Scone;Scottish Cream Scone ;Astoria
36.00;8;6;202306;Jun;Wed;Afternoon;Med;Drinking Chocolate;Hot chocolate;Dark chocolate Lg;Hell's Kitchen
14.00;7;5;202306;Jun;Wed;Afternoon;Low;Coffee;Gourmet brewed coffee;Columbian Medium Roast Sm;Astoria
22.50;9;5;202306;Jun;Wed;Afternoon;Med;Tea;Brewed Green tea;Serenity Green Tea Rg;Astoria
14.00;4;4;202306;Jun;Wed;Afternoon;Low;Bakery;Biscotti;Chocolate Chip Biscotti;Astoria
48.00;12;9;202306;Jun;Wed;Afternoon;High;Tea;Brewed Chai tea;Morning Sunrise Chai Lg;Hell's Kitchen
24.00;8;5;202306;Jun;Wed;Afternoon;Med;Tea;Brewed herbal tea;Peppermint Lg;Lower Manhattan
22.50;9;6;202306;Jun;Wed;Afternoon;Med;Coffee;Gourmet brewed coffee;Columbian Medium Roast Rg;Astoria
16.00;8;6;202306;Jun;Wed;Afternoon;Low;Coffee;Drip coffee;Our Old Time Diner Blend Sm;Astoria
12.50;5;3;202306;Jun;Wed;Afternoon;Low;Tea;Brewed Chai tea;Morning Sunrise Chai Rg;Lower Manhattan
40.50;9;5;202306;Jun;Wed;Afternoon;very high;Drinking Chocolate;Hot chocolate;Dark chocolate Lg;Astoria
30.00;10;7;202306;Jun;Wed;Afternoon;Med;Tea;Brewed herbal tea;Lemon Grass Lg;Astoria
36.00;12;9;202306;Jun;Wed;Afternoon;Med;Coffee;Gourmet brewed coffee;Ethiopia Rg;Lower Manhattan
17.50;7;4;202306;Jun;Wed;Afternoon;Low;Tea;Brewed herbal tea;Peppermint Rg;Lower Manhattan
15.00;6;4;202306;Jun;Wed;Afternoon;Low;Tea;Brewed Green tea;Serenity Green Tea Rg;Lower Manhattan
33.75;9;6;202306;Jun;Wed;Afternoon;Med;Coffee;Barista Espresso;Latte;Astoria
27.00;9;7;202306;Jun;Wed;Afternoon;Med;Coffee;Barista Espresso;Espresso shot;Hell's Kitchen
6.40;8;5;202306;Jun;Wed;Afternoon;Low;Flavours;Sugar free syrup;Sugar Free Vanilla syrup;Hell's Kitchen
35.00;14;9;202306;Jun;Wed;Afternoon;Med;Tea;Brewed herbal tea;Lemon Grass Rg;Astoria
17.60;8;5;202306;Jun;Wed;Afternoon;Low;Coffee;Gourmet brewed coffee;Ethiopia Sm;Hell's Kitchen
17.50;7;6;202306;Jun;Wed;Afternoon;Low;Tea;Brewed Black tea;English Breakfast Rg;Astoria
24.80;8;5;202306;Jun;Wed;Afternoon;Med;Tea;Brewed Chai tea;Spicy Eye Opener Chai Lg;Hell's Kitchen
46.75;11;7;202306;Jun;Wed;Afternoon;High;Coffee;Barista Espresso;Latte Rg;Astoria
20.00;8;5;202306;Jun;Wed;Afternoon;Low;Tea;Brewed Chai tea;Morning Sunrise Chai Rg;Astoria
7.00;2;2;202306;Jun;Wed;Afternoon;Low;Bakery;Biscotti;Ginger Biscotti;Astoria
39.00;13;7;202306;Jun;Wed;Afternoon;Med;Coffee;Gourmet brewed coffee;Ethiopia Rg;Astoria
41.25;11;5;202306;Jun;Wed;Afternoon;High;Coffee;Barista Espresso;Latte;Lower Manhattan
4.80;6;5;202306;Jun;Wed;Afternoon;Low;Flavours;Sugar free syrup;Sugar Free Vanilla syrup;Lower Manhattan
21.00;7;5;202306;Jun;Wed;Afternoon;Med;Coffee;Gourmet brewed coffee;Columbian Medium Roast Lg;Hell's Kitchen
18.75;5;4;202306;Jun;Wed;Afternoon;Low;Coffee;Premium brewed coffee;Jamaican Coffee River Lg;Hell's Kitchen
21.00;6;6;202306;Jun;Wed;Afternoon;Med;Bakery;Biscotti;Chocolate Chip Biscotti;Hell's Kitchen
30.00;12;9;202306;Jun;Wed;Afternoon;Med;Tea;Brewed Chai tea;Morning Sunrise Chai Rg;Hell's Kitchen
32.50;13;9;202306;Jun;Wed;Afternoon;Med;Tea;Brewed Green tea;Serenity Green Tea Rg;Hell's Kitchen
33.00;11;8;202306;Jun;Wed;Afternoon;Med;Coffee;Organic brewed coffee;Brazilian Rg;Hell's Kitchen
41.25;11;7;202306;Jun;Wed;Afternoon;High;Coffee;Premium brewed coffee;Jamaican Coffee River Lg;Astoria
52.50;14;11;202306;Jun;Wed;Afternoon;High;Coffee;Barista Espresso;Cappuccino;Hell's Kitchen
4.00;5;3;202306;Jun;Wed;Afternoon;Low;Flavours;Regular syrup;Chocolate syrup;Hell's Kitchen
33.00;11;9;202306;Jun;Wed;Afternoon;Med;Coffee;Organic brewed coffee;Brazilian Rg;Astoria
22.50;6;5;202306;Jun;Wed;Afternoon;Med;Coffee;Barista Espresso;Cappuccino;Astoria
57.00;19;14;202306;Jun;Wed;Afternoon;High;Coffee;Gourmet brewed coffee;Ethiopia Rg;Hell's Kitchen
27.90;9;7;202306;Jun;Wed;Afternoon;Med;Tea;Brewed Chai tea;Spicy Eye Opener Chai Lg;Astoria
31.00;10;8;202306;Jun;Wed;Afternoon;Med;Coffee;Premium brewed coffee;Jamaican Coffee River Rg;Astoria
13.00;4;4;202306;Jun;Wed;Afternoon;Low;Bakery;Scone;Ginger Scone;Astoria
14.70;6;4;202306;Jun;Wed;Afternoon;Low;Coffee;Premium brewed coffee;Jamaican Coffee River Sm;Hell's Kitchen
30.00;8;6;202306;Jun;Wed;Afternoon;Med;Drinking Chocolate;Hot chocolate;Sustainably Grown Organic Rg;Astoria
14.00;4;4;202306;Jun;Wed;Afternoon;Low;Bakery;Biscotti;Ginger Biscotti;Hell's Kitchen
15.00;5;4;202306;Jun;Wed;Afternoon;Low;Tea;Brewed Chai tea;Traditional Blend Chai Lg;Astoria
21.00;7;5;202306;Jun;Wed;Afternoon;Med;Tea;Brewed Green tea;Serenity Green Tea Lg;Hell's Kitchen
16.25;5;5;202306;Jun;Wed;Afternoon;Low;Bakery;Biscotti;Hazelnut Biscotti;Astoria
12.50;5;4;202306;Jun;Wed;Afternoon;Low;Tea;Brewed Chai tea;Traditional Blend Chai Rg;Astoria
18.00;6;4;202306;Jun;Wed;Afternoon;Low;Tea;Brewed herbal tea;Lemon Grass Lg;Hell's Kitchen
18.00;4;4;202306;Jun;Wed;Afternoon;Low;Bakery;Scone;Scottish Cream Scone ;Hell's Kitchen
21.25;5;4;202306;Jun;Wed;Afternoon;Med;Coffee;Barista Espresso;Cappuccino Lg;Astoria
12.00;4;3;202306;Jun;Wed;Afternoon;Low;Tea;Brewed Black tea;English Breakfast Lg;Astoria
6.60;3;2;202306;Jun;Wed;Afternoon;Low;Coffee;Organic brewed coffee;Brazilian Sm;Astoria
7.50;3;2;202306;Jun;Wed;Afternoon;Low;Tea;Brewed Black tea;English Breakfast Rg;Hell's Kitchen
15.30;6;5;202306;Jun;Wed;Afternoon;Low;Tea;Brewed Chai tea;Spicy Eye Opener Chai Rg;Hell's Kitchen
16.25;5;5;202306;Jun;Wed;Afternoon;Low;Bakery;Biscotti;Hazelnut Biscotti;Hell's Kitchen
21.25;5;4;202306;Jun;Wed;Afternoon;Med;Coffee;Barista Espresso;Cappuccino Lg;Hell's Kitchen
9.00;3;3;202306;Jun;Wed;Afternoon;Low;Bakery;Scone;Oatmeal Scone;Astoria
26.25;7;6;202306;Jun;Wed;Afternoon;Med;Coffee;Barista Espresso;Latte;Hell's Kitchen
9.75;3;3;202306;Jun;Wed;Afternoon;Low;Bakery;Scone;Ginger Scone;Hell's Kitchen
22.00;11;7;202306;Jun;Wed;Afternoon;Med;Coffee;Gourmet brewed coffee;Columbian Medium Roast Sm;Hell's Kitchen
10.95;1;1;202306;Jun;Wed;Afternoon;Low;Loose Tea;Chai tea;Spicy Eye Opener Chai;Hell's Kitchen
13.00;4;4;202306;Jun;Wed;Afternoon;Low;Bakery;Scone;Cranberry Scone;Astoria
31.00;10;6;202306;Jun;Wed;Evening;Med;Coffee;Premium brewed coffee;Jamaican Coffee River Rg;Astoria
25.50;10;6;202306;Jun;Wed;Evening;Med;Tea;Brewed Chai tea;Spicy Eye Opener Chai Rg;Astoria
45.00;12;9;202306;Jun;Wed;Evening;High;Coffee;Barista Espresso;Latte;Hell's Kitchen
27.50;11;7;202306;Jun;Wed;Evening;Med;Tea;Brewed Chai tea;Traditional Blend Chai Rg;Astoria
17.50;5;5;202306;Jun;Wed;Evening;Low;Bakery;Biscotti;Ginger Biscotti;Astoria
42.00;12;7;202306;Jun;Wed;Evening;High;Coffee;Organic brewed coffee;Brazilian Lg;Hell's Kitchen
49.50;11;7;202306;Jun;Wed;Evening;High;Drinking Chocolate;Hot chocolate;Dark chocolate Lg;Astoria
13.20;6;4;202306;Jun;Wed;Evening;Low;Coffee;Organic brewed coffee;Brazilian Sm;Astoria
15.00;6;4;202306;Jun;Wed;Evening;Low;Tea;Brewed Green tea;Serenity Green Tea Rg;Astoria
26.25;7;7;202306;Jun;Wed;Evening;Med;Bakery;Pastry;Almond Croissant;Astoria
60.00;30;17;202306;Jun;Wed;Evening;High;Coffee;Gourmet brewed coffee;Columbian Medium Roast Sm;Astoria
36.00;12;8;202306;Jun;Wed;Evening;Med;Tea;Brewed herbal tea;Peppermint Lg;Astoria
15.00;5;5;202306;Jun;Wed;Evening;Low;Coffee;Barista Espresso;Espresso shot;Hell's Kitchen
6.40;8;5;202306;Jun;Wed;Evening;Low;Flavours;Regular syrup;Carmel syrup;Hell's Kitchen
60.00;20;13;202306;Jun;Wed;Evening;High;Tea;Brewed herbal tea;Peppermint Lg;Hell's Kitchen
39.00;13;8;202306;Jun;Wed;Evening;Med;Tea;Brewed Black tea;Earl Grey Lg;Astoria
37.50;10;6;202306;Jun;Wed;Evening;Med;Coffee;Premium brewed coffee;Jamaican Coffee River Lg;Astoria
40.00;16;11;202306;Jun;Wed;Evening;Med;Coffee;Drip coffee;Our Old Time Diner Blend Rg;Hell's Kitchen
49.60;16;10;202306;Jun;Wed;Evening;High;Coffee;Premium brewed coffee;Jamaican Coffee River Rg;Hell's Kitchen
21.00;6;6;202306;Jun;Wed;Evening;Med;Bakery;Pastry;Croissant;Hell's Kitchen
33.00;11;6;202306;Jun;Wed;Evening;Med;Coffee;Drip coffee;Our Old Time Diner Blend Lg;Astoria
32.00;16;10;202306;Jun;Wed;Evening;Med;Coffee;Drip coffee;Our Old Time Diner Blend Sm;Hell's Kitchen
27.00;9;5;202306;Jun;Wed;Evening;Med;Coffee;Organic brewed coffee;Brazilian Rg;Hell's Kitchen
22.05;9;6;202306;Jun;Wed;Evening;Med;Coffee;Premium brewed coffee;Jamaican Coffee River Sm;Astoria
10.00;4;3;202306;Jun;Wed;Evening;Low;Tea;Brewed herbal tea;Peppermint Rg;Hell's Kitchen
21.00;6;4;202306;Jun;Wed;Evening;Med;Coffee;Gourmet brewed coffee;Ethiopia Lg;Astoria
39.00;13;8;202306;Jun;Wed;Evening;Med;Coffee;Gourmet brewed coffee;Ethiopia Rg;Hell's Kitchen
26.25;7;5;202306;Jun;Wed;Evening;Med;Drinking Chocolate;Hot chocolate;Sustainably Grown Organic Rg;Astoria
40.00;16;12;202306;Jun;Wed;Evening;Med;Coffee;Gourmet brewed coffee;Columbian Medium Roast Rg;Astoria
12.50;5;3;202306;Jun;Wed;Evening;Low;Tea;Brewed Chai tea;Traditional Blend Chai Rg;Hell's Kitchen
16.25;5;5;202306;Jun;Wed;Evening;Low;Bakery;Biscotti;Hazelnut Biscotti;Hell's Kitchen
38.25;9;7;202306;Jun;Wed;Evening;Med;Coffee;Barista Espresso;Cappuccino Lg;Astoria
10.50;3;3;202306;Jun;Wed;Evening;Low;Bakery;Biscotti;Chocolate Chip Biscotti;Astoria
13.50;3;3;202306;Jun;Wed;Evening;Low;Bakery;Scone;Scottish Cream Scone ;Astoria
30.80;14;8;202306;Jun;Wed;Evening;Med;Coffee;Gourmet brewed coffee;Ethiopia Sm;Astoria
17.50;5;5;202306;Jun;Wed;Evening;Low;Bakery;Biscotti;Ginger Biscotti;Hell's Kitchen
40.00;10;6;202306;Jun;Wed;Evening;Med;Tea;Brewed Chai tea;Morning Sunrise Chai Lg;Hell's Kitchen
30.00;12;9;202306;Jun;Wed;Evening;Med;Tea;Brewed herbal tea;Peppermint Rg;Astoria
18.00;6;6;202306;Jun;Wed;Evening;Low;Bakery;Scone;Oatmeal Scone;Astoria
71.25;19;14;202306;Jun;Wed;Evening;very high;Coffee;Premium brewed coffee;Jamaican Coffee River Lg;Hell's Kitchen
49.00;14;9;202306;Jun;Wed;Evening;High;Coffee;Gourmet brewed coffee;Ethiopia Lg;Hell's Kitchen
40.00;16;10;202306;Jun;Wed;Evening;Med;Tea;Brewed Black tea;English Breakfast Rg;Astoria
22.50;6;6;202306;Jun;Wed;Evening;Med;Bakery;Scone;Jumbo Savory Scone;Hell's Kitchen
56.00;14;8;202306;Jun;Wed;Evening;High;Tea;Brewed Chai tea;Morning Sunrise Chai Lg;Astoria
30.00;10;8;202306;Jun;Wed;Evening;Med;Tea;Brewed Green tea;Serenity Green Tea Lg;Hell's Kitchen
10.50;3;3;202306;Jun;Wed;Evening;Low;Bakery;Pastry;Croissant;Astoria
27.00;9;8;202306;Jun;Wed;Evening;Med;Tea;Brewed Black tea;English Breakfast Lg;Astoria
24.00;12;8;202306;Jun;Wed;Evening;Med;Coffee;Gourmet brewed coffee;Columbian Medium Roast Sm;Hell's Kitchen
22.50;6;5;202306;Jun;Wed;Evening;Med;Coffee;Barista Espresso;Latte;Astoria
21.00;7;5;202306;Jun;Wed;Evening;Med;Tea;Brewed Green tea;Serenity Green Tea Lg;Astoria
17.50;7;6;202306;Jun;Wed;Evening;Low;Tea;Brewed Black tea;Earl Grey Rg;Hell's Kitchen
15.00;4;4;202306;Jun;Wed;Evening;Low;Bakery;Pastry;Almond Croissant;Hell's Kitchen
71.25;15;9;202306;Jun;Wed;Evening;very high;Drinking Chocolate;Hot chocolate;Sustainably Grown Organic Lg;Astoria
55.00;22;13;202306;Jun;Wed;Evening;High;Tea;Brewed Black tea;Earl Grey Rg;Astoria
16.25;5;5;202306;Jun;Wed;Evening;Low;Bakery;Scone;Ginger Scone;Astoria
36.00;12;7;202306;Jun;Wed;Evening;Med;Tea;Brewed Chai tea;Traditional Blend Chai Lg;Hell's Kitchen
21.00;7;5;202306;Jun;Wed;Evening;Med;Tea;Brewed Black tea;Earl Grey Lg;Hell's Kitchen
12.50;5;3;202306;Jun;Wed;Evening;Low;Tea;Brewed herbal tea;Lemon Grass Rg;Hell's Kitchen
19.80;9;5;202306;Jun;Wed;Evening;Low;Coffee;Gourmet brewed coffee;Ethiopia Sm;Hell's Kitchen
57.00;12;7;202306;Jun;Wed;Evening;High;Drinking Chocolate;Hot chocolate;Sustainably Grown Organic Lg;Hell's Kitchen
63.75;15;11;202306;Jun;Wed;Evening;very high;Coffee;Barista Espresso;Cappuccino Lg;Hell's Kitchen
8.00;10;5;202306;Jun;Wed;Evening;Low;Flavours;Regular syrup;Hazelnut syrup;Hell's Kitchen
15.00;6;4;202306;Jun;Wed;Evening;Low;Tea;Brewed Chai tea;Morning Sunrise Chai Rg;Hell's Kitchen
42.00;14;11;202306;Jun;Wed;Evening;High;Coffee;Drip coffee;Our Old Time Diner Blend Lg;Hell's Kitchen
15.50;5;5;202306;Jun;Wed;Evening;Low;Tea;Brewed Chai tea;Spicy Eye Opener Chai Lg;Hell's Kitchen
30.00;12;10;202306;Jun;Wed;Evening;Med;Tea;Brewed Green tea;Serenity Green Tea Rg;Hell's Kitchen
27.50;11;7;202306;Jun;Wed;Evening;Med;Tea;Brewed Chai tea;Morning Sunrise Chai Rg;Astoria
31.50;9;5;202306;Jun;Wed;Evening;Med;Drinking Chocolate;Hot chocolate;Dark chocolate Rg;Astoria
21.00;7;5;202306;Jun;Wed;Evening;Med;Coffee;Barista Espresso;Espresso shot;Astoria
13.00;4;4;202306;Jun;Wed;Evening;Low;Bakery;Biscotti;Hazelnut Biscotti;Astoria
40.50;9;9;202306;Jun;Wed;Evening;very high;Bakery;Scone;Scottish Cream Scone ;Hell's Kitchen
30.00;10;5;202306;Jun;Wed;Evening;Med;Coffee;Organic brewed coffee;Brazilian Rg;Astoria
3.25;1;1;202306;Jun;Wed;Evening;Low;Bakery;Scone;Cranberry Scone;Astoria
26.00;8;8;202306;Jun;Wed;Evening;Med;Bakery;Scone;Cranberry Scone;Hell's Kitchen
28.00;8;7;202306;Jun;Wed;Evening;Med;Coffee;Organic brewed coffee;Brazilian Lg;Astoria
22.50;9;6;202306;Jun;Wed;Evening;Med;Tea;Brewed herbal tea;Lemon Grass Rg;Astoria
36.00;12;6;202306;Jun;Wed;Evening;Med;Coffee;Gourmet brewed coffee;Ethiopia Rg;Astoria
31.00;10;6;202306;Jun;Wed;Evening;Med;Tea;Brewed Chai tea;Spicy Eye Opener Chai Lg;Astoria
22.50;9;6;202306;Jun;Wed;Evening;Med;Coffee;Gourmet brewed coffee;Columbian Medium Roast Rg;Hell's Kitchen
45.50;13;8;202306;Jun;Wed;Evening;High;Drinking Chocolate;Hot chocolate;Dark chocolate Rg;Hell's Kitchen
15.00;5;5;202306;Jun;Wed;Evening;Low;Bakery;Scone;Oatmeal Scone;Hell's Kitchen
45.00;12;7;202306;Jun;Wed;Evening;High;Coffee;Barista Espresso;Cappuccino;Hell's Kitchen
4.00;5;3;202306;Jun;Wed;Evening;Low;Flavours;Regular syrup;Chocolate syrup;Hell's Kitchen
19.60;8;4;202306;Jun;Wed;Evening;Low;Coffee;Premium brewed coffee;Jamaican Coffee River Sm;Hell's Kitchen
39.00;13;7;202306;Jun;Wed;Evening;Med;Coffee;Gourmet brewed coffee;Columbian Medium Roast Lg;Astoria
30.00;10;8;202306;Jun;Wed;Evening;Med;Tea;Brewed Chai tea;Traditional Blend Chai Lg;Astoria
17.00;4;2;202306;Jun;Wed;Evening;Low;Coffee;Barista Espresso;Latte Rg;Astoria
13.20;6;6;202306;Jun;Wed;Evening;Low;Coffee;Organic brewed coffee;Brazilian Sm;Hell's Kitchen
25.50;10;6;202306;Jun;Wed;Evening;Med;Tea;Brewed Chai tea;Spicy Eye Opener Chai Rg;Hell's Kitchen
42.00;14;9;202306;Jun;Wed;Evening;High;Tea;Brewed herbal tea;Lemon Grass Lg;Hell's Kitchen
27.00;9;6;202306;Jun;Wed;Evening;Med;Tea;Brewed Black tea;English Breakfast Lg;Hell's Kitchen
18.00;6;4;202306;Jun;Wed;Evening;Low;Coffee;Gourmet brewed coffee;Columbian Medium Roast Lg;Hell's Kitchen
15.00;4;4;202306;Jun;Wed;Evening;Low;Bakery;Pastry;Chocolate Croissant;Hell's Kitchen
2.50;1;1;202306;Jun;Thu;Night;Low;Tea;Brewed Black tea;English Breakfast Rg;Hell's Kitchen
3.75;1;1;202306;Jun;Thu;Night;Low;Bakery;Pastry;Almond Croissant;Hell's Kitchen
6.00;2;1;202306;Jun;Thu;Night;Low;Tea;Brewed herbal tea;Peppermint Lg;Hell's Kitchen
3.00;1;1;202306;Jun;Thu;Night;Low;Coffee;Organic brewed coffee;Brazilian Rg;Hell's Kitchen
2.55;1;1;202306;Jun;Thu;Night;Low;Tea;Brewed Chai tea;Spicy Eye Opener Chai Rg;Hell's Kitchen
7.50;2;2;202306;Jun;Thu;Night;Low;Drinking Chocolate;Hot chocolate;Sustainably Grown Organic Rg;Hell's Kitchen
4.50;1;1;202306;Jun;Thu;Night;Low;Bakery;Scone;Scottish Cream Scone ;Hell's Kitchen
12.50;5;3;202306;Jun;Thu;Night;Low;Tea;Brewed herbal tea;Lemon Grass Rg;Hell's Kitchen
2.50;1;1;202306;Jun;Thu;Night;Low;Coffee;Drip coffee;Our Old Time Diner Blend Rg;Hell's Kitchen
14.00;4;3;202306;Jun;Thu;Night;Low;Drinking Chocolate;Hot chocolate;Dark chocolate Rg;Hell's Kitchen
3.10;1;1;202306;Jun;Thu;Night;Low;Tea;Brewed Chai tea;Spicy Eye Opener Chai Lg;Hell's Kitchen
15.00;5;3;202306;Jun;Thu;Night;Low;Coffee;Drip coffee;Our Old Time Diner Blend Lg;Hell's Kitchen
7.50;3;2;202306;Jun;Thu;Night;Low;Coffee;Gourmet brewed coffee;Columbian Medium Roast Rg;Hell's Kitchen
6.00;2;1;202306;Jun;Thu;Night;Low;Tea;Brewed Black tea;Earl Grey Lg;Hell's Kitchen
6.60;3;2;202306;Jun;Thu;Night;Low;Coffee;Gourmet brewed coffee;Ethiopia Sm;Hell's Kitchen
12.00;4;2;202306;Jun;Thu;Night;Low;Coffee;Barista Espresso;Espresso shot;Hell's Kitchen
1.60;2;1;202306;Jun;Thu;Night;Low;Flavours;Regular syrup;Chocolate syrup;Hell's Kitchen
6.00;3;2;202306;Jun;Thu;Night;Low;Coffee;Gourmet brewed coffee;Columbian Medium Roast Sm;Hell's Kitchen
1.60;2;1;202306;Jun;Thu;Night;Low;Flavours;Regular syrup;Hazelnut syrup;Hell's Kitchen
8.00;10;7;202306;Jun;Thu;Morning;Low;Flavours;Regular syrup;Carmel syrup;Hell's Kitchen
66.00;22;14;202306;Jun;Thu;Morning;very high;Tea;Brewed herbal tea;Lemon Grass Lg;Hell's Kitchen
127.10;41;28;202306;Jun;Thu;Morning;very high;Coffee;Premium brewed coffee;Jamaican Coffee River Rg;Astoria
178.50;42;27;202306;Jun;Thu;Morning;very high;Coffee;Barista Espresso;Cappuccino Lg;Astoria
39.50;2;2;202306;Jun;Thu;Morning;Med;Coffee beans;Premium Beans;Jamacian Coffee River;Astoria
8.95;1;1;202306;Jun;Thu;Morning;Low;Loose Tea;Black tea;Earl Grey;Hell's Kitchen
81.00;27;19;202306;Jun;Thu;Morning;very high;Coffee;Barista Espresso;Espresso shot;Astoria
66.00;22;14;202306;Jun;Thu;Morning;very high;Tea;Brewed Chai tea;Traditional Blend Chai Lg;Astoria
17.90;2;2;202306;Jun;Thu;Morning;Low;Loose Tea;Chai tea;Traditional Blend Chai;Astoria
67.50;27;18;202306;Jun;Thu;Morning;very high;Tea;Brewed Black tea;Earl Grey Rg;Astoria
39.99;3;3;202306;Jun;Thu;Morning;Med;Packaged Chocolate;Drinking Chocolate;Chili Mayan;Astoria
15.20;19;13;202306;Jun;Thu;Morning;Low;Flavours;Sugar free syrup;Sugar Free Vanilla syrup;Hell's Kitchen
16.00;20;12;202306;Jun;Thu;Morning;Low;Flavours;Regular syrup;Carmel syrup;Lower Manhattan
21.00;1;1;202306;Jun;Thu;Morning;Med;Coffee beans;Gourmet Beans;Ethiopia;Hell's Kitchen
49.50;11;11;202306;Jun;Thu;Morning;High;Bakery;Scone;Scottish Cream Scone ;Lower Manhattan
55.25;17;17;202306;Jun;Thu;Morning;High;Bakery;Scone;Cranberry Scone;Hell's Kitchen
12.80;16;9;202306;Jun;Thu;Morning;Low;Flavours;Sugar free syrup;Sugar Free Vanilla syrup;Lower Manhattan
41.25;11;11;202306;Jun;Thu;Morning;High;Bakery;Scone;Jumbo Savory Scone;Hell's Kitchen
9.50;1;1;202306;Jun;Thu;Morning;Low;Loose Tea;Chai tea;Morning Sunrise Chai;Hell's Kitchen
144.00;8;7;202306;Jun;Thu;Morning;very high;Coffee beans;Organic Beans;Brazilian - Organic;Lower Manhattan
36.00;12;12;202306;Jun;Thu;Morning;Med;Bakery;Scone;Oatmeal Scone;Hell's Kitchen
63.00;3;3;202306;Jun;Thu;Morning;very high;Coffee beans;Gourmet Beans;Ethiopia;Lower Manhattan
19.20;24;15;202306;Jun;Thu;Morning;Low;Flavours;Regular syrup;Hazelnut syrup;Lower Manhattan
9.25;1;1;202306;Jun;Thu;Morning;Low;Loose Tea;Green tea;Serenity Green Tea;Astoria
39.20;16;11;202306;Jun;Thu;Morning;Med;Coffee;Premium brewed coffee;Jamaican Coffee River Sm;Astoria
17.90;2;2;202306;Jun;Thu;Morning;Low;Loose Tea;Chai tea;Traditional Blend Chai;Hell's Kitchen
52.00;16;15;202306;Jun;Thu;Morning;High;Bakery;Scone;Cranberry Scone;Astoria
45.00;1;1;202306;Jun;Thu;Morning;High;Coffee beans;Premium Beans;Civet Cat;Astoria
8.95;1;1;202306;Jun;Thu;Morning;Low;Loose Tea;Herbal tea;Peppermint;Lower Manhattan
45.00;2;2;202306;Jun;Thu;Morning;High;Coffee beans;Organic Beans;Organic Decaf Blend;Lower Manhattan
35.75;11;10;202306;Jun;Thu;Morning;Med;Bakery;Scone;Ginger Scone;Astoria
70.00;20;13;202306;Jun;Thu;Morning;very high;Coffee;Gourmet brewed coffee;Ethiopia Lg;Astoria
5.60;7;5;202306;Jun;Thu;Morning;Low;Flavours;Regular syrup;Chocolate syrup;Hell's Kitchen
36.00;2;2;202306;Jun;Thu;Morning;Med;Coffee beans;Organic Beans;Brazilian - Organic;Hell's Kitchen
12.00;15;9;202306;Jun;Thu;Morning;Low;Flavours;Regular syrup;Hazelnut syrup;Hell's Kitchen
29.50;2;2;202306;Jun;Thu;Morning;Med;Coffee beans;Espresso Beans;Espresso Roast;Hell's Kitchen
15.00;5;4;202306;Jun;Thu;Morning;Low;Bakery;Scone;Oatmeal Scone;Astoria
42.50;17;9;202306;Jun;Thu;Morning;High;Coffee;Gourmet brewed coffee;Columbian Medium Roast Rg;Astoria
30.00;12;8;202306;Jun;Thu;Morning;Med;Tea;Brewed herbal tea;Lemon Grass Rg;Astoria
29.50;2;2;202306;Jun;Thu;Morning;Med;Coffee beans;Espresso Beans;Espresso Roast;Lower Manhattan
45.00;1;1;202306;Jun;Thu;Morning;High;Coffee beans;Premium Beans;Civet Cat;Hell's Kitchen
82.50;33;23;202306;Jun;Thu;Morning;very high;Tea;Brewed herbal tea;Peppermint Rg;Astoria
56.00;28;18;202306;Jun;Thu;Morning;High;Coffee;Gourmet brewed coffee;Columbian Medium Roast Sm;Astoria
12.00;1;1;202306;Jun;Thu;Morning;Low;Branded;Housewares;I Need My Bean! Diner mug;Astoria
10.40;13;10;202306;Jun;Thu;Morning;Low;Flavours;Sugar free syrup;Sugar Free Vanilla syrup;Astoria
63.00;21;13;202306;Jun;Thu;Morning;very high;Tea;Brewed Black tea;Earl Grey Lg;Astoria
13.33;1;1;202306;Jun;Thu;Morning;Low;Packaged Chocolate;Drinking Chocolate;Chili Mayan;Hell's Kitchen
15.20;2;2;202306;Jun;Thu;Morning;Low;Packaged Chocolate;Organic Chocolate;Sustainably Grown Organic;Hell's Kitchen
19.75;1;1;202306;Jun;Thu;Morning;Low;Coffee beans;Premium Beans;Jamacian Coffee River;Lower Manhattan
10.00;1;1;202306;Jun;Thu;Morning;Low;Coffee beans;Green beans;Guatemalan Sustainably Grown;Hell's Kitchen
8.95;1;1;202306;Jun;Thu;Morning;Low;Loose Tea;Herbal tea;Lemon Grass;Lower Manhattan
18.50;2;2;202306;Jun;Thu;Morning;Low;Loose Tea;Green tea;Serenity Green Tea;Lower Manhattan
44.25;3;3;202306;Jun;Thu;Morning;High;Coffee beans;Espresso Beans;Espresso Roast;Astoria
8.80;11;8;202306;Jun;Thu;Morning;Low;Flavours;Regular syrup;Carmel syrup;Astoria
9.50;1;1;202306;Jun;Thu;Morning;Low;Loose Tea;Chai tea;Morning Sunrise Chai;Lower Manhattan
58.50;13;11;202306;Jun;Thu;Morning;High;Bakery;Scone;Scottish Cream Scone ;Astoria
48.75;13;12;202306;Jun;Thu;Morning;High;Bakery;Pastry;Almond Croissant;Astoria
97.75;23;13;202306;Jun;Thu;Morning;very high;Coffee;Barista Espresso;Latte Rg;Astoria
42.00;3;3;202306;Jun;Thu;Morning;High;Branded;Housewares;I Need My Bean! Latte cup;Lower Manhattan
67.50;18;16;202306;Jun;Thu;Morning;very high;Bakery;Pastry;Chocolate Croissant;Astoria
10.95;1;1;202306;Jun;Thu;Morning;Low;Loose Tea;Chai tea;Spicy Eye Opener Chai;Lower Manhattan
3.00;1;1;202306;Jun;Thu;Night;Low;Coffee;Organic brewed coffee;Brazilian Rg;Astoria
8.95;1;1;202306;Jun;Thu;Afternoon;Low;Loose Tea;Black tea;English Breakfast;Astoria
33.00;11;8;202306;Jun;Thu;Afternoon;Med;Tea;Brewed herbal tea;Peppermint Lg;Astoria
37.50;15;9;202306;Jun;Thu;Afternoon;Med;Tea;Brewed Black tea;English Breakfast Rg;Lower Manhattan
56.00;2;2;202306;Jun;Thu;Afternoon;High;Branded;Clothing;I Need My Bean! T-shirt;Astoria
63.75;17;12;202306;Jun;Thu;Afternoon;very high;Coffee;Barista Espresso;Cappuccino;Astoria
4.00;5;4;202306;Jun;Thu;Afternoon;Low;Flavours;Sugar free syrup;Sugar Free Vanilla syrup;Hell's Kitchen
51.00;17;12;202306;Jun;Thu;Afternoon;High;Tea;Brewed Black tea;Earl Grey Lg;Astoria
45.00;1;1;202306;Jun;Thu;Afternoon;High;Coffee beans;Premium Beans;Civet Cat;Astoria
21.00;1;1;202306;Jun;Thu;Afternoon;Med;Coffee beans;Gourmet Beans;Ethiopia;Astoria
9.50;1;1;202306;Jun;Thu;Afternoon;Low;Loose Tea;Chai tea;Morning Sunrise Chai;Astoria
1.60;2;1;202306;Jun;Thu;Afternoon;Low;Flavours;Regular syrup;Hazelnut syrup;Hell's Kitchen
7.20;9;5;202306;Jun;Thu;Afternoon;Low;Flavours;Regular syrup;Hazelnut syrup;Lower Manhattan
4.00;5;4;202306;Jun;Thu;Afternoon;Low;Flavours;Regular syrup;Carmel syrup;Lower Manhattan
11.25;3;3;202306;Jun;Thu;Afternoon;Low;Bakery;Scone;Jumbo Savory Scone;Lower Manhattan
1.60;2;2;202306;Jun;Thu;Afternoon;Low;Flavours;Regular syrup;Carmel syrup;Hell's Kitchen
22.50;9;6;202306;Jun;Thu;Afternoon;Med;Tea;Brewed Chai tea;Traditional Blend Chai Rg;Hell's Kitchen
2.40;3;2;202306;Jun;Thu;Afternoon;Low;Flavours;Regular syrup;Chocolate syrup;Hell's Kitchen
10.95;1;1;202306;Jun;Thu;Afternoon;Low;Loose Tea;Chai tea;Spicy Eye Opener Chai;Astoria
30.00;12;7;202306;Jun;Thu;Afternoon;Med;Tea;Brewed Green tea;Serenity Green Tea Rg;Hell's Kitchen
15.00;6;5;202306;Jun;Thu;Afternoon;Low;Coffee;Drip coffee;Our Old Time Diner Blend Rg;Hell's Kitchen
17.90;2;2;202306;Jun;Thu;Afternoon;Low;Loose Tea;Chai tea;Traditional Blend Chai;Hell's Kitchen
33.75;9;4;202306;Jun;Thu;Night;Med;Coffee;Barista Espresso;Cappuccino;Lower Manhattan
3.20;4;3;202306;Jun;Thu;Night;Low;Flavours;Regular syrup;Hazelnut syrup;Lower Manhattan
4.80;6;4;202306;Jun;Thu;Evening;Low;Flavours;Regular syrup;Hazelnut syrup;Hell's Kitchen
3.20;4;3;202306;Jun;Thu;Evening;Low;Flavours;Regular syrup;Carmel syrup;Hell's Kitchen
13.33;1;1;202306;Jun;Thu;Evening;Low;Packaged Chocolate;Drinking Chocolate;Chili Mayan;Hell's Kitchen
8.95;1;1;202306;Jun;Thu;Evening;Low;Loose Tea;Black tea;English Breakfast;Astoria
12.00;15;7;202306;Jun;Thu;Evening;Low;Flavours;Sugar free syrup;Sugar Free Vanilla syrup;Lower Manhattan
6.50;2;2;202306;Jun;Thu;Evening;Low;Bakery;Biscotti;Hazelnut Biscotti;Lower Manhattan
52.50;21;13;202306;Jun;Thu;Evening;High;Tea;Brewed Black tea;English Breakfast Rg;Lower Manhattan
27.00;6;5;202306;Jun;Thu;Evening;Med;Drinking Chocolate;Hot chocolate;Dark chocolate Lg;Lower Manhattan
17.50;7;4;202306;Jun;Thu;Evening;Low;Coffee;Gourmet brewed coffee;Columbian Medium Roast Rg;Lower Manhattan
48.75;15;15;202306;Jun;Wed;Morning;High;Bakery;Biscotti;Hazelnut Biscotti;Lower Manhattan
75.00;30;20;202306;Jun;Wed;Morning;very high;Tea;Brewed Black tea;Earl Grey Rg;Hell's Kitchen
49.00;14;14;202306;Jun;Wed;Morning;High;Bakery;Biscotti;Chocolate Chip Biscotti;Hell's Kitchen
55.00;22;14;202306;Jun;Wed;Morning;High;Tea;Brewed herbal tea;Lemon Grass Rg;Astoria
17.50;7;5;202306;Jun;Wed;Afternoon;Low;Tea;Brewed Chai tea;Traditional Blend Chai Rg;Lower Manhattan
27.00;9;7;202306;Jun;Wed;Afternoon;Med;Coffee;Barista Espresso;Espresso shot;Astoria
26.85;3;3;202306;Jun;Thu;Evening;Med;Loose Tea;Black tea;English Breakfast;Hell's Kitchen
8.95;1;1;202306;Jun;Thu;Evening;Low;Loose Tea;Herbal tea;Lemon Grass;Astoria
22.50;1;1;202306;Jun;Thu;Evening;Med;Coffee beans;Organic Beans;Organic Decaf Blend;Hell's Kitchen
30.00;8;6;202306;Jun;Thu;Evening;Med;Drinking Chocolate;Hot chocolate;Sustainably Grown Organic Rg;Lower Manhattan
36.00;2;2;202306;Jun;Thu;Evening;Med;Coffee beans;Organic Beans;Brazilian - Organic;Astoria
10.00;1;1;202306;Jun;Thu;Evening;Low;Coffee beans;Green beans;Guatemalan Sustainably Grown;Hell's Kitchen
15.00;5;4;202306;Jun;Thu;Evening;Low;Tea;Brewed Chai tea;Traditional Blend Chai Lg;Lower Manhattan
30.00;2;2;202306;Jun;Thu;Evening;Med;Coffee beans;Gourmet Beans;Columbian Medium Roast;Astoria
20.00;10;5;202306;Jun;Thu;Evening;Low;Coffee;Drip coffee;Our Old Time Diner Blend Sm;Lower Manhattan
8.95;1;1;202306;Jun;Thu;Evening;Low;Loose Tea;Chai tea;Traditional Blend Chai;Astoria
18.30;6;5;202306;Jun;Thu;Evening;Low;Bakery;Scone;Ginger Scone;Lower Manhattan
38.25;9;5;202306;Jun;Thu;Evening;Med;Coffee;Barista Espresso;Cappuccino Lg;Lower Manhattan
5.60;7;3;202306;Jun;Thu;Evening;Low;Flavours;Regular syrup;Carmel syrup;Lower Manhattan
15.00;1;1;202306;Jun;Thu;Evening;Low;Coffee beans;Gourmet Beans;Columbian Medium Roast;Hell's Kitchen
19.75;1;1;202306;Jun;Thu;Evening;Low;Coffee beans;Premium Beans;Jamacian Coffee River;Astoria
36.00;9;4;202306;Jun;Thu;Evening;Med;Tea;Brewed Chai tea;Morning Sunrise Chai Lg;Lower Manhattan
7.60;1;1;202306;Jun;Thu;Evening;Low;Packaged Chocolate;Organic Chocolate;Sustainably Grown Organic;Lower Manhattan
17.50;5;5;202306;Jun;Thu;Evening;Low;Bakery;Biscotti;Ginger Biscotti;Lower Manhattan
30.00;10;6;202306;Jun;Thu;Evening;Med;Tea;Brewed Black tea;Earl Grey Lg;Lower Manhattan
12.00;4;3;202306;Jun;Thu;Evening;Low;Tea;Brewed Green tea;Serenity Green Tea Lg;Lower Manhattan
6.40;1;1;202306;Jun;Thu;Evening;Low;Packaged Chocolate;Drinking Chocolate;Dark chocolate;Astoria
21.00;1;1;202306;Jun;Thu;Evening;Med;Coffee beans;Gourmet Beans;Ethiopia;Lower Manhattan
7.20;9;4;202306;Jun;Thu;Evening;Low;Flavours;Regular syrup;Hazelnut syrup;Lower Manhattan
10.00;1;1;202306;Jun;Thu;Evening;Low;Coffee beans;Green beans;Guatemalan Sustainably Grown;Astoria
18.00;1;1;202306;Jun;Thu;Evening;Low;Coffee beans;House blend Beans;Our Old Time Diner Blend;Astoria
14.00;1;1;202306;Jun;Thu;Evening;Low;Branded;Housewares;I Need My Bean! Latte cup;Astoria
8.95;1;1;202306;Jun;Thu;Evening;Low;Loose Tea;Herbal tea;Peppermint;Astoria
15.00;6;3;202306;Jun;Thu;Evening;Low;Tea;Brewed Black tea;Earl Grey Rg;Lower Manhattan
15.00;4;4;202306;Jun;Thu;Evening;Low;Bakery;Scone;Jumbo Savory Scone;Lower Manhattan
22.50;5;3;202306;Jun;Fri;Night;Med;Drinking Chocolate;Hot chocolate;Dark chocolate Lg;Hell's Kitchen
12.50;5;4;202306;Jun;Fri;Night;Low;Tea;Brewed Black tea;Earl Grey Rg;Hell's Kitchen
2.45;1;1;202306;Jun;Fri;Night;Low;Coffee;Premium brewed coffee;Jamaican Coffee River Sm;Hell's Kitchen
14.00;4;4;202306;Jun;Fri;Night;Low;Bakery;Biscotti;Chocolate Chip Biscotti;Hell's Kitchen
10.00;4;2;202306;Jun;Fri;Night;Low;Tea;Brewed Green tea;Serenity Green Tea Rg;Hell's Kitchen
19.00;4;2;202306;Jun;Fri;Night;Low;Drinking Chocolate;Hot chocolate;Sustainably Grown Organic Lg;Hell's Kitchen
12.40;4;3;202306;Jun;Fri;Night;Low;Coffee;Premium brewed coffee;Jamaican Coffee River Rg;Hell's Kitchen
4.50;1;1;202306;Jun;Fri;Night;Low;Bakery;Scone;Scottish Cream Scone ;Hell's Kitchen
15.00;5;3;202306;Jun;Fri;Night;Low;Tea;Brewed Green tea;Serenity Green Tea Lg;Hell's Kitchen
12.00;6;5;202306;Jun;Fri;Night;Low;Coffee;Gourmet brewed coffee;Columbian Medium Roast Sm;Hell's Kitchen
9.00;3;3;202306;Jun;Fri;Night;Low;Coffee;Organic brewed coffee;Brazilian Rg;Hell's Kitchen
7.50;3;2;202306;Jun;Fri;Night;Low;Tea;Brewed herbal tea;Peppermint Rg;Hell's Kitchen
3.75;1;1;202306;Jun;Fri;Night;Low;Coffee;Barista Espresso;Cappuccino;Hell's Kitchen
0.80;1;1;202306;Jun;Fri;Night;Low;Flavours;Regular syrup;Carmel syrup;Hell's Kitchen
25.50;6;5;202306;Jun;Fri;Night;Med;Coffee;Barista Espresso;Latte Rg;Hell's Kitchen
2.40;3;2;202306;Jun;Fri;Night;Low;Flavours;Sugar free syrup;Sugar Free Vanilla syrup;Hell's Kitchen
18.00;1;1;202306;Jun;Fri;Night;Low;Coffee beans;Organic Beans;Brazilian - Organic;Hell's Kitchen
12.75;5;3;202306;Jun;Fri;Night;Low;Tea;Brewed Chai tea;Spicy Eye Opener Chai Rg;Hell's Kitchen
7.00;2;2;202306;Jun;Fri;Night;Low;Bakery;Biscotti;Ginger Biscotti;Hell's Kitchen
21.00;7;4;202306;Jun;Fri;Night;Med;Tea;Brewed Chai tea;Traditional Blend Chai Lg;Hell's Kitchen
18.00;6;3;202306;Jun;Fri;Night;Low;Tea;Brewed Black tea;Earl Grey Lg;Hell's Kitchen
78.75;21;16;202306;Jun;Fri;Morning;very high;Coffee;Premium brewed coffee;Jamaican Coffee River Lg;Astoria
52.50;21;17;202306;Jun;Fri;Morning;High;Tea;Brewed Chai tea;Morning Sunrise Chai Rg;Astoria
97.50;26;16;202306;Jun;Fri;Morning;very high;Coffee;Barista Espresso;Cappuccino;Astoria
10.40;13;9;202306;Jun;Fri;Morning;Low;Flavours;Sugar free syrup;Sugar Free Vanilla syrup;Astoria
21.60;27;18;202306;Jun;Fri;Morning;Med;Flavours;Sugar free syrup;Sugar Free Vanilla syrup;Hell's Kitchen
63.00;18;18;202306;Jun;Fri;Morning;very high;Bakery;Pastry;Croissant;Hell's Kitchen
33.60;42;27;202306;Jun;Fri;Morning;Med;Flavours;Regular syrup;Carmel syrup;Hell's Kitchen
96.00;32;20;202306;Jun;Fri;Morning;very high;Tea;Brewed Green tea;Serenity Green Tea Lg;Astoria
170.00;40;27;202306;Jun;Fri;Morning;very high;Coffee;Barista Espresso;Latte Rg;Astoria
16.80;21;15;202306;Jun;Fri;Morning;Low;Flavours;Regular syrup;Carmel syrup;Astoria
45.00;10;10;202306;Jun;Fri;Morning;High;Bakery;Scone;Scottish Cream Scone ;Astoria
7.60;1;1;202306;Jun;Fri;Morning;Low;Packaged Chocolate;Organic Chocolate;Sustainably Grown Organic;Hell's Kitchen
25.60;32;22;202306;Jun;Fri;Morning;Med;Flavours;Regular syrup;Hazelnut syrup;Hell's Kitchen
116.00;29;18;202306;Jun;Fri;Morning;very high;Tea;Brewed Chai tea;Morning Sunrise Chai Lg;Astoria
123.00;41;27;202306;Jun;Fri;Morning;very high;Coffee;Drip coffee;Our Old Time Diner Blend Lg;Astoria
108.75;29;20;202306;Jun;Fri;Morning;very high;Drinking Chocolate;Hot chocolate;Sustainably Grown Organic Rg;Astoria
62.50;25;18;202306;Jun;Fri;Morning;very high;Coffee;Drip coffee;Our Old Time Diner Blend Rg;Astoria
63.00;21;15;202306;Jun;Fri;Morning;very high;Coffee;Barista Espresso;Espresso shot;Astoria
66.50;19;13;202306;Jun;Fri;Morning;very high;Drinking Chocolate;Hot chocolate;Dark chocolate Rg;Astoria
56.00;2;2;202306;Jun;Fri;Morning;High;Branded;Clothing;I Need My Bean! T-shirt;Lower Manhattan
89.90;29;19;202306;Jun;Fri;Morning;very high;Coffee;Premium brewed coffee;Jamaican Coffee River Rg;Astoria
26.85;3;3;202306;Jun;Fri;Morning;Med;Loose Tea;Black tea;English Breakfast;Lower Manhattan
7.60;1;1;202306;Jun;Fri;Morning;Low;Packaged Chocolate;Organic Chocolate;Sustainably Grown Organic;Astoria
25.60;32;20;202306;Jun;Fri;Morning;Med;Flavours;Sugar free syrup;Sugar Free Vanilla syrup;Lower Manhattan
10.95;1;1;202306;Jun;Fri;Morning;Low;Loose Tea;Chai tea;Spicy Eye Opener Chai;Lower Manhattan
58.80;24;16;202306;Jun;Fri;Morning;High;Coffee;Premium brewed coffee;Jamaican Coffee River Sm;Astoria
54.00;3;3;202306;Jun;Fri;Morning;High;Coffee beans;Organic Beans;Brazilian - Organic;Astoria
63.75;17;17;202306;Jun;Fri;Morning;very high;Bakery;Scone;Jumbo Savory Scone;Hell's Kitchen
53.90;22;15;202306;Jun;Fri;Morning;High;Coffee;Premium brewed coffee;Jamaican Coffee River Sm;Lower Manhattan
21.00;1;1;202306;Jun;Fri;Morning;Med;Coffee beans;Gourmet Beans;Ethiopia;Astoria
196.00;14;9;202306;Jun;Fri;Morning;very high;Branded;Housewares;I Need My Bean! Latte cup;Lower Manhattan
45.00;18;13;202306;Jun;Fri;Morning;High;Tea;Brewed Black tea;English Breakfast Rg;Astoria
28.00;8;7;202306;Jun;Fri;Morning;Med;Bakery;Biscotti;Chocolate Chip Biscotti;Astoria
99.00;33;25;202306;Jun;Fri;Morning;very high;Tea;Brewed Black tea;English Breakfast Lg;Astoria
44.75;5;5;202306;Jun;Fri;Morning;High;Loose Tea;Chai tea;Traditional Blend Chai;Hell's Kitchen
23.44;6;6;202306;Jun;Fri;Morning;Med;Bakery;Pastry;Almond Croissant;Lower Manhattan
28.00;8;8;202306;Jun;Fri;Morning;Med;Bakery;Biscotti;Ginger Biscotti;Hell's Kitchen
44.75;5;5;202306;Jun;Fri;Morning;High;Loose Tea;Herbal tea;Peppermint;Hell's Kitchen
90.00;5;5;202306;Jun;Fri;Morning;very high;Coffee beans;House blend Beans;Our Old Time Diner Blend;Hell's Kitchen
20.45;1;1;202306;Jun;Fri;Morning;very high;Coffee beans;Espresso Beans;Primo Espresso Roast;Astoria
90.00;30;19;202306;Jun;Fri;Morning;very high;Tea;Brewed Black tea;Earl Grey Lg;Astoria
93.31;7;7;202306;Jun;Fri;Morning;very high;Packaged Chocolate;Drinking Chocolate;Chili Mayan;Lower Manhattan
19.00;2;2;202306;Jun;Fri;Morning;Low;Loose Tea;Chai tea;Morning Sunrise Chai;Astoria
57.54;18;15;202306;Jun;Fri;Morning;High;Bakery;Scone;Ginger Scone;Lower Manhattan
42.00;12;12;202306;Jun;Fri;Morning;High;Bakery;Biscotti;Ginger Biscotti;Astoria
96.00;8;2;202306;Jun;Fri;Morning;very high;Branded;Housewares;I Need My Bean! Diner mug;Lower Manhattan
8.95;1;1;202306;Jun;Fri;Morning;Low;Loose Tea;Herbal tea;Peppermint;Astoria
74.40;24;18;202306;Jun;Fri;Morning;very high;Tea;Brewed Chai tea;Spicy Eye Opener Chai Lg;Astoria
77.50;31;22;202306;Jun;Fri;Morning;very high;Tea;Brewed herbal tea;Peppermint Rg;Astoria
20.45;1;1;202306;Jun;Fri;Morning;very high;Coffee beans;Espresso Beans;Primo Espresso Roast;Lower Manhattan
69.00;23;15;202306;Jun;Fri;Morning;very high;Tea;Brewed herbal tea;Lemon Grass Lg;Astoria
20.00;25;17;202306;Jun;Fri;Morning;Low;Flavours;Regular syrup;Carmel syrup;Lower Manhattan
12.00;15;10;202306;Jun;Fri;Morning;Low;Flavours;Regular syrup;Hazelnut syrup;Lower Manhattan
59.25;3;3;202306;Jun;Fri;Morning;High;Coffee beans;Premium Beans;Jamacian Coffee River;Lower Manhattan
45.00;2;2;202306;Jun;Fri;Morning;High;Coffee beans;Organic Beans;Organic Decaf Blend;Hell's Kitchen
8.95;1;1;202306;Jun;Fri;Morning;Low;Loose Tea;Herbal tea;Peppermint;Lower Manhattan
10.00;1;1;202306;Jun;Fri;Morning;Low;Coffee beans;Green beans;Guatemalan Sustainably Grown;Lower Manhattan
19.20;3;3;202306;Jun;Fri;Morning;Low;Packaged Chocolate;Drinking Chocolate;Dark chocolate;Hell's Kitchen
26.85;3;3;202306;Jun;Fri;Morning;Med;Loose Tea;Black tea;Earl Grey;Astoria
5.00;2;1;202306;Jun;Fri;Night;Low;Tea;Brewed Chai tea;Traditional Blend Chai Rg;Astoria
45.00;1;1;202306;Jun;Fri;Afternoon;High;Coffee beans;Premium Beans;Civet Cat;Astoria
24.00;8;5;202306;Jun;Fri;Afternoon;Med;Tea;Brewed Chai tea;Traditional Blend Chai Lg;Lower Manhattan
5.60;7;4;202306;Jun;Fri;Afternoon;Low;Flavours;Regular syrup;Hazelnut syrup;Lower Manhattan
9.60;12;7;202306;Jun;Fri;Afternoon;Low;Flavours;Sugar free syrup;Sugar Free Vanilla syrup;Lower Manhattan
18.00;6;4;202306;Jun;Fri;Afternoon;Low;Tea;Brewed Chai tea;Traditional Blend Chai Lg;Hell's Kitchen
14.00;4;4;202306;Jun;Fri;Afternoon;Low;Bakery;Biscotti;Ginger Biscotti;Hell's Kitchen
22.80;3;3;202306;Jun;Fri;Afternoon;Med;Packaged Chocolate;Organic Chocolate;Sustainably Grown Organic;Hell's Kitchen
19.75;1;1;202306;Jun;Fri;Afternoon;Low;Coffee beans;Premium Beans;Jamacian Coffee River;Astoria
6.40;8;5;202306;Jun;Fri;Afternoon;Low;Flavours;Sugar free syrup;Sugar Free Vanilla syrup;Hell's Kitchen
1.60;2;1;202306;Jun;Fri;Afternoon;Low;Flavours;Regular syrup;Carmel syrup;Hell's Kitchen
13.33;1;1;202306;Jun;Fri;Afternoon;Low;Packaged Chocolate;Drinking Chocolate;Chili Mayan;Astoria
16.64;4;4;202306;Jun;Fri;Afternoon;Low;Bakery;Biscotti;Ginger Biscotti;Lower Manhattan
4.80;6;5;202306;Jun;Fri;Afternoon;Low;Flavours;Regular syrup;Hazelnut syrup;Hell's Kitchen
18.75;5;5;202306;Jun;Fri;Afternoon;Low;Bakery;Pastry;Almond Croissant;Hell's Kitchen
17.50;7;5;202306;Jun;Fri;Afternoon;Low;Coffee;Gourmet brewed coffee;Columbian Medium Roast Rg;Hell's Kitchen
31.00;10;7;202306;Jun;Fri;Afternoon;Med;Coffee;Premium brewed coffee;Jamaican Coffee River Rg;Lower Manhattan
8.95;1;1;202306;Jun;Fri;Afternoon;Low;Loose Tea;Black tea;Earl Grey;Hell's Kitchen
21.00;6;6;202306;Jun;Fri;Afternoon;Med;Bakery;Pastry;Croissant;Hell's Kitchen
15.20;2;2;202306;Jun;Fri;Afternoon;Low;Packaged Chocolate;Organic Chocolate;Sustainably Grown Organic;Lower Manhattan
10.50;3;2;202306;Jun;Fri;Afternoon;Low;Drinking Chocolate;Hot chocolate;Dark chocolate Rg;Hell's Kitchen
36.00;3;3;202306;Jun;Fri;Afternoon;Med;Branded;Housewares;I Need My Bean! Diner mug;Lower Manhattan
6.60;3;2;202306;Jun;Fri;Night;Low;Coffee;Gourmet brewed coffee;Ethiopia Sm;Hell's Kitchen
42.00;2;2;202306;Jun;Fri;Evening;High;Coffee beans;Gourmet Beans;Ethiopia;Astoria
17.90;2;2;202306;Jun;Fri;Evening;Low;Loose Tea;Herbal tea;Peppermint;Astoria
4.80;6;4;202306;Jun;Fri;Evening;Low;Flavours;Sugar free syrup;Sugar Free Vanilla syrup;Hell's Kitchen
12.75;5;4;202306;Jun;Fri;Evening;Low;Tea;Brewed Chai tea;Spicy Eye Opener Chai Rg;Hell's Kitchen
44.25;3;3;202306;Jun;Fri;Evening;High;Coffee beans;Espresso Beans;Espresso Roast;Hell's Kitchen
13.20;6;4;202306;Jun;Fri;Evening;Low;Coffee;Gourmet brewed coffee;Ethiopia Sm;Lower Manhattan
8.95;1;1;202306;Jun;Fri;Evening;Low;Loose Tea;Black tea;English Breakfast;Astoria
45.00;18;12;202306;Jun;Fri;Evening;High;Coffee;Drip coffee;Our Old Time Diner Blend Rg;Hell's Kitchen
10.50;3;3;202306;Jun;Fri;Evening;Low;Bakery;Biscotti;Chocolate Chip Biscotti;Hell's Kitchen
7.50;2;2;202306;Jun;Fri;Evening;Low;Bakery;Pastry;Chocolate Croissant;Hell's Kitchen
21.00;6;3;202306;Jun;Fri;Evening;Med;Drinking Chocolate;Hot chocolate;Dark chocolate Rg;Lower Manhattan
37.50;10;8;202306;Jun;Fri;Evening;Med;Coffee;Barista Espresso;Latte;Lower Manhattan
10.00;1;1;202306;Jun;Fri;Evening;Low;Coffee beans;Green beans;Guatemalan Sustainably Grown;Lower Manhattan
21.00;7;4;202306;Jun;Fri;Evening;Med;Tea;Brewed herbal tea;Peppermint Lg;Lower Manhattan
5.60;7;5;202306;Jun;Fri;Evening;Low;Flavours;Regular syrup;Hazelnut syrup;Hell's Kitchen
15.00;5;4;202306;Jun;Fri;Evening;Low;Tea;Brewed Chai tea;Traditional Blend Chai Lg;Lower Manhattan
42.50;10;6;202306;Jun;Fri;Evening;High;Coffee;Barista Espresso;Cappuccino Lg;Astoria
33.00;11;6;202306;Jun;Fri;Evening;Med;Tea;Brewed Green tea;Serenity Green Tea Lg;Lower Manhattan
8.44;2;2;202306;Jun;Fri;Evening;Low;Bakery;Pastry;Chocolate Croissant;Lower Manhattan
37.50;10;6;202306;Jun;Fri;Evening;Med;Coffee;Premium brewed coffee;Jamaican Coffee River Lg;Lower Manhattan
21.70;7;5;202306;Jun;Fri;Evening;Med;Coffee;Premium brewed coffee;Jamaican Coffee River Rg;Hell's Kitchen
28.50;3;3;202306;Jun;Fri;Evening;Med;Loose Tea;Chai tea;Morning Sunrise Chai;Lower Manhattan
36.00;3;3;202306;Jun;Fri;Evening;Med;Branded;Housewares;I Need My Bean! Diner mug;Lower Manhattan
17.50;7;4;202306;Jun;Fri;Evening;Low;Tea;Brewed herbal tea;Peppermint Rg;Lower Manhattan
14.00;1;1;202306;Jun;Fri;Evening;Low;Branded;Housewares;I Need My Bean! Latte cup;Lower Manhattan
9.00;3;3;202306;Jun;Fri;Evening;Low;Tea;Brewed herbal tea;Lemon Grass Lg;Lower Manhattan
10.95;1;1;202306;Jun;Fri;Evening;Low;Loose Tea;Chai tea;Spicy Eye Opener Chai;Astoria
1.60;2;2;202306;Jun;Fri;Evening;Low;Flavours;Regular syrup;Carmel syrup;Hell's Kitchen
10.50;3;3;202306;Jun;Fri;Evening;Low;Coffee;Gourmet brewed coffee;Ethiopia Lg;Lower Manhattan
7.31;2;2;202306;Jun;Fri;Evening;Low;Bakery;Biscotti;Hazelnut Biscotti;Lower Manhattan
20.45;1;1;202306;Jun;Fri;Evening;very high;Coffee beans;Espresso Beans;Primo Espresso Roast;Lower Manhattan
42.00;14;9;202306;Jun;Fri;Evening;High;Tea;Brewed herbal tea;Peppermint Lg;Hell's Kitchen
24.00;6;4;202306;Jun;Fri;Evening;Med;Tea;Brewed Chai tea;Morning Sunrise Chai Lg;Lower Manhattan
9.00;3;2;202306;Jun;Fri;Evening;Low;Coffee;Drip coffee;Our Old Time Diner Blend Lg;Lower Manhattan
10.00;4;3;202306;Jun;Sat;Night;Low;Coffee;Drip coffee;Our Old Time Diner Blend Rg;Lower Manhattan
28.00;7;4;202306;Jun;Sat;Night;Med;Tea;Brewed Chai tea;Morning Sunrise Chai Lg;Lower Manhattan
2.50;1;1;202306;Jun;Sat;Night;Low;Tea;Brewed Chai tea;Morning Sunrise Chai Rg;Lower Manhattan
13.50;3;3;202306;Jun;Sat;Night;Low;Bakery;Scone;Scottish Cream Scone ;Lower Manhattan
18.75;5;5;202306;Jun;Sat;Night;Low;Bakery;Pastry;Chocolate Croissant;Lower Manhattan
3.50;1;1;202306;Jun;Sat;Night;Low;Coffee;Gourmet brewed coffee;Ethiopia Lg;Lower Manhattan
15.00;6;4;202306;Jun;Sat;Night;Low;Tea;Brewed Black tea;English Breakfast Rg;Lower Manhattan
8.00;4;3;202306;Jun;Sat;Night;Low;Coffee;Gourmet brewed coffee;Columbian Medium Roast Sm;Lower Manhattan
15.00;5;3;202306;Jun;Sat;Night;Low;Tea;Brewed Chai tea;Traditional Blend Chai Lg;Lower Manhattan
22.50;6;6;202306;Jun;Sat;Night;Med;Bakery;Scone;Jumbo Savory Scone;Lower Manhattan
15.00;6;4;202306;Jun;Sat;Night;Low;Tea;Brewed Chai tea;Traditional Blend Chai Rg;Lower Manhattan
24.50;7;3;202306;Jun;Sat;Night;Med;Drinking Chocolate;Hot chocolate;Dark chocolate Rg;Lower Manhattan
18.75;5;3;202306;Jun;Sat;Night;Low;Coffee;Premium brewed coffee;Jamaican Coffee River Lg;Lower Manhattan
21.00;7;4;202306;Jun;Sat;Night;Med;Tea;Brewed Black tea;Earl Grey Lg;Lower Manhattan
12.40;4;3;202306;Jun;Sat;Night;Low;Tea;Brewed Chai tea;Spicy Eye Opener Chai Lg;Lower Manhattan
21.25;5;3;202306;Jun;Sat;Night;Med;Coffee;Barista Espresso;Cappuccino Lg;Lower Manhattan
4.80;6;3;202306;Jun;Sat;Night;Low;Flavours;Sugar free syrup;Sugar Free Vanilla syrup;Lower Manhattan
17.50;7;4;202306;Jun;Sat;Night;Low;Coffee;Gourmet brewed coffee;Columbian Medium Roast Rg;Lower Manhattan
10.00;4;3;202306;Jun;Sat;Night;Low;Tea;Brewed Black tea;Earl Grey Rg;Hell's Kitchen
12.50;5;3;202306;Jun;Sat;Night;Low;Tea;Brewed herbal tea;Lemon Grass Rg;Lower Manhattan
54.00;12;7;202306;Jun;Sat;Night;High;Drinking Chocolate;Hot chocolate;Dark chocolate Lg;Lower Manhattan
11.80;4;3;202306;Jun;Sat;Night;Low;Bakery;Scone;Ginger Scone;Lower Manhattan
15.00;5;3;202306;Jun;Sat;Night;Low;Coffee;Drip coffee;Our Old Time Diner Blend Lg;Hell's Kitchen
9.00;2;2;202306;Jun;Sat;Night;Low;Bakery;Scone;Scottish Cream Scone ;Hell's Kitchen
8.00;2;1;202306;Jun;Sat;Night;Low;Tea;Brewed Chai tea;Morning Sunrise Chai Lg;Hell's Kitchen
7.00;2;2;202306;Jun;Sat;Night;Low;Bakery;Biscotti;Ginger Biscotti;Hell's Kitchen
5.00;2;1;202306;Jun;Sat;Night;Low;Tea;Brewed Green tea;Serenity Green Tea Rg;Hell's Kitchen
9.00;3;3;202306;Jun;Sat;Night;Low;Bakery;Scone;Oatmeal Scone;Hell's Kitchen
11.25;3;2;202306;Jun;Sat;Night;Low;Coffee;Barista Espresso;Latte;Lower Manhattan
4.00;5;4;202306;Jun;Sat;Night;Low;Flavours;Regular syrup;Chocolate syrup;Lower Manhattan
15.00;5;3;202306;Jun;Sat;Night;Low;Coffee;Drip coffee;Our Old Time Diner Blend Lg;Lower Manhattan
6.00;2;1;202306;Jun;Sat;Night;Low;Tea;Brewed Black tea;Earl Grey Lg;Hell's Kitchen
15.50;5;3;202306;Jun;Sat;Night;Low;Tea;Brewed Chai tea;Spicy Eye Opener Chai Lg;Hell's Kitchen
15.50;5;3;202306;Jun;Sat;Night;Low;Coffee;Premium brewed coffee;Jamaican Coffee River Rg;Hell's Kitchen
10.00;4;3;202306;Jun;Sat;Night;Low;Tea;Brewed herbal tea;Lemon Grass Rg;Hell's Kitchen
15.00;4;2;202306;Jun;Sat;Night;Low;Coffee;Barista Espresso;Cappuccino;Hell's Kitchen
1.60;2;1;202306;Jun;Sat;Night;Low;Flavours;Regular syrup;Chocolate syrup;Hell's Kitchen
6.50;2;2;202306;Jun;Sat;Night;Low;Bakery;Scone;Ginger Scone;Hell's Kitchen
20.40;8;4;202306;Jun;Sat;Night;very high;Tea;Brewed Chai tea;Spicy Eye Opener Chai Rg;Lower Manhattan
2.00;1;1;202306;Jun;Sat;Night;Low;Coffee;Gourmet brewed coffee;Columbian Medium Roast Sm;Hell's Kitchen
8.10;3;2;202306;Jun;Sat;Night;Low;Coffee;Barista Espresso;Ouro Brasileiro shot;Hell's Kitchen
13.00;4;4;202306;Jun;Sat;Night;Low;Bakery;Scone;Cranberry Scone;Hell's Kitchen
26.25;7;4;202306;Jun;Sat;Night;Med;Drinking Chocolate;Hot chocolate;Sustainably Grown Organic Rg;Hell's Kitchen
1.60;2;1;202306;Jun;Sat;Night;Low;Flavours;Sugar free syrup;Sugar Free Vanilla syrup;Hell's Kitchen
19.75;1;1;202306;Jun;Sat;Night;Low;Coffee beans;Premium Beans;Jamacian Coffee River;Hell's Kitchen
4.40;2;2;202306;Jun;Sat;Night;Low;Coffee;Gourmet brewed coffee;Ethiopia Sm;Lower Manhattan
3.00;1;1;202306;Jun;Sat;Night;Low;Coffee;Gourmet brewed coffee;Ethiopia Rg;Hell's Kitchen
6.00;2;2;202306;Jun;Sat;Night;Low;Tea;Brewed herbal tea;Lemon Grass Lg;Lower Manhattan
9.00;3;2;202306;Jun;Sat;Night;Low;Tea;Brewed herbal tea;Peppermint Lg;Lower Manhattan
3.00;1;1;202306;Jun;Sat;Night;Low;Tea;Brewed herbal tea;Peppermint Lg;Hell's Kitchen
5.00;2;2;202306;Jun;Sat;Night;Low;Tea;Brewed Chai tea;Morning Sunrise Chai Rg;Hell's Kitchen
3.75;1;1;202306;Jun;Sat;Night;Low;Bakery;Scone;Jumbo Savory Scone;Hell's Kitchen
12.50;5;3;202306;Jun;Sat;Night;Low;Tea;Brewed Chai tea;Traditional Blend Chai Rg;Hell's Kitchen
20.00;8;5;202306;Jun;Sat;Night;Low;Tea;Brewed herbal tea;Peppermint Rg;Hell's Kitchen
12.00;6;3;202306;Jun;Sat;Night;Low;Coffee;Drip coffee;Our Old Time Diner Blend Sm;Lower Manhattan
18.00;1;1;202306;Jun;Sat;Night;Low;Coffee beans;Organic Beans;Brazilian - Organic;Lower Manhattan
20.80;26;16;202306;Jun;Sat;Morning;very high;Flavours;Regular syrup;Hazelnut syrup;Lower Manhattan
84.00;3;3;202306;Jun;Sat;Morning;very high;Branded;Clothing;I Need My Bean! T-shirt;Lower Manhattan
18.40;23;15;202306;Jun;Sat;Morning;Low;Flavours;Sugar free syrup;Sugar Free Vanilla syrup;Lower Manhattan
28.00;8;8;202306;Jun;Sat;Morning;Med;Bakery;Biscotti;Chocolate Chip Biscotti;Hell's Kitchen
12.80;16;10;202306;Jun;Sat;Morning;Low;Flavours;Regular syrup;Hazelnut syrup;Astoria
59.40;27;17;202306;Jun;Sat;Morning;High;Coffee;Organic brewed coffee;Brazilian Sm;Astoria
30.00;2;2;202306;Jun;Sat;Morning;Med;Coffee beans;Gourmet Beans;Columbian Medium Roast;Astoria
71.25;19;12;202306;Jun;Sat;Morning;very high;Coffee;Barista Espresso;Cappuccino;Astoria
93.00;30;19;202306;Jun;Sat;Morning;very high;Coffee;Premium brewed coffee;Jamaican Coffee River Rg;Astoria
56.25;15;15;202306;Jun;Sat;Morning;High;Bakery;Pastry;Chocolate Croissant;Hell's Kitchen
48.00;16;11;202306;Jun;Sat;Morning;High;Tea;Brewed Chai tea;Traditional Blend Chai Lg;Astoria
38.50;11;11;202306;Jun;Sat;Morning;Med;Bakery;Biscotti;Chocolate Chip Biscotti;Astoria
87.50;35;23;202306;Jun;Sat;Morning;very high;Tea;Brewed Chai tea;Traditional Blend Chai Rg;Astoria
16.80;21;14;202306;Jun;Sat;Morning;Low;Flavours;Regular syrup;Chocolate syrup;Lower Manhattan
36.00;2;2;202306;Jun;Sat;Morning;Med;Coffee beans;Organic Beans;Brazilian - Organic;Lower Manhattan
41.25;11;11;202306;Jun;Sat;Morning;High;Bakery;Pastry;Almond Croissant;Astoria
16.80;21;15;202306;Jun;Sat;Morning;Low;Flavours;Regular syrup;Carmel syrup;Astoria
21.00;1;1;202306;Jun;Sat;Morning;Med;Coffee beans;Gourmet Beans;Ethiopia;Astoria
78.00;26;15;202306;Jun;Sat;Morning;very high;Tea;Brewed herbal tea;Peppermint Lg;Astoria
55.00;22;16;202306;Jun;Sat;Morning;High;Tea;Brewed Black tea;English Breakfast Rg;Astoria
50.60;23;16;202306;Jun;Sat;Morning;High;Coffee;Gourmet brewed coffee;Ethiopia Sm;Astoria
37.50;15;9;202306;Jun;Sat;Morning;Med;Coffee;Gourmet brewed coffee;Columbian Medium Roast Rg;Hell's Kitchen
15.20;19;13;202306;Jun;Sat;Morning;Low;Flavours;Sugar free syrup;Sugar Free Vanilla syrup;Astoria
52.50;15;15;202306;Jun;Sat;Morning;High;Bakery;Pastry;Croissant;Hell's Kitchen
11.20;14;9;202306;Jun;Sat;Morning;Low;Flavours;Regular syrup;Carmel syrup;Hell's Kitchen
52.80;24;16;202306;Jun;Sat;Morning;High;Coffee;Gourmet brewed coffee;Ethiopia Sm;Hell's Kitchen
15.20;2;2;202306;Jun;Sat;Morning;Low;Packaged Chocolate;Organic Chocolate;Sustainably Grown Organic;Lower Manhattan
45.00;18;13;202306;Jun;Sat;Morning;High;Tea;Brewed herbal tea;Peppermint Rg;Astoria
60.00;16;11;202306;Jun;Sat;Morning;High;Coffee;Premium brewed coffee;Jamaican Coffee River Lg;Astoria
31.50;9;9;202306;Jun;Sat;Morning;Med;Bakery;Biscotti;Chocolate Chip Biscotti;Lower Manhattan
25.00;10;8;202306;Jun;Sat;Morning;Med;Coffee;Drip coffee;Our Old Time Diner Blend Rg;Astoria
100.00;25;15;202306;Jun;Sat;Morning;very high;Tea;Brewed Chai tea;Morning Sunrise Chai Lg;Astoria
9.60;12;8;202306;Jun;Sat;Morning;Low;Flavours;Regular syrup;Chocolate syrup;Hell's Kitchen
22.75;7;7;202306;Jun;Sat;Morning;Med;Bakery;Biscotti;Hazelnut Biscotti;Astoria
36.00;12;12;202306;Jun;Sat;Morning;Med;Bakery;Scone;Oatmeal Scone;Lower Manhattan
90.00;2;2;202306;Jun;Sat;Morning;very high;Coffee beans;Premium Beans;Civet Cat;Lower Manhattan
11.20;14;10;202306;Jun;Sat;Morning;Low;Flavours;Regular syrup;Chocolate syrup;Astoria
37.50;10;10;202306;Jun;Sat;Morning;Med;Bakery;Pastry;Almond Croissant;Hell's Kitchen
36.00;2;2;202306;Jun;Sat;Morning;Med;Coffee beans;House blend Beans;Our Old Time Diner Blend;Hell's Kitchen
28.00;2;2;202306;Jun;Sat;Morning;Med;Branded;Housewares;I Need My Bean! Latte cup;Lower Manhattan
6.40;1;1;202306;Jun;Sat;Morning;Low;Packaged Chocolate;Drinking Chocolate;Dark chocolate;Astoria
67.50;3;3;202306;Jun;Sat;Morning;very high;Coffee beans;Organic Beans;Organic Decaf Blend;Lower Manhattan
57.00;19;12;202306;Jun;Sat;Morning;High;Tea;Brewed Chai tea;Traditional Blend Chai Lg;Lower Manhattan
15.20;2;2;202306;Jun;Sat;Morning;Low;Packaged Chocolate;Organic Chocolate;Sustainably Grown Organic;Hell's Kitchen
19.00;2;2;202306;Jun;Sat;Morning;Low;Loose Tea;Chai tea;Morning Sunrise Chai;Astoria
12.80;16;12;202306;Jun;Sat;Morning;Low;Flavours;Regular syrup;Carmel syrup;Lower Manhattan
24.00;8;8;202306;Jun;Sat;Morning;Med;Bakery;Scone;Oatmeal Scone;Hell's Kitchen
39.20;16;12;202306;Jun;Sat;Morning;Med;Coffee;Premium brewed coffee;Jamaican Coffee River Sm;Astoria
28.00;8;8;202306;Jun;Sat;Morning;Med;Bakery;Pastry;Croissant;Astoria
14.00;1;1;202306;Jun;Sat;Morning;Low;Branded;Housewares;I Need My Bean! Latte cup;Hell's Kitchen
28.50;3;3;202306;Jun;Sat;Morning;Med;Loose Tea;Chai tea;Morning Sunrise Chai;Hell's Kitchen
17.90;2;2;202306;Jun;Sat;Morning;Low;Loose Tea;Chai tea;Traditional Blend Chai;Lower Manhattan
12.00;15;10;202306;Jun;Sat;Morning;Low;Flavours;Sugar free syrup;Sugar Free Vanilla syrup;Hell's Kitchen
17.90;2;2;202306;Jun;Sat;Morning;Low;Loose Tea;Chai tea;Traditional Blend Chai;Hell's Kitchen
70.00;5;5;202306;Jun;Sat;Morning;very high;Branded;Housewares;I Need My Bean! Latte cup;Astoria
59.50;14;9;202306;Jun;Sat;Morning;High;Coffee;Barista Espresso;Latte Rg;Hell's Kitchen
9.25;1;1;202306;Jun;Sat;Morning;Low;Loose Tea;Green tea;Serenity Green Tea;Lower Manhattan
6.40;1;1;202306;Jun;Sat;Morning;Low;Packaged Chocolate;Drinking Chocolate;Dark chocolate;Hell's Kitchen
1.60;2;2;202306;Jun;Sat;Morning;Low;Flavours;Regular syrup;Hazelnut syrup;Hell's Kitchen
36.00;2;2;202306;Jun;Sat;Morning;Med;Coffee beans;Organic Beans;Brazilian - Organic;Hell's Kitchen
22.50;1;1;202306;Jun;Sat;Morning;Med;Coffee beans;Organic Beans;Organic Decaf Blend;Hell's Kitchen
12.00;1;1;202306;Jun;Sat;Morning;Low;Branded;Housewares;I Need My Bean! Diner mug;Hell's Kitchen
36.00;3;3;202306;Jun;Sat;Morning;Med;Branded;Housewares;I Need My Bean! Diner mug;Lower Manhattan
8.80;11;9;202306;Jun;Sat;Afternoon;Low;Flavours;Regular syrup;Carmel syrup;Lower Manhattan
12.00;15;8;202306;Jun;Sat;Afternoon;Low;Flavours;Sugar free syrup;Sugar Free Vanilla syrup;Lower Manhattan
4.00;5;3;202306;Jun;Sat;Afternoon;Low;Flavours;Regular syrup;Carmel syrup;Hell's Kitchen
8.95;1;1;202306;Jun;Sat;Afternoon;Low;Loose Tea;Herbal tea;Lemon Grass;Hell's Kitchen
7.00;2;1;202306;Jun;Sat;Afternoon;Low;Coffee;Organic brewed coffee;Brazilian Lg;Lower Manhattan
7.20;9;5;202306;Jun;Sat;Afternoon;Low;Flavours;Regular syrup;Chocolate syrup;Astoria
15.00;5;4;202306;Jun;Sat;Afternoon;Low;Coffee;Gourmet brewed coffee;Columbian Medium Roast Lg;Hell's Kitchen
18.00;1;1;202306;Jun;Sat;Afternoon;Low;Coffee beans;Organic Beans;Brazilian - Organic;Lower Manhattan
5.60;7;4;202306;Jun;Sat;Afternoon;Low;Flavours;Regular syrup;Chocolate syrup;Hell's Kitchen
15.00;4;4;202306;Jun;Sat;Afternoon;Low;Bakery;Pastry;Almond Croissant;Hell's Kitchen
3.20;4;2;202306;Jun;Sat;Afternoon;Low;Flavours;Sugar free syrup;Sugar Free Vanilla syrup;Hell's Kitchen
11.25;3;2;202306;Jun;Sat;Afternoon;Low;Coffee;Barista Espresso;Cappuccino;Lower Manhattan
4.00;5;3;202306;Jun;Sat;Afternoon;Low;Flavours;Regular syrup;Chocolate syrup;Lower Manhattan
4.00;5;3;202306;Jun;Sat;Afternoon;Low;Flavours;Regular syrup;Hazelnut syrup;Hell's Kitchen
6.00;2;2;202306;Jun;Sat;Afternoon;Low;Coffee;Organic brewed coffee;Brazilian Rg;Hell's Kitchen
1.60;2;2;202306;Jun;Sat;Afternoon;Low;Flavours;Regular syrup;Carmel syrup;Astoria
1.60;2;1;202306;Jun;Sat;Afternoon;Low;Flavours;Sugar free syrup;Sugar Free Vanilla syrup;Astoria
24.00;2;2;202306;Jun;Sat;Afternoon;Med;Branded;Housewares;I Need My Bean! Diner mug;Astoria
22.50;9;5;202306;Jun;Sat;Afternoon;Med;Tea;Brewed Black tea;English Breakfast Rg;Lower Manhattan
9.50;1;1;202306;Jun;Sat;Afternoon;Low;Loose Tea;Chai tea;Morning Sunrise Chai;Hell's Kitchen
0.80;1;1;202306;Jun;Sat;Afternoon;Low;Flavours;Regular syrup;Hazelnut syrup;Astoria
3.25;1;1;202306;Jun;Sat;Afternoon;Low;Bakery;Scone;Cranberry Scone;Hell's Kitchen
17.90;2;2;202306;Jun;Sat;Afternoon;Low;Loose Tea;Black tea;Earl Grey;Hell's Kitchen
45.00;1;1;202306;Jun;Sat;Afternoon;High;Coffee beans;Premium Beans;Civet Cat;Lower Manhattan
21.00;6;5;202306;Jun;Sat;Night;Med;Coffee;Organic brewed coffee;Brazilian Lg;Lower Manhattan
16.00;8;4;202306;Jun;Sat;Evening;Low;Coffee;Drip coffee;Our Old Time Diner Blend Sm;Lower Manhattan
8.95;1;1;202306;Jun;Sat;Evening;Low;Loose Tea;Chai tea;Traditional Blend Chai;Lower Manhattan
25.00;10;5;202306;Jun;Sat;Evening;Med;Tea;Brewed herbal tea;Lemon Grass Rg;Lower Manhattan
36.00;2;2;202306;Jun;Sat;Evening;Med;Coffee beans;House blend Beans;Our Old Time Diner Blend;Astoria
20.00;5;4;202306;Jun;Sat;Evening;Low;Tea;Brewed Chai tea;Morning Sunrise Chai Lg;Lower Manhattan
7.00;2;2;202306;Jun;Sat;Evening;Low;Drinking Chocolate;Hot chocolate;Dark chocolate Rg;Lower Manhattan
18.75;5;3;202306;Jun;Sat;Evening;Low;Coffee;Premium brewed coffee;Jamaican Coffee River Lg;Hell's Kitchen
5.60;7;5;202306;Jun;Sat;Evening;Low;Flavours;Regular syrup;Chocolate syrup;Lower Manhattan
2.50;1;1;202306;Jun;Sat;Evening;Low;Tea;Brewed Black tea;Earl Grey Rg;Lower Manhattan
1.60;2;1;202306;Jun;Sat;Evening;Low;Flavours;Regular syrup;Chocolate syrup;Astoria
5.60;7;4;202306;Jun;Sat;Evening;Low;Flavours;Sugar free syrup;Sugar Free Vanilla syrup;Hell's Kitchen
4.00;5;3;202306;Jun;Sat;Evening;Low;Flavours;Regular syrup;Chocolate syrup;Hell's Kitchen
8.95;1;1;202306;Jun;Sat;Evening;Low;Loose Tea;Herbal tea;Peppermint;Hell's Kitchen
12.00;4;3;202306;Jun;Sat;Evening;Low;Coffee;Organic brewed coffee;Brazilian Rg;Lower Manhattan
17.50;7;3;202306;Jun;Sat;Evening;Low;Tea;Brewed Chai tea;Traditional Blend Chai Rg;Lower Manhattan
21.00;7;4;202306;Jun;Sat;Evening;Med;Tea;Brewed Black tea;English Breakfast Lg;Lower Manhattan
18.00;1;1;202306;Jun;Sat;Evening;Low;Coffee beans;House blend Beans;Our Old Time Diner Blend;Hell's Kitchen
8.80;4;3;202306;Jun;Sat;Evening;Low;Coffee;Gourmet brewed coffee;Ethiopia Sm;Lower Manhattan
12.25;5;4;202306;Jun;Sat;Evening;Low;Coffee;Premium brewed coffee;Jamaican Coffee River Sm;Lower Manhattan
10.00;4;2;202306;Jun;Sat;Evening;Low;Tea;Brewed herbal tea;Peppermint Rg;Lower Manhattan
18.00;1;1;202306;Jun;Sat;Evening;Low;Coffee beans;Organic Beans;Brazilian - Organic;Astoria
3.20;4;2;202306;Jun;Sat;Evening;Low;Flavours;Sugar free syrup;Sugar Free Vanilla syrup;Astoria
25.00;10;6;202306;Jun;Sat;Evening;Med;Tea;Brewed Black tea;English Breakfast Rg;Astoria
14.00;4;2;202306;Jun;Sat;Evening;Low;Coffee;Gourmet brewed coffee;Ethiopia Lg;Lower Manhattan
3.00;1;1;202306;Jun;Sat;Evening;Low;Tea;Brewed Green tea;Serenity Green Tea Lg;Lower Manhattan
6.40;1;1;202306;Jun;Sat;Evening;Low;Packaged Chocolate;Drinking Chocolate;Dark chocolate;Hell's Kitchen
9.25;1;1;202306;Jun;Sat;Evening;Low;Loose Tea;Green tea;Serenity Green Tea;Hell's Kitchen
18.60;6;4;202306;Jun;Sat;Evening;Low;Tea;Brewed Chai tea;Spicy Eye Opener Chai Lg;Hell's Kitchen
13.00;4;4;202306;Jun;Sat;Evening;Low;Bakery;Scone;Cranberry Scone;Hell's Kitchen
21.00;7;4;202306;Jun;Sat;Evening;Med;Coffee;Gourmet brewed coffee;Columbian Medium Roast Lg;Hell's Kitchen
17.85;7;4;202306;Jun;Sat;Evening;Low;Tea;Brewed Chai tea;Spicy Eye Opener Chai Rg;Lower Manhattan
0.80;1;1;202306;Jun;Sat;Evening;Low;Flavours;Regular syrup;Hazelnut syrup;Astoria
12.50;5;3;202306;Jun;Sat;Evening;Low;Coffee;Gourmet brewed coffee;Columbian Medium Roast Rg;Hell's Kitchen
10.95;1;1;202306;Jun;Sat;Evening;Low;Loose Tea;Chai tea;Spicy Eye Opener Chai;Astoria
45.00;1;1;202306;Jun;Sat;Evening;High;Coffee beans;Premium Beans;Civet Cat;Astoria
24.50;10;6;202306;Jun;Sat;Afternoon;Med;Coffee;Premium brewed coffee;Jamaican Coffee River Sm;Hell's Kitchen
18.75;5;5;202306;Jun;Sat;Evening;Low;Bakery;Pastry;Almond Croissant;Astoria
8.95;1;1;202306;Jun;Sat;Evening;Low;Loose Tea;Herbal tea;Peppermint;Astoria
8.95;1;1;202306;Jun;Sat;Evening;Low;Loose Tea;Black tea;English Breakfast;Astoria
18.00;6;4;202306;Jun;Sun;Night;Low;Tea;Brewed herbal tea;Lemon Grass Lg;Lower Manhattan
12.00;4;3;202306;Jun;Sun;Night;Low;Tea;Brewed Chai tea;Traditional Blend Chai Lg;Lower Manhattan
9.00;2;2;202306;Jun;Sun;Night;Low;Bakery;Scone;Scottish Cream Scone ;Lower Manhattan
10.00;4;3;202306;Jun;Sun;Night;Low;Tea;Brewed Chai tea;Morning Sunrise Chai Rg;Lower Manhattan
8.00;4;3;202306;Jun;Sun;Night;Low;Coffee;Gourmet brewed coffee;Columbian Medium Roast Sm;Lower Manhattan
19.80;9;5;202306;Jun;Sun;Night;Low;Coffee;Organic brewed coffee;Brazilian Sm;Lower Manhattan
18.75;5;3;202306;Jun;Sun;Night;Low;Drinking Chocolate;Hot chocolate;Sustainably Grown Organic Rg;Lower Manhattan
18.00;6;3;202306;Jun;Sun;Night;Low;Tea;Brewed Green tea;Serenity Green Tea Lg;Lower Manhattan
30.00;8;5;202306;Jun;Sun;Night;Med;Coffee;Premium brewed coffee;Jamaican Coffee River Lg;Lower Manhattan
15.00;4;3;202306;Jun;Sun;Night;Low;Coffee;Barista Espresso;Latte;Lower Manhattan
3.20;4;2;202306;Jun;Sun;Night;Low;Flavours;Sugar free syrup;Sugar Free Vanilla syrup;Lower Manhattan
15.00;5;5;202306;Jun;Sun;Night;Low;Bakery;Scone;Oatmeal Scone;Lower Manhattan
15.00;6;3;202306;Jun;Sun;Night;Low;Tea;Brewed Black tea;Earl Grey Rg;Lower Manhattan
15.00;6;5;202306;Jun;Sun;Night;Low;Tea;Brewed Chai tea;Traditional Blend Chai Rg;Lower Manhattan
17.50;7;4;202306;Jun;Sun;Night;Low;Tea;Brewed Green tea;Serenity Green Tea Rg;Lower Manhattan
12.75;3;2;202306;Jun;Sun;Night;Low;Coffee;Barista Espresso;Cappuccino Lg;Lower Manhattan
7.20;9;6;202306;Jun;Sun;Night;Low;Flavours;Regular syrup;Chocolate syrup;Lower Manhattan
11.25;3;3;202306;Jun;Sun;Night;Low;Bakery;Pastry;Almond Croissant;Lower Manhattan
23.75;5;3;202306;Jun;Sun;Night;Med;Drinking Chocolate;Hot chocolate;Sustainably Grown Organic Lg;Lower Manhattan
9.00;3;3;202306;Jun;Sun;Night;Low;Tea;Brewed herbal tea;Peppermint Lg;Lower Manhattan
15.00;6;4;202306;Jun;Sun;Night;Low;Tea;Brewed herbal tea;Peppermint Rg;Lower Manhattan
7.35;3;2;202306;Jun;Sun;Night;Low;Coffee;Premium brewed coffee;Jamaican Coffee River Sm;Lower Manhattan
10.50;3;2;202306;Jun;Sun;Night;Low;Coffee;Organic brewed coffee;Brazilian Lg;Lower Manhattan
24.00;8;5;202306;Jun;Sun;Night;Med;Coffee;Gourmet brewed coffee;Columbian Medium Roast Lg;Lower Manhattan
9.00;3;2;202306;Jun;Sun;Night;Low;Coffee;Drip coffee;Our Old Time Diner Blend Lg;Hell's Kitchen
3.75;1;1;202306;Jun;Sun;Night;Low;Bakery;Scone;Jumbo Savory Scone;Hell's Kitchen
9.25;1;1;202306;Jun;Sun;Night;Low;Loose Tea;Green tea;Serenity Green Tea;Lower Manhattan
15.00;6;5;202306;Jun;Sun;Night;Low;Coffee;Drip coffee;Our Old Time Diner Blend Rg;Lower Manhattan
12.00;4;4;202306;Jun;Sun;Night;Low;Coffee;Barista Espresso;Espresso shot;Lower Manhattan
21.00;6;3;202306;Jun;Sun;Night;Med;Coffee;Gourmet brewed coffee;Ethiopia Lg;Lower Manhattan
9.00;3;2;202306;Jun;Sun;Night;Low;Coffee;Organic brewed coffee;Brazilian Rg;Hell's Kitchen
11.25;3;3;202306;Jun;Sun;Night;Low;Bakery;Pastry;Chocolate Croissant;Hell's Kitchen
6.00;2;1;202306;Jun;Sun;Night;Low;Coffee;Organic brewed coffee;Brazilian Rg;Lower Manhattan
19.00;4;3;202306;Jun;Sun;Night;Low;Drinking Chocolate;Hot chocolate;Sustainably Grown Organic Lg;Hell's Kitchen
12.00;3;2;202306;Jun;Sun;Night;Low;Tea;Brewed Chai tea;Morning Sunrise Chai Lg;Lower Manhattan
9.75;3;3;202306;Jun;Sun;Night;Low;Bakery;Biscotti;Hazelnut Biscotti;Lower Manhattan
7.50;3;2;202306;Jun;Sun;Night;Low;Coffee;Gourmet brewed coffee;Columbian Medium Roast Rg;Hell's Kitchen
9.75;3;3;202306;Jun;Sun;Night;Low;Bakery;Biscotti;Hazelnut Biscotti;Hell's Kitchen
7.50;3;2;202306;Jun;Sun;Night;Low;Tea;Brewed Green tea;Serenity Green Tea Rg;Hell's Kitchen
5.00;2;2;202306;Jun;Sun;Night;Low;Tea;Brewed herbal tea;Lemon Grass Rg;Hell's Kitchen
17.50;5;3;202306;Jun;Sun;Night;Low;Drinking Chocolate;Hot chocolate;Dark chocolate Rg;Hell's Kitchen
2.50;1;1;202306;Jun;Sun;Night;Low;Tea;Brewed Chai tea;Traditional Blend Chai Rg;Hell's Kitchen
7.50;3;2;202306;Jun;Sun;Night;Low;Tea;Brewed Black tea;English Breakfast Rg;Hell's Kitchen
9.00;2;2;202306;Jun;Sun;Night;Low;Bakery;Scone;Scottish Cream Scone ;Hell's Kitchen
21.25;5;3;202306;Jun;Sun;Night;Med;Coffee;Barista Espresso;Cappuccino Lg;Hell's Kitchen
2.40;3;2;202306;Jun;Sun;Night;Low;Flavours;Regular syrup;Hazelnut syrup;Hell's Kitchen
12.00;4;3;202306;Jun;Sun;Night;Low;Coffee;Drip coffee;Our Old Time Diner Blend Lg;Lower Manhattan
12.75;3;2;202306;Jun;Sun;Night;Low;Coffee;Barista Espresso;Latte Rg;Hell's Kitchen
0.80;1;1;202306;Jun;Sun;Night;Low;Flavours;Regular syrup;Carmel syrup;Hell's Kitchen
3.10;1;1;202306;Jun;Sun;Night;Low;Coffee;Premium brewed coffee;Jamaican Coffee River Rg;Hell's Kitchen
17.50;5;3;202306;Jun;Sun;Night;Low;Drinking Chocolate;Hot chocolate;Dark chocolate Rg;Lower Manhattan
9.00;3;2;202306;Jun;Sun;Night;Low;Coffee;Gourmet brewed coffee;Ethiopia Rg;Lower Manhattan
8.00;4;2;202306;Jun;Sun;Night;Low;Coffee;Drip coffee;Our Old Time Diner Blend Sm;Lower Manhattan
9.00;3;2;202306;Jun;Sun;Night;Low;Coffee;Gourmet brewed coffee;Columbian Medium Roast Lg;Hell's Kitchen
9.50;1;1;202306;Jun;Sun;Night;Low;Loose Tea;Chai tea;Morning Sunrise Chai;Hell's Kitchen
7.50;2;2;202306;Jun;Sun;Night;Low;Bakery;Pastry;Chocolate Croissant;Lower Manhattan
9.75;3;3;202306;Jun;Sun;Night;Low;Bakery;Scone;Cranberry Scone;Hell's Kitchen
45.50;13;13;202306;Jun;Sun;Morning;High;Bakery;Biscotti;Chocolate Chip Biscotti;Hell's Kitchen
22.80;3;3;202306;Jun;Sun;Morning;Med;Packaged Chocolate;Organic Chocolate;Sustainably Grown Organic;Hell's Kitchen
16.80;21;13;202306;Jun;Sun;Morning;Low;Flavours;Regular syrup;Carmel syrup;Hell's Kitchen
13.60;17;13;202306;Jun;Sun;Morning;Low;Flavours;Regular syrup;Hazelnut syrup;Hell's Kitchen
14.00;4;4;202306;Jun;Sun;Morning;Low;Bakery;Biscotti;Ginger Biscotti;Lower Manhattan
105.40;34;17;202306;Jun;Sun;Morning;very high;Tea;Brewed Chai tea;Spicy Eye Opener Chai Lg;Lower Manhattan
10.00;1;1;202306;Jun;Sun;Morning;Low;Coffee beans;Green beans;Guatemalan Sustainably Grown;Lower Manhattan
114.00;38;25;202306;Jun;Sun;Morning;very high;Coffee;Gourmet brewed coffee;Ethiopia Rg;Astoria
9.60;12;9;202306;Jun;Sun;Morning;Low;Flavours;Sugar free syrup;Sugar Free Vanilla syrup;Hell's Kitchen
48.75;15;15;202306;Jun;Sun;Morning;High;Bakery;Biscotti;Hazelnut Biscotti;Hell's Kitchen
18.40;23;13;202306;Jun;Sun;Morning;Low;Flavours;Sugar free syrup;Sugar Free Vanilla syrup;Astoria
37.40;17;13;202306;Jun;Sun;Morning;Med;Coffee;Organic brewed coffee;Brazilian Sm;Astoria
48.00;16;16;202306;Jun;Sun;Morning;High;Bakery;Scone;Oatmeal Scone;Hell's Kitchen
51.00;12;9;202306;Jun;Sun;Morning;High;Coffee;Barista Espresso;Cappuccino Lg;Astoria
4.00;5;4;202306;Jun;Sun;Morning;Low;Flavours;Regular syrup;Carmel syrup;Astoria
52.50;21;16;202306;Jun;Sun;Morning;High;Tea;Brewed Chai tea;Morning Sunrise Chai Rg;Astoria
71.25;19;11;202306;Jun;Sun;Morning;very high;Coffee;Barista Espresso;Latte;Astoria
50.00;20;13;202306;Jun;Sun;Morning;High;Tea;Brewed Black tea;Earl Grey Rg;Astoria
45.50;14;14;202306;Jun;Sun;Morning;High;Bakery;Scone;Cranberry Scone;Hell's Kitchen
28.00;2;2;202306;Jun;Sun;Morning;Med;Branded;Housewares;I Need My Bean! Latte cup;Astoria
31.50;9;9;202306;Jun;Sun;Morning;Med;Bakery;Pastry;Croissant;Astoria
40.00;16;10;202306;Jun;Sun;Morning;Med;Coffee;Drip coffee;Our Old Time Diner Blend Rg;Astoria
28.00;35;20;202306;Jun;Sun;Morning;Med;Flavours;Sugar free syrup;Sugar Free Vanilla syrup;Lower Manhattan
12.00;15;10;202306;Jun;Sun;Morning;Low;Flavours;Regular syrup;Chocolate syrup;Astoria
21.00;7;7;202306;Jun;Sun;Morning;Med;Bakery;Scone;Oatmeal Scone;Astoria
36.00;3;3;202306;Jun;Sun;Morning;Med;Branded;Housewares;I Need My Bean! Diner mug;Astoria
21.60;27;16;202306;Jun;Sun;Morning;Med;Flavours;Regular syrup;Chocolate syrup;Lower Manhattan
40.00;16;11;202306;Jun;Sun;Morning;Med;Tea;Brewed Black tea;English Breakfast Rg;Astoria
48.00;16;10;202306;Jun;Sun;Morning;High;Tea;Brewed herbal tea;Lemon Grass Lg;Astoria
8.00;10;9;202306;Jun;Sun;Morning;Low;Flavours;Regular syrup;Carmel syrup;Lower Manhattan
61.35;3;3;202306;Jun;Sun;Morning;very high;Coffee beans;Espresso Beans;Primo Espresso Roast;Lower Manhattan
32.00;16;13;202306;Jun;Sun;Morning;Med;Coffee;Drip coffee;Our Old Time Diner Blend Sm;Astoria
26.25;7;7;202306;Jun;Sun;Morning;Med;Bakery;Pastry;Almond Croissant;Astoria
21.00;6;6;202306;Jun;Sun;Morning;Med;Bakery;Pastry;Croissant;Hell's Kitchen
28.00;1;1;202306;Jun;Sun;Morning;Med;Branded;Clothing;I Need My Bean! T-shirt;Hell's Kitchen
66.15;27;17;202306;Jun;Sun;Morning;very high;Coffee;Premium brewed coffee;Jamaican Coffee River Sm;Astoria
28.00;1;1;202306;Jun;Sun;Morning;Med;Branded;Clothing;I Need My Bean! T-shirt;Astoria
63.00;18;13;202306;Jun;Sun;Morning;very high;Coffee;Gourmet brewed coffee;Ethiopia Lg;Astoria
19.00;2;2;202306;Jun;Sun;Morning;Low;Loose Tea;Chai tea;Morning Sunrise Chai;Lower Manhattan
21.00;1;1;202306;Jun;Sun;Morning;Med;Coffee beans;Gourmet Beans;Ethiopia;Astoria
21.60;27;16;202306;Jun;Sun;Morning;Med;Flavours;Regular syrup;Chocolate syrup;Hell's Kitchen
22.50;5;5;202306;Jun;Sun;Morning;Med;Bakery;Scone;Scottish Cream Scone ;Astoria
39.00;13;8;202306;Jun;Sun;Morning;Med;Tea;Brewed Black tea;English Breakfast Lg;Astoria
18.00;6;6;202306;Jun;Sun;Morning;Low;Bakery;Scone;Oatmeal Scone;Lower Manhattan
8.95;1;1;202306;Jun;Sun;Morning;Low;Loose Tea;Black tea;Earl Grey;Lower Manhattan
75.00;25;14;202306;Jun;Sun;Morning;very high;Coffee;Organic brewed coffee;Brazilian Rg;Astoria
10.40;13;10;202306;Jun;Sun;Morning;Low;Flavours;Regular syrup;Hazelnut syrup;Astoria
63.00;21;14;202306;Jun;Sun;Morning;very high;Tea;Brewed herbal tea;Peppermint Lg;Astoria
45.00;2;2;202306;Jun;Sun;Morning;High;Coffee beans;Organic Beans;Organic Decaf Blend;Astoria
49.00;14;12;202306;Jun;Sun;Morning;High;Drinking Chocolate;Hot chocolate;Dark chocolate Rg;Astoria
48.75;13;9;202306;Jun;Sun;Morning;High;Coffee;Premium brewed coffee;Jamaican Coffee River Lg;Astoria
10.95;1;1;202306;Jun;Sun;Morning;Low;Loose Tea;Chai tea;Spicy Eye Opener Chai;Astoria
9.25;1;1;202306;Jun;Sun;Morning;Low;Loose Tea;Green tea;Serenity Green Tea;Astoria
26.85;3;3;202306;Jun;Sun;Morning;Med;Loose Tea;Black tea;Earl Grey;Hell's Kitchen
9.50;1;1;202306;Jun;Sun;Morning;Low;Loose Tea;Chai tea;Morning Sunrise Chai;Astoria
11.20;14;11;202306;Jun;Sun;Morning;Low;Flavours;Regular syrup;Hazelnut syrup;Lower Manhattan
54.00;3;3;202306;Jun;Sun;Morning;High;Coffee beans;Organic Beans;Brazilian - Organic;Hell's Kitchen
21.00;6;4;202306;Jun;Sun;Morning;Med;Coffee;Gourmet brewed coffee;Ethiopia Lg;Lower Manhattan
30.00;3;3;202306;Jun;Sun;Morning;Med;Coffee beans;Green beans;Guatemalan Sustainably Grown;Hell's Kitchen
26.00;8;8;202306;Jun;Sun;Morning;Med;Bakery;Scone;Ginger Scone;Astoria
12.00;1;1;202306;Jun;Sun;Morning;Low;Branded;Housewares;I Need My Bean! Diner mug;Hell's Kitchen
36.00;2;2;202306;Jun;Sun;Morning;Med;Coffee beans;Organic Beans;Brazilian - Organic;Astoria
59.25;3;3;202306;Jun;Sun;Morning;High;Coffee beans;Premium Beans;Jamacian Coffee River;Hell's Kitchen
26.66;2;2;202306;Jun;Sun;Morning;Med;Packaged Chocolate;Drinking Chocolate;Chili Mayan;Hell's Kitchen
19.20;3;3;202306;Jun;Sun;Morning;Low;Packaged Chocolate;Drinking Chocolate;Dark chocolate;Hell's Kitchen
42.00;3;3;202306;Jun;Sun;Morning;High;Branded;Housewares;I Need My Bean! Latte cup;Hell's Kitchen
8.80;4;2;202306;Jun;Sun;Night;Low;Coffee;Gourmet brewed coffee;Ethiopia Sm;Hell's Kitchen
8.00;10;5;202306;Jun;Sun;Afternoon;Low;Flavours;Sugar free syrup;Sugar Free Vanilla syrup;Lower Manhattan
9.75;3;3;202306;Jun;Sun;Afternoon;Low;Bakery;Biscotti;Hazelnut Biscotti;Lower Manhattan
4.50;1;1;202306;Jun;Sun;Afternoon;Low;Bakery;Scone;Scottish Cream Scone ;Astoria
24.00;8;6;202306;Jun;Sun;Afternoon;Med;Coffee;Organic brewed coffee;Brazilian Rg;Lower Manhattan
12.00;1;1;202306;Jun;Sun;Afternoon;Low;Branded;Housewares;I Need My Bean! Diner mug;Astoria
30.00;10;6;202306;Jun;Sun;Afternoon;Med;Tea;Brewed Green tea;Serenity Green Tea Lg;Lower Manhattan
10.95;1;1;202306;Jun;Sun;Afternoon;Low;Loose Tea;Chai tea;Spicy Eye Opener Chai;Astoria
12.00;3;2;202306;Jun;Sun;Afternoon;Low;Tea;Brewed Chai tea;Morning Sunrise Chai Lg;Hell's Kitchen
4.80;6;4;202306;Jun;Sun;Afternoon;Low;Flavours;Regular syrup;Chocolate syrup;Hell's Kitchen
12.00;1;1;202306;Jun;Sun;Afternoon;Low;Branded;Housewares;I Need My Bean! Diner mug;Hell's Kitchen
15.00;5;5;202306;Jun;Sun;Afternoon;Low;Bakery;Scone;Oatmeal Scone;Hell's Kitchen
15.00;5;3;202306;Jun;Sun;Afternoon;Low;Coffee;Barista Espresso;Espresso shot;Lower Manhattan
14.00;1;1;202306;Jun;Sun;Afternoon;Low;Branded;Housewares;I Need My Bean! Latte cup;Astoria
90.00;2;2;202306;Jun;Sun;Afternoon;very high;Coffee beans;Premium Beans;Civet Cat;Lower Manhattan
22.50;9;5;202306;Jun;Sun;Afternoon;Med;Coffee;Gourmet brewed coffee;Columbian Medium Roast Rg;Lower Manhattan
28.00;1;1;202306;Jun;Sun;Afternoon;Med;Branded;Clothing;I Need My Bean! T-shirt;Astoria
37.40;17;8;202306;Jun;Sun;Afternoon;Med;Coffee;Gourmet brewed coffee;Ethiopia Sm;Lower Manhattan
7.60;1;1;202306;Jun;Sun;Afternoon;Low;Packaged Chocolate;Organic Chocolate;Sustainably Grown Organic;Hell's Kitchen
4.80;6;3;202306;Jun;Sun;Afternoon;Low;Flavours;Sugar free syrup;Sugar Free Vanilla syrup;Hell's Kitchen
26.85;3;3;202306;Jun;Sun;Afternoon;Med;Loose Tea;Chai tea;Traditional Blend Chai;Lower Manhattan
8.95;1;1;202306;Jun;Sun;Afternoon;Low;Loose Tea;Chai tea;Traditional Blend Chai;Hell's Kitchen
2.40;3;2;202306;Jun;Sun;Afternoon;Low;Flavours;Regular syrup;Hazelnut syrup;Astoria
0.80;1;1;202306;Jun;Sun;Afternoon;Low;Flavours;Regular syrup;Carmel syrup;Astoria
6.40;8;6;202306;Jun;Sun;Afternoon;Low;Flavours;Regular syrup;Hazelnut syrup;Lower Manhattan
9.25;1;1;202306;Jun;Sun;Afternoon;Low;Loose Tea;Green tea;Serenity Green Tea;Lower Manhattan
6.20;2;1;202306;Jun;Sun;Afternoon;Low;Coffee;Premium brewed coffee;Jamaican Coffee River Rg;Lower Manhattan
13.33;1;1;202306;Jun;Sun;Afternoon;Low;Packaged Chocolate;Drinking Chocolate;Chili Mayan;Lower Manhattan
18.00;1;1;202306;Jun;Sun;Afternoon;Low;Coffee beans;Organic Beans;Brazilian - Organic;Hell's Kitchen
14.00;4;4;202306;Jun;Sun;Afternoon;Low;Bakery;Pastry;Croissant;Lower Manhattan
0.80;1;1;202306;Jun;Sun;Afternoon;Low;Flavours;Regular syrup;Carmel syrup;Hell's Kitchen
3.50;1;1;202306;Jun;Sun;Afternoon;Low;Bakery;Pastry;Croissant;Hell's Kitchen
2.40;3;2;202306;Jun;Sun;Afternoon;Low;Flavours;Regular syrup;Chocolate syrup;Astoria
15.00;5;3;202306;Jun;Sun;Afternoon;Low;Tea;Brewed Black tea;Earl Grey Lg;Hell's Kitchen
4.00;5;3;202306;Jun;Sun;Afternoon;Low;Flavours;Sugar free syrup;Sugar Free Vanilla syrup;Astoria
8.80;11;7;202306;Jun;Sun;Afternoon;Low;Flavours;Regular syrup;Chocolate syrup;Lower Manhattan
22.50;5;3;202306;Jun;Sun;Night;Med;Drinking Chocolate;Hot chocolate;Dark chocolate Lg;Lower Manhattan
12.75;3;2;202306;Jun;Sun;Night;Low;Coffee;Barista Espresso;Latte Rg;Lower Manhattan
3.20;4;2;202306;Jun;Sun;Night;Low;Flavours;Regular syrup;Hazelnut syrup;Lower Manhattan
8.55;3;2;202306;Jun;Sun;Night;Low;Bakery;Scone;Ginger Scone;Lower Manhattan
5.00;2;1;202306;Jun;Sun;Evening;Low;Tea;Brewed Black tea;English Breakfast Rg;Lower Manhattan
9.60;12;7;202306;Jun;Sun;Evening;Low;Flavours;Sugar free syrup;Sugar Free Vanilla syrup;Lower Manhattan
12.00;4;2;202306;Jun;Sun;Evening;Low;Tea;Brewed herbal tea;Lemon Grass Lg;Lower Manhattan
22.50;9;4;202306;Jun;Sun;Evening;Med;Tea;Brewed Chai tea;Morning Sunrise Chai Rg;Lower Manhattan
0.80;1;1;202306;Jun;Sun;Evening;Low;Flavours;Regular syrup;Hazelnut syrup;Astoria
27.00;9;5;202306;Jun;Sun;Evening;Med;Coffee;Gourmet brewed coffee;Columbian Medium Roast Lg;Hell's Kitchen
27.00;9;7;202306;Jun;Sun;Evening;Med;Coffee;Gourmet brewed coffee;Ethiopia Rg;Hell's Kitchen
3.00;1;1;202306;Jun;Sun;Evening;Low;Tea;Brewed Chai tea;Traditional Blend Chai Lg;Lower Manhattan
4.80;6;3;202306;Jun;Sun;Evening;Low;Flavours;Regular syrup;Hazelnut syrup;Lower Manhattan
24.00;8;4;202306;Jun;Sun;Evening;Med;Coffee;Gourmet brewed coffee;Columbian Medium Roast Lg;Lower Manhattan
15.00;6;6;202306;Jun;Sun;Evening;Low;Coffee;Gourmet brewed coffee;Columbian Medium Roast Rg;Astoria
11.25;3;2;202306;Jun;Sun;Evening;Low;Drinking Chocolate;Hot chocolate;Sustainably Grown Organic Rg;Lower Manhattan
6.50;2;2;202306;Jun;Sun;Evening;Low;Bakery;Scone;Ginger Scone;Lower Manhattan
3.20;4;3;202306;Jun;Sun;Evening;Low;Flavours;Sugar free syrup;Sugar Free Vanilla syrup;Astoria
7.60;1;1;202306;Jun;Sun;Evening;Low;Packaged Chocolate;Organic Chocolate;Sustainably Grown Organic;Astoria
7.60;1;1;202306;Jun;Sun;Evening;Low;Packaged Chocolate;Organic Chocolate;Sustainably Grown Organic;Hell's Kitchen
30.00;10;6;202306;Jun;Sun;Evening;Med;Tea;Brewed herbal tea;Lemon Grass Lg;Hell's Kitchen
3.20;4;3;202306;Jun;Sun;Evening;Low;Flavours;Regular syrup;Chocolate syrup;Astoria
13.50;3;3;202306;Jun;Sun;Evening;Low;Bakery;Scone;Scottish Cream Scone ;Lower Manhattan
3.20;4;2;202306;Jun;Sun;Evening;Low;Flavours;Regular syrup;Chocolate syrup;Hell's Kitchen
48.00;4;4;202306;Jun;Sun;Evening;High;Branded;Housewares;I Need My Bean! Diner mug;Astoria
6.40;1;1;202306;Jun;Sun;Evening;Low;Packaged Chocolate;Drinking Chocolate;Dark chocolate;Hell's Kitchen
3.20;4;2;202306;Jun;Sun;Evening;Low;Flavours;Regular syrup;Hazelnut syrup;Hell's Kitchen
26.25;7;7;202306;Jun;Sun;Evening;Med;Bakery;Pastry;Chocolate Croissant;Hell's Kitchen
8.95;1;1;202306;Jun;Sun;Evening;Low;Loose Tea;Herbal tea;Lemon Grass;Astoria
15.00;5;3;202306;Jun;Mon;Night;Low;Coffee;Drip coffee;Our Old Time Diner Blend Lg;Lower Manhattan
3.10;1;1;202306;Jun;Mon;Night;Low;Tea;Brewed Chai tea;Spicy Eye Opener Chai Lg;Lower Manhattan
33.75;9;4;202306;Jun;Mon;Night;Med;Coffee;Barista Espresso;Latte;Lower Manhattan
7.20;9;4;202306;Jun;Mon;Night;Low;Flavours;Regular syrup;Hazelnut syrup;Lower Manhattan
22.50;9;6;202306;Jun;Mon;Night;Med;Tea;Brewed Chai tea;Morning Sunrise Chai Rg;Lower Manhattan
10.00;4;3;202306;Jun;Mon;Night;Low;Tea;Brewed Black tea;Earl Grey Rg;Lower Manhattan
18.00;6;4;202306;Jun;Mon;Night;Low;Tea;Brewed herbal tea;Peppermint Lg;Lower Manhattan
12.50;5;2;202306;Jun;Mon;Night;Low;Tea;Brewed herbal tea;Lemon Grass Rg;Lower Manhattan
17.00;4;2;202306;Jun;Mon;Night;Low;Coffee;Barista Espresso;Cappuccino Lg;Lower Manhattan
9.60;12;6;202306;Jun;Mon;Night;Low;Flavours;Sugar free syrup;Sugar Free Vanilla syrup;Lower Manhattan
25.00;10;6;202306;Jun;Mon;Night;Med;Coffee;Gourmet brewed coffee;Columbian Medium Roast Rg;Lower Manhattan
9.00;3;2;202306;Jun;Mon;Night;Low;Tea;Brewed Green tea;Serenity Green Tea Lg;Lower Manhattan
24.00;8;4;202306;Jun;Mon;Night;Med;Tea;Brewed Black tea;Earl Grey Lg;Lower Manhattan
6.60;3;2;202306;Jun;Mon;Night;Low;Coffee;Organic brewed coffee;Brazilian Sm;Lower Manhattan
9.00;3;3;202306;Jun;Mon;Night;Low;Bakery;Scone;Oatmeal Scone;Lower Manhattan
15.00;4;2;202306;Jun;Mon;Night;Low;Drinking Chocolate;Hot chocolate;Sustainably Grown Organic Rg;Lower Manhattan
22.50;5;5;202306;Jun;Mon;Night;Med;Bakery;Scone;Scottish Cream Scone ;Lower Manhattan
9.80;4;3;202306;Jun;Mon;Night;Low;Coffee;Premium brewed coffee;Jamaican Coffee River Sm;Lower Manhattan
7.50;2;2;202306;Jun;Mon;Night;Low;Bakery;Pastry;Almond Croissant;Lower Manhattan
12.80;2;2;202306;Jun;Mon;Night;Low;Packaged Chocolate;Drinking Chocolate;Dark chocolate;Lower Manhattan
10.00;4;3;202306;Jun;Mon;Night;Low;Tea;Brewed Chai tea;Traditional Blend Chai Rg;Hell's Kitchen
7.50;3;3;202306;Jun;Mon;Night;Low;Tea;Brewed herbal tea;Lemon Grass Rg;Hell's Kitchen
17.60;8;4;202306;Jun;Mon;Night;Low;Coffee;Gourmet brewed coffee;Ethiopia Sm;Hell's Kitchen
15.00;6;5;202306;Jun;Mon;Night;Low;Tea;Brewed Black tea;English Breakfast Rg;Lower Manhattan
36.00;8;4;202306;Jun;Mon;Night;Med;Drinking Chocolate;Hot chocolate;Dark chocolate Lg;Lower Manhattan
15.00;4;4;202306;Jun;Mon;Night;Low;Bakery;Pastry;Chocolate Croissant;Lower Manhattan
21.00;7;4;202306;Jun;Mon;Night;Med;Tea;Brewed herbal tea;Peppermint Lg;Hell's Kitchen
9.00;3;2;202306;Jun;Mon;Night;Low;Tea;Brewed Green tea;Serenity Green Tea Lg;Hell's Kitchen
9.00;2;2;202306;Jun;Mon;Night;Low;Bakery;Scone;Scottish Cream Scone ;Hell's Kitchen
38.50;11;6;202306;Jun;Mon;Night;Med;Drinking Chocolate;Hot chocolate;Dark chocolate Rg;Lower Manhattan
3.50;1;1;202306;Jun;Mon;Night;Low;Bakery;Biscotti;Chocolate Chip Biscotti;Lower Manhattan
8.80;4;2;202306;Jun;Mon;Night;Low;Coffee;Gourmet brewed coffee;Ethiopia Sm;Lower Manhattan
9.00;3;2;202306;Jun;Mon;Night;Low;Tea;Brewed Black tea;English Breakfast Lg;Lower Manhattan
9.00;3;2;202306;Jun;Mon;Night;Low;Coffee;Organic brewed coffee;Brazilian Rg;Hell's Kitchen
12.40;4;2;202306;Jun;Mon;Night;Low;Tea;Brewed Chai tea;Spicy Eye Opener Chai Lg;Hell's Kitchen
6.00;2;1;202306;Jun;Mon;Night;Low;Tea;Brewed Black tea;Earl Grey Lg;Hell's Kitchen
3.25;1;1;202306;Jun;Mon;Night;Low;Bakery;Biscotti;Hazelnut Biscotti;Hell's Kitchen
22.50;6;4;202306;Jun;Mon;Night;Med;Coffee;Barista Espresso;Cappuccino;Hell's Kitchen
2.40;3;2;202306;Jun;Mon;Night;Low;Flavours;Regular syrup;Chocolate syrup;Hell's Kitchen
15.00;6;3;202306;Jun;Mon;Night;Low;Coffee;Drip coffee;Our Old Time Diner Blend Rg;Hell's Kitchen
38.25;9;5;202306;Jun;Mon;Night;Med;Coffee;Barista Espresso;Latte Rg;Lower Manhattan
10.20;4;3;202306;Jun;Mon;Night;Low;Tea;Brewed Chai tea;Spicy Eye Opener Chai Rg;Hell's Kitchen
9.00;3;3;202306;Jun;Mon;Night;Low;Tea;Brewed Chai tea;Traditional Blend Chai Lg;Hell's Kitchen
18.75;5;4;202306;Jun;Mon;Night;Low;Coffee;Premium brewed coffee;Jamaican Coffee River Lg;Lower Manhattan
10.00;4;2;202306;Jun;Mon;Night;Low;Tea;Brewed Black tea;English Breakfast Rg;Hell's Kitchen
28.00;7;4;202306;Jun;Mon;Night;Med;Tea;Brewed Chai tea;Morning Sunrise Chai Lg;Lower Manhattan
14.00;4;4;202306;Jun;Mon;Night;Low;Bakery;Pastry;Croissant;Lower Manhattan
12.00;4;2;202306;Jun;Mon;Night;Low;Coffee;Drip coffee;Our Old Time Diner Blend Lg;Hell's Kitchen
2.50;1;1;202306;Jun;Mon;Night;Low;Tea;Brewed herbal tea;Peppermint Rg;Hell's Kitchen
6.60;3;2;202306;Jun;Mon;Night;Low;Coffee;Organic brewed coffee;Brazilian Sm;Hell's Kitchen
6.50;2;2;202306;Jun;Mon;Night;Low;Bakery;Scone;Ginger Scone;Lower Manhattan
17.00;4;3;202306;Jun;Mon;Night;Low;Coffee;Barista Espresso;Cappuccino Lg;Hell's Kitchen
8.00;2;2;202306;Jun;Mon;Night;Low;Tea;Brewed Chai tea;Morning Sunrise Chai Lg;Hell's Kitchen
9.00;3;2;202306;Jun;Mon;Night;Low;Coffee;Barista Espresso;Espresso shot;Lower Manhattan
42.75;9;6;202306;Jun;Sun;Evening;High;Drinking Chocolate;Hot chocolate;Sustainably Grown Organic Lg;Hell's Kitchen
17.00;4;3;202306;Jun;Mon;Night;Low;Coffee;Barista Espresso;Latte Rg;Hell's Kitchen
3.20;4;3;202306;Jun;Mon;Night;Low;Flavours;Regular syrup;Carmel syrup;Hell's Kitchen
24.50;7;4;202306;Jun;Mon;Night;Med;Coffee;Gourmet brewed coffee;Ethiopia Lg;Hell's Kitchen
25.00;10;8;202306;Jun;Mon;Morning;Med;Tea;Brewed Green tea;Serenity Green Tea Rg;Astoria
19.20;24;14;202306;Jun;Mon;Morning;Low;Flavours;Regular syrup;Carmel syrup;Lower Manhattan
30.00;8;8;202306;Jun;Mon;Morning;Med;Bakery;Scone;Jumbo Savory Scone;Lower Manhattan
33.00;15;10;202306;Jun;Mon;Morning;Med;Coffee;Organic brewed coffee;Brazilian Sm;Astoria
17.60;22;15;202306;Jun;Mon;Morning;Low;Flavours;Regular syrup;Hazelnut syrup;Lower Manhattan
19.75;1;1;202306;Jun;Mon;Morning;Low;Coffee beans;Premium Beans;Jamacian Coffee River;Lower Manhattan
14.40;18;10;202306;Jun;Mon;Morning;Low;Flavours;Regular syrup;Carmel syrup;Hell's Kitchen
112.50;25;16;202306;Jun;Mon;Morning;very high;Drinking Chocolate;Hot chocolate;Dark chocolate Lg;Astoria
17.90;2;2;202306;Jun;Mon;Morning;Low;Loose Tea;Herbal tea;Lemon Grass;Astoria
99.20;32;21;202306;Jun;Mon;Morning;very high;Tea;Brewed Chai tea;Spicy Eye Opener Chai Lg;Astoria
75.00;30;18;202306;Jun;Mon;Morning;very high;Tea;Brewed herbal tea;Lemon Grass Rg;Hell's Kitchen
60.00;24;17;202306;Jun;Mon;Morning;High;Coffee;Drip coffee;Our Old Time Diner Blend Rg;Astoria
25.60;32;15;202306;Jun;Mon;Morning;Med;Flavours;Sugar free syrup;Sugar Free Vanilla syrup;Lower Manhattan
55.00;22;17;202306;Jun;Mon;Morning;High;Tea;Brewed Black tea;Earl Grey Rg;Hell's Kitchen
35.00;10;10;202306;Jun;Mon;Morning;Med;Bakery;Pastry;Croissant;Astoria
45.50;13;9;202306;Jun;Mon;Morning;High;Coffee;Gourmet brewed coffee;Ethiopia Lg;Hell's Kitchen
14.40;18;12;202306;Jun;Mon;Morning;Low;Flavours;Regular syrup;Chocolate syrup;Astoria
97.50;26;16;202306;Jun;Mon;Morning;very high;Coffee;Barista Espresso;Cappuccino;Astoria
19.00;2;2;202306;Jun;Mon;Morning;Low;Loose Tea;Chai tea;Morning Sunrise Chai;Hell's Kitchen
60.00;24;16;202306;Jun;Mon;Morning;High;Tea;Brewed Chai tea;Traditional Blend Chai Rg;Astoria
45.00;15;10;202306;Jun;Mon;Morning;High;Coffee;Barista Espresso;Espresso shot;Astoria
67.50;15;15;202306;Jun;Mon;Morning;very high;Bakery;Scone;Scottish Cream Scone ;Hell's Kitchen
6.40;8;6;202306;Jun;Mon;Morning;Low;Flavours;Regular syrup;Hazelnut syrup;Hell's Kitchen
4.00;5;3;202306;Jun;Thu;Evening;Low;Flavours;Regular syrup;Chocolate syrup;Hell's Kitchen
29.50;2;2;202306;Jun;Sat;Morning;Med;Coffee beans;Espresso Beans;Espresso Roast;Hell's Kitchen
5.00;2;1;202306;Jun;Sun;Night;Low;Tea;Brewed herbal tea;Lemon Grass Rg;Lower Manhattan
5.60;7;5;202306;Jun;Sun;Evening;Low;Flavours;Regular syrup;Carmel syrup;Astoria
44.25;3;3;202306;Jun;Mon;Morning;High;Coffee beans;Espresso Beans;Espresso Roast;Astoria
69.00;23;14;202306;Jun;Mon;Morning;very high;Tea;Brewed Black tea;Earl Grey Lg;Astoria
9.60;12;9;202306;Jun;Mon;Morning;Low;Flavours;Sugar free syrup;Sugar Free Vanilla syrup;Hell's Kitchen
51.00;17;10;202306;Jun;Mon;Morning;High;Tea;Brewed Green tea;Serenity Green Tea Lg;Astoria
41.25;11;11;202306;Jun;Mon;Morning;High;Bakery;Pastry;Almond Croissant;Astoria
71.25;19;13;202306;Jun;Mon;Morning;very high;Coffee;Barista Espresso;Latte;Astoria
19.20;24;16;202306;Jun;Mon;Morning;Low;Flavours;Regular syrup;Chocolate syrup;Hell's Kitchen
64.00;16;9;202306;Jun;Mon;Morning;very high;Tea;Brewed Chai tea;Morning Sunrise Chai Lg;Astoria
26.25;7;7;202306;Jun;Mon;Morning;Med;Bakery;Scone;Jumbo Savory Scone;Astoria
18.00;6;5;202306;Jun;Mon;Morning;Low;Coffee;Gourmet brewed coffee;Columbian Medium Roast Lg;Hell's Kitchen
180.00;4;4;202306;Jun;Mon;Morning;very high;Coffee beans;Premium Beans;Civet Cat;Hell's Kitchen
8.00;10;7;202306;Jun;Mon;Morning;Low;Flavours;Regular syrup;Carmel syrup;Astoria
35.00;10;10;202306;Jun;Mon;Morning;Med;Bakery;Biscotti;Chocolate Chip Biscotti;Hell's Kitchen
95.00;20;14;202306;Jun;Mon;Morning;very high;Drinking Chocolate;Hot chocolate;Sustainably Grown Organic Lg;Astoria
8.95;1;1;202306;Jun;Mon;Morning;Low;Loose Tea;Chai tea;Traditional Blend Chai;Astoria
18.00;6;6;202306;Jun;Mon;Morning;Low;Bakery;Scone;Oatmeal Scone;Astoria
72.90;27;19;202306;Jun;Mon;Morning;very high;Coffee;Barista Espresso;Ouro Brasileiro shot;Hell's Kitchen
39.00;12;12;202306;Jun;Mon;Morning;Med;Bakery;Biscotti;Hazelnut Biscotti;Hell's Kitchen
42.00;2;2;202306;Jun;Mon;Morning;High;Coffee beans;Gourmet Beans;Ethiopia;Hell's Kitchen
39.00;12;12;202306;Jun;Mon;Morning;Med;Bakery;Scone;Cranberry Scone;Astoria
18.50;2;2;202306;Jun;Mon;Morning;Low;Loose Tea;Green tea;Serenity Green Tea;Lower Manhattan
60.00;24;14;202306;Jun;Mon;Morning;High;Tea;Brewed herbal tea;Peppermint Rg;Astoria
33.00;11;11;202306;Jun;Mon;Morning;Med;Bakery;Scone;Oatmeal Scone;Hell's Kitchen
32.85;3;3;202306;Jun;Mon;Morning;Med;Loose Tea;Chai tea;Spicy Eye Opener Chai;Hell's Kitchen
45.00;3;3;202306;Jun;Mon;Morning;High;Coffee beans;Gourmet Beans;Columbian Medium Roast;Hell's Kitchen
15.20;2;2;202306;Jun;Mon;Morning;Low;Packaged Chocolate;Organic Chocolate;Sustainably Grown Organic;Lower Manhattan
57.50;23;13;202306;Jun;Mon;Morning;High;Tea;Brewed herbal tea;Lemon Grass Rg;Astoria
21.90;2;2;202306;Jun;Mon;Morning;Med;Loose Tea;Chai tea;Spicy Eye Opener Chai;Lower Manhattan
90.00;2;2;202306;Jun;Mon;Morning;very high;Coffee beans;Premium Beans;Civet Cat;Lower Manhattan
36.00;2;2;202306;Jun;Mon;Morning;Med;Coffee beans;House blend Beans;Our Old Time Diner Blend;Astoria
55.25;13;9;202306;Jun;Mon;Morning;High;Coffee;Barista Espresso;Cappuccino Lg;Astoria
13.60;17;11;202306;Jun;Mon;Morning;Low;Flavours;Regular syrup;Chocolate syrup;Lower Manhattan
13.60;17;12;202306;Jun;Mon;Morning;Low;Flavours;Sugar free syrup;Sugar Free Vanilla syrup;Astoria
15.20;2;2;202306;Jun;Mon;Morning;Low;Packaged Chocolate;Organic Chocolate;Sustainably Grown Organic;Astoria
9.50;1;1;202306;Jun;Mon;Morning;Low;Loose Tea;Chai tea;Morning Sunrise Chai;Astoria
3.20;4;3;202306;Jun;Mon;Afternoon;Low;Flavours;Regular syrup;Carmel syrup;Hell's Kitchen
4.80;6;4;202306;Jun;Mon;Afternoon;Low;Flavours;Regular syrup;Chocolate syrup;Astoria
8.95;1;1;202306;Jun;Mon;Afternoon;Low;Loose Tea;Black tea;English Breakfast;Hell's Kitchen
1.60;2;2;202306;Jun;Mon;Afternoon;Low;Flavours;Sugar free syrup;Sugar Free Vanilla syrup;Hell's Kitchen
6.40;8;5;202306;Jun;Mon;Afternoon;Low;Flavours;Regular syrup;Chocolate syrup;Hell's Kitchen
12.80;16;9;202306;Jun;Mon;Afternoon;Low;Flavours;Regular syrup;Carmel syrup;Lower Manhattan
18.75;5;3;202306;Jun;Mon;Afternoon;Low;Coffee;Barista Espresso;Cappuccino;Astoria
10.50;3;3;202306;Jun;Mon;Afternoon;Low;Bakery;Biscotti;Ginger Biscotti;Hell's Kitchen
7.50;2;2;202306;Jun;Mon;Afternoon;Low;Bakery;Pastry;Almond Croissant;Astoria
11.25;3;3;202306;Jun;Mon;Afternoon;Low;Bakery;Scone;Jumbo Savory Scone;Hell's Kitchen
18.75;5;5;202306;Jun;Mon;Afternoon;Low;Bakery;Pastry;Chocolate Croissant;Lower Manhattan
22.50;9;7;202306;Jun;Mon;Afternoon;Med;Coffee;Gourmet brewed coffee;Columbian Medium Roast Rg;Hell's Kitchen
5.60;7;4;202306;Jun;Mon;Afternoon;Low;Flavours;Regular syrup;Hazelnut syrup;Lower Manhattan
22.50;6;5;202306;Jun;Mon;Afternoon;Med;Drinking Chocolate;Hot chocolate;Sustainably Grown Organic Rg;Hell's Kitchen
8.95;1;1;202306;Jun;Mon;Afternoon;Low;Loose Tea;Herbal tea;Lemon Grass;Hell's Kitchen
8.95;1;1;202306;Jun;Mon;Afternoon;Low;Loose Tea;Black tea;Earl Grey;Astoria
3.20;4;2;202306;Jun;Mon;Afternoon;Low;Flavours;Regular syrup;Hazelnut syrup;Hell's Kitchen
16.25;5;5;202306;Jun;Mon;Afternoon;Low;Bakery;Scone;Cranberry Scone;Lower Manhattan
22.50;1;1;202306;Jun;Mon;Afternoon;Med;Coffee beans;Organic Beans;Organic Decaf Blend;Lower Manhattan
5.60;7;4;202306;Jun;Mon;Afternoon;Low;Flavours;Sugar free syrup;Sugar Free Vanilla syrup;Lower Manhattan
14.75;1;1;202306;Jun;Mon;Afternoon;Low;Coffee beans;Espresso Beans;Espresso Roast;Lower Manhattan
12.00;1;1;202306;Jun;Mon;Afternoon;Low;Branded;Housewares;I Need My Bean! Diner mug;Hell's Kitchen
8.95;1;1;202306;Jun;Mon;Afternoon;Low;Loose Tea;Chai tea;Traditional Blend Chai;Astoria
2.40;3;2;202306;Jun;Mon;Afternoon;Low;Flavours;Regular syrup;Carmel syrup;Astoria
20.45;1;1;202306;Jun;Mon;Afternoon;very high;Coffee beans;Espresso Beans;Primo Espresso Roast;Hell's Kitchen
45.00;1;1;202306;Jun;Mon;Afternoon;High;Coffee beans;Premium Beans;Civet Cat;Lower Manhattan
8.95;1;1;202306;Jun;Mon;Afternoon;Low;Loose Tea;Black tea;English Breakfast;Lower Manhattan
19.75;1;1;202306;Jun;Mon;Night;Low;Coffee beans;Premium Beans;Jamacian Coffee River;Astoria
6.40;8;4;202306;Jun;Mon;Evening;Low;Flavours;Regular syrup;Carmel syrup;Lower Manhattan
2.40;3;2;202306;Jun;Mon;Evening;Low;Flavours;Regular syrup;Carmel syrup;Astoria
13.00;4;4;202306;Jun;Mon;Evening;Low;Bakery;Scone;Ginger Scone;Lower Manhattan
5.60;7;5;202306;Jun;Mon;Evening;Low;Flavours;Regular syrup;Carmel syrup;Hell's Kitchen
22.50;6;6;202306;Jun;Mon;Evening;Med;Bakery;Scone;Jumbo Savory Scone;Hell's Kitchen
8.80;11;6;202306;Jun;Mon;Evening;Low;Flavours;Sugar free syrup;Sugar Free Vanilla syrup;Lower Manhattan
32.50;13;9;202306;Jun;Mon;Evening;Med;Coffee;Drip coffee;Our Old Time Diner Blend Rg;Hell's Kitchen
3.50;1;1;202306;Jun;Mon;Evening;Low;Bakery;Pastry;Croissant;Lower Manhattan
1.60;2;1;202306;Jun;Mon;Evening;Low;Flavours;Regular syrup;Hazelnut syrup;Lower Manhattan
12.00;4;2;202306;Jun;Mon;Evening;Low;Tea;Brewed Black tea;Earl Grey Lg;Lower Manhattan
21.00;1;1;202306;Jun;Mon;Evening;Med;Coffee beans;Gourmet Beans;Ethiopia;Lower Manhattan
4.00;2;1;202306;Jun;Mon;Evening;Low;Coffee;Gourmet brewed coffee;Columbian Medium Roast Sm;Lower Manhattan
7.50;2;2;202306;Jun;Mon;Evening;Low;Drinking Chocolate;Hot chocolate;Sustainably Grown Organic Rg;Lower Manhattan
27.00;9;6;202306;Jun;Mon;Evening;Med;Coffee;Gourmet brewed coffee;Columbian Medium Roast Lg;Hell's Kitchen
8.95;1;1;202306;Jun;Mon;Evening;Low;Loose Tea;Black tea;English Breakfast;Hell's Kitchen
17.90;2;2;202306;Jun;Mon;Evening;Low;Loose Tea;Herbal tea;Peppermint;Astoria
2.40;3;2;202306;Jun;Mon;Evening;Low;Flavours;Sugar free syrup;Sugar Free Vanilla syrup;Astoria
6.40;8;5;202306;Jun;Mon;Evening;Low;Flavours;Sugar free syrup;Sugar Free Vanilla syrup;Hell's Kitchen
13.00;4;4;202306;Jun;Mon;Evening;Low;Bakery;Biscotti;Hazelnut Biscotti;Hell's Kitchen
9.00;3;2;202306;Jun;Mon;Evening;Low;Coffee;Drip coffee;Our Old Time Diner Blend Lg;Lower Manhattan
0.80;1;1;202306;Jun;Mon;Evening;Low;Flavours;Regular syrup;Hazelnut syrup;Hell's Kitchen
36.00;2;2;202306;Jun;Mon;Evening;Med;Coffee beans;House blend Beans;Our Old Time Diner Blend;Hell's Kitchen
28.00;2;2;202306;Jun;Mon;Evening;Med;Branded;Housewares;I Need My Bean! Latte cup;Hell's Kitchen
11.00;5;3;202306;Jun;Mon;Evening;Low;Coffee;Gourmet brewed coffee;Ethiopia Sm;Hell's Kitchen
13.20;6;4;202306;Jun;Mon;Evening;Low;Coffee;Organic brewed coffee;Brazilian Sm;Lower Manhattan
10.50;3;3;202306;Jun;Mon;Evening;Low;Bakery;Biscotti;Chocolate Chip Biscotti;Lower Manhattan
28.00;8;6;202306;Jun;Mon;Evening;Med;Drinking Chocolate;Hot chocolate;Dark chocolate Rg;Hell's Kitchen
9.25;1;1;202306;Jun;Mon;Evening;Low;Loose Tea;Green tea;Serenity Green Tea;Astoria
2.40;3;2;202306;Jun;Mon;Evening;Low;Flavours;Regular syrup;Chocolate syrup;Lower Manhattan
17.15;7;5;202306;Jun;Mon;Evening;Low;Coffee;Premium brewed coffee;Jamaican Coffee River Sm;Lower Manhattan
7.50;3;2;202306;Jun;Mon;Evening;Low;Tea;Brewed herbal tea;Peppermint Rg;Lower Manhattan
20.00;8;5;202306;Jun;Mon;Evening;Low;Tea;Brewed Chai tea;Morning Sunrise Chai Rg;Lower Manhattan
2.40;3;2;202306;Jun;Mon;Evening;Low;Flavours;Regular syrup;Chocolate syrup;Astoria
6.40;1;1;202306;Jun;Mon;Evening;Low;Packaged Chocolate;Drinking Chocolate;Dark chocolate;Hell's Kitchen
12.00;4;2;202306;Jun;Mon;Evening;Low;Tea;Brewed herbal tea;Lemon Grass Lg;Hell's Kitchen
42.00;2;2;202306;Jun;Mon;Evening;High;Coffee beans;Gourmet Beans;Ethiopia;Hell's Kitchen
42.50;17;14;202306;Jun;Tue;Morning;High;Tea;Brewed Chai tea;Morning Sunrise Chai Rg;Astoria
33.60;42;26;202306;Jun;Tue;Morning;Med;Flavours;Regular syrup;Carmel syrup;Lower Manhattan
30.00;10;7;202306;Jun;Tue;Morning;Med;Coffee;Barista Espresso;Espresso shot;Astoria
21.00;7;5;202306;Jun;Tue;Morning;Med;Tea;Brewed Black tea;English Breakfast Lg;Astoria
47.50;19;13;202306;Jun;Tue;Morning;High;Tea;Brewed Green tea;Serenity Green Tea Rg;Astoria
42.00;12;12;202306;Jun;Tue;Morning;High;Bakery;Pastry;Croissant;Astoria
52.50;14;10;202306;Jun;Tue;Morning;High;Coffee;Barista Espresso;Latte;Astoria
8.00;10;8;202306;Jun;Tue;Morning;Low;Flavours;Sugar free syrup;Sugar Free Vanilla syrup;Astoria
39.20;16;13;202306;Jun;Tue;Morning;Med;Coffee;Premium brewed coffee;Jamaican Coffee River Sm;Astoria
40.50;9;9;202306;Jun;Tue;Morning;very high;Bakery;Scone;Scottish Cream Scone ;Astoria
26.40;33;19;202306;Jun;Tue;Morning;Med;Flavours;Regular syrup;Chocolate syrup;Lower Manhattan
45.00;15;15;202306;Jun;Tue;Morning;High;Bakery;Scone;Oatmeal Scone;Astoria
69.00;23;17;202306;Jun;Tue;Morning;very high;Coffee;Drip coffee;Our Old Time Diner Blend Lg;Astoria
42.00;14;8;202306;Jun;Tue;Morning;High;Tea;Brewed Chai tea;Traditional Blend Chai Lg;Astoria
24.80;31;18;202306;Jun;Tue;Morning;Med;Flavours;Regular syrup;Hazelnut syrup;Lower Manhattan
38.50;11;8;202306;Jun;Tue;Morning;Med;Coffee;Gourmet brewed coffee;Ethiopia Lg;Astoria
8.95;1;1;202306;Jun;Tue;Morning;Low;Loose Tea;Chai tea;Traditional Blend Chai;Lower Manhattan
66.00;22;17;202306;Jun;Tue;Morning;very high;Tea;Brewed herbal tea;Peppermint Lg;Astoria
9.60;12;9;202306;Jun;Tue;Morning;Low;Flavours;Regular syrup;Carmel syrup;Astoria
46.50;15;13;202306;Jun;Tue;Morning;High;Tea;Brewed Chai tea;Spicy Eye Opener Chai Lg;Astoria
108.75;29;16;202306;Jun;Tue;Morning;very high;Coffee;Premium brewed coffee;Jamaican Coffee River Lg;Lower Manhattan
45.00;15;11;202306;Jun;Tue;Morning;High;Tea;Brewed Green tea;Serenity Green Tea Lg;Astoria
75.00;20;16;202306;Jun;Tue;Morning;very high;Drinking Chocolate;Hot chocolate;Sustainably Grown Organic Rg;Astoria
21.60;27;16;202306;Jun;Tue;Morning;Med;Flavours;Sugar free syrup;Sugar Free Vanilla syrup;Lower Manhattan
22.50;6;6;202306;Jun;Tue;Morning;Med;Bakery;Scone;Jumbo Savory Scone;Astoria
42.50;10;10;202306;Jun;Tue;Morning;High;Coffee;Barista Espresso;Cappuccino Lg;Astoria
6.40;8;5;202306;Jun;Tue;Morning;Low;Flavours;Regular syrup;Chocolate syrup;Astoria
82.50;22;14;202306;Jun;Tue;Morning;very high;Coffee;Barista Espresso;Cappuccino;Hell's Kitchen
21.90;2;2;202306;Jun;Tue;Morning;Med;Loose Tea;Chai tea;Spicy Eye Opener Chai;Hell's Kitchen
43.40;14;10;202306;Jun;Tue;Morning;High;Coffee;Premium brewed coffee;Jamaican Coffee River Rg;Astoria
37.50;10;10;202306;Jun;Tue;Morning;Med;Bakery;Scone;Jumbo Savory Scone;Hell's Kitchen
22.00;11;8;202306;Jun;Tue;Morning;Med;Coffee;Drip coffee;Our Old Time Diner Blend Sm;Astoria
24.00;30;19;202306;Jun;Tue;Morning;Med;Flavours;Regular syrup;Carmel syrup;Hell's Kitchen
30.60;12;9;202306;Jun;Tue;Morning;Med;Tea;Brewed Chai tea;Spicy Eye Opener Chai Rg;Astoria
42.50;17;11;202306;Jun;Tue;Morning;High;Coffee;Gourmet brewed coffee;Columbian Medium Roast Rg;Astoria
35.75;11;11;202306;Jun;Tue;Morning;Med;Bakery;Biscotti;Hazelnut Biscotti;Astoria
42.00;14;12;202306;Jun;Tue;Morning;High;Coffee;Organic brewed coffee;Brazilian Rg;Astoria
45.00;18;10;202306;Jun;Tue;Morning;High;Tea;Brewed Green tea;Serenity Green Tea Rg;Hell's Kitchen
17.90;2;2;202306;Jun;Tue;Morning;Low;Loose Tea;Herbal tea;Peppermint;Hell's Kitchen
27.00;9;9;202306;Jun;Tue;Morning;Med;Bakery;Scone;Oatmeal Scone;Hell's Kitchen
9.50;1;1;202306;Jun;Tue;Morning;Low;Loose Tea;Chai tea;Morning Sunrise Chai;Hell's Kitchen
44.25;3;3;202306;Jun;Tue;Morning;High;Coffee beans;Espresso Beans;Espresso Roast;Lower Manhattan
15.00;1;1;202306;Jun;Tue;Morning;Low;Coffee beans;Gourmet Beans;Columbian Medium Roast;Hell's Kitchen
22.40;28;20;202306;Jun;Tue;Morning;Med;Flavours;Regular syrup;Hazelnut syrup;Hell's Kitchen
22.50;1;1;202306;Jun;Tue;Morning;Med;Coffee beans;Organic Beans;Organic Decaf Blend;Hell's Kitchen
17.50;5;5;202306;Jun;Tue;Morning;Low;Bakery;Pastry;Croissant;Hell's Kitchen
41.25;11;10;202306;Jun;Tue;Morning;High;Coffee;Premium brewed coffee;Jamaican Coffee River Lg;Astoria
15.20;19;13;202306;Jun;Tue;Morning;Low;Flavours;Sugar free syrup;Sugar Free Vanilla syrup;Hell's Kitchen
56.00;2;2;202306;Jun;Tue;Morning;High;Branded;Clothing;I Need My Bean! T-shirt;Lower Manhattan
25.00;10;7;202306;Jun;Tue;Morning;Med;Tea;Brewed Black tea;Earl Grey Rg;Astoria
46.75;11;8;202306;Jun;Tue;Morning;High;Coffee;Barista Espresso;Cappuccino Lg;Hell's Kitchen
22.40;28;18;202306;Jun;Tue;Morning;Med;Flavours;Regular syrup;Chocolate syrup;Hell's Kitchen
7.60;1;1;202306;Jun;Tue;Morning;Low;Packaged Chocolate;Organic Chocolate;Sustainably Grown Organic;Hell's Kitchen
66.50;19;14;202306;Jun;Tue;Morning;very high;Coffee;Organic brewed coffee;Brazilian Lg;Astoria
4.00;5;4;202306;Jun;Tue;Morning;Low;Flavours;Regular syrup;Hazelnut syrup;Astoria
29.50;2;2;202306;Jun;Tue;Morning;Med;Coffee beans;Espresso Beans;Espresso Roast;Hell's Kitchen
18.50;2;2;202306;Jun;Tue;Morning;Low;Loose Tea;Green tea;Serenity Green Tea;Lower Manhattan
20.45;1;1;202306;Jun;Tue;Morning;very high;Coffee beans;Espresso Beans;Primo Espresso Roast;Hell's Kitchen
21.00;1;1;202306;Jun;Tue;Morning;Med;Coffee beans;Gourmet Beans;Ethiopia;Hell's Kitchen
28.00;2;2;202306;Jun;Tue;Morning;Med;Branded;Housewares;I Need My Bean! Latte cup;Lower Manhattan
39.99;3;3;202306;Jun;Tue;Morning;Med;Packaged Chocolate;Drinking Chocolate;Chili Mayan;Lower Manhattan
6.40;1;1;202306;Jun;Tue;Morning;Low;Packaged Chocolate;Drinking Chocolate;Dark chocolate;Hell's Kitchen
17.90;2;2;202306;Jun;Tue;Morning;Low;Loose Tea;Chai tea;Traditional Blend Chai;Hell's Kitchen
20.00;8;6;202306;Jun;Tue;Morning;Low;Tea;Brewed herbal tea;Lemon Grass Rg;Astoria
45.00;1;1;202306;Jun;Tue;Morning;High;Coffee beans;Premium Beans;Civet Cat;Hell's Kitchen
36.00;2;2;202306;Jun;Tue;Morning;Med;Coffee beans;Organic Beans;Brazilian - Organic;Hell's Kitchen
8.95;1;1;202306;Jun;Tue;Afternoon;Low;Loose Tea;Herbal tea;Peppermint;Lower Manhattan
17.50;7;5;202306;Jun;Tue;Afternoon;Low;Tea;Brewed Chai tea;Morning Sunrise Chai Rg;Astoria
4.00;5;4;202306;Jun;Tue;Afternoon;Low;Flavours;Sugar free syrup;Sugar Free Vanilla syrup;Lower Manhattan
8.00;10;8;202306;Jun;Tue;Afternoon;Low;Flavours;Regular syrup;Carmel syrup;Lower Manhattan
1.60;2;1;202306;Jun;Tue;Afternoon;Low;Flavours;Regular syrup;Hazelnut syrup;Lower Manhattan
9.60;12;8;202306;Jun;Tue;Afternoon;Low;Flavours;Regular syrup;Chocolate syrup;Lower Manhattan
0.80;1;1;202306;Jun;Tue;Afternoon;Low;Flavours;Regular syrup;Carmel syrup;Astoria
21.00;1;1;202306;Jun;Tue;Afternoon;Med;Coffee beans;Gourmet Beans;Ethiopia;Hell's Kitchen
17.50;5;5;202306;Jun;Tue;Afternoon;Low;Bakery;Biscotti;Chocolate Chip Biscotti;Lower Manhattan
10.50;3;3;202306;Jun;Tue;Afternoon;Low;Bakery;Biscotti;Ginger Biscotti;Lower Manhattan
15.00;1;1;202306;Jun;Tue;Afternoon;Low;Coffee beans;Gourmet Beans;Columbian Medium Roast;Hell's Kitchen
6.40;1;1;202306;Jun;Tue;Afternoon;Low;Packaged Chocolate;Drinking Chocolate;Dark chocolate;Hell's Kitchen
38.00;8;4;202306;Jun;Tue;Afternoon;Med;Drinking Chocolate;Hot chocolate;Sustainably Grown Organic Lg;Lower Manhattan
7.20;9;6;202306;Jun;Tue;Afternoon;Low;Flavours;Regular syrup;Hazelnut syrup;Hell's Kitchen
1.60;2;1;202306;Jun;Tue;Afternoon;Low;Flavours;Regular syrup;Chocolate syrup;Astoria
15.20;2;2;202306;Jun;Tue;Afternoon;Low;Packaged Chocolate;Organic Chocolate;Sustainably Grown Organic;Hell's Kitchen
6.00;2;1;202306;Jun;Tue;Afternoon;Low;Coffee;Drip coffee;Our Old Time Diner Blend Lg;Lower Manhattan
32.10;11;6;202306;Jun;Tue;Afternoon;Med;Coffee;Barista Espresso;Ouro Brasileiro shot;Hell's Kitchen
2.40;3;3;202306;Jun;Tue;Afternoon;Low;Flavours;Sugar free syrup;Sugar Free Vanilla syrup;Astoria
90.00;2;2;202306;Jun;Tue;Afternoon;very high;Coffee beans;Premium Beans;Civet Cat;Lower Manhattan
18.00;6;4;202306;Jun;Tue;Afternoon;Low;Tea;Brewed Green tea;Serenity Green Tea Lg;Astoria
18.00;6;3;202306;Jun;Tue;Afternoon;Low;Tea;Brewed Black tea;Earl Grey Lg;Lower Manhattan
3.20;4;3;202306;Jun;Tue;Afternoon;Low;Flavours;Regular syrup;Chocolate syrup;Hell's Kitchen
18.00;1;1;202306;Jun;Tue;Afternoon;Low;Coffee beans;Organic Beans;Brazilian - Organic;Hell's Kitchen
18.00;1;1;202306;Jun;Tue;Afternoon;Low;Coffee beans;Organic Beans;Brazilian - Organic;Lower Manhattan
7.60;1;1;202306;Jun;Tue;Afternoon;Low;Packaged Chocolate;Organic Chocolate;Sustainably Grown Organic;Lower Manhattan
20.45;1;1;202306;Jun;Tue;Afternoon;very high;Coffee beans;Espresso Beans;Primo Espresso Roast;Lower Manhattan
10.40;13;7;202306;Jun;Tue;Evening;Low;Flavours;Regular syrup;Hazelnut syrup;Hell's Kitchen
7.50;2;2;202306;Jun;Tue;Evening;Low;Bakery;Pastry;Chocolate Croissant;Lower Manhattan
18.00;1;1;202306;Jun;Tue;Evening;Low;Coffee beans;House blend Beans;Our Old Time Diner Blend;Lower Manhattan
8.95;1;1;202306;Jun;Tue;Evening;Low;Loose Tea;Herbal tea;Peppermint;Lower Manhattan
4.80;6;4;202306;Jun;Tue;Evening;Low;Flavours;Regular syrup;Chocolate syrup;Lower Manhattan
18.75;5;5;202306;Jun;Tue;Evening;Low;Bakery;Scone;Jumbo Savory Scone;Hell's Kitchen
30.00;10;8;202306;Jun;Tue;Evening;Med;Tea;Brewed herbal tea;Peppermint Lg;Astoria
6.40;8;6;202306;Jun;Tue;Evening;Low;Flavours;Sugar free syrup;Sugar Free Vanilla syrup;Lower Manhattan
14.00;4;4;202306;Jun;Tue;Evening;Low;Bakery;Biscotti;Chocolate Chip Biscotti;Lower Manhattan
12.50;5;2;202306;Jun;Tue;Evening;Low;Tea;Brewed herbal tea;Peppermint Rg;Lower Manhattan
29.50;2;2;202306;Jun;Tue;Evening;Med;Coffee beans;Espresso Beans;Espresso Roast;Hell's Kitchen
22.00;11;7;202306;Jun;Tue;Evening;Med;Coffee;Drip coffee;Our Old Time Diner Blend Sm;Hell's Kitchen
7.00;2;2;202306;Jun;Tue;Evening;Low;Bakery;Pastry;Croissant;Hell's Kitchen
7.50;2;2;202306;Jun;Tue;Evening;Low;Bakery;Scone;Jumbo Savory Scone;Lower Manhattan
14.00;1;1;202306;Jun;Tue;Evening;Low;Branded;Housewares;I Need My Bean! Latte cup;Lower Manhattan
67.50;18;10;202306;Jun;Tue;Evening;very high;Drinking Chocolate;Hot chocolate;Sustainably Grown Organic Rg;Hell's Kitchen
20.45;1;1;202306;Jun;Tue;Evening;very high;Coffee beans;Espresso Beans;Primo Espresso Roast;Hell's Kitchen
8.95;1;1;202306;Jun;Tue;Evening;Low;Loose Tea;Chai tea;Traditional Blend Chai;Lower Manhattan
12.00;4;4;202306;Jun;Tue;Evening;Low;Tea;Brewed Black tea;English Breakfast Lg;Astoria
2.40;3;3;202306;Jun;Tue;Evening;Low;Flavours;Regular syrup;Carmel syrup;Astoria
7.50;3;2;202306;Jun;Tue;Evening;Low;Tea;Brewed Chai tea;Morning Sunrise Chai Rg;Lower Manhattan
0.80;1;1;202306;Jun;Tue;Evening;Low;Flavours;Regular syrup;Hazelnut syrup;Lower Manhattan
10.00;4;3;202306;Jun;Tue;Evening;Low;Tea;Brewed Green tea;Serenity Green Tea Rg;Astoria
3.20;4;2;202306;Jun;Tue;Evening;Low;Flavours;Regular syrup;Hazelnut syrup;Astoria
12.00;4;2;202306;Jun;Tue;Evening;Low;Tea;Brewed Chai tea;Traditional Blend Chai Lg;Lower Manhattan
8.95;1;1;202306;Jun;Tue;Evening;Low;Loose Tea;Black tea;Earl Grey;Lower Manhattan
8.95;1;1;202306;Jun;Tue;Evening;Low;Loose Tea;Black tea;Earl Grey;Hell's Kitchen
10.00;4;2;202306;Jun;Tue;Evening;Low;Tea;Brewed Black tea;English Breakfast Rg;Lower Manhattan
7.00;2;2;202306;Jun;Tue;Evening;Low;Bakery;Biscotti;Ginger Biscotti;Lower Manhattan
12.25;5;3;202306;Jun;Tue;Evening;Low;Coffee;Premium brewed coffee;Jamaican Coffee River Sm;Lower Manhattan
8.50;2;2;202306;Jun;Tue;Evening;Low;Coffee;Barista Espresso;Latte Rg;Astoria
2.40;3;2;202306;Jun;Tue;Evening;Low;Flavours;Regular syrup;Chocolate syrup;Astoria
8.95;1;1;202306;Jun;Tue;Evening;Low;Loose Tea;Chai tea;Traditional Blend Chai;Hell's Kitchen
45.00;2;2;202306;Jun;Tue;Evening;High;Coffee beans;Organic Beans;Organic Decaf Blend;Hell's Kitchen
4.80;6;4;202306;Jun;Tue;Evening;Low;Flavours;Sugar free syrup;Sugar Free Vanilla syrup;Hell's Kitchen
13.60;17;10;202306;Jun;Tue;Evening;Low;Flavours;Regular syrup;Carmel syrup;Hell's Kitchen
12.00;4;3;202306;Jun;Tue;Evening;Low;Tea;Brewed herbal tea;Peppermint Lg;Hell's Kitchen
123.50;26;15;202306;Jun;Wed;Morning;very high;Drinking Chocolate;Hot chocolate;Sustainably Grown Organic Lg;Lower Manhattan
26.66;2;2;202306;Jun;Wed;Morning;Med;Packaged Chocolate;Drinking Chocolate;Chili Mayan;Lower Manhattan
36.00;3;3;202306;Jun;Wed;Morning;Med;Branded;Housewares;I Need My Bean! Diner mug;Lower Manhattan
60.00;23;12;202306;Jun;Wed;Morning;High;Coffee;Barista Espresso;Ouro Brasileiro shot;Lower Manhattan
33.00;11;11;202306;Jun;Wed;Morning;Med;Bakery;Scone;Oatmeal Scone;Hell's Kitchen
48.00;16;10;202306;Jun;Wed;Morning;High;Coffee;Barista Espresso;Espresso shot;Hell's Kitchen
17.90;2;2;202306;Jun;Wed;Morning;Low;Loose Tea;Herbal tea;Lemon Grass;Hell's Kitchen
14.75;1;1;202306;Jun;Wed;Morning;Low;Coffee beans;Espresso Beans;Espresso Roast;Hell's Kitchen
21.00;6;6;202306;Jun;Wed;Morning;Med;Bakery;Biscotti;Ginger Biscotti;Astoria
242.00;9;9;202306;Jun;Wed;Morning;very high;Branded;Clothing;I Need My Bean! T-shirt;Astoria
8.80;11;8;202306;Jun;Wed;Morning;Low;Flavours;Regular syrup;Chocolate syrup;Astoria
22.50;1;1;202306;Jun;Wed;Morning;Med;Coffee beans;Organic Beans;Organic Decaf Blend;Astoria
18.00;1;1;202306;Jun;Wed;Morning;Low;Coffee beans;House blend Beans;Our Old Time Diner Blend;Astoria
45.00;2;2;202306;Jun;Wed;Morning;High;Coffee beans;Organic Beans;Organic Decaf Blend;Hell's Kitchen
21.00;1;1;202306;Jun;Wed;Morning;Med;Coffee beans;Gourmet Beans;Ethiopia;Astoria
29.50;2;2;202306;Jun;Wed;Morning;Med;Coffee beans;Espresso Beans;Espresso Roast;Lower Manhattan
12.80;16;9;202306;Jun;Wed;Morning;Low;Flavours;Regular syrup;Carmel syrup;Astoria
7.20;9;6;202306;Jun;Wed;Morning;Low;Flavours;Sugar free syrup;Sugar Free Vanilla syrup;Astoria
42.00;3;3;202306;Jun;Wed;Morning;High;Branded;Housewares;I Need My Bean! Latte cup;Lower Manhattan
15.00;1;1;202306;Jun;Wed;Morning;Low;Coffee beans;Gourmet Beans;Columbian Medium Roast;Hell's Kitchen
26.85;3;3;202306;Jun;Wed;Morning;Med;Loose Tea;Black tea;English Breakfast;Astoria
7.60;1;1;202306;Jun;Wed;Morning;Low;Packaged Chocolate;Organic Chocolate;Sustainably Grown Organic;Hell's Kitchen
36.00;12;8;202306;Jun;Wed;Morning;Med;Coffee;Barista Espresso;Espresso shot;Astoria
10.00;1;1;202306;Jun;Wed;Morning;Low;Coffee beans;Green beans;Guatemalan Sustainably Grown;Astoria
17.90;2;2;202306;Jun;Wed;Morning;Low;Loose Tea;Chai tea;Traditional Blend Chai;Hell's Kitchen
57.30;20;15;202306;Jun;Wed;Morning;High;Coffee;Barista Espresso;Ouro Brasileiro shot;Hell's Kitchen
30.00;2;2;202306;Jun;Wed;Morning;Med;Coffee beans;Gourmet Beans;Columbian Medium Roast;Astoria
19.00;2;2;202306;Jun;Wed;Morning;Low;Loose Tea;Chai tea;Morning Sunrise Chai;Lower Manhattan
225.00;5;5;202306;Jun;Wed;Morning;very high;Coffee beans;Premium Beans;Civet Cat;Hell's Kitchen
45.00;15;11;202306;Jun;Wed;Morning;High;Tea;Brewed herbal tea;Lemon Grass Lg;Hell's Kitchen
9.60;12;7;202306;Jun;Wed;Morning;Low;Flavours;Regular syrup;Hazelnut syrup;Astoria
39.50;2;2;202306;Jun;Wed;Morning;Med;Coffee beans;Premium Beans;Jamacian Coffee River;Astoria
26.85;3;3;202306;Jun;Wed;Morning;Med;Loose Tea;Herbal tea;Peppermint;Hell's Kitchen
8.95;1;1;202306;Jun;Wed;Morning;Low;Loose Tea;Herbal tea;Lemon Grass;Lower Manhattan
20.00;2;2;202306;Jun;Wed;Morning;Low;Coffee beans;Green beans;Guatemalan Sustainably Grown;Hell's Kitchen
56.00;2;2;202306;Jun;Wed;Morning;High;Branded;Clothing;I Need My Bean! T-shirt;Lower Manhattan
10.95;1;1;202306;Jun;Wed;Morning;Low;Loose Tea;Chai tea;Spicy Eye Opener Chai;Hell's Kitchen
5.00;2;1;202306;Jun;Wed;Night;Low;Tea;Brewed Black tea;Earl Grey Rg;Hell's Kitchen
14.00;4;4;202306;Jun;Wed;Afternoon;Low;Bakery;Pastry;Croissant;Hell's Kitchen
37.50;10;7;202306;Jun;Wed;Afternoon;Med;Drinking Chocolate;Hot chocolate;Sustainably Grown Organic Rg;Lower Manhattan
3.20;4;3;202306;Jun;Wed;Afternoon;Low;Flavours;Regular syrup;Hazelnut syrup;Astoria
8.95;1;1;202306;Jun;Wed;Afternoon;Low;Loose Tea;Black tea;English Breakfast;Hell's Kitchen
36.00;12;7;202306;Jun;Wed;Afternoon;Med;Tea;Brewed Black tea;English Breakfast Lg;Lower Manhattan
17.50;7;4;202306;Jun;Wed;Afternoon;Low;Tea;Brewed herbal tea;Lemon Grass Rg;Hell's Kitchen
41.25;11;6;202306;Jun;Wed;Afternoon;High;Coffee;Premium brewed coffee;Jamaican Coffee River Lg;Lower Manhattan
45.00;2;2;202306;Jun;Wed;Afternoon;High;Coffee beans;Organic Beans;Organic Decaf Blend;Lower Manhattan
15.00;5;3;202306;Jun;Wed;Afternoon;Low;Tea;Brewed Black tea;Earl Grey Lg;Hell's Kitchen
27.90;9;6;202306;Jun;Wed;Afternoon;Med;Tea;Brewed Chai tea;Spicy Eye Opener Chai Lg;Lower Manhattan
33.00;11;6;202306;Jun;Wed;Afternoon;Med;Coffee;Gourmet brewed coffee;Columbian Medium Roast Lg;Lower Manhattan
51.90;20;15;202306;Jun;Wed;Afternoon;High;Coffee;Barista Espresso;Ouro Brasileiro shot;Lower Manhattan
20.00;8;6;202306;Jun;Wed;Afternoon;Low;Tea;Brewed Chai tea;Traditional Blend Chai Rg;Hell's Kitchen
24.00;8;5;202306;Jun;Wed;Afternoon;Med;Coffee;Drip coffee;Our Old Time Diner Blend Lg;Hell's Kitchen
30.00;10;6;202306;Jun;Wed;Afternoon;Med;Tea;Brewed Green tea;Serenity Green Tea Lg;Lower Manhattan
24.00;2;2;202306;Jun;Wed;Afternoon;Med;Branded;Housewares;I Need My Bean! Diner mug;Lower Manhattan
21.00;6;5;202306;Jun;Wed;Afternoon;Med;Drinking Chocolate;Hot chocolate;Dark chocolate Rg;Lower Manhattan
84.00;3;3;202306;Jun;Wed;Afternoon;very high;Branded;Clothing;I Need My Bean! T-shirt;Lower Manhattan
12.50;5;3;202306;Jun;Wed;Afternoon;Low;Coffee;Gourmet brewed coffee;Columbian Medium Roast Rg;Lower Manhattan
29.25;9;9;202306;Jun;Wed;Afternoon;Med;Bakery;Biscotti;Hazelnut Biscotti;Lower Manhattan
26.25;7;7;202306;Jun;Wed;Afternoon;Med;Bakery;Scone;Jumbo Savory Scone;Hell's Kitchen
15.40;7;4;202306;Jun;Wed;Afternoon;Low;Coffee;Gourmet brewed coffee;Ethiopia Sm;Lower Manhattan
10.95;1;1;202306;Jun;Wed;Afternoon;Low;Loose Tea;Chai tea;Spicy Eye Opener Chai;Astoria
28.00;8;7;202306;Jun;Wed;Afternoon;Med;Drinking Chocolate;Hot chocolate;Dark chocolate Rg;Astoria
2.40;3;2;202306;Jun;Wed;Afternoon;Low;Flavours;Regular syrup;Chocolate syrup;Lower Manhattan
17.85;7;4;202306;Jun;Wed;Afternoon;Low;Tea;Brewed Chai tea;Spicy Eye Opener Chai Rg;Lower Manhattan
18.00;4;4;202306;Jun;Wed;Afternoon;Low;Bakery;Scone;Scottish Cream Scone ;Lower Manhattan
45.00;2;2;202306;Jun;Wed;Afternoon;High;Coffee beans;Organic Beans;Organic Decaf Blend;Astoria
20.00;8;6;202306;Jun;Wed;Afternoon;Low;Tea;Brewed herbal tea;Peppermint Rg;Hell's Kitchen
19.80;9;5;202306;Jun;Wed;Afternoon;Low;Coffee;Gourmet brewed coffee;Ethiopia Sm;Astoria
6.00;2;2;202306;Jun;Wed;Afternoon;Low;Bakery;Scone;Oatmeal Scone;Lower Manhattan
45.00;2;2;202306;Jun;Wed;Afternoon;High;Coffee beans;Organic Beans;Organic Decaf Blend;Hell's Kitchen
47.10;16;11;202306;Jun;Wed;Afternoon;High;Coffee;Barista Espresso;Ouro Brasileiro shot;Hell's Kitchen
15.00;6;5;202306;Jun;Wed;Afternoon;Low;Tea;Brewed Black tea;Earl Grey Rg;Hell's Kitchen
7.20;9;5;202306;Jun;Wed;Afternoon;Low;Flavours;Sugar free syrup;Sugar Free Vanilla syrup;Astoria
22.50;6;6;202306;Jun;Wed;Afternoon;Med;Bakery;Scone;Jumbo Savory Scone;Astoria
18.00;1;1;202306;Jun;Wed;Afternoon;Low;Coffee beans;Organic Beans;Brazilian - Organic;Hell's Kitchen
13.33;1;1;202306;Jun;Wed;Afternoon;Low;Packaged Chocolate;Drinking Chocolate;Chili Mayan;Hell's Kitchen
39.50;2;2;202306;Jun;Wed;Afternoon;Med;Coffee beans;Premium Beans;Jamacian Coffee River;Astoria
33.00;15;8;202306;Jun;Wed;Afternoon;Med;Coffee;Organic brewed coffee;Brazilian Sm;Hell's Kitchen
18.00;6;4;202306;Jun;Wed;Afternoon;Low;Tea;Brewed Chai tea;Traditional Blend Chai Lg;Lower Manhattan
59.50;17;12;202306;Jun;Wed;Afternoon;High;Coffee;Gourmet brewed coffee;Ethiopia Lg;Lower Manhattan
10.50;3;3;202306;Jun;Wed;Afternoon;Low;Bakery;Pastry;Croissant;Astoria
35.00;10;7;202306;Jun;Wed;Afternoon;Med;Coffee;Organic brewed coffee;Brazilian Lg;Lower Manhattan
7.00;2;2;202306;Jun;Wed;Afternoon;Low;Bakery;Biscotti;Chocolate Chip Biscotti;Lower Manhattan
17.50;5;5;202306;Jun;Wed;Afternoon;Low;Bakery;Pastry;Croissant;Lower Manhattan
18.75;5;5;202306;Jun;Wed;Afternoon;Low;Bakery;Pastry;Chocolate Croissant;Lower Manhattan
12.50;5;3;202306;Jun;Wed;Afternoon;Low;Tea;Brewed Black tea;English Breakfast Rg;Lower Manhattan
7.35;3;3;202306;Jun;Wed;Afternoon;Low;Coffee;Premium brewed coffee;Jamaican Coffee River Sm;Lower Manhattan
25.00;10;6;202306;Jun;Wed;Afternoon;Med;Coffee;Drip coffee;Our Old Time Diner Blend Rg;Lower Manhattan
42.50;10;8;202306;Jun;Wed;Afternoon;High;Coffee;Barista Espresso;Cappuccino Lg;Lower Manhattan
14.00;1;1;202306;Jun;Wed;Afternoon;Low;Branded;Housewares;I Need My Bean! Latte cup;Lower Manhattan
42.00;2;2;202306;Jun;Wed;Afternoon;High;Coffee beans;Gourmet Beans;Ethiopia;Astoria
56.00;2;2;202306;Jun;Wed;Afternoon;High;Branded;Clothing;I Need My Bean! T-shirt;Astoria
27.00;9;6;202306;Jun;Wed;Afternoon;Med;Tea;Brewed herbal tea;Peppermint Lg;Hell's Kitchen
14.75;1;1;202306;Jun;Wed;Afternoon;Low;Coffee beans;Espresso Beans;Espresso Roast;Hell's Kitchen
14.25;3;3;202306;Jun;Wed;Afternoon;Low;Drinking Chocolate;Hot chocolate;Sustainably Grown Organic Lg;Lower Manhattan
1.60;2;2;202306;Jun;Wed;Afternoon;Low;Flavours;Regular syrup;Carmel syrup;Astoria
46.00;2;2;202306;Jun;Wed;Afternoon;High;Branded;Housewares;I Need My Bean! Latte cup;Astoria
15.00;4;4;202306;Jun;Wed;Afternoon;Low;Bakery;Scone;Jumbo Savory Scone;Lower Manhattan
8.95;1;1;202306;Jun;Wed;Afternoon;Low;Loose Tea;Chai tea;Traditional Blend Chai;Hell's Kitchen
7.00;2;1;202306;Jun;Wed;Night;Low;Coffee;Gourmet brewed coffee;Ethiopia Lg;Lower Manhattan
9.50;2;2;202306;Jun;Wed;Night;Low;Drinking Chocolate;Hot chocolate;Sustainably Grown Organic Lg;Astoria
10.00;4;3;202306;Jun;Wed;Evening;Low;Coffee;Gourmet brewed coffee;Columbian Medium Roast Rg;Lower Manhattan
18.00;6;3;202306;Jun;Wed;Evening;Low;Coffee;Gourmet brewed coffee;Columbian Medium Roast Lg;Lower Manhattan
37.50;15;10;202306;Jun;Wed;Evening;Med;Tea;Brewed Black tea;English Breakfast Rg;Hell's Kitchen
26.85;3;3;202306;Jun;Wed;Evening;Med;Loose Tea;Herbal tea;Lemon Grass;Hell's Kitchen
18.00;1;1;202306;Jun;Wed;Evening;Low;Coffee beans;Organic Beans;Brazilian - Organic;Hell's Kitchen
26.25;7;4;202306;Jun;Wed;Evening;Med;Coffee;Premium brewed coffee;Jamaican Coffee River Lg;Lower Manhattan
11.00;5;4;202306;Jun;Wed;Evening;Low;Coffee;Gourmet brewed coffee;Ethiopia Sm;Lower Manhattan
15.00;4;4;202306;Jun;Wed;Evening;Low;Bakery;Pastry;Chocolate Croissant;Lower Manhattan
7.50;3;2;202306;Jun;Wed;Evening;Low;Tea;Brewed herbal tea;Peppermint Rg;Lower Manhattan
13.20;6;4;202306;Jun;Wed;Evening;Low;Coffee;Organic brewed coffee;Brazilian Sm;Lower Manhattan
37.50;14;11;202306;Jun;Wed;Evening;Med;Coffee;Barista Espresso;Ouro Brasileiro shot;Hell's Kitchen
23.75;5;3;202306;Jun;Wed;Evening;Med;Drinking Chocolate;Hot chocolate;Sustainably Grown Organic Lg;Lower Manhattan
18.00;4;2;202306;Jun;Wed;Evening;Low;Drinking Chocolate;Hot chocolate;Dark chocolate Lg;Lower Manhattan
17.00;4;2;202306;Jun;Wed;Evening;Low;Coffee;Barista Espresso;Cappuccino Lg;Lower Manhattan
4.80;6;3;202306;Jun;Wed;Evening;Low;Flavours;Sugar free syrup;Sugar Free Vanilla syrup;Lower Manhattan
18.00;4;4;202306;Jun;Wed;Evening;Low;Bakery;Scone;Scottish Cream Scone ;Lower Manhattan
10.00;4;3;202306;Jun;Wed;Evening;Low;Coffee;Drip coffee;Our Old Time Diner Blend Rg;Lower Manhattan
6.50;2;2;202306;Jun;Wed;Evening;Low;Bakery;Biscotti;Hazelnut Biscotti;Lower Manhattan
24.00;2;2;202306;Jun;Wed;Evening;Med;Branded;Housewares;I Need My Bean! Diner mug;Lower Manhattan
7.50;2;2;202306;Jun;Wed;Evening;Low;Bakery;Pastry;Almond Croissant;Lower Manhattan
9.00;3;2;202306;Jun;Wed;Evening;Low;Tea;Brewed herbal tea;Lemon Grass Lg;Lower Manhattan
11.25;3;3;202306;Jun;Wed;Evening;Low;Drinking Chocolate;Hot chocolate;Sustainably Grown Organic Rg;Hell's Kitchen
19.50;6;6;202306;Jun;Wed;Evening;Low;Bakery;Scone;Ginger Scone;Hell's Kitchen
18.00;6;5;202306;Jun;Wed;Evening;Low;Coffee;Gourmet brewed coffee;Ethiopia Rg;Lower Manhattan
28.00;8;7;202306;Jun;Wed;Evening;Med;Coffee;Gourmet brewed coffee;Ethiopia Lg;Lower Manhattan
8.50;2;2;202306;Jun;Wed;Evening;Low;Coffee;Barista Espresso;Latte Rg;Lower Manhattan
0.80;1;1;202306;Jun;Wed;Evening;Low;Flavours;Regular syrup;Carmel syrup;Lower Manhattan
14.00;4;4;202306;Jun;Wed;Evening;Low;Bakery;Biscotti;Ginger Biscotti;Lower Manhattan
10.50;3;2;202306;Jun;Wed;Evening;Low;Coffee;Organic brewed coffee;Brazilian Lg;Lower Manhattan
2.50;1;1;202306;Jun;Wed;Evening;Low;Tea;Brewed Black tea;English Breakfast Rg;Lower Manhattan
15.00;5;3;202306;Jun;Wed;Evening;Low;Coffee;Drip coffee;Our Old Time Diner Blend Lg;Lower Manhattan
15.00;6;3;202306;Jun;Wed;Evening;Low;Tea;Brewed Black tea;Earl Grey Rg;Lower Manhattan
3.25;1;1;202306;Jun;Wed;Evening;Low;Bakery;Scone;Cranberry Scone;Lower Manhattan
15.00;4;4;202306;Jun;Wed;Evening;Low;Bakery;Scone;Jumbo Savory Scone;Astoria
21.00;7;6;202306;Jun;Wed;Evening;Med;Tea;Brewed herbal tea;Lemon Grass Lg;Astoria
21.00;1;1;202306;Jun;Wed;Evening;Med;Coffee beans;Gourmet Beans;Ethiopia;Hell's Kitchen
3.75;1;1;202306;Jun;Wed;Evening;Low;Drinking Chocolate;Hot chocolate;Sustainably Grown Organic Rg;Lower Manhattan
58.50;13;9;202306;Jun;Wed;Evening;High;Drinking Chocolate;Hot chocolate;Dark chocolate Lg;Hell's Kitchen
21.00;7;4;202306;Jun;Wed;Evening;Med;Coffee;Barista Espresso;Ouro Brasileiro shot;Lower Manhattan
12.75;5;3;202306;Jun;Wed;Evening;Low;Tea;Brewed Chai tea;Spicy Eye Opener Chai Rg;Lower Manhattan
18.75;5;5;202306;Jun;Wed;Evening;Low;Bakery;Scone;Jumbo Savory Scone;Lower Manhattan
15.00;6;5;202306;Jun;Wed;Evening;Low;Coffee;Drip coffee;Our Old Time Diner Blend Rg;Astoria
14.70;6;3;202306;Jun;Wed;Evening;Low;Coffee;Premium brewed coffee;Jamaican Coffee River Sm;Lower Manhattan
17.90;2;2;202306;Jun;Wed;Evening;Low;Loose Tea;Black tea;English Breakfast;Astoria
12.00;4;2;202306;Jun;Wed;Evening;Low;Coffee;Barista Espresso;Espresso shot;Lower Manhattan
28.00;8;8;202306;Jun;Wed;Evening;Med;Bakery;Biscotti;Chocolate Chip Biscotti;Hell's Kitchen
6.40;8;4;202306;Jun;Wed;Evening;Low;Flavours;Regular syrup;Chocolate syrup;Astoria
29.50;2;2;202306;Jun;Wed;Evening;Med;Coffee beans;Espresso Beans;Espresso Roast;Astoria
52.50;14;10;202306;Jun;Wed;Evening;High;Coffee;Barista Espresso;Cappuccino;Astoria
3.20;4;2;202306;Jun;Wed;Evening;Low;Flavours;Sugar free syrup;Sugar Free Vanilla syrup;Astoria
56.00;2;2;202306;Jun;Wed;Evening;High;Branded;Clothing;I Need My Bean! T-shirt;Astoria
10.95;1;1;202306;Jun;Wed;Evening;Low;Loose Tea;Chai tea;Spicy Eye Opener Chai;Hell's Kitchen
17.00;4;4;202306;Jun;Wed;Evening;Low;Coffee;Barista Espresso;Latte Rg;Hell's Kitchen
13.33;1;1;202306;Jun;Wed;Evening;Low;Packaged Chocolate;Drinking Chocolate;Chili Mayan;Hell's Kitchen
9.50;1;1;202306;Jun;Wed;Evening;Low;Loose Tea;Chai tea;Morning Sunrise Chai;Hell's Kitchen
22.50;1;1;202306;Jun;Wed;Evening;Med;Coffee beans;Organic Beans;Organic Decaf Blend;Hell's Kitchen
7.60;1;1;202306;Jun;Wed;Evening;Low;Packaged Chocolate;Organic Chocolate;Sustainably Grown Organic;Hell's Kitchen
17.50;5;3;202306;Jun;Thu;Night;Low;Coffee;Organic brewed coffee;Brazilian Lg;Lower Manhattan
17.50;7;4;202306;Jun;Thu;Night;Low;Tea;Brewed Chai tea;Morning Sunrise Chai Rg;Lower Manhattan
17.00;4;3;202306;Jun;Thu;Night;Low;Coffee;Barista Espresso;Latte Rg;Lower Manhattan
22.50;5;4;202306;Jun;Thu;Night;Med;Drinking Chocolate;Hot chocolate;Dark chocolate Lg;Lower Manhattan
8.95;1;1;202306;Jun;Thu;Night;Low;Loose Tea;Black tea;Earl Grey;Lower Manhattan
20.00;5;2;202306;Jun;Thu;Night;Low;Tea;Brewed Chai tea;Morning Sunrise Chai Lg;Lower Manhattan
6.00;3;2;202306;Jun;Thu;Night;Low;Coffee;Gourmet brewed coffee;Columbian Medium Roast Sm;Lower Manhattan
7.00;2;1;202306;Jun;Thu;Night;Low;Coffee;Gourmet brewed coffee;Ethiopia Lg;Lower Manhattan
15.00;6;3;202306;Jun;Thu;Night;Low;Tea;Brewed herbal tea;Lemon Grass Rg;Lower Manhattan
9.25;1;1;202306;Jun;Thu;Night;Low;Loose Tea;Green tea;Serenity Green Tea;Lower Manhattan
5.00;2;2;202306;Jun;Thu;Night;Low;Coffee;Gourmet brewed coffee;Columbian Medium Roast Rg;Lower Manhattan
12.00;4;2;202306;Jun;Thu;Night;Low;Coffee;Barista Espresso;Espresso shot;Lower Manhattan
8.00;10;7;202306;Jun;Thu;Night;Low;Flavours;Sugar free syrup;Sugar Free Vanilla syrup;Lower Manhattan
12.00;4;3;202306;Jun;Thu;Night;Low;Tea;Brewed Black tea;English Breakfast Lg;Lower Manhattan
12.75;3;3;202306;Jun;Thu;Night;Low;Coffee;Barista Espresso;Cappuccino Lg;Lower Manhattan
10.00;4;3;202306;Jun;Thu;Night;Low;Tea;Brewed herbal tea;Peppermint Rg;Lower Manhattan
9.75;3;3;202306;Jun;Thu;Night;Low;Bakery;Scone;Cranberry Scone;Lower Manhattan
5.00;2;1;202306;Jun;Thu;Night;Low;Tea;Brewed Black tea;Earl Grey Rg;Lower Manhattan
3.20;4;3;202306;Jun;Thu;Night;Low;Flavours;Regular syrup;Chocolate syrup;Lower Manhattan
2.50;1;1;202306;Jun;Thu;Night;Low;Tea;Brewed Chai tea;Traditional Blend Chai Rg;Lower Manhattan
21.90;2;2;202306;Jun;Thu;Night;Med;Loose Tea;Chai tea;Spicy Eye Opener Chai;Lower Manhattan
6.00;2;2;202306;Jun;Thu;Night;Low;Tea;Brewed herbal tea;Peppermint Lg;Lower Manhattan
10.50;3;2;202306;Jun;Thu;Night;Low;Coffee;Organic brewed coffee;Brazilian Lg;Hell's Kitchen
15.00;4;2;202306;Jun;Thu;Night;Low;Coffee;Barista Espresso;Latte;Lower Manhattan
5.00;2;1;202306;Jun;Thu;Night;Low;Tea;Brewed Black tea;Earl Grey Rg;Hell's Kitchen
6.00;2;1;202306;Jun;Thu;Night;Low;Coffee;Gourmet brewed coffee;Columbian Medium Roast Lg;Lower Manhattan
10.20;4;2;202306;Jun;Thu;Night;Low;Tea;Brewed Chai tea;Spicy Eye Opener Chai Rg;Lower Manhattan
9.50;2;1;202306;Jun;Thu;Night;Low;Drinking Chocolate;Hot chocolate;Sustainably Grown Organic Lg;Lower Manhattan
28.20;10;5;202306;Jun;Thu;Night;Med;Coffee;Barista Espresso;Ouro Brasileiro shot;Lower Manhattan
4.00;2;2;202306;Jun;Thu;Night;Low;Coffee;Drip coffee;Our Old Time Diner Blend Sm;Hell's Kitchen
12.40;4;4;202306;Jun;Thu;Night;Low;Tea;Brewed Chai tea;Spicy Eye Opener Chai Lg;Lower Manhattan
10.00;4;2;202306;Jun;Thu;Night;Low;Tea;Brewed Chai tea;Morning Sunrise Chai Rg;Hell's Kitchen
15.00;5;2;202306;Jun;Thu;Night;Low;Tea;Brewed herbal tea;Lemon Grass Lg;Lower Manhattan
9.00;3;2;202306;Jun;Thu;Night;Low;Tea;Brewed Chai tea;Traditional Blend Chai Lg;Hell's Kitchen
10.50;3;3;202306;Jun;Thu;Night;Low;Bakery;Biscotti;Chocolate Chip Biscotti;Lower Manhattan
3.50;1;1;202306;Jun;Thu;Night;Low;Bakery;Biscotti;Ginger Biscotti;Hell's Kitchen
12.00;4;2;202306;Jun;Thu;Night;Low;Tea;Brewed Green tea;Serenity Green Tea Lg;Lower Manhattan
8.00;4;2;202306;Jun;Thu;Night;Low;Coffee;Drip coffee;Our Old Time Diner Blend Sm;Lower Manhattan
28.00;1;1;202306;Jun;Thu;Morning;Med;Branded;Clothing;I Need My Bean! T-shirt;Hell's Kitchen
55.00;22;15;202306;Jun;Thu;Morning;High;Tea;Brewed Black tea;English Breakfast Rg;Astoria
77.00;22;14;202306;Jun;Thu;Morning;very high;Coffee;Organic brewed coffee;Brazilian Lg;Astoria
7.20;9;6;202306;Jun;Thu;Morning;Low;Flavours;Regular syrup;Hazelnut syrup;Astoria
9.60;12;9;202306;Jun;Thu;Morning;Low;Flavours;Regular syrup;Chocolate syrup;Astoria
22.50;1;1;202306;Jun;Thu;Morning;Med;Coffee beans;Organic Beans;Organic Decaf Blend;Astoria
22.50;1;1;202306;Jun;Thu;Morning;Med;Coffee beans;Organic Beans;Organic Decaf Blend;Hell's Kitchen
12.00;1;1;202306;Jun;Thu;Morning;Low;Branded;Housewares;I Need My Bean! Diner mug;Hell's Kitchen
8.80;11;7;202306;Jun;Thu;Morning;Low;Flavours;Regular syrup;Chocolate syrup;Lower Manhattan
15.00;1;1;202306;Jun;Thu;Morning;Low;Coffee beans;Gourmet Beans;Columbian Medium Roast;Astoria
56.00;2;2;202306;Jun;Thu;Morning;High;Branded;Clothing;I Need My Bean! T-shirt;Astoria
8.95;1;1;202306;Jun;Thu;Morning;Low;Loose Tea;Herbal tea;Peppermint;Astoria
42.00;3;3;202306;Jun;Thu;Morning;High;Branded;Housewares;I Need My Bean! Latte cup;Astoria
30.00;3;3;202306;Jun;Thu;Morning;Med;Coffee beans;Green beans;Guatemalan Sustainably Grown;Astoria
18.00;1;1;202306;Jun;Thu;Morning;Low;Coffee beans;Organic Beans;Brazilian - Organic;Astoria
42.00;2;2;202306;Jun;Thu;Morning;High;Coffee beans;Gourmet Beans;Ethiopia;Astoria
31.50;9;9;202306;Jun;Thu;Morning;Med;Bakery;Biscotti;Chocolate Chip Biscotti;Astoria
8.95;1;1;202306;Jun;Thu;Morning;Low;Loose Tea;Herbal tea;Lemon Grass;Astoria
17.90;2;2;202306;Jun;Thu;Morning;Low;Loose Tea;Black tea;English Breakfast;Lower Manhattan
8.95;1;1;202306;Jun;Thu;Morning;Low;Loose Tea;Herbal tea;Lemon Grass;Hell's Kitchen
8.95;1;1;202306;Jun;Thu;Morning;Low;Loose Tea;Black tea;English Breakfast;Astoria
7.60;1;1;202306;Jun;Thu;Morning;Low;Packaged Chocolate;Organic Chocolate;Sustainably Grown Organic;Astoria
20.45;1;1;202306;Jun;Thu;Morning;very high;Coffee beans;Espresso Beans;Primo Espresso Roast;Lower Manhattan
6.40;1;1;202306;Jun;Thu;Morning;Low;Packaged Chocolate;Drinking Chocolate;Dark chocolate;Hell's Kitchen
40.90;2;2;202306;Jun;Thu;Morning;very high;Coffee beans;Espresso Beans;Primo Espresso Roast;Hell's Kitchen
29.50;10;9;202306;Jun;Tue;Afternoon;Med;Bakery;Scone;Ginger Scone;Lower Manhattan
8.95;1;1;202306;Jun;Thu;Morning;Low;Loose Tea;Black tea;English Breakfast;Hell's Kitchen
15.20;2;2;202306;Jun;Thu;Morning;Low;Packaged Chocolate;Organic Chocolate;Sustainably Grown Organic;Lower Manhattan
10.95;1;1;202306;Jun;Thu;Morning;Low;Loose Tea;Chai tea;Spicy Eye Opener Chai;Hell's Kitchen
5.00;2;1;202306;Jun;Thu;Night;Low;Coffee;Gourmet brewed coffee;Columbian Medium Roast Rg;Astoria
29.75;7;5;202306;Jun;Thu;Afternoon;Med;Coffee;Barista Espresso;Cappuccino Lg;Hell's Kitchen
14.00;7;4;202306;Jun;Thu;Afternoon;Low;Coffee;Drip coffee;Our Old Time Diner Blend Sm;Lower Manhattan
19.00;2;2;202306;Jun;Thu;Afternoon;Low;Loose Tea;Chai tea;Morning Sunrise Chai;Lower Manhattan
4.00;5;4;202306;Jun;Thu;Afternoon;Low;Flavours;Regular syrup;Chocolate syrup;Lower Manhattan
7.60;1;1;202306;Jun;Thu;Afternoon;Low;Packaged Chocolate;Organic Chocolate;Sustainably Grown Organic;Lower Manhattan
1.60;2;1;202306;Jun;Thu;Afternoon;Low;Flavours;Regular syrup;Carmel syrup;Astoria
8.95;1;1;202306;Jun;Thu;Afternoon;Low;Loose Tea;Herbal tea;Lemon Grass;Lower Manhattan
13.33;1;1;202306;Jun;Thu;Afternoon;Low;Packaged Chocolate;Drinking Chocolate;Chili Mayan;Hell's Kitchen
0.80;1;1;202306;Jun;Thu;Afternoon;Low;Flavours;Regular syrup;Hazelnut syrup;Astoria
14.00;1;1;202306;Jun;Thu;Afternoon;Low;Branded;Housewares;I Need My Bean! Latte cup;Hell's Kitchen
1.60;2;1;202306;Jun;Thu;Afternoon;Low;Flavours;Regular syrup;Chocolate syrup;Astoria
22.50;1;1;202306;Jun;Thu;Afternoon;Med;Coffee beans;Organic Beans;Organic Decaf Blend;Lower Manhattan
15.00;6;4;202306;Jun;Thu;Night;Low;Coffee;Drip coffee;Our Old Time Diner Blend Rg;Lower Manhattan
8.95;1;1;202306;Jun;Thu;Evening;Low;Loose Tea;Black tea;English Breakfast;Lower Manhattan
8.95;1;1;202306;Jun;Thu;Evening;Low;Loose Tea;Black tea;Earl Grey;Hell's Kitchen
4.00;5;3;202306;Jun;Thu;Evening;Low;Flavours;Sugar free syrup;Sugar Free Vanilla syrup;Hell's Kitchen
10.50;3;3;202306;Jun;Thu;Evening;Low;Drinking Chocolate;Hot chocolate;Dark chocolate Rg;Lower Manhattan
8.95;1;1;202306;Jun;Thu;Evening;Low;Loose Tea;Chai tea;Traditional Blend Chai;Hell's Kitchen
7.50;2;2;202306;Jun;Thu;Evening;Low;Bakery;Scone;Jumbo Savory Scone;Hell's Kitchen
16.25;5;5;202306;Jun;Thu;Evening;Low;Bakery;Scone;Ginger Scone;Hell's Kitchen
28.00;1;1;202306;Jun;Thu;Evening;Med;Branded;Clothing;I Need My Bean! T-shirt;Astoria
24.00;2;2;202306;Jun;Thu;Evening;Med;Branded;Housewares;I Need My Bean! Diner mug;Lower Manhattan
0.80;1;1;202306;Jun;Thu;Evening;Low;Flavours;Regular syrup;Chocolate syrup;Astoria
45.00;1;1;202306;Jun;Thu;Evening;High;Coffee beans;Premium Beans;Civet Cat;Astoria
21.00;1;1;202306;Jun;Thu;Evening;Med;Coffee beans;Gourmet Beans;Ethiopia;Astoria
20.45;1;1;202306;Jun;Thu;Evening;very high;Coffee beans;Espresso Beans;Primo Espresso Roast;Astoria
10.00;4;3;202306;Jun;Fri;Night;Low;Tea;Brewed herbal tea;Peppermint Rg;Lower Manhattan
2.50;1;1;202306;Jun;Fri;Night;Low;Tea;Brewed Chai tea;Traditional Blend Chai Rg;Lower Manhattan
7.50;2;2;202306;Jun;Fri;Night;Low;Bakery;Pastry;Chocolate Croissant;Lower Manhattan
15.00;6;3;202306;Jun;Fri;Night;Low;Coffee;Gourmet brewed coffee;Columbian Medium Roast Rg;Lower Manhattan
11.25;3;3;202306;Jun;Fri;Night;Low;Coffee;Barista Espresso;Latte;Lower Manhattan
2.40;3;3;202306;Jun;Fri;Night;Low;Flavours;Regular syrup;Hazelnut syrup;Lower Manhattan
18.00;6;4;202306;Jun;Fri;Night;Low;Coffee;Barista Espresso;Espresso shot;Lower Manhattan
3.20;4;3;202306;Jun;Fri;Night;Low;Flavours;Regular syrup;Chocolate syrup;Lower Manhattan
11.25;3;2;202306;Jun;Fri;Night;Low;Coffee;Premium brewed coffee;Jamaican Coffee River Lg;Lower Manhattan
22.50;6;4;202306;Jun;Fri;Night;Med;Drinking Chocolate;Hot chocolate;Sustainably Grown Organic Rg;Lower Manhattan
14.00;7;4;202306;Jun;Fri;Night;Low;Coffee;Drip coffee;Our Old Time Diner Blend Sm;Lower Manhattan
2.50;1;1;202306;Jun;Fri;Night;Low;Tea;Brewed Black tea;English Breakfast Rg;Lower Manhattan
21.90;2;2;202306;Jun;Fri;Night;Med;Loose Tea;Chai tea;Spicy Eye Opener Chai;Lower Manhattan
15.00;5;3;202306;Jun;Fri;Night;Low;Tea;Brewed Black tea;Earl Grey Lg;Lower Manhattan
10.00;4;2;202306;Jun;Fri;Night;Low;Tea;Brewed herbal tea;Lemon Grass Rg;Lower Manhattan
9.00;3;2;202306;Jun;Fri;Night;Low;Tea;Brewed Chai tea;Traditional Blend Chai Lg;Lower Manhattan
7.00;2;2;202306;Jun;Fri;Night;Low;Coffee;Gourmet brewed coffee;Ethiopia Lg;Hell's Kitchen
0.80;1;1;202306;Jun;Fri;Night;Low;Flavours;Regular syrup;Chocolate syrup;Hell's Kitchen
7.50;2;1;202306;Jun;Fri;Night;Low;Coffee;Barista Espresso;Latte;Hell's Kitchen
21.00;6;3;202306;Jun;Fri;Night;Med;Drinking Chocolate;Hot chocolate;Dark chocolate Rg;Hell's Kitchen
6.00;2;2;202306;Jun;Fri;Night;Low;Bakery;Scone;Oatmeal Scone;Hell's Kitchen
3.00;1;1;202306;Jun;Fri;Night;Low;Bakery;Scone;Oatmeal Scone;Lower Manhattan
28.00;2;2;202306;Jun;Fri;Night;Med;Branded;Housewares;I Need My Bean! Latte cup;Lower Manhattan
15.00;6;3;202306;Jun;Fri;Night;Low;Tea;Brewed Chai tea;Morning Sunrise Chai Rg;Hell's Kitchen
14.00;1;1;202306;Jun;Fri;Night;Low;Branded;Housewares;I Need My Bean! Latte cup;Hell's Kitchen
3.00;1;1;202306;Jun;Fri;Night;Low;Coffee;Barista Espresso;Espresso shot;Hell's Kitchen
9.80;4;3;202306;Jun;Fri;Night;Low;Coffee;Premium brewed coffee;Jamaican Coffee River Sm;Lower Manhattan
12.00;4;2;202306;Jun;Fri;Night;Low;Coffee;Gourmet brewed coffee;Ethiopia Rg;Lower Manhattan
10.00;4;2;202306;Jun;Fri;Night;Low;Tea;Brewed herbal tea;Lemon Grass Rg;Hell's Kitchen
3.75;1;1;202306;Jun;Fri;Night;Low;Bakery;Scone;Jumbo Savory Scone;Hell's Kitchen
7.00;2;1;202306;Jun;Fri;Night;Low;Coffee;Organic brewed coffee;Brazilian Lg;Hell's Kitchen
10.00;4;3;202306;Jun;Fri;Night;Low;Coffee;Drip coffee;Our Old Time Diner Blend Rg;Hell's Kitchen
4.25;1;1;202306;Jun;Fri;Night;Low;Coffee;Barista Espresso;Cappuccino Lg;Lower Manhattan
18.00;1;1;202306;Jun;Fri;Night;Low;Coffee beans;Organic Beans;Brazilian - Organic;Lower Manhattan
6.00;2;1;202306;Jun;Fri;Night;Low;Tea;Brewed herbal tea;Lemon Grass Lg;Hell's Kitchen
4.40;2;2;202306;Jun;Fri;Night;Low;Coffee;Organic brewed coffee;Brazilian Sm;Lower Manhattan
3.75;1;1;202306;Jun;Fri;Night;Low;Bakery;Pastry;Chocolate Croissant;Hell's Kitchen
6.00;2;2;202306;Jun;Fri;Night;Low;Coffee;Drip coffee;Our Old Time Diner Blend Lg;Hell's Kitchen
8.00;2;1;202306;Jun;Fri;Night;Low;Tea;Brewed Chai tea;Morning Sunrise Chai Lg;Hell's Kitchen
6.00;2;2;202306;Jun;Fri;Night;Low;Coffee;Gourmet brewed coffee;Ethiopia Rg;Hell's Kitchen
30.00;2;2;202306;Jun;Fri;Morning;Med;Coffee beans;Gourmet Beans;Columbian Medium Roast;Hell's Kitchen
19.00;2;2;202306;Jun;Fri;Morning;Low;Loose Tea;Chai tea;Morning Sunrise Chai;Hell's Kitchen
10.00;1;1;202306;Jun;Fri;Morning;Low;Coffee beans;Green beans;Guatemalan Sustainably Grown;Astoria
18.40;23;15;202306;Jun;Fri;Morning;Low;Flavours;Regular syrup;Chocolate syrup;Astoria
12.00;1;1;202306;Jun;Fri;Morning;Low;Branded;Housewares;I Need My Bean! Diner mug;Astoria
5.60;7;6;202306;Jun;Fri;Morning;Low;Flavours;Regular syrup;Hazelnut syrup;Astoria
20.80;26;17;202306;Jun;Fri;Morning;very high;Flavours;Regular syrup;Chocolate syrup;Lower Manhattan
28.00;2;2;202306;Jun;Fri;Morning;Med;Branded;Housewares;I Need My Bean! Latte cup;Hell's Kitchen
8.95;1;1;202306;Jun;Fri;Morning;Low;Loose Tea;Chai tea;Traditional Blend Chai;Astoria
17.90;2;2;202306;Jun;Fri;Morning;Low;Loose Tea;Black tea;English Breakfast;Astoria
63.00;3;3;202306;Jun;Fri;Morning;very high;Coffee beans;Gourmet Beans;Ethiopia;Hell's Kitchen
26.00;8;8;202306;Jun;Fri;Morning;Med;Bakery;Scone;Ginger Scone;Astoria
29.50;2;2;202306;Jun;Fri;Morning;Med;Coffee beans;Espresso Beans;Espresso Roast;Lower Manhattan
8.95;1;1;202306;Jun;Fri;Morning;Low;Loose Tea;Herbal tea;Lemon Grass;Lower Manhattan
22.50;1;1;202306;Jun;Fri;Morning;Med;Coffee beans;Organic Beans;Organic Decaf Blend;Astoria
585.00;13;6;202306;Jun;Fri;Morning;very high;Coffee beans;Premium Beans;Civet Cat;Hell's Kitchen
9.25;1;1;202306;Jun;Fri;Morning;Low;Loose Tea;Green tea;Serenity Green Tea;Lower Manhattan
45.00;1;1;202306;Jun;Fri;Morning;High;Coffee beans;Premium Beans;Civet Cat;Lower Manhattan
20.45;1;1;202306;Jun;Fri;Morning;very high;Coffee beans;Espresso Beans;Primo Espresso Roast;Hell's Kitchen
12.00;15;9;202306;Jun;Fri;Morning;Low;Flavours;Regular syrup;Chocolate syrup;Hell's Kitchen
15.00;1;1;202306;Jun;Fri;Morning;Low;Coffee beans;Gourmet Beans;Columbian Medium Roast;Astoria
42.00;3;3;202306;Jun;Fri;Morning;High;Branded;Housewares;I Need My Bean! Latte cup;Astoria
8.95;1;1;202306;Jun;Fri;Morning;Low;Loose Tea;Herbal tea;Lemon Grass;Hell's Kitchen
3.20;4;3;202306;Jun;Fri;Afternoon;Low;Flavours;Regular syrup;Hazelnut syrup;Astoria
9.50;1;1;202306;Jun;Fri;Afternoon;Low;Loose Tea;Chai tea;Morning Sunrise Chai;Astoria
5.60;7;5;202306;Jun;Fri;Afternoon;Low;Flavours;Regular syrup;Carmel syrup;Lower Manhattan
14.00;1;1;202306;Jun;Fri;Afternoon;Low;Branded;Housewares;I Need My Bean! Latte cup;Astoria
3.20;4;2;202306;Jun;Fri;Afternoon;Low;Flavours;Regular syrup;Carmel syrup;Astoria
15.00;1;1;202306;Jun;Fri;Afternoon;Low;Coffee beans;Gourmet Beans;Columbian Medium Roast;Lower Manhattan
7.60;1;1;202306;Jun;Fri;Afternoon;Low;Packaged Chocolate;Organic Chocolate;Sustainably Grown Organic;Astoria
10.50;3;3;202306;Jun;Fri;Afternoon;Low;Bakery;Biscotti;Ginger Biscotti;Astoria
28.00;1;1;202306;Jun;Fri;Afternoon;Med;Branded;Clothing;I Need My Bean! T-shirt;Astoria
8.95;1;1;202306;Jun;Fri;Afternoon;Low;Loose Tea;Herbal tea;Lemon Grass;Astoria
1.60;2;2;202306;Jun;Fri;Afternoon;Low;Flavours;Regular syrup;Chocolate syrup;Hell's Kitchen
2.40;3;2;202306;Jun;Fri;Afternoon;Low;Flavours;Regular syrup;Chocolate syrup;Lower Manhattan
9.75;3;3;202306;Jun;Fri;Afternoon;Low;Bakery;Scone;Ginger Scone;Hell's Kitchen
28.00;2;2;202306;Jun;Fri;Afternoon;Med;Branded;Housewares;I Need My Bean! Latte cup;Lower Manhattan
15.00;1;1;202306;Jun;Fri;Afternoon;Low;Coffee beans;Gourmet Beans;Columbian Medium Roast;Astoria
0.80;1;1;202306;Jun;Fri;Afternoon;Low;Flavours;Sugar free syrup;Sugar Free Vanilla syrup;Astoria
3.20;4;2;202306;Jun;Fri;Night;Low;Flavours;Regular syrup;Carmel syrup;Lower Manhattan
2.50;1;1;202306;Jun;Fri;Night;Low;Coffee;Gourmet brewed coffee;Columbian Medium Roast Rg;Astoria
4.50;1;1;202306;Jun;Fri;Night;Low;Bakery;Scone;Scottish Cream Scone ;Astoria
14.00;1;1;202306;Jun;Fri;Evening;Low;Branded;Housewares;I Need My Bean! Latte cup;Astoria
2.55;1;1;202306;Jun;Fri;Evening;Low;Tea;Brewed Chai tea;Spicy Eye Opener Chai Rg;Lower Manhattan
18.00;6;3;202306;Jun;Fri;Evening;Low;Coffee;Drip coffee;Our Old Time Diner Blend Lg;Hell's Kitchen
27.00;9;6;202306;Jun;Fri;Evening;Med;Coffee;Barista Espresso;Espresso shot;Lower Manhattan
4.00;5;4;202306;Jun;Fri;Evening;Low;Flavours;Sugar free syrup;Sugar Free Vanilla syrup;Lower Manhattan
2.40;3;2;202306;Jun;Fri;Evening;Low;Flavours;Regular syrup;Hazelnut syrup;Astoria
8.95;1;1;202306;Jun;Fri;Evening;Low;Loose Tea;Herbal tea;Lemon Grass;Lower Manhattan
8.95;1;1;202306;Jun;Fri;Evening;Low;Loose Tea;Herbal tea;Peppermint;Hell's Kitchen
3.20;4;2;202306;Jun;Fri;Evening;Low;Flavours;Sugar free syrup;Sugar Free Vanilla syrup;Astoria
8.95;1;1;202306;Jun;Fri;Evening;Low;Loose Tea;Black tea;Earl Grey;Astoria
18.00;1;1;202306;Jun;Fri;Evening;Low;Coffee beans;House blend Beans;Our Old Time Diner Blend;Astoria
18.00;1;1;202306;Jun;Fri;Evening;Low;Coffee beans;Organic Beans;Brazilian - Organic;Astoria
15.50;5;4;202306;Jun;Sat;Night;Low;Coffee;Premium brewed coffee;Jamaican Coffee River Rg;Lower Manhattan
3.50;1;1;202306;Jun;Sat;Night;Low;Bakery;Pastry;Croissant;Lower Manhattan
5.00;2;2;202306;Jun;Sat;Night;Low;Tea;Brewed Green tea;Serenity Green Tea Rg;Lower Manhattan
33.25;7;3;202306;Jun;Sat;Night;Med;Drinking Chocolate;Hot chocolate;Sustainably Grown Organic Lg;Lower Manhattan
19.20;7;3;202306;Jun;Sat;Night;Low;Coffee;Barista Espresso;Ouro Brasileiro shot;Lower Manhattan
9.00;3;2;202306;Jun;Sat;Night;Low;Tea;Brewed Black tea;English Breakfast Lg;Lower Manhattan
30.00;10;6;202306;Jun;Sat;Night;Med;Tea;Brewed Green tea;Serenity Green Tea Lg;Lower Manhattan
13.00;4;4;202306;Jun;Sat;Night;Low;Bakery;Biscotti;Hazelnut Biscotti;Lower Manhattan
3.75;1;1;202306;Jun;Sat;Night;Low;Bakery;Pastry;Chocolate Croissant;Hell's Kitchen
9.50;2;2;202306;Jun;Sat;Night;Low;Drinking Chocolate;Hot chocolate;Sustainably Grown Organic Lg;Hell's Kitchen
36.00;2;2;202306;Jun;Sat;Night;Med;Coffee beans;House blend Beans;Our Old Time Diner Blend;Lower Manhattan
10.95;1;1;202306;Jun;Sat;Night;Low;Loose Tea;Chai tea;Spicy Eye Opener Chai;Lower Manhattan
13.20;6;3;202306;Jun;Sat;Night;Low;Coffee;Organic brewed coffee;Brazilian Sm;Lower Manhattan
5.00;2;2;202306;Jun;Sat;Night;Low;Tea;Brewed Black tea;English Breakfast Rg;Hell's Kitchen
22.50;1;1;202306;Jun;Sat;Night;Med;Coffee beans;Organic Beans;Organic Decaf Blend;Hell's Kitchen
4.25;1;1;202306;Jun;Sat;Night;Low;Coffee;Barista Espresso;Latte Rg;Hell's Kitchen
45.00;1;1;202306;Jun;Sat;Night;High;Coffee beans;Premium Beans;Civet Cat;Hell's Kitchen
2.20;1;1;202306;Jun;Sat;Night;Low;Coffee;Gourmet brewed coffee;Ethiopia Sm;Hell's Kitchen
7.00;2;1;202306;Jun;Sat;Night;Low;Coffee;Organic brewed coffee;Brazilian Lg;Hell's Kitchen
1.60;2;1;202306;Jun;Sat;Night;Low;Flavours;Regular syrup;Hazelnut syrup;Lower Manhattan
6.50;2;2;202306;Jun;Sat;Night;Low;Bakery;Scone;Cranberry Scone;Lower Manhattan
6.00;2;1;202306;Jun;Sat;Night;Low;Tea;Brewed herbal tea;Lemon Grass Lg;Hell's Kitchen
3.00;1;1;202306;Jun;Sat;Night;Low;Coffee;Gourmet brewed coffee;Columbian Medium Roast Lg;Hell's Kitchen
7.50;2;2;202306;Jun;Sat;Night;Low;Bakery;Pastry;Almond Croissant;Lower Manhattan
3.00;1;1;202306;Jun;Sat;Night;Low;Coffee;Gourmet brewed coffee;Columbian Medium Roast Lg;Lower Manhattan
8.50;2;1;202306;Jun;Sat;Night;Low;Coffee;Barista Espresso;Cappuccino Lg;Hell's Kitchen
3.50;1;1;202306;Jun;Sat;Night;Low;Bakery;Pastry;Croissant;Hell's Kitchen
8.95;1;1;202306;Jun;Sat;Morning;Low;Loose Tea;Black tea;Earl Grey;Astoria
24.00;2;2;202306;Jun;Sat;Morning;Med;Branded;Housewares;I Need My Bean! Diner mug;Astoria
7.60;1;1;202306;Jun;Sat;Morning;Low;Packaged Chocolate;Organic Chocolate;Sustainably Grown Organic;Astoria
17.90;2;2;202306;Jun;Sat;Morning;Low;Loose Tea;Black tea;Earl Grey;Hell's Kitchen
56.00;2;2;202306;Jun;Sat;Morning;High;Branded;Clothing;I Need My Bean! T-shirt;Astoria
29.50;2;2;202306;Jun;Sat;Morning;Med;Coffee beans;Espresso Beans;Espresso Roast;Astoria
1080.00;24;3;202306;Jun;Sat;Morning;very high;Coffee beans;Premium Beans;Civet Cat;Hell's Kitchen
10.00;1;1;202306;Jun;Sat;Morning;Low;Coffee beans;Green beans;Guatemalan Sustainably Grown;Lower Manhattan
10.95;1;1;202306;Jun;Sat;Morning;Low;Loose Tea;Chai tea;Spicy Eye Opener Chai;Lower Manhattan
9.25;1;1;202306;Jun;Sat;Morning;Low;Loose Tea;Green tea;Serenity Green Tea;Astoria
17.90;2;2;202306;Jun;Sat;Morning;Low;Loose Tea;Black tea;English Breakfast;Lower Manhattan
20.45;1;1;202306;Jun;Sat;Morning;very high;Coffee beans;Espresso Beans;Primo Espresso Roast;Astoria
18.00;1;1;202306;Jun;Sat;Morning;Low;Coffee beans;House blend Beans;Our Old Time Diner Blend;Lower Manhattan
22.50;1;1;202306;Jun;Sat;Morning;Med;Coffee beans;Organic Beans;Organic Decaf Blend;Astoria
18.00;1;1;202306;Jun;Sat;Afternoon;Low;Coffee beans;House blend Beans;Our Old Time Diner Blend;Hell's Kitchen
28.00;1;1;202306;Jun;Sat;Afternoon;Med;Branded;Clothing;I Need My Bean! T-shirt;Lower Manhattan
3.75;1;1;202306;Jun;Sat;Afternoon;Low;Bakery;Pastry;Chocolate Croissant;Lower Manhattan
39.50;2;2;202306;Jun;Sat;Afternoon;Med;Coffee beans;Premium Beans;Jamacian Coffee River;Hell's Kitchen
8.95;1;1;202306;Jun;Sat;Afternoon;Low;Loose Tea;Herbal tea;Lemon Grass;Lower Manhattan
45.00;2;2;202306;Jun;Sat;Afternoon;High;Coffee beans;Organic Beans;Organic Decaf Blend;Hell's Kitchen
18.90;6;5;202306;Jun;Sat;Afternoon;Low;Bakery;Scone;Ginger Scone;Hell's Kitchen
28.00;1;1;202306;Jun;Sat;Afternoon;Med;Branded;Clothing;I Need My Bean! T-shirt;Astoria
1.60;2;1;202306;Jun;Sat;Afternoon;Low;Flavours;Regular syrup;Hazelnut syrup;Lower Manhattan
1.60;2;2;202306;Jun;Sat;Evening;Low;Flavours;Regular syrup;Carmel syrup;Lower Manhattan
21.00;1;1;202306;Jun;Sat;Evening;Med;Coffee beans;Gourmet Beans;Ethiopia;Lower Manhattan
14.00;1;1;202306;Jun;Sat;Evening;Low;Branded;Housewares;I Need My Bean! Latte cup;Lower Manhattan
13.00;4;4;202306;Jun;Sat;Evening;Low;Bakery;Scone;Cranberry Scone;Lower Manhattan
2.40;3;2;202306;Jun;Sat;Evening;Low;Flavours;Regular syrup;Hazelnut syrup;Lower Manhattan
9.00;2;2;202306;Jun;Sat;Evening;Low;Bakery;Scone;Scottish Cream Scone ;Lower Manhattan
21.00;1;1;202306;Jun;Sat;Evening;Med;Coffee beans;Gourmet Beans;Ethiopia;Astoria
3.75;1;1;202306;Jun;Sat;Evening;Low;Drinking Chocolate;Hot chocolate;Sustainably Grown Organic Rg;Lower Manhattan
9.75;3;3;202306;Jun;Sat;Evening;Low;Bakery;Biscotti;Hazelnut Biscotti;Lower Manhattan
0.80;1;1;202306;Jun;Sat;Evening;Low;Flavours;Regular syrup;Carmel syrup;Hell's Kitchen
28.00;1;1;202306;Jun;Sat;Evening;Med;Branded;Clothing;I Need My Bean! T-shirt;Astoria
18.00;1;1;202306;Jun;Sat;Evening;Low;Coffee beans;Organic Beans;Brazilian - Organic;Lower Manhattan
9.50;1;1;202306;Jun;Sat;Evening;Low;Loose Tea;Chai tea;Morning Sunrise Chai;Astoria
0.80;1;1;202306;Jun;Sat;Evening;Low;Flavours;Regular syrup;Carmel syrup;Astoria
12.50;5;3;202306;Jun;Sun;Night;Low;Tea;Brewed Black tea;English Breakfast Rg;Lower Manhattan
25.20;9;4;202306;Jun;Sun;Night;Med;Coffee;Barista Espresso;Ouro Brasileiro shot;Lower Manhattan
7.60;1;1;202306;Jun;Sun;Night;Low;Packaged Chocolate;Organic Chocolate;Sustainably Grown Organic;Lower Manhattan
15.00;1;1;202306;Jun;Sun;Night;Low;Coffee beans;Gourmet Beans;Columbian Medium Roast;Lower Manhattan
3.00;1;1;202306;Jun;Sun;Night;Low;Tea;Brewed Black tea;English Breakfast Lg;Lower Manhattan
3.75;1;1;202306;Jun;Sun;Night;Low;Bakery;Scone;Jumbo Savory Scone;Lower Manhattan
3.25;1;1;202306;Jun;Sun;Night;Low;Bakery;Scone;Cranberry Scone;Lower Manhattan
7.65;3;2;202306;Jun;Sun;Night;Low;Tea;Brewed Chai tea;Spicy Eye Opener Chai Rg;Lower Manhattan
6.20;2;2;202306;Jun;Sun;Night;Low;Tea;Brewed Chai tea;Spicy Eye Opener Chai Lg;Lower Manhattan
6.00;2;1;202306;Jun;Sun;Night;Low;Coffee;Gourmet brewed coffee;Ethiopia Rg;Hell's Kitchen
7.00;2;2;202306;Jun;Sun;Night;Low;Coffee;Gourmet brewed coffee;Ethiopia Lg;Hell's Kitchen
0.80;1;1;202306;Jun;Sun;Night;Low;Flavours;Sugar free syrup;Sugar Free Vanilla syrup;Hell's Kitchen
1.60;2;2;202306;Jun;Sun;Night;Low;Flavours;Regular syrup;Carmel syrup;Lower Manhattan
13.20;6;3;202306;Jun;Sun;Night;Low;Coffee;Gourmet brewed coffee;Ethiopia Sm;Lower Manhattan
6.50;2;2;202306;Jun;Sun;Night;Low;Bakery;Scone;Ginger Scone;Hell's Kitchen
6.40;1;1;202306;Jun;Sun;Night;Low;Packaged Chocolate;Drinking Chocolate;Dark chocolate;Lower Manhattan
14.00;4;2;202306;Jun;Sun;Night;Low;Coffee;Organic brewed coffee;Brazilian Lg;Hell's Kitchen
4.00;2;2;202306;Jun;Sun;Night;Low;Coffee;Drip coffee;Our Old Time Diner Blend Sm;Hell's Kitchen
18.00;1;1;202306;Jun;Sun;Night;Low;Coffee beans;House blend Beans;Our Old Time Diner Blend;Hell's Kitchen
14.00;1;1;202306;Jun;Sun;Night;Low;Branded;Housewares;I Need My Bean! Latte cup;Lower Manhattan
3.75;1;1;202306;Jun;Sun;Night;Low;Coffee;Premium brewed coffee;Jamaican Coffee River Lg;Hell's Kitchen
6.00;2;1;202306;Jun;Sun;Night;Low;Tea;Brewed Black tea;English Breakfast Lg;Hell's Kitchen
11.00;5;3;202306;Jun;Sun;Night;Low;Coffee;Organic brewed coffee;Brazilian Sm;Hell's Kitchen
6.00;2;1;202306;Jun;Sun;Night;Low;Tea;Brewed Black tea;Earl Grey Lg;Lower Manhattan
9.00;2;1;202306;Jun;Sun;Night;Low;Drinking Chocolate;Hot chocolate;Dark chocolate Lg;Hell's Kitchen
3.50;1;1;202306;Jun;Sun;Night;Low;Bakery;Pastry;Croissant;Hell's Kitchen
8.95;1;1;202306;Jun;Sun;Night;Low;Loose Tea;Black tea;Earl Grey;Lower Manhattan
24.00;2;2;202306;Jun;Sun;Morning;Med;Branded;Housewares;I Need My Bean! Diner mug;Lower Manhattan
22.50;6;6;202306;Jun;Sun;Morning;Med;Bakery;Scone;Jumbo Savory Scone;Astoria
13.33;1;1;202306;Jun;Sun;Morning;Low;Packaged Chocolate;Drinking Chocolate;Chili Mayan;Lower Manhattan
28.00;2;2;202306;Jun;Sun;Morning;Med;Branded;Housewares;I Need My Bean! Latte cup;Lower Manhattan
8.95;1;1;202306;Jun;Sun;Morning;Low;Loose Tea;Herbal tea;Peppermint;Astoria
28.00;8;8;202306;Jun;Sun;Morning;Med;Bakery;Biscotti;Chocolate Chip Biscotti;Astoria
26.85;3;3;202306;Jun;Sun;Morning;Med;Loose Tea;Herbal tea;Lemon Grass;Astoria
30.00;2;2;202306;Jun;Sun;Morning;Med;Coffee beans;Gourmet Beans;Columbian Medium Roast;Hell's Kitchen
44.75;5;5;202306;Jun;Sun;Morning;High;Loose Tea;Herbal tea;Lemon Grass;Hell's Kitchen
21.90;2;2;202306;Jun;Sun;Morning;Med;Loose Tea;Chai tea;Spicy Eye Opener Chai;Hell's Kitchen
8.95;1;1;202306;Jun;Sun;Morning;Low;Loose Tea;Black tea;Earl Grey;Astoria
14.75;1;1;202306;Jun;Sun;Morning;Low;Coffee beans;Espresso Beans;Espresso Roast;Hell's Kitchen
45.00;1;1;202306;Jun;Sun;Morning;High;Coffee beans;Premium Beans;Civet Cat;Lower Manhattan
17.90;2;2;202306;Jun;Sun;Morning;Low;Loose Tea;Chai tea;Traditional Blend Chai;Hell's Kitchen
45.00;1;1;202306;Jun;Sun;Morning;High;Coffee beans;Premium Beans;Civet Cat;Hell's Kitchen
8.95;1;1;202306;Jun;Sun;Morning;Low;Loose Tea;Herbal tea;Lemon Grass;Lower Manhattan
18.00;1;1;202306;Jun;Sun;Morning;Low;Coffee beans;House blend Beans;Our Old Time Diner Blend;Astoria
54.00;3;3;202306;Jun;Sun;Morning;High;Coffee beans;House blend Beans;Our Old Time Diner Blend;Lower Manhattan
18.00;1;1;202306;Jun;Sun;Morning;Low;Coffee beans;House blend Beans;Our Old Time Diner Blend;Hell's Kitchen
9.50;1;1;202306;Jun;Sun;Morning;Low;Loose Tea;Chai tea;Morning Sunrise Chai;Hell's Kitchen
21.00;1;1;202306;Jun;Sun;Afternoon;Med;Coffee beans;Gourmet Beans;Ethiopia;Lower Manhattan
8.95;1;1;202306;Jun;Sun;Afternoon;Low;Loose Tea;Black tea;English Breakfast;Astoria
20.45;1;1;202306;Jun;Sun;Afternoon;very high;Coffee beans;Espresso Beans;Primo Espresso Roast;Lower Manhattan
6.50;2;2;202306;Jun;Sun;Afternoon;Low;Bakery;Scone;Ginger Scone;Astoria
0.80;1;1;202306;Jun;Sun;Afternoon;Low;Flavours;Regular syrup;Hazelnut syrup;Hell's Kitchen
30.00;2;2;202306;Jun;Sun;Afternoon;Med;Coffee beans;Gourmet Beans;Columbian Medium Roast;Lower Manhattan
1.60;2;2;202306;Jun;Sun;Afternoon;Low;Flavours;Regular syrup;Carmel syrup;Lower Manhattan
13.33;1;1;202306;Jun;Sun;Afternoon;Low;Packaged Chocolate;Drinking Chocolate;Chili Mayan;Astoria
28.00;2;2;202306;Jun;Sun;Afternoon;Med;Branded;Housewares;I Need My Bean! Latte cup;Lower Manhattan
10.95;1;1;202306;Jun;Sun;Afternoon;Low;Loose Tea;Chai tea;Spicy Eye Opener Chai;Lower Manhattan
15.20;2;2;202306;Jun;Sun;Afternoon;Low;Packaged Chocolate;Organic Chocolate;Sustainably Grown Organic;Lower Manhattan
14.00;1;1;202306;Jun;Sun;Evening;Low;Branded;Housewares;I Need My Bean! Latte cup;Hell's Kitchen
2.40;3;2;202306;Jun;Sun;Evening;Low;Flavours;Sugar free syrup;Sugar Free Vanilla syrup;Hell's Kitchen
4.40;2;2;202306;Jun;Sun;Evening;Low;Coffee;Organic brewed coffee;Brazilian Sm;Lower Manhattan
10.00;4;3;202306;Jun;Sun;Evening;Low;Coffee;Drip coffee;Our Old Time Diner Blend Rg;Lower Manhattan
4.00;5;4;202306;Jun;Sun;Evening;Low;Flavours;Regular syrup;Carmel syrup;Lower Manhattan
14.00;4;2;202306;Jun;Sun;Evening;Low;Coffee;Gourmet brewed coffee;Ethiopia Lg;Lower Manhattan
12.50;5;4;202306;Jun;Sat;Night;Low;Coffee;Gourmet brewed coffee;Columbian Medium Roast Rg;Hell's Kitchen
12.00;4;2;202306;Jun;Sat;Night;Low;Coffee;Organic brewed coffee;Brazilian Rg;Hell's Kitchen
15.00;1;1;202306;Jun;Sun;Morning;Low;Coffee beans;Gourmet Beans;Columbian Medium Roast;Lower Manhattan
4.80;6;3;202306;Jun;Sun;Evening;Low;Flavours;Regular syrup;Chocolate syrup;Lower Manhattan
10.50;3;3;202306;Jun;Sun;Evening;Low;Bakery;Biscotti;Chocolate Chip Biscotti;Astoria
9.50;1;1;202306;Jun;Sun;Evening;Low;Loose Tea;Chai tea;Morning Sunrise Chai;Astoria
18.60;6;4;202306;Jun;Sun;Evening;Low;Tea;Brewed Chai tea;Spicy Eye Opener Chai Lg;Lower Manhattan
20.45;1;1;202306;Jun;Sun;Evening;very high;Coffee beans;Espresso Beans;Primo Espresso Roast;Astoria
21.00;1;1;202306;Jun;Sun;Evening;Med;Coffee beans;Gourmet Beans;Ethiopia;Astoria
22.50;1;1;202306;Jun;Sun;Evening;Med;Coffee beans;Organic Beans;Organic Decaf Blend;Astoria
10.00;1;1;202306;Jun;Sun;Evening;Low;Coffee beans;Green beans;Guatemalan Sustainably Grown;Astoria
19.75;1;1;202306;Jun;Sun;Evening;Low;Coffee beans;Premium Beans;Jamacian Coffee River;Lower Manhattan
12.00;1;1;202306;Jun;Sun;Evening;Low;Branded;Housewares;I Need My Bean! Diner mug;Lower Manhattan
18.00;1;1;202306;Jun;Sun;Evening;Low;Coffee beans;Organic Beans;Brazilian - Organic;Hell's Kitchen
14.75;1;1;202306;Jun;Sun;Evening;Low;Coffee beans;Espresso Beans;Espresso Roast;Astoria
8.95;1;1;202306;Jun;Sun;Evening;Low;Loose Tea;Black tea;Earl Grey;Hell's Kitchen
28.00;1;1;202306;Jun;Sun;Evening;Med;Branded;Clothing;I Need My Bean! T-shirt;Astoria
21.00;7;4;202306;Jun;Mon;Night;Med;Coffee;Gourmet brewed coffee;Ethiopia Rg;Lower Manhattan
5.00;2;1;202306;Jun;Mon;Night;Low;Coffee;Drip coffee;Our Old Time Diner Blend Rg;Lower Manhattan
7.65;3;2;202306;Jun;Mon;Night;Low;Tea;Brewed Chai tea;Spicy Eye Opener Chai Rg;Lower Manhattan
28.00;8;3;202306;Jun;Mon;Night;Med;Coffee;Gourmet brewed coffee;Ethiopia Lg;Lower Manhattan
12.40;4;3;202306;Jun;Mon;Night;Low;Coffee;Premium brewed coffee;Jamaican Coffee River Rg;Lower Manhattan
4.00;2;2;202306;Jun;Mon;Night;Low;Coffee;Gourmet brewed coffee;Columbian Medium Roast Sm;Lower Manhattan
22.50;9;5;202306;Jun;Mon;Night;Med;Tea;Brewed herbal tea;Peppermint Rg;Lower Manhattan
15.00;5;3;202306;Jun;Mon;Night;Low;Tea;Brewed Chai tea;Traditional Blend Chai Lg;Lower Manhattan
7.00;2;1;202306;Jun;Mon;Night;Low;Coffee;Organic brewed coffee;Brazilian Lg;Lower Manhattan
3.50;1;1;202306;Jun;Mon;Night;Low;Bakery;Biscotti;Ginger Biscotti;Lower Manhattan
11.25;3;2;202306;Jun;Mon;Night;Low;Coffee;Barista Espresso;Cappuccino;Lower Manhattan
7.00;2;2;202306;Jun;Mon;Night;Low;Bakery;Biscotti;Chocolate Chip Biscotti;Hell's Kitchen
9.00;3;2;202306;Jun;Mon;Night;Low;Tea;Brewed herbal tea;Lemon Grass Lg;Hell's Kitchen
7.00;2;2;202306;Jun;Mon;Night;Low;Bakery;Biscotti;Ginger Biscotti;Hell's Kitchen
9.00;3;2;202306;Jun;Mon;Night;Low;Coffee;Gourmet brewed coffee;Columbian Medium Roast Lg;Lower Manhattan
3.75;1;1;202306;Jun;Mon;Night;Low;Drinking Chocolate;Hot chocolate;Sustainably Grown Organic Rg;Hell's Kitchen
7.00;2;2;202306;Jun;Mon;Night;Low;Bakery;Pastry;Croissant;Hell's Kitchen
15.00;6;3;202306;Jun;Mon;Night;Low;Tea;Brewed Green tea;Serenity Green Tea Rg;Hell's Kitchen
6.00;3;2;202306;Jun;Mon;Night;Low;Coffee;Drip coffee;Our Old Time Diner Blend Sm;Hell's Kitchen
1.60;2;2;202306;Jun;Mon;Night;Low;Flavours;Regular syrup;Chocolate syrup;Lower Manhattan
12.00;4;2;202306;Jun;Mon;Night;Low;Tea;Brewed herbal tea;Lemon Grass Lg;Lower Manhattan
18.00;6;3;202306;Jun;Mon;Night;Low;Coffee;Organic brewed coffee;Brazilian Rg;Lower Manhattan
9.75;3;3;202306;Jun;Mon;Night;Low;Bakery;Scone;Cranberry Scone;Lower Manhattan
15.00;4;2;202306;Jun;Mon;Night;Low;Coffee;Barista Espresso;Latte;Hell's Kitchen
4.00;5;3;202306;Jun;Mon;Night;Low;Flavours;Regular syrup;Hazelnut syrup;Hell's Kitchen
13.33;1;1;202306;Jun;Mon;Night;Low;Packaged Chocolate;Drinking Chocolate;Chili Mayan;Hell's Kitchen
10.00;1;1;202306;Jun;Mon;Night;Low;Coffee beans;Green beans;Guatemalan Sustainably Grown;Hell's Kitchen
3.25;1;1;202306;Jun;Mon;Night;Low;Bakery;Biscotti;Hazelnut Biscotti;Lower Manhattan
2.50;1;1;202306;Jun;Mon;Night;Low;Tea;Brewed Chai tea;Morning Sunrise Chai Rg;Hell's Kitchen
28.50;6;3;202306;Jun;Mon;Night;Med;Drinking Chocolate;Hot chocolate;Sustainably Grown Organic Lg;Lower Manhattan
5.00;2;2;202306;Jun;Mon;Night;Low;Tea;Brewed Green tea;Serenity Green Tea Rg;Lower Manhattan
4.90;2;2;202306;Jun;Mon;Night;Low;Coffee;Premium brewed coffee;Jamaican Coffee River Sm;Hell's Kitchen
9.00;2;1;202306;Jun;Mon;Night;Low;Drinking Chocolate;Hot chocolate;Dark chocolate Lg;Hell's Kitchen
40.90;2;2;202306;Jun;Mon;Night;very high;Coffee beans;Espresso Beans;Primo Espresso Roast;Hell's Kitchen
40.00;16;11;202306;Jun;Mon;Morning;Med;Tea;Brewed Black tea;English Breakfast Rg;Astoria
14.00;1;1;202306;Jun;Mon;Morning;Low;Branded;Housewares;I Need My Bean! Latte cup;Hell's Kitchen
56.00;16;11;202306;Jun;Mon;Morning;High;Coffee;Organic brewed coffee;Brazilian Lg;Hell's Kitchen
15.20;2;2;202306;Jun;Mon;Morning;Low;Packaged Chocolate;Organic Chocolate;Sustainably Grown Organic;Hell's Kitchen
6.40;8;5;202306;Jun;Mon;Morning;Low;Flavours;Regular syrup;Hazelnut syrup;Astoria
42.00;2;2;202306;Jun;Mon;Morning;High;Coffee beans;Gourmet Beans;Ethiopia;Lower Manhattan
22.50;1;1;202306;Jun;Mon;Morning;Med;Coffee beans;Organic Beans;Organic Decaf Blend;Astoria
39.00;13;8;202306;Jun;Mon;Morning;Med;Tea;Brewed Chai tea;Traditional Blend Chai Lg;Astoria
56.00;2;2;202306;Jun;Mon;Morning;High;Branded;Clothing;I Need My Bean! T-shirt;Lower Manhattan
13.33;1;1;202306;Jun;Mon;Morning;Low;Packaged Chocolate;Drinking Chocolate;Chili Mayan;Astoria
15.00;1;1;202306;Jun;Mon;Morning;Low;Coffee beans;Gourmet Beans;Columbian Medium Roast;Astoria
29.50;2;2;202306;Jun;Mon;Morning;Med;Coffee beans;Espresso Beans;Espresso Roast;Hell's Kitchen
41.25;11;11;202306;Jun;Mon;Morning;High;Bakery;Scone;Jumbo Savory Scone;Hell's Kitchen
56.00;2;2;202306;Jun;Mon;Morning;High;Branded;Clothing;I Need My Bean! T-shirt;Astoria
60.00;20;12;202306;Jun;Mon;Morning;High;Tea;Brewed herbal tea;Peppermint Lg;Astoria
17.90;2;2;202306;Jun;Mon;Morning;Low;Loose Tea;Black tea;Earl Grey;Hell's Kitchen
17.90;2;2;202306;Jun;Mon;Morning;Low;Loose Tea;Black tea;English Breakfast;Astoria
10.00;1;1;202306;Jun;Mon;Morning;Low;Coffee beans;Green beans;Guatemalan Sustainably Grown;Astoria
63.00;3;3;202306;Jun;Mon;Morning;very high;Coffee beans;Gourmet Beans;Ethiopia;Astoria
22.50;5;5;202306;Jun;Mon;Morning;Med;Bakery;Scone;Scottish Cream Scone ;Astoria
9.25;1;1;202306;Jun;Mon;Morning;Low;Loose Tea;Green tea;Serenity Green Tea;Astoria
42.00;3;3;202306;Jun;Mon;Morning;High;Branded;Housewares;I Need My Bean! Latte cup;Astoria
19.75;1;1;202306;Jun;Mon;Morning;Low;Coffee beans;Premium Beans;Jamacian Coffee River;Astoria
22.50;1;1;202306;Jun;Mon;Morning;Med;Coffee beans;Organic Beans;Organic Decaf Blend;Hell's Kitchen
8.95;1;1;202306;Jun;Mon;Morning;Low;Loose Tea;Herbal tea;Lemon Grass;Hell's Kitchen
10.95;1;1;202306;Jun;Mon;Morning;Low;Loose Tea;Chai tea;Spicy Eye Opener Chai;Astoria
45.00;1;1;202306;Jun;Mon;Morning;High;Coffee beans;Premium Beans;Civet Cat;Astoria
5.00;2;1;202306;Jun;Mon;Night;Low;Coffee;Gourmet brewed coffee;Columbian Medium Roast Rg;Astoria
26.00;8;8;202306;Jun;Mon;Afternoon;Med;Bakery;Scone;Ginger Scone;Hell's Kitchen
8.95;1;1;202306;Jun;Mon;Afternoon;Low;Loose Tea;Black tea;Earl Grey;Hell's Kitchen
4.00;5;4;202306;Jun;Mon;Afternoon;Low;Flavours;Regular syrup;Chocolate syrup;Lower Manhattan
12.00;1;1;202306;Jun;Mon;Afternoon;Low;Branded;Housewares;I Need My Bean! Diner mug;Lower Manhattan
19.00;2;2;202306;Jun;Mon;Afternoon;Low;Loose Tea;Chai tea;Morning Sunrise Chai;Hell's Kitchen
9.00;3;2;202306;Jun;Mon;Afternoon;Low;Coffee;Gourmet brewed coffee;Columbian Medium Roast Lg;Astoria
28.00;1;1;202306;Jun;Mon;Afternoon;Med;Branded;Clothing;I Need My Bean! T-shirt;Astoria
0.80;1;1;202306;Jun;Mon;Afternoon;Low;Flavours;Regular syrup;Hazelnut syrup;Astoria
18.00;1;1;202306;Jun;Mon;Afternoon;Low;Coffee beans;Organic Beans;Brazilian - Organic;Astoria
36.00;2;2;202306;Jun;Mon;Afternoon;Med;Coffee beans;Organic Beans;Brazilian - Organic;Lower Manhattan
14.00;1;1;202306;Jun;Mon;Afternoon;Low;Branded;Housewares;I Need My Bean! Latte cup;Lower Manhattan
30.00;10;7;202306;Jun;Mon;Evening;Med;Coffee;Barista Espresso;Espresso shot;Hell's Kitchen
12.00;1;1;202306;Jun;Mon;Evening;Low;Branded;Housewares;I Need My Bean! Diner mug;Hell's Kitchen
2.50;1;1;202306;Jun;Mon;Evening;Low;Coffee;Gourmet brewed coffee;Columbian Medium Roast Rg;Lower Manhattan
8.95;1;1;202306;Jun;Mon;Evening;Low;Loose Tea;Chai tea;Traditional Blend Chai;Lower Manhattan
56.00;2;2;202306;Jun;Mon;Evening;High;Branded;Clothing;I Need My Bean! T-shirt;Lower Manhattan
90.00;2;2;202306;Jun;Mon;Evening;very high;Coffee beans;Premium Beans;Civet Cat;Astoria
28.00;1;1;202306;Jun;Mon;Evening;Med;Branded;Clothing;I Need My Bean! T-shirt;Astoria
20.45;1;1;202306;Jun;Mon;Evening;very high;Coffee beans;Espresso Beans;Primo Espresso Roast;Hell's Kitchen
2.40;3;2;202306;Jun;Mon;Evening;Low;Flavours;Regular syrup;Chocolate syrup;Hell's Kitchen
40.90;2;2;202306;Jun;Mon;Evening;very high;Coffee beans;Espresso Beans;Primo Espresso Roast;Astoria
21.00;1;1;202306;Jun;Mon;Evening;Med;Coffee beans;Gourmet Beans;Ethiopia;Astoria
45.00;1;1;202306;Jun;Tue;Morning;High;Coffee beans;Premium Beans;Civet Cat;Astoria
8.95;1;1;202306;Jun;Tue;Morning;Low;Loose Tea;Chai tea;Traditional Blend Chai;Astoria
7.60;1;1;202306;Jun;Tue;Morning;Low;Packaged Chocolate;Organic Chocolate;Sustainably Grown Organic;Astoria
27.75;3;3;202306;Jun;Tue;Morning;Med;Loose Tea;Green tea;Serenity Green Tea;Hell's Kitchen
26.85;3;3;202306;Jun;Tue;Morning;Med;Loose Tea;Herbal tea;Lemon Grass;Astoria
41.80;19;14;202306;Jun;Tue;Morning;High;Coffee;Organic brewed coffee;Brazilian Sm;Astoria
18.00;1;1;202306;Jun;Tue;Morning;Low;Coffee beans;House blend Beans;Our Old Time Diner Blend;Astoria
14.00;1;1;202306;Jun;Tue;Morning;Low;Branded;Housewares;I Need My Bean! Latte cup;Hell's Kitchen
19.75;1;1;202306;Jun;Tue;Morning;Low;Coffee beans;Premium Beans;Jamacian Coffee River;Astoria
40.90;2;2;202306;Jun;Tue;Morning;very high;Coffee beans;Espresso Beans;Primo Espresso Roast;Astoria
8.95;1;1;202306;Jun;Tue;Morning;Low;Loose Tea;Herbal tea;Lemon Grass;Hell's Kitchen
42.00;2;2;202306;Jun;Tue;Morning;High;Coffee beans;Gourmet Beans;Ethiopia;Astoria
9.50;1;1;202306;Jun;Tue;Morning;Low;Loose Tea;Chai tea;Morning Sunrise Chai;Astoria
24.00;2;2;202306;Jun;Tue;Morning;Med;Branded;Housewares;I Need My Bean! Diner mug;Lower Manhattan
28.00;1;1;202306;Jun;Tue;Morning;Med;Branded;Clothing;I Need My Bean! T-shirt;Hell's Kitchen
8.95;1;1;202306;Jun;Tue;Morning;Low;Loose Tea;Herbal tea;Lemon Grass;Lower Manhattan
22.50;1;1;202306;Jun;Tue;Morning;Med;Coffee beans;Organic Beans;Organic Decaf Blend;Lower Manhattan
8.95;1;1;202306;Jun;Tue;Morning;Low;Loose Tea;Black tea;English Breakfast;Hell's Kitchen
7.60;1;1;202306;Jun;Tue;Morning;Low;Packaged Chocolate;Organic Chocolate;Sustainably Grown Organic;Lower Manhattan
19.75;1;1;202306;Jun;Tue;Morning;Low;Coffee beans;Premium Beans;Jamacian Coffee River;Lower Manhattan
36.00;2;2;202306;Jun;Tue;Morning;Med;Coffee beans;House blend Beans;Our Old Time Diner Blend;Lower Manhattan
22.50;1;1;202306;Jun;Tue;Afternoon;Med;Coffee beans;Organic Beans;Organic Decaf Blend;Hell's Kitchen
21.90;2;2;202306;Jun;Tue;Afternoon;Med;Loose Tea;Chai tea;Spicy Eye Opener Chai;Lower Manhattan
45.00;2;2;202306;Jun;Tue;Afternoon;High;Coffee beans;Organic Beans;Organic Decaf Blend;Astoria
21.00;6;6;202306;Jun;Tue;Afternoon;Med;Bakery;Biscotti;Chocolate Chip Biscotti;Astoria
3.50;1;1;202306;Jun;Tue;Afternoon;Low;Coffee;Gourmet brewed coffee;Ethiopia Lg;Astoria
5.60;7;5;202306;Jun;Tue;Afternoon;Low;Flavours;Regular syrup;Carmel syrup;Hell's Kitchen
17.90;2;2;202306;Jun;Tue;Afternoon;Low;Loose Tea;Herbal tea;Peppermint;Astoria
9.25;1;1;202306;Jun;Tue;Afternoon;Low;Loose Tea;Green tea;Serenity Green Tea;Astoria
15.00;1;1;202306;Jun;Tue;Afternoon;Low;Coffee beans;Gourmet Beans;Columbian Medium Roast;Astoria
18.00;1;1;202306;Jun;Tue;Afternoon;Low;Coffee beans;Organic Beans;Brazilian - Organic;Astoria
45.00;1;1;202306;Jun;Tue;Afternoon;High;Coffee beans;Premium Beans;Civet Cat;Hell's Kitchen
9.00;3;2;202306;Jun;Tue;Afternoon;Low;Coffee;Gourmet brewed coffee;Ethiopia Rg;Lower Manhattan
45.00;1;1;202306;Jun;Tue;Evening;High;Coffee beans;Premium Beans;Civet Cat;Astoria
24.00;8;3;202306;Jun;Tue;Evening;Med;Tea;Brewed Green tea;Serenity Green Tea Lg;Lower Manhattan
24.00;2;2;202306;Jun;Tue;Evening;Med;Branded;Housewares;I Need My Bean! Diner mug;Lower Manhattan
15.00;5;4;202306;Jun;Tue;Evening;Low;Coffee;Barista Espresso;Espresso shot;Astoria
14.25;3;3;202306;Jun;Tue;Evening;Low;Drinking Chocolate;Hot chocolate;Sustainably Grown Organic Lg;Lower Manhattan
2.40;3;2;202306;Jun;Tue;Evening;Low;Flavours;Regular syrup;Carmel syrup;Lower Manhattan
13.33;1;1;202306;Jun;Tue;Evening;Low;Packaged Chocolate;Drinking Chocolate;Chili Mayan;Astoria
0.80;1;1;202306;Jun;Tue;Evening;Low;Flavours;Sugar free syrup;Sugar Free Vanilla syrup;Astoria
6.40;1;1;202306;Jun;Tue;Evening;Low;Packaged Chocolate;Drinking Chocolate;Dark chocolate;Astoria
6.20;2;2;202306;Jun;Tue;Evening;Low;Coffee;Premium brewed coffee;Jamaican Coffee River Rg;Astoria
9.50;1;1;202306;Jun;Tue;Evening;Low;Loose Tea;Chai tea;Morning Sunrise Chai;Astoria
0.80;1;1;202306;Jun;Tue;Evening;Low;Flavours;Regular syrup;Chocolate syrup;Hell's Kitchen
14.00;1;1;202306;Jun;Tue;Evening;Low;Branded;Housewares;I Need My Bean! Latte cup;Hell's Kitchen
18.00;1;1;202306;Jun;Wed;Morning;Low;Coffee beans;Organic Beans;Brazilian - Organic;Lower Manhattan
8.95;1;1;202306;Jun;Wed;Morning;Low;Loose Tea;Black tea;Earl Grey;Lower Manhattan
9.25;1;1;202306;Jun;Wed;Morning;Low;Loose Tea;Green tea;Serenity Green Tea;Lower Manhattan
13.33;1;1;202306;Jun;Wed;Morning;Low;Packaged Chocolate;Drinking Chocolate;Chili Mayan;Hell's Kitchen
47.00;3;3;202306;Jun;Wed;Morning;High;Branded;Housewares;I Need My Bean! Diner mug;Astoria
28.00;1;1;202306;Jun;Wed;Morning;Med;Branded;Clothing;I Need My Bean! T-shirt;Hell's Kitchen
8.95;1;1;202306;Jun;Wed;Morning;Low;Loose Tea;Black tea;English Breakfast;Hell's Kitchen
21.00;1;1;202306;Jun;Wed;Morning;Med;Coffee beans;Gourmet Beans;Ethiopia;Hell's Kitchen
15.00;1;1;202306;Jun;Wed;Morning;Low;Coffee beans;Gourmet Beans;Columbian Medium Roast;Lower Manhattan
20.45;1;1;202306;Jun;Wed;Morning;very high;Coffee beans;Espresso Beans;Primo Espresso Roast;Astoria
12.00;1;1;202306;Jun;Wed;Morning;Low;Branded;Housewares;I Need My Bean! Diner mug;Hell's Kitchen
9.25;1;1;202306;Jun;Wed;Morning;Low;Loose Tea;Green tea;Serenity Green Tea;Hell's Kitchen
45.00;1;1;202306;Jun;Wed;Afternoon;High;Coffee beans;Premium Beans;Civet Cat;Hell's Kitchen
3.00;1;1;202306;Jun;Wed;Afternoon;Low;Bakery;Scone;Oatmeal Scone;Hell's Kitchen
27.00;9;6;202306;Jun;Wed;Afternoon;Med;Tea;Brewed Black tea;Earl Grey Lg;Lower Manhattan
19.50;6;6;202306;Jun;Wed;Afternoon;Low;Bakery;Scone;Cranberry Scone;Lower Manhattan
27.90;9;7;202306;Jun;Wed;Afternoon;Med;Coffee;Premium brewed coffee;Jamaican Coffee River Rg;Lower Manhattan
33.00;11;6;202306;Jun;Wed;Afternoon;Med;Coffee;Organic brewed coffee;Brazilian Rg;Lower Manhattan
12.50;5;3;202306;Jun;Wed;Afternoon;Low;Tea;Brewed Black tea;Earl Grey Rg;Lower Manhattan
22.00;10;5;202306;Jun;Wed;Afternoon;Med;Coffee;Organic brewed coffee;Brazilian Sm;Lower Manhattan
33.00;11;6;202306;Jun;Wed;Afternoon;Med;Coffee;Barista Espresso;Espresso shot;Lower Manhattan
1.60;2;2;202306;Jun;Wed;Afternoon;Low;Flavours;Regular syrup;Carmel syrup;Lower Manhattan
1.60;2;1;202306;Jun;Wed;Afternoon;Low;Flavours;Regular syrup;Hazelnut syrup;Hell's Kitchen
19.75;1;1;202306;Jun;Wed;Afternoon;Low;Coffee beans;Premium Beans;Jamacian Coffee River;Lower Manhattan
13.50;3;3;202306;Jun;Wed;Afternoon;Low;Drinking Chocolate;Hot chocolate;Dark chocolate Lg;Lower Manhattan
7.60;1;1;202306;Jun;Wed;Afternoon;Low;Packaged Chocolate;Organic Chocolate;Sustainably Grown Organic;Lower Manhattan
1.60;2;1;202306;Jun;Wed;Afternoon;Low;Flavours;Regular syrup;Carmel syrup;Hell's Kitchen
14.00;1;1;202306;Jun;Wed;Afternoon;Low;Branded;Housewares;I Need My Bean! Latte cup;Hell's Kitchen
17.50;7;4;202306;Jun;Wed;Afternoon;Low;Tea;Brewed herbal tea;Lemon Grass Rg;Lower Manhattan
24.00;8;5;202306;Jun;Wed;Afternoon;Med;Tea;Brewed Chai tea;Traditional Blend Chai Lg;Hell's Kitchen
18.00;1;1;202306;Jun;Wed;Afternoon;Low;Coffee beans;House blend Beans;Our Old Time Diner Blend;Astoria
10.50;3;3;202306;Jun;Wed;Afternoon;Low;Bakery;Biscotti;Ginger Biscotti;Lower Manhattan
7.60;1;1;202306;Jun;Wed;Afternoon;Low;Packaged Chocolate;Organic Chocolate;Sustainably Grown Organic;Astoria
15.50;5;3;202306;Jun;Wed;Evening;Low;Coffee;Premium brewed coffee;Jamaican Coffee River Rg;Lower Manhattan
18.75;5;2;202306;Jun;Wed;Evening;Low;Coffee;Barista Espresso;Latte;Lower Manhattan
3.20;4;2;202306;Jun;Wed;Evening;Low;Flavours;Regular syrup;Hazelnut syrup;Lower Manhattan
9.25;1;1;202306;Jun;Wed;Evening;Low;Loose Tea;Green tea;Serenity Green Tea;Lower Manhattan
14.00;4;4;202306;Jun;Wed;Evening;Low;Drinking Chocolate;Hot chocolate;Dark chocolate Rg;Lower Manhattan
6.00;3;3;202306;Jun;Wed;Evening;Low;Coffee;Gourmet brewed coffee;Columbian Medium Roast Sm;Lower Manhattan
22.50;9;5;202306;Jun;Wed;Evening;Med;Tea;Brewed Chai tea;Traditional Blend Chai Rg;Lower Manhattan
1.60;2;1;202306;Jun;Wed;Evening;Low;Flavours;Regular syrup;Carmel syrup;Astoria
30.00;10;6;202306;Jun;Wed;Evening;Med;Tea;Brewed Green tea;Serenity Green Tea Lg;Lower Manhattan
15.00;5;3;202306;Jun;Wed;Evening;Low;Tea;Brewed herbal tea;Peppermint Lg;Lower Manhattan
1.60;2;1;202306;Jun;Wed;Evening;Low;Flavours;Regular syrup;Chocolate syrup;Lower Manhattan
4.00;5;3;202306;Jun;Wed;Evening;Low;Flavours;Sugar free syrup;Sugar Free Vanilla syrup;Hell's Kitchen
10.00;4;3;202306;Jun;Wed;Evening;Low;Tea;Brewed herbal tea;Lemon Grass Rg;Lower Manhattan
30.00;8;4;202306;Jun;Wed;Evening;Med;Coffee;Barista Espresso;Cappuccino;Lower Manhattan
3.50;1;1;202306;Jun;Wed;Evening;Low;Bakery;Pastry;Croissant;Lower Manhattan
1.60;2;1;202306;Jun;Wed;Evening;Low;Flavours;Regular syrup;Hazelnut syrup;Astoria
14.00;1;1;202306;Jun;Wed;Evening;Low;Branded;Housewares;I Need My Bean! Latte cup;Hell's Kitchen
45.00;1;1;202306;Jun;Wed;Evening;High;Coffee beans;Premium Beans;Civet Cat;Hell's Kitchen
8.50;2;1;202306;Jun;Wed;Night;Low;Coffee;Barista Espresso;Latte Rg;Hell's Kitchen
1.60;2;1;202306;Jun;Wed;Night;Low;Flavours;Sugar free syrup;Sugar Free Vanilla syrup;Hell's Kitchen
15.00;5;3;202306;Jun;Thu;Night;Low;Coffee;Drip coffee;Our Old Time Diner Blend Lg;Lower Manhattan
22.50;6;6;202306;Jun;Thu;Night;Med;Bakery;Pastry;Almond Croissant;Lower Manhattan
4.40;2;1;202306;Jun;Thu;Night;Low;Coffee;Gourmet brewed coffee;Ethiopia Sm;Lower Manhattan
6.20;2;1;202306;Jun;Thu;Night;Low;Coffee;Premium brewed coffee;Jamaican Coffee River Rg;Lower Manhattan
3.00;1;1;202306;Jun;Thu;Night;Low;Bakery;Scone;Oatmeal Scone;Lower Manhattan
6.60;3;1;202306;Jun;Thu;Night;Low;Coffee;Organic brewed coffee;Brazilian Sm;Lower Manhattan
3.50;1;1;202306;Jun;Thu;Night;Low;Bakery;Pastry;Croissant;Lower Manhattan
10.50;3;2;202306;Jun;Thu;Night;Low;Drinking Chocolate;Hot chocolate;Dark chocolate Rg;Lower Manhattan
6.00;2;1;202306;Jun;Thu;Night;Low;Tea;Brewed Chai tea;Traditional Blend Chai Lg;Lower Manhattan
8.00;2;2;202306;Jun;Thu;Night;Low;Tea;Brewed Chai tea;Morning Sunrise Chai Lg;Hell's Kitchen
9.50;2;1;202306;Jun;Thu;Night;Low;Drinking Chocolate;Hot chocolate;Sustainably Grown Organic Lg;Hell's Kitchen
5.30;2;1;202306;Jun;Thu;Night;Low;Bakery;Scone;Ginger Scone;Lower Manhattan
3.75;1;1;202306;Jun;Thu;Night;Low;Bakery;Pastry;Chocolate Croissant;Hell's Kitchen
12.00;4;2;202306;Jun;Thu;Night;Low;Coffee;Gourmet brewed coffee;Columbian Medium Roast Lg;Hell's Kitchen
0.80;1;1;202306;Jun;Thu;Night;Low;Flavours;Regular syrup;Carmel syrup;Lower Manhattan
8.50;2;1;202306;Jun;Thu;Night;Low;Coffee;Barista Espresso;Cappuccino Lg;Hell's Kitchen
3.00;1;1;202306;Jun;Thu;Night;Low;Coffee;Gourmet brewed coffee;Ethiopia Rg;Lower Manhattan
3.00;1;1;202306;Jun;Thu;Night;Low;Coffee;Organic brewed coffee;Brazilian Rg;Lower Manhattan
7.50;2;1;202306;Jun;Thu;Night;Low;Drinking Chocolate;Hot chocolate;Sustainably Grown Organic Rg;Lower Manhattan
2.50;1;1;202306;Jun;Thu;Night;Low;Tea;Brewed herbal tea;Peppermint Rg;Hell's Kitchen
3.50;1;1;202306;Jun;Thu;Night;Low;Coffee;Gourmet brewed coffee;Ethiopia Lg;Hell's Kitchen
2.50;1;1;202306;Jun;Thu;Night;Low;Tea;Brewed Chai tea;Traditional Blend Chai Rg;Hell's Kitchen
6.00;2;1;202306;Jun;Thu;Night;Low;Tea;Brewed Black tea;English Breakfast Lg;Hell's Kitchen
8.95;1;1;202306;Jun;Thu;Morning;Low;Loose Tea;Chai tea;Traditional Blend Chai;Lower Manhattan
18.00;1;1;202306;Jun;Thu;Morning;Low;Coffee beans;House blend Beans;Our Old Time Diner Blend;Hell's Kitchen
12.00;1;1;202306;Jun;Thu;Morning;Low;Branded;Housewares;I Need My Bean! Diner mug;Lower Manhattan
9.25;1;1;202306;Jun;Thu;Afternoon;Low;Loose Tea;Green tea;Serenity Green Tea;Lower Manhattan
2.40;3;2;202306;Jun;Thu;Afternoon;Low;Flavours;Sugar free syrup;Sugar Free Vanilla syrup;Lower Manhattan
10.00;1;1;202306;Jun;Thu;Afternoon;Low;Coffee beans;Green beans;Guatemalan Sustainably Grown;Lower Manhattan
15.00;1;1;202306;Jun;Thu;Afternoon;Low;Coffee beans;Gourmet Beans;Columbian Medium Roast;Lower Manhattan
14.75;1;1;202306;Jun;Thu;Afternoon;Low;Coffee beans;Espresso Beans;Espresso Roast;Hell's Kitchen
7.50;2;2;202306;Jun;Thu;Afternoon;Low;Bakery;Scone;Jumbo Savory Scone;Hell's Kitchen
8.80;4;3;202306;Jun;Thu;Evening;Low;Coffee;Organic brewed coffee;Brazilian Sm;Lower Manhattan
0.80;1;1;202306;Jun;Thu;Evening;Low;Flavours;Regular syrup;Chocolate syrup;Lower Manhattan
10.95;1;1;202306;Jun;Thu;Evening;Low;Loose Tea;Chai tea;Spicy Eye Opener Chai;Lower Manhattan
7.60;1;1;202306;Jun;Thu;Evening;Low;Packaged Chocolate;Organic Chocolate;Sustainably Grown Organic;Hell's Kitchen
9.75;3;3;202306;Jun;Thu;Evening;Low;Bakery;Scone;Cranberry Scone;Hell's Kitchen
21.00;1;1;202306;Jun;Thu;Evening;Med;Coffee beans;Gourmet Beans;Ethiopia;Hell's Kitchen
9.00;3;2;202306;Jun;Fri;Night;Low;Tea;Brewed Green tea;Serenity Green Tea Lg;Lower Manhattan
3.50;1;1;202306;Jun;Fri;Night;Low;Coffee;Gourmet brewed coffee;Ethiopia Lg;Lower Manhattan
6.40;8;4;202306;Jun;Fri;Night;Low;Flavours;Sugar free syrup;Sugar Free Vanilla syrup;Lower Manhattan
12.00;6;4;202306;Jun;Fri;Night;Low;Coffee;Gourmet brewed coffee;Columbian Medium Roast Sm;Lower Manhattan
19.00;4;2;202306;Jun;Fri;Night;Low;Drinking Chocolate;Hot chocolate;Sustainably Grown Organic Lg;Lower Manhattan
9.75;3;3;202306;Jun;Fri;Night;Low;Bakery;Scone;Ginger Scone;Hell's Kitchen
10.00;4;3;202306;Jun;Fri;Night;Low;Tea;Brewed Chai tea;Traditional Blend Chai Rg;Hell's Kitchen
6.60;3;2;202306;Jun;Fri;Night;Low;Coffee;Gourmet brewed coffee;Ethiopia Sm;Lower Manhattan
13.50;3;1;202306;Jun;Fri;Night;Low;Drinking Chocolate;Hot chocolate;Dark chocolate Lg;Lower Manhattan
8.95;1;1;202306;Jun;Fri;Night;Low;Loose Tea;Black tea;Earl Grey;Lower Manhattan
9.00;3;2;202306;Jun;Fri;Night;Low;Tea;Brewed herbal tea;Peppermint Lg;Lower Manhattan
30.00;8;3;202306;Jun;Fri;Night;Med;Coffee;Barista Espresso;Cappuccino;Lower Manhattan
3.75;1;1;202306;Jun;Fri;Night;Low;Bakery;Pastry;Almond Croissant;Hell's Kitchen
8.95;1;1;202306;Jun;Fri;Night;Low;Loose Tea;Chai tea;Traditional Blend Chai;Hell's Kitchen
12.00;4;2;202306;Jun;Fri;Night;Low;Tea;Brewed Black tea;English Breakfast Lg;Hell's Kitchen
3.25;1;1;202306;Jun;Fri;Night;Low;Bakery;Biscotti;Hazelnut Biscotti;Hell's Kitchen
7.00;2;2;202306;Jun;Fri;Night;Low;Coffee;Organic brewed coffee;Brazilian Lg;Lower Manhattan
24.00;8;4;202306;Jun;Fri;Night;Med;Tea;Brewed Black tea;English Breakfast Lg;Lower Manhattan
7.50;2;1;202306;Jun;Fri;Night;Low;Coffee;Premium brewed coffee;Jamaican Coffee River Lg;Hell's Kitchen
22.50;9;3;202306;Jun;Fri;Night;Med;Tea;Brewed Green tea;Serenity Green Tea Rg;Lower Manhattan
3.50;1;1;202306;Jun;Fri;Night;Low;Bakery;Biscotti;Chocolate Chip Biscotti;Lower Manhattan
6.00;2;1;202306;Jun;Fri;Night;Low;Coffee;Gourmet brewed coffee;Columbian Medium Roast Lg;Hell's Kitchen
10.50;3;1;202306;Jun;Fri;Night;Low;Drinking Chocolate;Hot chocolate;Dark chocolate Rg;Lower Manhattan
9.25;1;1;202306;Jun;Fri;Night;Low;Loose Tea;Green tea;Serenity Green Tea;Lower Manhattan
15.00;1;1;202306;Jun;Fri;Morning;Low;Coffee beans;Gourmet Beans;Columbian Medium Roast;Lower Manhattan
8.95;1;1;202306;Jun;Fri;Morning;Low;Loose Tea;Chai tea;Traditional Blend Chai;Lower Manhattan
39.50;2;2;202306;Jun;Fri;Morning;Med;Coffee beans;Premium Beans;Jamacian Coffee River;Hell's Kitchen
8.95;1;1;202306;Jun;Fri;Morning;Low;Loose Tea;Black tea;Earl Grey;Hell's Kitchen
18.00;1;1;202306;Jun;Fri;Morning;Low;Coffee beans;Organic Beans;Brazilian - Organic;Hell's Kitchen
10.00;1;1;202306;Jun;Fri;Morning;Low;Coffee beans;Green beans;Guatemalan Sustainably Grown;Hell's Kitchen
26.66;2;2;202306;Jun;Fri;Morning;Med;Packaged Chocolate;Drinking Chocolate;Chili Mayan;Hell's Kitchen
19.00;2;2;202306;Jun;Fri;Morning;Low;Loose Tea;Chai tea;Morning Sunrise Chai;Lower Manhattan
8.95;1;1;202306;Jun;Fri;Morning;Low;Loose Tea;Black tea;Earl Grey;Lower Manhattan
18.00;1;1;202306;Jun;Fri;Afternoon;Low;Coffee beans;House blend Beans;Our Old Time Diner Blend;Hell's Kitchen
18.00;1;1;202306;Jun;Fri;Afternoon;Low;Coffee beans;Organic Beans;Brazilian - Organic;Lower Manhattan
9.50;1;1;202306;Jun;Fri;Afternoon;Low;Loose Tea;Chai tea;Morning Sunrise Chai;Lower Manhattan
3.25;1;1;202306;Jun;Fri;Night;Low;Bakery;Scone;Cranberry Scone;Hell's Kitchen
9.25;1;1;202306;Jun;Fri;Evening;Low;Loose Tea;Green tea;Serenity Green Tea;Lower Manhattan
2.40;3;3;202306;Jun;Fri;Evening;Low;Flavours;Regular syrup;Hazelnut syrup;Lower Manhattan
4.00;5;3;202306;Jun;Fri;Evening;Low;Flavours;Regular syrup;Carmel syrup;Lower Manhattan
3.50;1;1;202306;Jun;Fri;Evening;Low;Bakery;Biscotti;Ginger Biscotti;Lower Manhattan
2.40;3;2;202306;Jun;Fri;Evening;Low;Flavours;Regular syrup;Chocolate syrup;Hell's Kitchen
7.50;2;1;202306;Jun;Sat;Night;Low;Drinking Chocolate;Hot chocolate;Sustainably Grown Organic Rg;Lower Manhattan
2.45;1;1;202306;Jun;Sat;Night;Low;Coffee;Premium brewed coffee;Jamaican Coffee River Sm;Lower Manhattan
10.00;4;3;202306;Jun;Sat;Night;Low;Tea;Brewed herbal tea;Peppermint Rg;Lower Manhattan
28.00;1;1;202306;Jun;Sat;Night;Med;Branded;Clothing;I Need My Bean! T-shirt;Lower Manhattan
7.60;1;1;202306;Jun;Sat;Night;Low;Packaged Chocolate;Organic Chocolate;Sustainably Grown Organic;Lower Manhattan
5.00;2;1;202306;Jun;Sat;Night;Low;Coffee;Drip coffee;Our Old Time Diner Blend Rg;Hell's Kitchen
4.90;2;2;202306;Jun;Sat;Night;Low;Coffee;Premium brewed coffee;Jamaican Coffee River Sm;Hell's Kitchen
3.50;1;1;202306;Jun;Sat;Night;Low;Bakery;Biscotti;Ginger Biscotti;Lower Manhattan
3.00;1;1;202306;Jun;Sat;Night;Low;Coffee;Barista Espresso;Espresso shot;Hell's Kitchen
3.00;1;1;202306;Jun;Sat;Night;Low;Tea;Brewed Green tea;Serenity Green Tea Lg;Hell's Kitchen
18.00;4;2;202306;Jun;Sat;Night;Low;Drinking Chocolate;Hot chocolate;Dark chocolate Lg;Hell's Kitchen
20.45;1;1;202306;Jun;Sat;Morning;very high;Coffee beans;Espresso Beans;Primo Espresso Roast;Hell's Kitchen
10.00;1;1;202306;Jun;Sat;Morning;Low;Coffee beans;Green beans;Guatemalan Sustainably Grown;Hell's Kitchen
21.00;1;1;202306;Jun;Sat;Morning;Med;Coffee beans;Gourmet Beans;Ethiopia;Hell's Kitchen
9.25;1;1;202306;Jun;Sat;Morning;Low;Loose Tea;Green tea;Serenity Green Tea;Hell's Kitchen
8.95;1;1;202306;Jun;Sat;Morning;Low;Loose Tea;Herbal tea;Peppermint;Lower Manhattan
8.50;2;1;202306;Jun;Sat;Night;Low;Coffee;Barista Espresso;Latte Rg;Lower Manhattan
7.50;2;1;202306;Jun;Sat;Afternoon;Low;Drinking Chocolate;Hot chocolate;Sustainably Grown Organic Rg;Hell's Kitchen
14.00;1;1;202306;Jun;Sat;Afternoon;Low;Branded;Housewares;I Need My Bean! Latte cup;Lower Manhattan
5.60;7;4;202306;Jun;Sat;Evening;Low;Flavours;Sugar free syrup;Sugar Free Vanilla syrup;Lower Manhattan
5.00;2;2;202306;Jun;Sat;Evening;Low;Tea;Brewed herbal tea;Peppermint Rg;Astoria
9.25;1;1;202306;Jun;Sat;Evening;Low;Loose Tea;Green tea;Serenity Green Tea;Lower Manhattan
7.00;2;2;202306;Jun;Sat;Evening;Low;Bakery;Biscotti;Ginger Biscotti;Astoria
7.60;1;1;202306;Jun;Sat;Evening;Low;Packaged Chocolate;Organic Chocolate;Sustainably Grown Organic;Lower Manhattan
22.50;1;1;202306;Jun;Sat;Evening;Med;Coffee beans;Organic Beans;Organic Decaf Blend;Hell's Kitchen
8.95;1;1;202306;Jun;Sat;Evening;Low;Loose Tea;Black tea;Earl Grey;Hell's Kitchen
8.95;1;1;202306;Jun;Sun;Night;Low;Loose Tea;Herbal tea;Lemon Grass;Lower Manhattan
10.00;1;1;202306;Jun;Sun;Night;Low;Coffee beans;Green beans;Guatemalan Sustainably Grown;Lower Manhattan
6.00;2;1;202306;Jun;Sun;Night;Low;Tea;Brewed herbal tea;Lemon Grass Lg;Hell's Kitchen
11.25;3;1;202306;Jun;Sun;Night;Low;Coffee;Barista Espresso;Cappuccino;Lower Manhattan
3.10;1;1;202306;Jun;Sun;Night;Low;Coffee;Premium brewed coffee;Jamaican Coffee River Rg;Lower Manhattan
3.00;1;1;202306;Jun;Sun;Night;Low;Tea;Brewed Chai tea;Traditional Blend Chai Lg;Hell's Kitchen
4.00;1;1;202306;Jun;Sun;Night;Low;Tea;Brewed Chai tea;Morning Sunrise Chai Lg;Hell's Kitchen
8.95;1;1;202306;Jun;Sun;Night;Low;Loose Tea;Chai tea;Traditional Blend Chai;Lower Manhattan
2.10;1;1;202306;Jun;Sun;Night;Low;Coffee;Barista Espresso;Ouro Brasileiro shot;Hell's Kitchen
2.50;1;1;202306;Jun;Sun;Night;Low;Tea;Brewed Black tea;Earl Grey Rg;Hell's Kitchen
2.50;1;1;202306;Jun;Sun;Night;Low;Tea;Brewed Chai tea;Morning Sunrise Chai Rg;Hell's Kitchen
3.75;1;1;202306;Jun;Sun;Night;Low;Drinking Chocolate;Hot chocolate;Sustainably Grown Organic Rg;Hell's Kitchen
3.00;1;1;202306;Jun;Sun;Night;Low;Tea;Brewed herbal tea;Peppermint Lg;Hell's Kitchen
3.75;1;1;202306;Jun;Sun;Night;Low;Bakery;Pastry;Almond Croissant;Hell's Kitchen
9.25;1;1;202306;Jun;Sun;Morning;Low;Loose Tea;Green tea;Serenity Green Tea;Lower Manhattan
56.00;2;2;202306;Jun;Sun;Morning;High;Branded;Clothing;I Need My Bean! T-shirt;Lower Manhattan
21.00;1;1;202306;Jun;Sun;Morning;Med;Coffee beans;Gourmet Beans;Ethiopia;Hell's Kitchen
21.00;1;1;202306;Jun;Sun;Morning;Med;Coffee beans;Gourmet Beans;Ethiopia;Lower Manhattan
8.95;1;1;202306;Jun;Sun;Morning;Low;Loose Tea;Herbal tea;Peppermint;Hell's Kitchen
22.50;1;1;202306;Jun;Sun;Afternoon;Med;Coffee beans;Organic Beans;Organic Decaf Blend;Hell's Kitchen
6.00;2;2;202306;Jun;Sun;Afternoon;Low;Bakery;Scone;Oatmeal Scone;Astoria
21.00;1;1;202306;Jun;Sun;Afternoon;Med;Coffee beans;Gourmet Beans;Ethiopia;Hell's Kitchen
8.95;1;1;202306;Jun;Sun;Afternoon;Low;Loose Tea;Herbal tea;Lemon Grass;Hell's Kitchen
4.50;1;1;202306;Jun;Sun;Afternoon;Low;Bakery;Scone;Scottish Cream Scone ;Hell's Kitchen
9.25;1;1;202306;Jun;Sun;Afternoon;Low;Loose Tea;Green tea;Serenity Green Tea;Hell's Kitchen
10.00;1;1;202306;Jun;Sun;Afternoon;Low;Coffee beans;Green beans;Guatemalan Sustainably Grown;Lower Manhattan
3.00;1;1;202306;Jun;Sun;Night;Low;Tea;Brewed Chai tea;Traditional Blend Chai Lg;Astoria
18.00;1;1;202306;Jun;Sun;Evening;Low;Coffee beans;House blend Beans;Our Old Time Diner Blend;Lower Manhattan
8.95;1;1;202306;Jun;Sun;Evening;Low;Loose Tea;Black tea;English Breakfast;Hell's Kitchen
12.50;5;2;202306;Jun;Mon;Night;Low;Tea;Brewed Chai tea;Traditional Blend Chai Rg;Lower Manhattan
3.00;1;1;202306;Jun;Mon;Night;Low;Coffee;Gourmet brewed coffee;Ethiopia Rg;Hell's Kitchen
9.00;3;2;202306;Jun;Mon;Night;Low;Tea;Brewed Black tea;English Breakfast Lg;Hell's Kitchen
6.50;2;2;202306;Jun;Mon;Night;Low;Bakery;Scone;Ginger Scone;Hell's Kitchen
9.50;2;1;202306;Jun;Mon;Night;Low;Drinking Chocolate;Hot chocolate;Sustainably Grown Organic Lg;Hell's Kitchen
22.50;1;1;202306;Jun;Mon;Night;Med;Coffee beans;Organic Beans;Organic Decaf Blend;Lower Manhattan
9.50;1;1;202306;Jun;Mon;Night;Low;Loose Tea;Chai tea;Morning Sunrise Chai;Lower Manhattan
4.00;5;3;202306;Jun;Mon;Night;Low;Flavours;Regular syrup;Carmel syrup;Lower Manhattan
6.00;2;1;202306;Jun;Mon;Night;Low;Coffee;Barista Espresso;Espresso shot;Hell's Kitchen
3.25;1;1;202306;Jun;Mon;Night;Low;Bakery;Scone;Cranberry Scone;Hell's Kitchen
2.50;1;1;202306;Jun;Mon;Night;Low;Tea;Brewed Black tea;Earl Grey Rg;Hell's Kitchen
4.00;2;1;202306;Jun;Mon;Night;Low;Coffee;Gourmet brewed coffee;Columbian Medium Roast Sm;Hell's Kitchen
8.95;1;1;202306;Jun;Mon;Night;Low;Loose Tea;Chai tea;Traditional Blend Chai;Hell's Kitchen
20.45;1;1;202306;Jun;Mon;Morning;very high;Coffee beans;Espresso Beans;Primo Espresso Roast;Hell's Kitchen
28.00;2;2;202306;Jun;Mon;Morning;Med;Branded;Housewares;I Need My Bean! Latte cup;Lower Manhattan
19.75;1;1;202306;Jun;Mon;Morning;Low;Coffee beans;Premium Beans;Jamacian Coffee River;Hell's Kitchen
27.75;3;3;202306;Jun;Mon;Morning;Med;Loose Tea;Green tea;Serenity Green Tea;Hell's Kitchen
9.50;1;1;202306;Jun;Mon;Morning;Low;Loose Tea;Chai tea;Morning Sunrise Chai;Lower Manhattan
7.50;2;2;202306;Jun;Mon;Afternoon;Low;Bakery;Pastry;Almond Croissant;Hell's Kitchen
28.00;1;1;202306;Jun;Mon;Afternoon;Med;Branded;Clothing;I Need My Bean! T-shirt;Lower Manhattan
18.00;1;1;202306;Jun;Mon;Afternoon;Low;Coffee beans;House blend Beans;Our Old Time Diner Blend;Lower Manhattan
3.00;1;1;202306;Jun;Mon;Afternoon;Low;Bakery;Scone;Oatmeal Scone;Lower Manhattan
19.75;1;1;202306;Jun;Mon;Night;Low;Coffee beans;Premium Beans;Jamacian Coffee River;Lower Manhattan
9.00;3;3;202306;Jun;Mon;Evening;Low;Bakery;Scone;Oatmeal Scone;Lower Manhattan
3.50;1;1;202306;Jun;Mon;Evening;Low;Bakery;Biscotti;Ginger Biscotti;Lower Manhattan
6.00;2;2;202306;Jun;Mon;Evening;Low;Tea;Brewed herbal tea;Peppermint Lg;Lower Manhattan
8.95;1;1;202306;Jun;Mon;Evening;Low;Loose Tea;Black tea;Earl Grey;Hell's Kitchen
45.00;1;1;202306;Jun;Tue;Morning;High;Coffee beans;Premium Beans;Civet Cat;Lower Manhattan
18.00;1;1;202306;Jun;Tue;Morning;Low;Coffee beans;Organic Beans;Brazilian - Organic;Lower Manhattan
4.80;6;3;202306;Jun;Tue;Afternoon;Low;Flavours;Sugar free syrup;Sugar Free Vanilla syrup;Hell's Kitchen
12.00;1;1;202306;Jun;Tue;Afternoon;Low;Branded;Housewares;I Need My Bean! Diner mug;Lower Manhattan
28.00;1;1;202306;Jun;Tue;Afternoon;Med;Branded;Clothing;I Need My Bean! T-shirt;Lower Manhattan
6.40;1;1;202306;Jun;Tue;Afternoon;Low;Packaged Chocolate;Drinking Chocolate;Dark chocolate;Lower Manhattan
2.50;1;1;202306;Jun;Tue;Night;Low;Coffee;Drip coffee;Our Old Time Diner Blend Rg;Hell's Kitchen
6.00;2;1;202306;Jun;Tue;Night;Low;Tea;Brewed Green tea;Serenity Green Tea Lg;Astoria
3.50;1;1;202306;Jun;Tue;Night;Low;Drinking Chocolate;Hot chocolate;Dark chocolate Rg;Hell's Kitchen
6.40;1;1;202306;Jun;Tue;Evening;Low;Packaged Chocolate;Drinking Chocolate;Dark chocolate;Lower Manhattan
5.90;2;2;202306;Jun;Tue;Evening;Low;Bakery;Scone;Ginger Scone;Lower Manhattan
21.00;1;1;202306;Jun;Tue;Evening;Med;Coffee beans;Gourmet Beans;Ethiopia;Lower Manhattan
5.10;2;1;202306;Jun;Tue;Evening;Low;Tea;Brewed Chai tea;Spicy Eye Opener Chai Rg;Lower Manhattan
15.00;4;2;202306;Jun;Tue;Evening;Low;Drinking Chocolate;Hot chocolate;Sustainably Grown Organic Rg;Lower Manhattan
9.25;1;1;202306;Jun;Tue;Evening;Low;Loose Tea;Green tea;Serenity Green Tea;Lower Manhattan
24.00;8;5;202306;Jun;Wed;Afternoon;Med;Tea;Brewed Black tea;Earl Grey Lg;Astoria
3.00;1;1;202306;Jun;Wed;Afternoon;Low;Coffee;Drip coffee;Our Old Time Diner Blend Lg;Lower Manhattan
12.00;3;2;202306;Jun;Wed;Afternoon;Low;Tea;Brewed Chai tea;Morning Sunrise Chai Lg;Lower Manhattan
9.30;3;2;202306;Jun;Wed;Afternoon;Low;Coffee;Premium brewed coffee;Jamaican Coffee River Rg;Hell's Kitchen
6.20;2;2;202306;Jun;Wed;Evening;Low;Tea;Brewed Chai tea;Spicy Eye Opener Chai Lg;Lower Manhattan
3.00;1;1;202306;Jun;Wed;Evening;Low;Coffee;Organic brewed coffee;Brazilian Rg;Lower Manhattan
15.00;5;3;202306;Jun;Wed;Evening;Low;Tea;Brewed Black tea;Earl Grey Lg;Lower Manhattan
9.00;3;3;202306;Jun;Wed;Evening;Low;Tea;Brewed Chai tea;Traditional Blend Chai Lg;Lower Manhattan
4.00;2;1;202306;Jun;Wed;Evening;Low;Coffee;Drip coffee;Our Old Time Diner Blend Sm;Lower Manhattan
6.00;2;1;202306;Jun;Wed;Evening;Low;Tea;Brewed Black tea;English Breakfast Lg;Lower Manhattan
10.00;5;3;202306;Jun;Wed;Evening;Low;Coffee;Drip coffee;Our Old Time Diner Blend Sm;Astoria
6.00;2;2;202306;Jun;Wed;Evening;Low;Bakery;Scone;Oatmeal Scone;Lower Manhattan
2.50;1;1;202306;Jun;Wed;Evening;Low;Tea;Brewed Chai tea;Morning Sunrise Chai Rg;Lower Manhattan
3.75;1;1;202306;Jun;Wed;Evening;Low;Bakery;Pastry;Chocolate Croissant;Astoria
4.75;1;1;202306;Jun;Thu;Night;Low;Drinking Chocolate;Hot chocolate;Sustainably Grown Organic Lg;Astoria
3.75;1;1;202306;Jun;Thu;Evening;Low;Bakery;Pastry;Chocolate Croissant;Lower Manhattan
3.10;1;1;202306;Jun;Fri;Night;Low;Tea;Brewed Chai tea;Spicy Eye Opener Chai Lg;Lower Manhattan
3.75;1;1;202306;Jun;Fri;Night;Low;Bakery;Pastry;Almond Croissant;Lower Manhattan
5.00;2;1;202306;Jun;Fri;Night;Low;Tea;Brewed Chai tea;Morning Sunrise Chai Rg;Lower Manhattan
4.25;1;1;202306;Jun;Fri;Night;Low;Coffee;Barista Espresso;Cappuccino Lg;Hell's Kitchen
0.80;1;1;202306;Jun;Fri;Night;Low;Flavours;Regular syrup;Hazelnut syrup;Hell's Kitchen
9.50;1;1;202306;Jun;Fri;Night;Low;Loose Tea;Chai tea;Morning Sunrise Chai;Hell's Kitchen
3.50;1;1;202306;Jun;Fri;Night;Low;Bakery;Pastry;Croissant;Hell's Kitchen
8.50;2;1;202306;Jun;Fri;Night;Low;Coffee;Barista Espresso;Latte Rg;Lower Manhattan
5.00;2;1;202306;Jun;Fri;Night;Low;Coffee;Gourmet brewed coffee;Columbian Medium Roast Rg;Hell's Kitchen
3.50;1;1;202306;Jun;Fri;Night;Low;Bakery;Biscotti;Ginger Biscotti;Lower Manhattan
7.60;1;1;202306;Jun;Fri;Morning;Low;Packaged Chocolate;Organic Chocolate;Sustainably Grown Organic;Lower Manhattan
21.00;1;1;202306;Jun;Fri;Morning;Med;Coffee beans;Gourmet Beans;Ethiopia;Lower Manhattan
54.00;3;2;202306;Jun;Fri;Morning;High;Coffee beans;Organic Beans;Brazilian - Organic;Lower Manhattan
12.00;1;1;202306;Jun;Fri;Morning;Low;Coffee beans;Organic Beans;Organic Decaf Blend;Lower Manhattan
9.25;1;1;202306;Jun;Fri;Morning;Low;Loose Tea;Green tea;Serenity Green Tea;Astoria
10.95;1;1;202306;Jun;Fri;Morning;Low;Loose Tea;Chai tea;Spicy Eye Opener Chai;Astoria
18.00;1;1;202306;Jun;Fri;Morning;Low;Coffee beans;House blend Beans;Our Old Time Diner Blend;Lower Manhattan
45.00;1;1;202306;Jun;Fri;Afternoon;High;Coffee beans;Premium Beans;Civet Cat;Lower Manhattan
8.95;1;1;202306;Jun;Fri;Afternoon;Low;Loose Tea;Chai tea;Traditional Blend Chai;Lower Manhattan
19.75;1;1;202306;Jun;Fri;Night;Low;Coffee beans;Premium Beans;Jamacian Coffee River;Astoria
8.95;1;1;202306;Jun;Fri;Evening;Low;Loose Tea;Herbal tea;Lemon Grass;Hell's Kitchen
6.40;1;1;202306;Jun;Fri;Evening;Low;Packaged Chocolate;Drinking Chocolate;Dark chocolate;Hell's Kitchen
0.80;1;1;202306;Jun;Fri;Evening;Low;Flavours;Regular syrup;Chocolate syrup;Astoria
14.75;1;1;202306;Jun;Fri;Evening;Low;Coffee beans;Espresso Beans;Espresso Roast;Astoria
18.00;1;1;202306;Jun;Fri;Evening;Low;Coffee beans;Organic Beans;Brazilian - Organic;Hell's Kitchen
